north:     0
south:        4000.00000000
east:      0
west:        10000.00000000
rows:     10
cols:     20
 7 7 7 7 7 7 7 7 7 7 7 7 7 7 7 7 7 7 7 1
 7 7 7 7 7 7 7 7 7 7 7 7 7 7 7 7 7 7 7 1
 7 7 7 7 7 7 7 7 7 7 7 7 7 7 7 7 7 7 7 1
 7 7 7 7 7 7 7 7 7 7 7 7 7 7 7 7 7 7 7 1
 7 7 7 7 7 7 7 7 7 7 7 7 7 7 7 7 7 7 7 1
 7 7 7 7 7 7 7 7 7 7 7 7 7 7 7 7 7 7 7 1
 7 7 7 7 7 7 7 7 7 7 7 7 7 7 7 7 7 7 7 1
 7 7 7 7 7 7 7 7 7 7 7 7 7 7 7 7 7 7 7 1
 7 7 7 7 7 7 7 7 7 7 7 7 7 7 7 7 7 7 7 1
 9 9 9 9 9 9 9 9 9 9 9 9 9 9 9 9 9 9 9 0
