#NSTP            DELTAT         TIME    POT. FLUX    ACT. FLUX    OVL. FLUX    RET. FLUX    SEEP FLUX    REC. FLUX     REC.VOL.
         1  2.63672E-02  2.63672E-02  0.00000E+00 -1.31925E-04  1.31925E-04  1.31925E-04  0.00000E+00  4.91899E-05  1.29700E-08
         2  1.31836E-02  3.95508E-02  0.00000E+00 -1.45080E-04  1.48680E-04  1.50210E-04  0.00000E+00  6.93559E-05  2.21136E-08
         3  1.45020E-02  5.40527E-02  0.00000E+00 -1.60584E-04  1.64164E-04  1.65742E-04  0.00000E+00  8.79524E-05  3.48684E-08
         4  1.59521E-02  7.00049E-02  0.00000E+00 -1.74068E-04  1.78026E-04  1.80478E-04  0.00000E+00  1.05384E-04  5.16793E-08
         5  7.97607E-03  7.79810E-02  0.00000E+00 -1.76399E-04  1.81565E-04  1.87406E-04  0.00000E+00  1.13477E-04  6.07303E-08
         6  8.77368E-03  8.67546E-02  0.00000E+00 -1.83818E-04  1.89504E-04  1.94302E-04  0.00000E+00  1.21678E-04  7.14060E-08
         7  9.65105E-03  9.64057E-02  0.00000E+00 -1.92498E-04  1.96492E-04  2.01377E-04  0.00000E+00  1.30044E-04  8.39566E-08
         8  9.65105E-03  1.06057E-01  0.00000E+00 -1.99262E-04  2.02505E-04  2.07954E-04  0.00000E+00  1.37873E-04  9.72628E-08
         9  1.06162E-02  1.16673E-01  0.00000E+00 -2.07824E-04  2.09992E-04  2.14697E-04  0.00000E+00  1.45851E-04  1.12747E-07
        10  5.30808E-03  1.21981E-01  0.00000E+00 -2.07197E-04  2.13082E-04  2.17967E-04  0.00000E+00  1.49730E-04  1.20694E-07
        11  5.83889E-03  1.27820E-01  0.00000E+00 -2.12443E-04  2.16395E-04  2.21424E-04  0.00000E+00  1.53826E-04  1.29676E-07
        12  6.42277E-03  1.34243E-01  0.00000E+00 -2.16947E-04  2.19780E-04  2.25100E-04  0.00000E+00  1.58175E-04  1.39835E-07
        13  7.06505E-03  1.41308E-01  0.00000E+00 -2.21719E-04  2.23650E-04  2.28980E-04  0.00000E+00  1.62747E-04  1.51333E-07
        14  7.06505E-03  1.48373E-01  0.00000E+00 -2.25350E-04  2.27099E-04  2.32717E-04  0.00000E+00  1.67166E-04  1.63144E-07
        15  7.77156E-03  1.56144E-01  0.00000E+00 -2.30132E-04  2.31287E-04  2.36644E-04  0.00000E+00  1.71767E-04  1.76493E-07
        16  7.77156E-03  1.63916E-01  0.00000E+00 -2.33478E-04  2.34940E-04  2.40450E-04  0.00000E+00  1.76261E-04  1.90191E-07
        17  8.54871E-03  1.72465E-01  0.00000E+00 -2.38105E-04  2.39193E-04  2.44450E-04  0.00000E+00  1.80976E-04  2.05662E-07
        18  8.54871E-03  1.81013E-01  0.00000E+00 -2.41493E-04  2.42875E-04  2.48339E-04  0.00000E+00  1.85553E-04  2.21524E-07
        19  9.40358E-03  1.90417E-01  0.00000E+00 -2.46137E-04  2.47124E-04  2.52426E-04  0.00000E+00  1.90348E-04  2.39424E-07
        20  9.40358E-03  1.99820E-01  0.00000E+00 -2.49569E-04  2.50960E-04  2.56340E-04  0.00000E+00  1.94972E-04  2.57758E-07
        21  1.03439E-02  2.10164E-01  0.00000E+00 -2.53785E-04  2.54891E-04  2.60432E-04  0.00000E+00  1.99850E-04  2.78431E-07
        22  1.13783E-02  2.21543E-01  0.00000E+00 -2.58517E-04  2.59511E-04  2.64765E-04  0.00000E+00  2.04961E-04  3.01752E-07
        23  1.13783E-02  2.32921E-01  0.00000E+00 -2.62086E-04  2.63445E-04  2.68925E-04  0.00000E+00  2.09871E-04  3.25632E-07
        24  1.25162E-02  2.45437E-01  0.00000E+00 -2.66727E-04  2.67835E-04  2.73227E-04  0.00000E+00  2.14985E-04  3.52539E-07
        25  1.25162E-02  2.57953E-01  0.00000E+00 -2.71838E-04  2.73280E-04  2.77360E-04  0.00000E+00  2.19829E-04  3.80054E-07
        26  1.25162E-02  2.70470E-01  0.00000E+00 -2.74410E-04  2.77143E-04  2.81331E-04  0.00000E+00  2.24503E-04  4.08153E-07
        27  1.37678E-02  2.84237E-01  0.00000E+00 -2.78789E-04  2.81083E-04  2.85462E-04  0.00000E+00  2.29417E-04  4.39738E-07
        28  1.51446E-02  2.99382E-01  0.00000E+00 -2.84108E-04  2.85974E-04  2.89704E-04  0.00000E+00  2.34509E-04  4.75254E-07
        29  1.51446E-02  3.14526E-01  0.00000E+00 -2.87450E-04  2.89891E-04  2.93831E-04  0.00000E+00  2.39397E-04  5.11509E-07
        30  1.66590E-02  3.31185E-01  0.00000E+00 -2.91945E-04  2.93947E-04  2.98103E-04  0.00000E+00  2.44475E-04  5.52237E-07
        31  1.83249E-02  3.49510E-01  0.00000E+00 -2.96419E-04  2.98254E-04  3.02576E-04  0.00000E+00  2.49750E-04  5.98003E-07
        32  2.01574E-02  3.69668E-01  0.00000E+00 -3.01588E-04  3.03279E-04  3.07141E-04  0.00000E+00  2.55195E-04  6.49444E-07
        33  2.01574E-02  3.89825E-01  0.00000E+00 -3.05323E-04  3.07658E-04  3.11374E-04  0.00000E+00  2.60322E-04  7.01918E-07
        34  2.01574E-02  4.09983E-01  0.00000E+00 -3.08977E-04  3.11566E-04  3.15376E-04  0.00000E+00  2.65175E-04  7.55370E-07
        35  2.21732E-02  4.32156E-01  0.00000E+00 -3.13254E-04  3.15566E-04  3.19479E-04  0.00000E+00  2.70200E-04  8.15282E-07
        36  2.43905E-02  4.56546E-01  0.00000E+00 -3.17977E-04  3.19095E-04  3.23712E-04  0.00000E+00  2.75396E-04  8.82453E-07
        37  2.68295E-02  4.83376E-01  0.00000E+00 -3.22514E-04  3.23388E-04  3.27942E-04  0.00000E+00  2.80691E-04  9.57761E-07
        38  2.68295E-02  5.10205E-01  0.00000E+00 -3.26251E-04  3.27258E-04  3.31865E-04  0.00000E+00  2.85627E-04  1.03439E-06
        39  2.68295E-02  5.37035E-01  0.00000E+00 -3.29970E-04  3.31079E-04  3.35447E-04  0.00000E+00  2.90209E-04  1.11225E-06
        40  2.68295E-02  5.63864E-01  0.00000E+00 -3.32960E-04  3.34378E-04  3.38777E-04  0.00000E+00  2.94500E-04  1.19127E-06
        41  2.95125E-02  5.93377E-01  0.00000E+00 -3.36520E-04  3.37816E-04  3.42179E-04  0.00000E+00  2.98889E-04  1.27948E-06
        42  2.95125E-02  6.22889E-01  0.00000E+00 -3.39563E-04  3.40952E-04  3.45302E-04  0.00000E+00  3.02970E-04  1.36889E-06
        43  2.95125E-02  6.52402E-01  0.00000E+00 -3.42255E-04  3.43720E-04  3.48208E-04  0.00000E+00  3.06778E-04  1.45943E-06
        44  3.24637E-02  6.84865E-01  0.00000E+00 -3.45231E-04  3.46463E-04  3.51121E-04  0.00000E+00  3.10654E-04  1.56028E-06
        45  3.57101E-02  7.20576E-01  0.00000E+00 -3.48542E-04  3.49630E-04  3.53943E-04  0.00000E+00  3.14532E-04  1.67260E-06
        46  3.57101E-02  7.56286E-01  0.00000E+00 -3.50634E-04  3.52202E-04  3.56610E-04  0.00000E+00  3.18136E-04  1.78621E-06
        47  3.92811E-02  7.95567E-01  0.00000E+00 -3.54199E-04  3.55557E-04  3.59186E-04  0.00000E+00  3.21722E-04  1.91258E-06
        48  3.92811E-02  8.34848E-01  0.00000E+00 -3.55717E-04  3.57825E-04  3.61558E-04  0.00000E+00  3.25032E-04  2.04026E-06
        49  4.32092E-02  8.78057E-01  0.00000E+00 -3.58407E-04  3.60238E-04  3.63837E-04  0.00000E+00  3.28310E-04  2.18212E-06
        50  4.32092E-02  9.21266E-01  0.00000E+00 -3.60171E-04  3.62235E-04  3.65920E-04  0.00000E+00  3.31303E-04  2.32527E-06
        51  4.75301E-02  9.68796E-01  0.00000E+00 -3.62484E-04  3.64282E-04  3.67882E-04  0.00000E+00  3.34251E-04  2.48414E-06
        52  4.75301E-02  1.01633E+00  0.00000E+00 -3.64241E-04  3.65823E-04  3.69680E-04  0.00000E+00  3.36916E-04  2.64428E-06
        53  5.22831E-02  1.06861E+00  0.00000E+00 -3.66073E-04  3.67430E-04  3.71390E-04  0.00000E+00  3.39527E-04  2.82179E-06
        54  5.75115E-02  1.12612E+00  0.00000E+00 -3.67893E-04  3.69078E-04  3.72951E-04  0.00000E+00  3.42046E-04  3.01851E-06
        55  5.75115E-02  1.18363E+00  0.00000E+00 -3.69084E-04  3.70416E-04  3.74366E-04  0.00000E+00  3.44285E-04  3.21651E-06
        56  6.32626E-02  1.24690E+00  0.00000E+00 -3.70617E-04  3.71775E-04  3.75616E-04  0.00000E+00  3.46420E-04  3.43567E-06
        57  6.32626E-02  1.31016E+00  0.00000E+00 -3.71513E-04  3.72834E-04  3.76743E-04  0.00000E+00  3.48300E-04  3.65601E-06
        58  6.95889E-02  1.37975E+00  0.00000E+00 -3.72935E-04  3.74096E-04  3.77638E-04  0.00000E+00  3.50053E-04  3.89961E-06
        59  6.95889E-02  1.44934E+00  0.00000E+00 -3.73341E-04  3.74941E-04  3.78545E-04  0.00000E+00  3.51594E-04  4.14428E-06
        60  7.65478E-02  1.52588E+00  0.00000E+00 -3.74238E-04  3.75620E-04  3.79314E-04  0.00000E+00  3.53038E-04  4.41452E-06
        61  8.42025E-02  1.61009E+00  0.00000E+00 -3.75332E-04  3.76531E-04  3.79982E-04  0.00000E+00  3.54361E-04  4.71290E-06
        62  8.42025E-02  1.69429E+00  0.00000E+00 -3.75501E-04  3.76993E-04  3.80510E-04  0.00000E+00  3.55482E-04  5.01223E-06
        63  9.26228E-02  1.78691E+00  0.00000E+00 -3.76024E-04  3.77342E-04  3.80946E-04  0.00000E+00  3.56502E-04  5.34243E-06
        64  1.01885E-01  1.88880E+00  0.00000E+00 -3.76421E-04  3.77594E-04  3.81288E-04  0.00000E+00  3.57414E-04  5.70658E-06
        65  1.12074E-01  2.00087E+00  0.00000E+00 -3.76698E-04  3.77749E-04  3.81534E-04  0.00000E+00  3.58215E-04  6.10804E-06
        66  1.23281E-01  2.12415E+00  0.00000E+00 -3.76861E-04  3.77808E-04  3.81688E-04  0.00000E+00  3.58901E-04  6.55050E-06
        67  1.35609E-01  2.25976E+00  0.00000E+00 -3.76915E-04  3.77775E-04  3.81751E-04  0.00000E+00  3.59482E-04  7.03799E-06
        68  1.49170E-01  2.40893E+00  0.00000E+00 -3.76855E-04  3.77654E-04  3.81729E-04  0.00000E+00  3.59959E-04  7.57494E-06
        69  1.64087E-01  2.57302E+00  0.00000E+00 -3.76986E-04  3.77735E-04  3.81444E-04  0.00000E+00  3.60312E-04  8.16617E-06
        70  1.64087E-01  2.73710E+00  0.00000E+00 -3.76356E-04  3.77574E-04  3.81362E-04  0.00000E+00  3.60586E-04  8.75784E-06
        71  1.80496E-01  2.91760E+00  0.00000E+00 -3.76227E-04  3.77348E-04  3.81104E-04  0.00000E+00  3.60780E-04  9.40903E-06
        72  1.80496E-01  3.09809E+00  0.00000E+00 -3.75836E-04  3.77077E-04  3.80899E-04  0.00000E+00  3.60917E-04  1.00605E-05
        73  1.98545E-01  3.29664E+00  0.00000E+00 -3.75630E-04  3.76755E-04  3.80652E-04  0.00000E+00  3.61013E-04  1.07772E-05
        74  2.18400E-01  3.51504E+00  0.00000E+00 -3.76348E-04  3.77381E-04  3.80276E-04  0.00000E+00  3.61036E-04  1.15657E-05
        75  2.18400E-01  3.73344E+00  0.00000E+00 -3.74979E-04  3.77082E-04  3.80011E-04  0.00000E+00  3.61050E-04  1.23543E-05
        76  2.40240E-01  3.97368E+00  0.00000E+00 -3.74795E-04  3.76704E-04  3.79705E-04  0.00000E+00  3.61037E-04  1.32216E-05
        77  2.64264E-01  4.23794E+00  0.00000E+00 -3.74559E-04  3.76308E-04  3.79385E-04  0.00000E+00  3.60995E-04  1.41756E-05
        78  2.90690E-01  4.52863E+00  0.00000E+00 -3.74430E-04  3.76043E-04  3.78958E-04  0.00000E+00  3.60912E-04  1.52247E-05
        79  2.90690E-01  4.81932E+00  0.00000E+00 -3.73821E-04  3.75703E-04  3.78686E-04  0.00000E+00  3.60827E-04  1.62736E-05
        80  3.19759E-01  5.13908E+00  0.00000E+00 -3.73716E-04  3.75451E-04  3.78278E-04  0.00000E+00  3.60702E-04  1.74270E-05
        81  3.19759E-01  5.45884E+00  0.00000E+00 -3.73165E-04  3.75134E-04  3.78027E-04  0.00000E+00  3.60579E-04  1.85800E-05
        82  3.51735E-01  5.81057E+00  0.00000E+00 -3.73112E-04  3.74919E-04  3.77639E-04  0.00000E+00  3.60416E-04  1.98477E-05
        83  3.51735E-01  6.16231E+00  0.00000E+00 -3.72561E-04  3.74627E-04  3.77409E-04  0.00000E+00  3.60258E-04  2.11149E-05
        84  3.86908E-01  6.54922E+00  0.00000E+00 -3.72540E-04  3.74431E-04  3.77043E-04  0.00000E+00  3.60062E-04  2.25080E-05
        85  3.86908E-01  6.93613E+00  0.00000E+00 -3.72026E-04  3.74149E-04  3.76829E-04  0.00000E+00  3.59873E-04  2.39003E-05
        86  4.25599E-01  7.36173E+00  0.00000E+00 -3.71906E-04  3.73841E-04  3.76584E-04  0.00000E+00  3.59659E-04  2.54310E-05
        87  4.68159E-01  7.82988E+00  0.00000E+00 -3.71742E-04  3.73521E-04  3.76334E-04  0.00000E+00  3.59417E-04  2.71137E-05
        88  5.14975E-01  8.34486E+00  0.00000E+00 -3.71552E-04  3.73195E-04  3.76081E-04  0.00000E+00  3.59146E-04  2.89632E-05
        89  5.66472E-01  8.91133E+00  0.00000E+00 -3.71525E-04  3.73048E-04  3.75720E-04  0.00000E+00  3.58832E-04  3.09959E-05
        90  5.66472E-01  9.47780E+00  0.00000E+00 -3.70956E-04  3.72789E-04  3.75530E-04  0.00000E+00  3.58534E-04  3.30269E-05
        91  6.23120E-01  1.01009E+01  0.00000E+00 -3.70934E-04  3.72614E-04  3.75382E-04  0.00000E+00  3.57576E-04  3.52550E-05
        92  6.85432E-01  1.07864E+01  0.00000E+00 -3.70633E-04  3.72183E-04  3.75076E-04  0.00000E+00  3.57769E-04  3.77073E-05
        93  7.53975E-01  1.15403E+01  0.00000E+00 -3.70910E-04  3.72339E-04  3.74930E-04  0.00000E+00  3.56731E-04  4.03969E-05
        94  8.29372E-01  1.23697E+01  0.00000E+00 -3.70177E-04  3.71796E-04  3.74527E-04  0.00000E+00  3.56941E-04  4.33573E-05
        95  9.12310E-01  1.32820E+01  0.00000E+00 -3.70402E-04  3.71895E-04  3.74412E-04  0.00000E+00  3.55767E-04  4.66030E-05
        96  1.00354E+00  1.42856E+01  0.00000E+00 -3.69715E-04  3.71310E-04  3.73980E-04  0.00000E+00  3.56001E-04  5.01756E-05
        97  1.10389E+00  1.53894E+01  0.00000E+00 -3.69701E-04  3.71163E-04  3.73866E-04  0.00000E+00  3.54686E-04  5.40910E-05
        98  1.21428E+00  1.66037E+01  0.00000E+00 -3.69239E-04  3.70594E-04  3.73485E-04  0.00000E+00  3.54957E-04  5.84012E-05
        99  1.33571E+00  1.79394E+01  0.00000E+00 -3.69158E-04  3.70414E-04  3.73345E-04  0.00000E+00  3.53500E-04  6.31229E-05
       100  1.46928E+00  1.94087E+01  0.00000E+00 -3.68609E-04  3.69790E-04  3.72936E-04  0.00000E+00  3.53803E-04  6.83213E-05
       101  1.61621E+00  2.10249E+01  0.00000E+00 -3.68502E-04  3.69604E-04  3.72796E-04  0.00000E+00  3.52200E-04  7.40136E-05
       102  1.77783E+00  2.28028E+01  0.00000E+00 -3.68094E-04  3.69129E-04  3.72312E-04  0.00000E+00  3.52530E-04  8.02810E-05
       103  1.77783E+00  2.45806E+01  0.00000E+00 -3.67611E-04  3.68980E-04  3.72190E-04  0.00000E+00  3.50943E-04  8.65201E-05
       104  1.95562E+00  2.65362E+01  0.00000E+00 -3.67050E-04  3.68316E-04  3.71755E-04  0.00000E+00  3.51265E-04  9.33895E-05
       105  2.15118E+00  2.86874E+01  0.00000E+00 -3.66824E-04  3.67990E-04  3.71321E-04  0.00000E+00  3.50637E-04  1.00932E-04
       106  2.15118E+00  3.08386E+01  0.00000E+00 -3.66145E-04  3.67590E-04  3.71053E-04  0.00000E+00  3.50011E-04  1.08462E-04
       107  2.36630E+00  3.32049E+01  0.00000E+00 -3.65819E-04  3.67134E-04  3.70741E-04  0.00000E+00  3.49342E-04  1.16728E-04
       108  2.60293E+00  3.58078E+01  0.00000E+00 -3.65459E-04  3.66656E-04  3.70419E-04  0.00000E+00  3.48638E-04  1.25803E-04
       109  2.86322E+00  3.86710E+01  0.00000E+00 -3.65225E-04  3.66317E-04  3.69966E-04  0.00000E+00  3.47880E-04  1.35764E-04
       110  2.86322E+00  4.15342E+01  0.00000E+00 -3.64504E-04  3.65880E-04  3.69676E-04  0.00000E+00  3.47176E-04  1.45704E-04
       111  3.14954E+00  4.46838E+01  0.00000E+00 -3.64335E-04  3.65574E-04  3.69209E-04  0.00000E+00  3.46413E-04  1.56614E-04
       112  3.14954E+00  4.78333E+01  0.00000E+00 -3.63622E-04  3.65136E-04  3.68925E-04  0.00000E+00  3.45706E-04  1.67502E-04
       113  3.46449E+00  5.12978E+01  0.00000E+00 -3.63272E-04  3.64630E-04  3.68581E-04  0.00000E+00  3.44957E-04  1.79454E-04
       114  3.81094E+00  5.51088E+01  0.00000E+00 -3.63296E-04  3.64514E-04  3.67997E-04  0.00000E+00  3.44131E-04  1.92568E-04
       115  3.81094E+00  5.89197E+01  0.00000E+00 -3.62218E-04  3.64055E-04  3.67684E-04  0.00000E+00  3.43381E-04  2.05654E-04
       116  4.19204E+00  6.31117E+01  0.00000E+00 -3.61874E-04  3.63516E-04  3.67299E-04  0.00000E+00  3.42586E-04  2.20016E-04
       117  4.61124E+00  6.77230E+01  0.00000E+00 -3.61650E-04  3.63119E-04  3.66771E-04  0.00000E+00  3.41728E-04  2.35773E-04
       118  4.61124E+00  7.23342E+01  0.00000E+00 -3.60865E-04  3.62607E-04  3.66417E-04  0.00000E+00  3.40931E-04  2.51495E-04
       119  5.07237E+00  7.74066E+01  0.00000E+00 -3.60473E-04  3.62022E-04  3.66004E-04  0.00000E+00  3.40086E-04  2.68745E-04
       120  5.57960E+00  8.29862E+01  0.00000E+00 -3.60023E-04  3.61399E-04  3.65578E-04  0.00000E+00  3.39195E-04  2.87671E-04
       121  6.13756E+00  8.91238E+01  0.00000E+00 -3.60221E-04  3.61438E-04  3.65045E-04  0.00000E+00  3.38219E-04  3.08429E-04
       122  6.13756E+00  9.52613E+01  0.00000E+00 -3.58883E-04  3.60926E-04  3.64543E-04  0.00000E+00  3.37309E-04  3.29132E-04
       123  6.13756E+00  1.01399E+02  0.00000E+00 -3.58213E-04  3.60371E-04  3.64144E-04  0.00000E+00  3.36453E-04  3.49782E-04
       124  6.75132E+00  1.08150E+02  0.00000E+00 -3.57847E-04  3.59744E-04  3.63691E-04  0.00000E+00  3.35546E-04  3.72435E-04
       125  7.42645E+00  1.15577E+02  0.00000E+00 -3.57405E-04  3.59073E-04  3.63224E-04  0.00000E+00  3.34587E-04  3.97283E-04
       126  8.16910E+00  1.23746E+02  0.00000E+00 -3.56896E-04  3.58358E-04  3.62730E-04  0.00000E+00  3.33577E-04  4.24534E-04
       127  8.98601E+00  1.32732E+02  0.00000E+00 -3.56519E-04  3.57807E-04  3.62078E-04  0.00000E+00  3.32493E-04  4.54411E-04
       128  8.98601E+00  1.41718E+02  0.00000E+00 -3.55576E-04  3.57121E-04  3.61619E-04  0.00000E+00  3.31488E-04  4.84199E-04
       129  9.88461E+00  1.51602E+02  0.00000E+00 -3.55307E-04  3.56651E-04  3.60915E-04  0.00000E+00  3.30393E-04  5.16857E-04
       130  9.88461E+00  1.61487E+02  0.00000E+00 -3.54259E-04  3.55965E-04  3.60446E-04  0.00000E+00  3.29383E-04  5.49415E-04
       131  1.08731E+01  1.72360E+02  0.00000E+00 -3.53715E-04  3.55196E-04  3.59897E-04  0.00000E+00  3.28311E-04  5.85113E-04
       132  1.19604E+01  1.84320E+02  0.00000E+00 -3.53300E-04  3.54603E-04  3.59160E-04  0.00000E+00  3.27156E-04  6.24242E-04
       133  1.19604E+01  1.96281E+02  0.00000E+00 -3.52218E-04  3.53863E-04  3.58636E-04  0.00000E+00  3.26089E-04  6.63243E-04
       134  1.31564E+01  2.09437E+02  0.00000E+00 -3.51809E-04  3.53264E-04  3.57894E-04  0.00000E+00  3.24927E-04  7.05992E-04
       135  1.31564E+01  2.22594E+02  0.00000E+00 -3.50741E-04  3.52515E-04  3.57376E-04  0.00000E+00  3.23853E-04  7.48599E-04
       136  1.44721E+01  2.37066E+02  0.00000E+00 -3.50662E-04  3.52206E-04  3.56455E-04  0.00000E+00  3.22649E-04  7.95293E-04
       137  1.44721E+01  2.51538E+02  0.00000E+00 -3.49247E-04  3.51466E-04  3.55931E-04  0.00000E+00  3.21565E-04  8.41830E-04
       138  1.59193E+01  2.67457E+02  0.00000E+00 -3.48708E-04  3.50611E-04  3.55297E-04  0.00000E+00  3.20409E-04  8.92837E-04
       139  1.75112E+01  2.84968E+02  0.00000E+00 -3.48616E-04  3.50240E-04  3.54272E-04  0.00000E+00  3.19130E-04  9.48720E-04
       140  1.75112E+01  3.02479E+02  0.00000E+00 -3.47156E-04  3.49425E-04  3.53684E-04  0.00000E+00  3.17980E-04  1.00440E-03
       141  1.92623E+01  3.21742E+02  0.00000E+00 -3.46580E-04  3.48495E-04  3.52983E-04  0.00000E+00  3.16753E-04  1.06542E-03
       142  2.11885E+01  3.42930E+02  0.00000E+00 -3.46124E-04  3.47730E-04  3.52064E-04  0.00000E+00  3.15436E-04  1.13225E-03
       143  2.11885E+01  3.64119E+02  0.00000E+00 -3.45240E-04  3.47036E-04  3.51310E-04  0.00000E+00  3.14209E-04  1.19883E-03
       144  2.11885E+01  3.85307E+02  0.00000E+00 -3.44210E-04  3.46171E-04  3.50732E-04  0.00000E+00  3.13050E-04  1.26516E-03
       145  2.33074E+01  4.08615E+02  0.00000E+00 -3.44002E-04  3.45582E-04  3.49879E-04  0.00000E+00  3.11776E-04  1.33783E-03
       146  2.33074E+01  4.31922E+02  0.00000E+00 -3.42803E-04  3.44700E-04  3.49309E-04  0.00000E+00  3.10607E-04  1.41022E-03
       147  2.56381E+01  4.57560E+02  0.00000E+00 -3.42207E-04  3.43710E-04  3.48645E-04  0.00000E+00  3.09358E-04  1.48953E-03
       148  2.82019E+01  4.85762E+02  0.00000E+00 -3.41713E-04  3.42882E-04  3.47765E-04  0.00000E+00  3.08018E-04  1.57640E-03
       149  2.82019E+01  5.13964E+02  0.00000E+00 -3.40763E-04  3.42141E-04  3.46977E-04  0.00000E+00  3.06760E-04  1.66291E-03
       150  2.82019E+01  5.42166E+02  0.00000E+00 -3.39889E-04  3.41490E-04  3.46233E-04  0.00000E+00  3.05556E-04  1.74909E-03
       151  2.82019E+01  5.70368E+02  0.00000E+00 -3.39642E-04  3.41452E-04  3.45432E-04  0.00000E+00  3.04335E-04  1.83491E-03
       152  2.82019E+01  5.98570E+02  0.00000E+00 -3.37925E-04  3.40650E-04  3.44895E-04  0.00000E+00  3.03252E-04  1.92044E-03
       153  3.10221E+01  6.29592E+02  0.00000E+00 -3.37518E-04  3.39708E-04  3.44226E-04  0.00000E+00  3.02072E-04  2.01415E-03
       154  3.41243E+01  6.63716E+02  0.00000E+00 -3.37390E-04  3.39161E-04  3.43112E-04  0.00000E+00  3.00756E-04  2.11678E-03
       155  3.41243E+01  6.97841E+02  0.00000E+00 -3.36218E-04  3.38520E-04  3.42274E-04  0.00000E+00  2.99558E-04  2.21900E-03
       156  3.41243E+01  7.31965E+02  0.00000E+00 -3.35133E-04  3.37640E-04  3.41648E-04  0.00000E+00  2.98442E-04  2.32084E-03
       157  3.75368E+01  7.69502E+02  0.00000E+00 -3.34619E-04  3.36625E-04  3.40888E-04  0.00000E+00  2.97228E-04  2.43241E-03
       158  4.12905E+01  8.10792E+02  0.00000E+00 -3.33951E-04  3.35531E-04  3.40119E-04  0.00000E+00  2.95944E-04  2.55461E-03
       159  4.54195E+01  8.56212E+02  0.00000E+00 -3.33610E-04  3.34835E-04  3.38861E-04  0.00000E+00  2.94529E-04  2.68838E-03
       160  4.54195E+01  9.01631E+02  0.00000E+00 -3.32028E-04  3.33821E-04  3.38176E-04  0.00000E+00  2.93276E-04  2.82159E-03
       161  4.99614E+01  9.51593E+02  0.00000E+00 -3.31461E-04  3.32859E-04  3.37123E-04  0.00000E+00  2.91885E-04  2.96742E-03
       162  4.99614E+01  1.00155E+03  0.00000E+00 -3.30261E-04  3.31816E-04  3.36397E-04  0.00000E+00  2.90624E-04  3.11262E-03
       163  5.49576E+01  1.05651E+03  0.00000E+00 -3.29588E-04  3.30811E-04  3.35334E-04  0.00000E+00  2.89225E-04  3.27157E-03
       164  5.49576E+01  1.11147E+03  0.00000E+00 -3.28775E-04  3.30165E-04  3.34154E-04  0.00000E+00  2.87897E-04  3.42979E-03
       165  5.49576E+01  1.16643E+03  0.00000E+00 -3.27400E-04  3.29322E-04  3.33301E-04  0.00000E+00  2.86675E-04  3.58734E-03
       166  5.49576E+01  1.22138E+03  0.00000E+00 -3.26697E-04  3.28619E-04  3.32450E-04  0.00000E+00  2.85480E-04  3.74423E-03
       167  5.49576E+01  1.27634E+03  0.00000E+00 -3.25539E-04  3.27699E-04  3.31833E-04  0.00000E+00  2.84365E-04  3.90051E-03
       168  6.04534E+01  1.33680E+03  0.00000E+00 -3.25290E-04  3.26998E-04  3.30594E-04  0.00000E+00  2.83071E-04  4.07164E-03
       169  6.04534E+01  1.39725E+03  0.00000E+00 -3.24399E-04  3.26547E-04  3.29766E-04  0.00000E+00  2.81877E-04  4.24204E-03
       170  6.04534E+01  1.45770E+03  0.00000E+00 -3.23032E-04  3.25622E-04  3.29119E-04  0.00000E+00  2.80779E-04  4.41178E-03
       171  6.64987E+01  1.52420E+03  0.00000E+00 -3.22493E-04  3.24558E-04  3.28113E-04  0.00000E+00  2.79521E-04  4.59766E-03
       172  7.31486E+01  1.59735E+03  0.00000E+00 -3.22033E-04  3.23858E-04  3.26927E-04  0.00000E+00  2.78195E-04  4.80115E-03
       173  7.31486E+01  1.67050E+03  0.00000E+00 -3.20905E-04  3.23287E-04  3.25559E-04  0.00000E+00  2.76930E-04  5.00372E-03
       174  7.31486E+01  1.74365E+03  0.00000E+00 -3.19608E-04  3.22681E-04  3.24628E-04  0.00000E+00  2.75759E-04  5.20544E-03
       175  7.31486E+01  1.81680E+03  0.00000E+00 -3.18505E-04  3.21762E-04  3.23971E-04  0.00000E+00  2.74653E-04  5.40634E-03
       176  8.04634E+01  1.89726E+03  0.00000E+00 -3.17939E-04  3.20597E-04  3.23074E-04  0.00000E+00  2.73414E-04  5.62634E-03
       177  8.85098E+01  1.98577E+03  0.00000E+00 -3.17262E-04  3.19456E-04  3.21741E-04  0.00000E+00  2.72065E-04  5.86715E-03
       178  9.73607E+01  2.08313E+03  0.00000E+00 -3.16118E-04  3.18254E-04  3.20433E-04  0.00000E+00  2.70651E-04  6.13065E-03
       179  1.07097E+02  2.19023E+03  0.00000E+00 -3.15053E-04  3.17055E-04  3.18725E-04  0.00000E+00  2.69135E-04  6.41889E-03
       180  1.17806E+02  2.30803E+03  0.00000E+00 -3.13418E-04  3.15638E-04  3.17575E-04  0.00000E+00  2.67592E-04  6.73413E-03
       181  1.29587E+02  2.43762E+03  0.00000E+00 -3.12332E-04  3.14170E-04  3.15594E-04  0.00000E+00  2.65898E-04  7.07870E-03
       182  1.42546E+02  2.58017E+03  0.00000E+00 -3.10771E-04  3.12809E-04  3.13901E-04  0.00000E+00  2.64153E-04  7.45524E-03
       183  1.42546E+02  2.72271E+03  0.00000E+00 -3.09236E-04  3.11535E-04  3.12287E-04  0.00000E+00  2.62570E-04  7.82952E-03
       184  1.56800E+02  2.87951E+03  0.00000E+00 -3.07674E-04  3.09944E-04  3.10618E-04  0.00000E+00  2.60818E-04  8.23848E-03
       185  1.72480E+02  3.05199E+03  0.00000E+00 -3.06113E-04  3.08182E-04  3.09098E-04  0.00000E+00  2.58991E-04  8.68519E-03
       186  1.89729E+02  3.24172E+03  0.00000E+00 -3.04538E-04  3.06247E-04  3.07188E-04  0.00000E+00  2.57041E-04  9.17287E-03
       187  2.08701E+02  3.45042E+03  0.00000E+00 -3.02671E-04  3.04252E-04  3.05024E-04  0.00000E+00  2.54958E-04  9.70497E-03
       188  2.29572E+02  3.67999E+03  0.00000E+00 -3.00638E-04  3.02189E-04  3.02688E-04  0.00000E+00  2.52767E-04  1.02853E-02
       189  2.52529E+02  3.93252E+03  0.00000E+00 -2.98411E-04  3.00021E-04  3.00502E-04  0.00000E+00  2.50477E-04  1.09178E-02
       190  2.77782E+02  4.21030E+03  0.00000E+00 -2.96219E-04  2.97660E-04  2.98152E-04  0.00000E+00  2.48050E-04  1.16068E-02
       191  3.05560E+02  4.51586E+03  0.00000E+00 -2.93857E-04  2.95163E-04  2.95904E-04  0.00000E+00  2.45494E-04  1.23569E-02
       192  3.36116E+02  4.85198E+03  0.00000E+00 -2.91352E-04  2.92399E-04  2.92965E-04  0.00000E+00  2.42734E-04  1.31728E-02
       193  3.69727E+02  5.22171E+03  0.00000E+00 -2.88533E-04  2.89598E-04  2.90024E-04  0.00000E+00  2.39802E-04  1.40594E-02
       194  4.06700E+02  5.62841E+03  0.00000E+00 -2.85470E-04  2.86556E-04  2.87018E-04  0.00000E+00  2.36668E-04  1.50220E-02
       195  2.23685E+02  5.85209E+03  0.00000E+00 -2.85456E-04  2.87516E-04  2.88886E-04  0.00000E+00  2.36399E-04  1.55507E-02
       196  2.46053E+02  6.09814E+03  0.00000E+00 -2.84108E-04  2.85572E-04  2.86116E-04  0.00000E+00  2.34451E-04  1.61276E-02
       197  2.70659E+02  6.36880E+03  0.00000E+00 -2.81724E-04  2.83655E-04  2.84345E-04  0.00000E+00  2.32421E-04  1.67567E-02
       198  2.97725E+02  6.66653E+03  0.00000E+00 -2.79698E-04  2.81315E-04  2.81544E-04  0.00000E+00  2.30146E-04  1.74419E-02
       199  3.27497E+02  6.99402E+03  0.00000E+00 -2.77160E-04  2.78899E-04  2.79226E-04  0.00000E+00  2.27725E-04  1.81877E-02
       200  3.60247E+02  7.35427E+03  0.00000E+00 -2.74724E-04  2.76179E-04  2.76602E-04  0.00000E+00  2.25064E-04  1.89985E-02
       201  3.96272E+02  7.75054E+03  0.00000E+00 -2.71948E-04  2.73164E-04  2.73495E-04  0.00000E+00  2.22125E-04  1.98787E-02
       202  4.35899E+02  8.18644E+03  0.00000E+00 -2.68783E-04  2.69906E-04  2.70207E-04  0.00000E+00  2.18903E-04  2.08329E-02
       203  2.39744E+02  8.42619E+03  0.00000E+00 -2.68796E-04  2.70924E-04  2.72174E-04  0.00000E+00  2.18629E-04  2.13570E-02
       204  2.63719E+02  8.68991E+03  0.00000E+00 -2.67362E-04  2.68848E-04  2.69952E-04  0.00000E+00  2.16639E-04  2.19284E-02
       205  2.90091E+02  8.98000E+03  0.00000E+00 -2.65195E-04  2.66523E-04  2.67601E-04  0.00000E+00  2.14440E-04  2.25504E-02
       206  3.19100E+02  9.29910E+03  0.00000E+00 -2.62785E-04  2.64012E-04  2.65380E-04  0.00000E+00  2.12045E-04  2.32271E-02
       207  3.51010E+02  9.65010E+03  0.00000E+00 -2.60195E-04  2.61195E-04  2.61904E-04  0.00000E+00  2.09338E-04  2.39619E-02
       208  3.86111E+02  1.00362E+04  0.00000E+00 -2.57402E-04  2.58785E-04  2.58992E-04  0.00000E+00  2.06421E-04  2.47589E-02
       209  2.12361E+02  1.02486E+04  0.00000E+00 -2.56898E-04  2.59560E-04  2.60336E-04  0.00000E+00  2.06102E-04  2.51966E-02
       210  2.12361E+02  1.04609E+04  0.00000E+00 -2.55403E-04  2.58357E-04  2.59006E-04  0.00000E+00  2.04606E-04  2.56311E-02
       211  2.33597E+02  1.06945E+04  0.00000E+00 -2.53889E-04  2.56537E-04  2.57334E-04  0.00000E+00  2.02827E-04  2.61049E-02
       212  2.56957E+02  1.09515E+04  0.00000E+00 -2.52094E-04  2.54362E-04  2.55191E-04  0.00000E+00  2.00858E-04  2.66210E-02
       213  2.82652E+02  1.12341E+04  0.00000E+00 -2.49989E-04  2.52037E-04  2.52720E-04  0.00000E+00  1.98698E-04  2.71826E-02
       214  3.10917E+02  1.15451E+04  0.00000E+00 -2.47438E-04  2.49443E-04  2.49845E-04  0.00000E+00  1.96308E-04  2.77930E-02
       215  3.42009E+02  1.18871E+04  0.00000E+00 -2.44687E-04  2.46685E-04  2.47245E-04  0.00000E+00  1.93737E-04  2.84556E-02
       216  3.76210E+02  1.22633E+04  0.00000E+00 -2.41875E-04  2.43576E-04  2.43834E-04  0.00000E+00  1.90884E-04  2.91737E-02
       217  4.13831E+02  1.26771E+04  0.00000E+00 -2.38572E-04  2.40300E-04  2.40439E-04  0.00000E+00  1.87780E-04  2.99508E-02
       218  2.27607E+02  1.29047E+04  0.00000E+00 -2.38195E-04  2.41429E-04  2.42054E-04  0.00000E+00  1.87451E-04  3.03774E-02
       219  2.50368E+02  1.31551E+04  0.00000E+00 -2.36903E-04  2.39347E-04  2.40101E-04  0.00000E+00  1.85590E-04  3.08421E-02
       220  2.75405E+02  1.34305E+04  0.00000E+00 -2.35067E-04  2.37082E-04  2.37814E-04  0.00000E+00  1.83537E-04  3.13475E-02
       221  3.02945E+02  1.37334E+04  0.00000E+00 -2.32627E-04  2.34492E-04  2.35525E-04  0.00000E+00  1.81300E-04  3.18968E-02
       222  3.33240E+02  1.40667E+04  0.00000E+00 -2.30083E-04  2.31650E-04  2.32589E-04  0.00000E+00  1.78825E-04  3.24927E-02
       223  3.66564E+02  1.44332E+04  0.00000E+00 -2.27113E-04  2.28637E-04  2.29125E-04  0.00000E+00  1.76094E-04  3.31382E-02
       224  2.01610E+02  1.46348E+04  0.00000E+00 -2.26143E-04  2.29902E-04  2.30817E-04  0.00000E+00  1.75806E-04  3.34926E-02
       225  2.21771E+02  1.48566E+04  0.00000E+00 -2.25308E-04  2.28226E-04  2.28313E-04  0.00000E+00  1.74127E-04  3.38788E-02
       226  2.43948E+02  1.51006E+04  0.00000E+00 -2.23092E-04  2.26300E-04  2.26508E-04  0.00000E+00  1.72363E-04  3.42993E-02
       227  2.68343E+02  1.53689E+04  0.00000E+00 -2.21253E-04  2.24022E-04  2.24387E-04  0.00000E+00  1.70439E-04  3.47566E-02
       228  2.95177E+02  1.56641E+04  0.00000E+00 -2.19099E-04  2.21505E-04  2.21871E-04  0.00000E+00  1.68326E-04  3.52535E-02
       229  3.24695E+02  1.59888E+04  0.00000E+00 -2.16601E-04  2.18766E-04  2.19398E-04  0.00000E+00  1.66057E-04  3.57927E-02
       230  3.57164E+02  1.63459E+04  0.00000E+00 -2.14000E-04  2.15837E-04  2.16678E-04  0.00000E+00  1.63588E-04  3.63770E-02
       231  3.92881E+02  1.67388E+04  0.00000E+00 -2.11024E-04  2.12577E-04  2.13000E-04  0.00000E+00  1.60845E-04  3.70089E-02
       232  4.32169E+02  1.71710E+04  0.00000E+00 -2.07604E-04  2.09331E-04  2.09661E-04  0.00000E+00  1.57911E-04  3.76913E-02
       233  2.37693E+02  1.74087E+04  0.00000E+00 -2.07172E-04  2.10421E-04  2.11372E-04  0.00000E+00  1.57701E-04  3.80662E-02
       234  2.61462E+02  1.76702E+04  0.00000E+00 -2.05932E-04  2.08366E-04  2.09069E-04  0.00000E+00  1.55931E-04  3.84739E-02
       235  2.87608E+02  1.79578E+04  0.00000E+00 -2.03917E-04  2.06215E-04  2.06587E-04  0.00000E+00  1.54006E-04  3.89168E-02
       236  3.16369E+02  1.82741E+04  0.00000E+00 -2.01376E-04  2.03761E-04  2.04310E-04  0.00000E+00  1.51943E-04  3.93975E-02
       237  3.48006E+02  1.86221E+04  0.00000E+00 -1.98977E-04  2.01024E-04  2.01531E-04  0.00000E+00  1.49679E-04  3.99184E-02
       238  1.91403E+02  1.88135E+04  0.00000E+00 -1.98072E-04  2.02002E-04  2.03147E-04  0.00000E+00  1.49542E-04  4.02046E-02
       239  2.10544E+02  1.90241E+04  0.00000E+00 -1.97325E-04  2.00338E-04  2.01479E-04  0.00000E+00  1.48163E-04  4.05166E-02
       240  2.31598E+02  1.92557E+04  0.00000E+00 -1.95880E-04  1.98511E-04  1.99475E-04  0.00000E+00  1.46650E-04  4.08562E-02
       241  2.54758E+02  1.95104E+04  0.00000E+00 -1.94053E-04  1.96572E-04  1.97332E-04  0.00000E+00  1.45023E-04  4.12257E-02
       242  2.80234E+02  1.97907E+04  0.00000E+00 -1.91900E-04  1.94414E-04  1.95146E-04  0.00000E+00  1.43253E-04  4.16271E-02
       243  3.08257E+02  2.00989E+04  0.00000E+00 -1.89696E-04  1.92076E-04  1.92497E-04  0.00000E+00  1.41309E-04  4.20627E-02
       244  3.39083E+02  2.04380E+04  0.00000E+00 -1.87141E-04  1.89636E-04  1.90033E-04  0.00000E+00  1.39224E-04  4.25348E-02
       245  3.72991E+02  2.08110E+04  0.00000E+00 -1.84580E-04  1.86841E-04  1.87416E-04  0.00000E+00  1.36983E-04  4.30457E-02
       246  4.10290E+02  2.12213E+04  0.00000E+00 -1.81867E-04  1.83796E-04  1.84051E-04  0.00000E+00  1.34540E-04  4.35977E-02
       247  4.51319E+02  2.16726E+04  0.00000E+00 -1.78665E-04  1.80615E-04  1.81055E-04  0.00000E+00  1.31927E-04  4.41931E-02
       248  2.48226E+02  2.19208E+04  0.00000E+00 -1.78448E-04  1.81828E-04  1.82774E-04  0.00000E+00  1.31876E-04  4.45205E-02
       249  2.48226E+02  2.21691E+04  0.00000E+00 -1.77449E-04  1.80291E-04  1.81401E-04  0.00000E+00  1.30597E-04  4.48447E-02
       250  2.73048E+02  2.24421E+04  0.00000E+00 -1.76062E-04  1.78406E-04  1.79207E-04  0.00000E+00  1.29032E-04  4.51970E-02
       251  3.00353E+02  2.27425E+04  0.00000E+00 -1.73854E-04  1.76328E-04  1.76697E-04  0.00000E+00  1.27310E-04  4.55794E-02
       252  3.30388E+02  2.30729E+04  0.00000E+00 -1.71514E-04  1.74093E-04  1.74636E-04  0.00000E+00  1.25486E-04  4.59940E-02
       253  3.63427E+02  2.34363E+04  0.00000E+00 -1.69293E-04  1.71531E-04  1.72316E-04  0.00000E+00  1.23499E-04  4.64428E-02
       254  1.99885E+02  2.36362E+04  0.00000E+00 -1.68578E-04  1.72513E-04  1.73926E-04  0.00000E+00  1.23518E-04  4.66897E-02
       255  2.19873E+02  2.38560E+04  0.00000E+00 -1.68033E-04  1.71056E-04  1.71933E-04  0.00000E+00  1.22286E-04  4.69585E-02
       256  2.41861E+02  2.40979E+04  0.00000E+00 -1.66338E-04  1.69403E-04  1.70205E-04  0.00000E+00  1.20977E-04  4.72511E-02
       257  2.66047E+02  2.43639E+04  0.00000E+00 -1.64769E-04  1.67503E-04  1.68439E-04  0.00000E+00  1.19571E-04  4.75693E-02
       258  2.92651E+02  2.46566E+04  0.00000E+00 -1.63017E-04  1.65425E-04  1.66516E-04  0.00000E+00  1.18048E-04  4.79147E-02
       259  3.21917E+02  2.49785E+04  0.00000E+00 -1.61156E-04  1.63268E-04  1.63922E-04  0.00000E+00  1.16366E-04  4.82893E-02
       260  3.54108E+02  2.53326E+04  0.00000E+00 -1.58635E-04  1.61011E-04  1.61713E-04  0.00000E+00  1.14579E-04  4.86951E-02
       261  3.89519E+02  2.57221E+04  0.00000E+00 -1.56429E-04  1.58601E-04  1.59098E-04  0.00000E+00  1.12635E-04  4.91338E-02
       262  2.14235E+02  2.59364E+04  0.00000E+00 -1.55383E-04  1.59935E-04  1.61316E-04  0.00000E+00  1.12693E-04  4.93752E-02
       263  2.35659E+02  2.61720E+04  0.00000E+00 -1.54976E-04  1.58493E-04  1.59629E-04  0.00000E+00  1.11500E-04  4.96380E-02
       264  2.59225E+02  2.64313E+04  0.00000E+00 -1.53559E-04  1.56825E-04  1.57741E-04  0.00000E+00  1.10205E-04  4.99237E-02
       265  2.85147E+02  2.67164E+04  0.00000E+00 -1.51887E-04  1.54998E-04  1.55710E-04  0.00000E+00  1.08807E-04  5.02339E-02
       266  3.13662E+02  2.70301E+04  0.00000E+00 -1.49997E-04  1.52963E-04  1.53809E-04  0.00000E+00  1.07319E-04  5.05706E-02
       267  3.45028E+02  2.73751E+04  0.00000E+00 -1.48136E-04  1.50758E-04  1.51390E-04  0.00000E+00  1.05692E-04  5.09352E-02
       268  3.79531E+02  2.77546E+04  0.00000E+00 -1.45855E-04  1.48400E-04  1.49186E-04  0.00000E+00  1.03964E-04  5.13298E-02
       269  4.17484E+02  2.81721E+04  0.00000E+00 -1.43612E-04  1.45838E-04  1.46690E-04  0.00000E+00  1.02103E-04  5.17561E-02
       270  4.59233E+02  2.86313E+04  0.00000E+00 -1.41211E-04  1.43150E-04  1.43538E-04  0.00000E+00  1.00071E-04  5.22156E-02
       271  2.52578E+02  2.88839E+04  0.00000E+00 -1.40328E-04  1.44730E-04  1.45967E-04  0.00000E+00  1.00227E-04  5.24688E-02
       272  2.77836E+02  2.91618E+04  0.00000E+00 -1.39700E-04  1.43101E-04  1.44597E-04  0.00000E+00  9.89958E-05  5.27438E-02
       273  3.05619E+02  2.94674E+04  0.00000E+00 -1.38253E-04  1.41170E-04  1.42667E-04  0.00000E+00  9.76504E-05  5.30423E-02
       274  1.68091E+02  2.96355E+04  0.00000E+00 -1.37467E-04  1.41862E-04  1.44132E-04  0.00000E+00  9.77676E-05  5.32066E-02
       275  1.68091E+02  2.98036E+04  0.00000E+00 -1.36587E-04  1.41197E-04  1.43570E-04  0.00000E+00  9.71328E-05  5.33699E-02
       276  1.84900E+02  2.99885E+04  0.00000E+00 -1.36210E-04  1.40096E-04  1.42536E-04  0.00000E+00  9.63368E-05  5.35480E-02
       277  2.03390E+02  3.01918E+04  0.00000E+00 -1.35485E-04  1.38934E-04  1.41060E-04  0.00000E+00  9.54524E-05  5.37421E-02
       278  2.23729E+02  3.04156E+04  0.00000E+00 -1.34294E-04  1.37713E-04  1.39603E-04  0.00000E+00  9.45030E-05  5.39536E-02
       279  2.46102E+02  3.06617E+04  0.00000E+00 -1.32856E-04  1.36257E-04  1.38302E-04  0.00000E+00  9.35018E-05  5.41837E-02
       280  2.70712E+02  3.09324E+04  0.00000E+00 -1.32176E-04  1.35218E-04  1.36455E-04  0.00000E+00  9.23895E-05  5.44338E-02
       281  2.70712E+02  3.12031E+04  0.00000E+00 -1.30108E-04  1.33999E-04  1.35332E-04  0.00000E+00  9.14442E-05  5.46813E-02
       282  2.97783E+02  3.15009E+04  0.00000E+00 -1.28803E-04  1.32303E-04  1.33761E-04  0.00000E+00  9.02703E-05  5.49501E-02
       283  3.27561E+02  3.18284E+04  0.00000E+00 -1.27621E-04  1.30722E-04  1.31122E-04  0.00000E+00  8.89463E-05  5.52415E-02
       284  3.60317E+02  3.21888E+04  0.00000E+00 -1.25222E-04  1.28936E-04  1.29382E-04  0.00000E+00  8.75674E-05  5.55570E-02
       285  3.96349E+02  3.25851E+04  0.00000E+00 -1.23529E-04  1.26803E-04  1.27353E-04  0.00000E+00  8.60652E-05  5.58981E-02
       286  4.35984E+02  3.30211E+04  0.00000E+00 -1.21606E-04  1.24498E-04  1.24865E-04  0.00000E+00  8.44358E-05  5.62663E-02
       287  2.39791E+02  3.32609E+04  0.00000E+00 -1.20456E-04  1.26033E-04  1.27139E-04  0.00000E+00  8.46969E-05  5.64694E-02
       288  2.63770E+02  3.35247E+04  0.00000E+00 -1.20241E-04  1.24676E-04  1.25823E-04  0.00000E+00  8.37338E-05  5.66902E-02
       289  2.90147E+02  3.38148E+04  0.00000E+00 -1.19203E-04  1.23051E-04  1.24333E-04  0.00000E+00  8.26833E-05  5.69301E-02
       290  3.19162E+02  3.41340E+04  0.00000E+00 -1.17912E-04  1.21332E-04  1.22400E-04  0.00000E+00  8.15367E-05  5.71904E-02
       291  3.51078E+02  3.44850E+04  0.00000E+00 -1.16376E-04  1.19657E-04  1.20444E-04  0.00000E+00  8.03176E-05  5.74723E-02
       292  3.86186E+02  3.48712E+04  0.00000E+00 -1.14422E-04  1.17736E-04  1.18665E-04  0.00000E+00  7.90126E-05  5.77775E-02
       293  4.24805E+02  3.52960E+04  0.00000E+00 -1.12776E-04  1.15654E-04  1.16394E-04  0.00000E+00  7.75922E-05  5.81071E-02
       294  2.33643E+02  3.55297E+04  0.00000E+00 -1.11549E-04  1.17054E-04  1.18334E-04  0.00000E+00  7.78798E-05  5.82890E-02
       295  2.33643E+02  3.57633E+04  0.00000E+00 -1.11376E-04  1.16268E-04  1.17612E-04  0.00000E+00  7.72020E-05  5.84694E-02
       296  2.57007E+02  3.60203E+04  0.00000E+00 -1.10834E-04  1.15023E-04  1.16050E-04  0.00000E+00  7.63217E-05  5.86656E-02
       297  2.82707E+02  3.63030E+04  0.00000E+00 -1.09543E-04  1.13575E-04  1.14662E-04  0.00000E+00  7.53921E-05  5.88787E-02
       298  3.10978E+02  3.66140E+04  0.00000E+00 -1.08373E-04  1.11971E-04  1.13172E-04  0.00000E+00  7.43877E-05  5.91100E-02
       299  3.42076E+02  3.69561E+04  0.00000E+00 -1.07437E-04  1.10644E-04  1.11279E-04  0.00000E+00  7.32951E-05  5.93608E-02
       300  3.42076E+02  3.72982E+04  0.00000E+00 -1.05704E-04  1.09416E-04  1.10256E-04  0.00000E+00  7.24026E-05  5.96084E-02
       301  3.76284E+02  3.76745E+04  0.00000E+00 -1.04512E-04  1.07757E-04  1.08321E-04  0.00000E+00  7.12606E-05  5.98766E-02
       302  4.13912E+02  3.80884E+04  0.00000E+00 -1.02698E-04  1.05978E-04  1.06589E-04  0.00000E+00  7.00407E-05  6.01665E-02
       303  2.27652E+02  3.83160E+04  0.00000E+00 -1.01337E-04  1.07323E-04  1.08774E-04  0.00000E+00  7.03435E-05  6.03266E-02
       304  2.27652E+02  3.85437E+04  0.00000E+00 -1.01259E-04  1.06687E-04  1.08228E-04  0.00000E+00  6.97712E-05  6.04855E-02
       305  2.50417E+02  3.87941E+04  0.00000E+00 -1.00845E-04  1.05483E-04  1.07109E-04  0.00000E+00  6.90236E-05  6.06583E-02
       306  2.75458E+02  3.90695E+04  0.00000E+00 -1.00037E-04  1.04144E-04  1.05871E-04  0.00000E+00  6.82157E-05  6.08462E-02
       307  3.03004E+02  3.93725E+04  0.00000E+00 -9.91538E-05  1.02831E-04  1.03909E-04  0.00000E+00  6.73047E-05  6.10501E-02
       308  3.33305E+02  3.97058E+04  0.00000E+00 -9.75340E-05  1.01424E-04  1.02635E-04  0.00000E+00  6.63636E-05  6.12713E-02
       309  3.66635E+02  4.00725E+04  0.00000E+00 -9.64434E-05  9.99253E-05  1.00762E-04  0.00000E+00  6.53320E-05  6.15109E-02
       310  4.03299E+02  4.04758E+04  0.00000E+00 -9.50889E-05  9.85511E-05  9.87199E-05  0.00000E+00  6.42170E-05  6.17699E-02
       311  4.43629E+02  4.09194E+04  0.00000E+00 -9.30546E-05  9.69205E-05  9.70914E-05  0.00000E+00  6.30325E-05  6.20495E-02
       312  2.43996E+02  4.11634E+04  0.00000E+00 -9.23842E-05  9.85479E-05  9.91286E-05  0.00000E+00  6.34067E-05  6.22042E-02
       313  2.43996E+02  4.14074E+04  0.00000E+00 -9.17930E-05  9.80133E-05  9.86300E-05  0.00000E+00  6.28728E-05  6.23576E-02
       314  2.68395E+02  4.16758E+04  0.00000E+00 -9.15143E-05  9.68698E-05  9.75615E-05  0.00000E+00  6.21646E-05  6.25245E-02
       315  2.95235E+02  4.19710E+04  0.00000E+00 -9.08161E-05  9.55704E-05  9.63373E-05  0.00000E+00  6.14007E-05  6.27057E-02
       316  3.24758E+02  4.22958E+04  0.00000E+00 -8.98956E-05  9.41264E-05  9.49954E-05  0.00000E+00  6.05765E-05  6.29025E-02
       317  3.57234E+02  4.26530E+04  0.00000E+00 -8.88022E-05  9.25718E-05  9.35447E-05  0.00000E+00  5.96876E-05  6.31157E-02
       318  3.92958E+02  4.30460E+04  0.00000E+00 -8.76454E-05  9.09863E-05  9.16925E-05  0.00000E+00  5.87148E-05  6.33464E-02
       319  4.32253E+02  4.34782E+04  0.00000E+00 -8.60362E-05  8.92520E-05  9.01722E-05  0.00000E+00  5.76832E-05  6.35957E-02
       320  4.75479E+02  4.39537E+04  0.00000E+00 -8.52719E-05  8.80839E-05  8.83237E-05  0.00000E+00  5.65728E-05  6.38647E-02
       321  2.61513E+02  4.42152E+04  0.00000E+00 -8.38936E-05  8.93153E-05  9.01042E-05  0.00000E+00  5.69289E-05  6.40136E-02
       322  2.61513E+02  4.44767E+04  0.00000E+00 -8.32681E-05  8.88126E-05  8.96430E-05  0.00000E+00  5.64143E-05  6.41611E-02
       323  2.87665E+02  4.47644E+04  0.00000E+00 -8.31278E-05  8.79271E-05  8.82427E-05  0.00000E+00  5.57065E-05  6.43214E-02
       324  3.16431E+02  4.50808E+04  0.00000E+00 -8.20277E-05  8.66994E-05  8.71293E-05  0.00000E+00  5.49674E-05  6.44953E-02
       325  3.48074E+02  4.54289E+04  0.00000E+00 -8.12226E-05  8.53876E-05  8.58110E-05  0.00000E+00  5.41864E-05  6.46839E-02
       326  1.91441E+02  4.56204E+04  0.00000E+00 -7.92951E-05  8.67849E-05  8.76976E-05  0.00000E+00  5.45108E-05  6.47883E-02
       327  2.10585E+02  4.58309E+04  0.00000E+00 -7.99758E-05  8.60662E-05  8.69558E-05  0.00000E+00  5.40383E-05  6.49021E-02
       328  2.31643E+02  4.60626E+04  0.00000E+00 -7.98258E-05  8.51334E-05  8.60729E-05  0.00000E+00  5.35235E-05  6.50261E-02
       329  2.54808E+02  4.63174E+04  0.00000E+00 -7.93705E-05  8.40789E-05  8.50706E-05  0.00000E+00  5.29680E-05  6.51610E-02
       330  2.80288E+02  4.65977E+04  0.00000E+00 -7.87271E-05  8.29389E-05  8.40152E-05  0.00000E+00  5.23687E-05  6.53078E-02
       331  3.08317E+02  4.69060E+04  0.00000E+00 -7.80726E-05  8.18285E-05  8.27178E-05  0.00000E+00  5.17152E-05  6.54673E-02
       332  3.39149E+02  4.72451E+04  0.00000E+00 -7.70601E-05  8.05593E-05  8.15972E-05  0.00000E+00  5.10160E-05  6.56403E-02
       333  3.73064E+02  4.76182E+04  0.00000E+00 -7.61770E-05  7.92509E-05  7.98712E-05  0.00000E+00  5.02319E-05  6.58277E-02
       334  4.10370E+02  4.80286E+04  0.00000E+00 -7.49815E-05  7.80684E-05  7.83194E-05  0.00000E+00  4.94101E-05  6.60304E-02
       335  4.51407E+02  4.84800E+04  0.00000E+00 -7.34721E-05  7.66167E-05  7.69206E-05  0.00000E+00  4.85271E-05  6.62495E-02
       336  2.48274E+02  4.87283E+04  0.00000E+00 -7.27328E-05  7.83046E-05  7.91041E-05  0.00000E+00  4.88873E-05  6.63709E-02
       337  2.73101E+02  4.90014E+04  0.00000E+00 -7.29538E-05  7.74791E-05  7.81695E-05  0.00000E+00  4.83319E-05  6.65029E-02
       338  3.00412E+02  4.93018E+04  0.00000E+00 -7.23664E-05  7.63931E-05  7.71603E-05  0.00000E+00  4.77317E-05  6.66463E-02
       339  3.30453E+02  4.96322E+04  0.00000E+00 -7.16171E-05  7.52290E-05  7.60797E-05  0.00000E+00  4.70922E-05  6.68019E-02
       340  3.63498E+02  4.99957E+04  0.00000E+00 -7.07637E-05  7.39947E-05  7.47670E-05  0.00000E+00  4.64051E-05  6.69706E-02
       341  3.99848E+02  5.03956E+04  0.00000E+00 -6.97848E-05  7.27328E-05  7.35636E-05  0.00000E+00  4.56759E-05  6.71532E-02
       342  4.39833E+02  5.08354E+04  0.00000E+00 -6.87123E-05  7.13450E-05  7.22294E-05  0.00000E+00  4.48949E-05  6.73507E-02
       343  2.41908E+02  5.10773E+04  0.00000E+00 -6.79220E-05  7.26449E-05  7.42413E-05  0.00000E+00  4.52650E-05  6.74602E-02
       344  2.66099E+02  5.13434E+04  0.00000E+00 -6.80166E-05  7.18349E-05  7.33546E-05  0.00000E+00  4.47871E-05  6.75793E-02
       345  2.92709E+02  5.16361E+04  0.00000E+00 -6.75996E-05  7.09037E-05  7.24690E-05  0.00000E+00  4.42711E-05  6.77089E-02
       346  3.21979E+02  5.19581E+04  0.00000E+00 -6.71805E-05  7.00781E-05  7.11019E-05  0.00000E+00  4.37027E-05  6.78496E-02
       347  3.54177E+02  5.23123E+04  0.00000E+00 -6.62424E-05  6.92924E-05  6.98888E-05  0.00000E+00  4.30991E-05  6.80023E-02
       348  3.89595E+02  5.27019E+04  0.00000E+00 -6.50381E-05  6.82988E-05  6.87599E-05  0.00000E+00  4.24522E-05  6.81677E-02
       349  2.14277E+02  5.29161E+04  0.00000E+00 -6.45866E-05  6.95073E-05  7.05069E-05  0.00000E+00  4.27781E-05  6.82593E-02
       350  2.14277E+02  5.31304E+04  0.00000E+00 -6.39918E-05  6.93290E-05  7.03571E-05  0.00000E+00  4.24834E-05  6.83504E-02
       351  2.35705E+02  5.33661E+04  0.00000E+00 -6.40470E-05  6.87225E-05  6.96044E-05  0.00000E+00  4.20726E-05  6.84495E-02
       352  2.59276E+02  5.36254E+04  0.00000E+00 -6.38883E-05  6.81780E-05  6.85179E-05  0.00000E+00  4.16162E-05  6.85574E-02
       353  2.85203E+02  5.39106E+04  0.00000E+00 -6.30572E-05  6.73611E-05  6.77122E-05  0.00000E+00  4.11474E-05  6.86748E-02
       354  3.13723E+02  5.42243E+04  0.00000E+00 -6.25166E-05  6.64110E-05  6.67691E-05  0.00000E+00  4.06413E-05  6.88023E-02
       355  3.45096E+02  5.45694E+04  0.00000E+00 -6.18281E-05  6.53693E-05  6.57393E-05  0.00000E+00  4.00956E-05  6.89407E-02
       356  3.79605E+02  5.49490E+04  0.00000E+00 -6.10414E-05  6.42569E-05  6.46377E-05  0.00000E+00  3.95085E-05  6.90906E-02
       357  4.17566E+02  5.53666E+04  0.00000E+00 -6.01592E-05  6.30758E-05  6.34855E-05  0.00000E+00  3.88767E-05  6.92530E-02
       358  4.59322E+02  5.58259E+04  0.00000E+00 -5.91940E-05  6.18324E-05  6.22984E-05  0.00000E+00  3.82002E-05  6.94284E-02
       359  2.52627E+02  5.60785E+04  0.00000E+00 -5.83731E-05  6.31540E-05  6.40598E-05  0.00000E+00  3.85517E-05  6.95258E-02
       360  2.52627E+02  5.63312E+04  0.00000E+00 -5.84216E-05  6.27489E-05  6.36968E-05  0.00000E+00  3.82478E-05  6.96225E-02
       361  2.77890E+02  5.66091E+04  0.00000E+00 -5.82949E-05  6.19675E-05  6.29484E-05  0.00000E+00  3.78363E-05  6.97276E-02
       362  3.05679E+02  5.69147E+04  0.00000E+00 -5.79157E-05  6.11185E-05  6.20909E-05  0.00000E+00  3.73931E-05  6.98419E-02
       363  3.36247E+02  5.72510E+04  0.00000E+00 -5.73774E-05  6.02120E-05  6.12222E-05  0.00000E+00  3.69204E-05  6.99660E-02
       364  3.69872E+02  5.76209E+04  0.00000E+00 -5.69535E-05  5.94923E-05  6.00135E-05  0.00000E+00  3.64049E-05  7.01007E-02
       365  4.06859E+02  5.80277E+04  0.00000E+00 -5.57019E-05  5.85160E-05  5.88988E-05  0.00000E+00  3.58537E-05  7.02466E-02
       366  2.23772E+02  5.82515E+04  0.00000E+00 -5.48669E-05  5.99531E-05  6.07470E-05  0.00000E+00  3.61848E-05  7.03275E-02
       367  2.23772E+02  5.84753E+04  0.00000E+00 -5.50091E-05  5.88779E-05  6.05893E-05  0.00000E+00  3.59466E-05  7.04080E-02
       368  2.46150E+02  5.87214E+04  0.00000E+00 -5.53510E-05  5.87456E-05  5.95807E-05  0.00000E+00  3.55933E-05  7.04956E-02
       369  2.46150E+02  5.89676E+04  0.00000E+00 -5.42482E-05  5.84445E-05  5.93204E-05  0.00000E+00  3.53289E-05  7.05826E-02
       370  2.70765E+02  5.92383E+04  0.00000E+00 -5.40566E-05  5.78129E-05  5.87145E-05  0.00000E+00  3.49642E-05  7.06772E-02
       371  2.97841E+02  5.95362E+04  0.00000E+00 -5.36817E-05  5.70873E-05  5.80075E-05  0.00000E+00  3.45720E-05  7.07802E-02
       372  3.27625E+02  5.98638E+04  0.00000E+00 -5.33251E-05  5.64192E-05  5.68887E-05  0.00000E+00  3.41329E-05  7.08920E-02
       373  3.60388E+02  6.02242E+04  0.00000E+00 -5.24020E-05  5.56199E-05  5.61464E-05  0.00000E+00  3.36804E-05  7.10134E-02
       374  3.96426E+02  6.06206E+04  0.00000E+00 -5.17999E-05  5.47205E-05  5.51203E-05  0.00000E+00  3.31805E-05  7.11449E-02
       375  4.36069E+02  6.10567E+04  0.00000E+00 -5.09411E-05  5.37154E-05  5.41251E-05  0.00000E+00  3.26495E-05  7.12873E-02
       376  4.79676E+02  6.15364E+04  0.00000E+00 -5.01605E-05  5.26654E-05  5.31442E-05  0.00000E+00  3.20807E-05  7.14412E-02
       377  2.63822E+02  6.18002E+04  0.00000E+00 -4.95320E-05  5.40671E-05  5.48563E-05  0.00000E+00  3.24376E-05  7.15268E-02
       378  2.90204E+02  6.20904E+04  0.00000E+00 -4.96697E-05  5.34199E-05  5.43176E-05  0.00000E+00  3.20848E-05  7.16199E-02
       379  3.19224E+02  6.24096E+04  0.00000E+00 -4.93598E-05  5.27071E-05  5.34724E-05  0.00000E+00  3.17081E-05  7.17211E-02
       380  1.75573E+02  6.25852E+04  0.00000E+00 -4.76629E-05  5.37412E-05  5.49788E-05  0.00000E+00  3.19531E-05  7.17772E-02
       381  1.75573E+02  6.27608E+04  0.00000E+00 -4.79971E-05  5.36652E-05  5.48933E-05  0.00000E+00  3.17883E-05  7.18330E-02
       382  1.93131E+02  6.29539E+04  0.00000E+00 -4.83849E-05  5.32761E-05  5.44716E-05  0.00000E+00  3.15540E-05  7.18940E-02
       383  2.12444E+02  6.31663E+04  0.00000E+00 -4.84393E-05  5.27917E-05  5.39759E-05  0.00000E+00  3.13030E-05  7.19605E-02
       384  2.33688E+02  6.34000E+04  0.00000E+00 -4.82835E-05  5.22361E-05  5.34176E-05  0.00000E+00  3.10330E-05  7.20330E-02
       385  2.57057E+02  6.36571E+04  0.00000E+00 -4.80252E-05  5.16259E-05  5.28107E-05  0.00000E+00  3.07430E-05  7.21120E-02
       386  2.82763E+02  6.39398E+04  0.00000E+00 -4.76859E-05  5.09667E-05  5.21577E-05  0.00000E+00  3.04309E-05  7.21981E-02
       387  3.11039E+02  6.42509E+04  0.00000E+00 -4.76285E-05  5.06171E-05  5.11455E-05  0.00000E+00  3.00868E-05  7.22916E-02
       388  3.42143E+02  6.45930E+04  0.00000E+00 -4.65837E-05  4.99718E-05  5.04578E-05  0.00000E+00  2.97243E-05  7.23933E-02
       389  3.76357E+02  6.49694E+04  0.00000E+00 -4.61182E-05  4.92056E-05  4.97090E-05  0.00000E+00  2.93294E-05  7.25037E-02
       390  4.13993E+02  6.53834E+04  0.00000E+00 -4.55416E-05  4.83543E-05  4.88521E-05  0.00000E+00  2.89041E-05  7.26234E-02
       391  4.55392E+02  6.58388E+04  0.00000E+00 -4.48698E-05  4.74265E-05  4.79720E-05  0.00000E+00  2.84465E-05  7.27529E-02
       392  5.00931E+02  6.63397E+04  0.00000E+00 -4.41482E-05  4.64673E-05  4.69392E-05  0.00000E+00  2.79579E-05  7.28930E-02
       393  2.75512E+02  6.66152E+04  0.00000E+00 -4.35740E-05  4.77864E-05  4.88004E-05  0.00000E+00  2.83246E-05  7.29710E-02
       394  3.03064E+02  6.69183E+04  0.00000E+00 -4.36469E-05  4.71897E-05  4.81479E-05  0.00000E+00  2.80102E-05  7.30559E-02
       395  3.33370E+02  6.72516E+04  0.00000E+00 -4.34077E-05  4.65716E-05  4.75108E-05  0.00000E+00  2.76778E-05  7.31482E-02
       396  1.83353E+02  6.74350E+04  0.00000E+00 -4.17863E-05  4.75226E-05  4.88855E-05  0.00000E+00  2.79170E-05  7.31994E-02
       397  2.01689E+02  6.76367E+04  0.00000E+00 -4.24431E-05  4.72320E-05  4.86039E-05  0.00000E+00  2.77081E-05  7.32552E-02
       398  2.21858E+02  6.78585E+04  0.00000E+00 -4.26220E-05  4.68422E-05  4.81861E-05  0.00000E+00  2.74811E-05  7.33162E-02
       399  2.44043E+02  6.81026E+04  0.00000E+00 -4.25721E-05  4.63517E-05  4.76082E-05  0.00000E+00  2.72327E-05  7.33827E-02
       400  2.68448E+02  6.83710E+04  0.00000E+00 -4.23919E-05  4.58671E-05  4.71156E-05  0.00000E+00  2.69751E-05  7.34551E-02
       401  2.95293E+02  6.86663E+04  0.00000E+00 -4.21499E-05  4.52863E-05  4.65332E-05  0.00000E+00  2.66994E-05  7.35339E-02
       402  3.24822E+02  6.89911E+04  0.00000E+00 -4.18085E-05  4.46485E-05  4.58950E-05  0.00000E+00  2.64029E-05  7.36197E-02
       403  3.57304E+02  6.93484E+04  0.00000E+00 -4.13882E-05  4.39651E-05  4.52136E-05  0.00000E+00  2.60865E-05  7.37129E-02
       404  3.93034E+02  6.97415E+04  0.00000E+00 -4.08935E-05  4.32355E-05  4.44843E-05  0.00000E+00  2.57445E-05  7.38141E-02
       405  4.32338E+02  7.01738E+04  0.00000E+00 -4.07434E-05  4.28710E-05  4.30699E-05  0.00000E+00  2.53557E-05  7.39237E-02
       406  4.75572E+02  7.06494E+04  0.00000E+00 -3.93972E-05  4.23160E-05  4.24076E-05  0.00000E+00  2.49609E-05  7.40424E-02
       407  2.61564E+02  7.09110E+04  0.00000E+00 -3.99273E-05  4.33792E-05  4.37319E-05  0.00000E+00  2.53041E-05  7.41086E-02
       408  2.61564E+02  7.11725E+04  0.00000E+00 -3.85762E-05  4.34189E-05  4.37575E-05  0.00000E+00  2.51303E-05  7.41743E-02
       409  2.87721E+02  7.14602E+04  0.00000E+00 -3.88489E-05  4.30841E-05  4.34049E-05  0.00000E+00  2.48765E-05  7.42459E-02
       410  3.16493E+02  7.17767E+04  0.00000E+00 -3.88285E-05  4.26127E-05  4.29023E-05  0.00000E+00  2.46082E-05  7.43238E-02
       411  3.48142E+02  7.21249E+04  0.00000E+00 -3.85525E-05  4.19677E-05  4.22707E-05  0.00000E+00  2.43159E-05  7.44084E-02
       412  3.82956E+02  7.25078E+04  0.00000E+00 -3.81908E-05  4.12741E-05  4.15511E-05  0.00000E+00  2.40055E-05  7.45004E-02
       413  4.21252E+02  7.29291E+04  0.00000E+00 -3.76869E-05  4.04817E-05  4.08219E-05  0.00000E+00  2.36683E-05  7.46001E-02
       414  2.31689E+02  7.31608E+04  0.00000E+00 -3.66502E-05  4.17106E-05  4.22008E-05  0.00000E+00  2.39420E-05  7.46555E-02
       415  2.31689E+02  7.33925E+04  0.00000E+00 -3.69662E-05  4.16291E-05  4.21873E-05  0.00000E+00  2.38062E-05  7.47107E-02
       416  2.54857E+02  7.36473E+04  0.00000E+00 -3.71161E-05  4.12472E-05  4.17680E-05  0.00000E+00  2.35987E-05  7.47708E-02
       417  2.80343E+02  7.39277E+04  0.00000E+00 -3.69984E-05  4.07185E-05  4.12321E-05  0.00000E+00  2.33707E-05  7.48364E-02
       418  3.08378E+02  7.42360E+04  0.00000E+00 -3.67230E-05  4.00966E-05  4.05599E-05  0.00000E+00  2.31140E-05  7.49076E-02
       419  3.39215E+02  7.45753E+04  0.00000E+00 -3.64043E-05  3.95251E-05  4.00110E-05  0.00000E+00  2.28570E-05  7.49852E-02
       420  3.73137E+02  7.49484E+04  0.00000E+00 -3.60653E-05  3.89110E-05  3.93966E-05  0.00000E+00  2.25797E-05  7.50694E-02
       421  4.10451E+02  7.53588E+04  0.00000E+00 -3.56057E-05  3.82004E-05  3.87293E-05  0.00000E+00  2.22740E-05  7.51608E-02
       422  4.51496E+02  7.58103E+04  0.00000E+00 -3.51586E-05  3.74818E-05  3.79828E-05  0.00000E+00  2.19530E-05  7.52600E-02
       423  2.48323E+02  7.60587E+04  0.00000E+00 -3.42719E-05  3.86268E-05  3.93387E-05  0.00000E+00  2.22159E-05  7.53151E-02
       424  2.48323E+02  7.63070E+04  0.00000E+00 -3.43562E-05  3.84788E-05  3.91811E-05  0.00000E+00  2.20744E-05  7.53699E-02
       425  2.73155E+02  7.65801E+04  0.00000E+00 -3.44853E-05  3.80887E-05  3.88076E-05  0.00000E+00  2.18716E-05  7.54297E-02
       426  3.00470E+02  7.68806E+04  0.00000E+00 -3.43696E-05  3.75710E-05  3.82457E-05  0.00000E+00  2.16528E-05  7.54948E-02
       427  3.30517E+02  7.72111E+04  0.00000E+00 -3.42028E-05  3.70681E-05  3.77581E-05  0.00000E+00  2.14230E-05  7.55656E-02
       428  3.63569E+02  7.75747E+04  0.00000E+00 -3.38614E-05  3.64491E-05  3.71084E-05  0.00000E+00  2.11719E-05  7.56425E-02
       429  3.99926E+02  7.79746E+04  0.00000E+00 -3.35662E-05  3.59063E-05  3.66108E-05  0.00000E+00  2.09111E-05  7.57262E-02
       430  2.19959E+02  7.81946E+04  0.00000E+00 -3.25852E-05  3.68463E-05  3.79212E-05  0.00000E+00  2.11645E-05  7.57727E-02
       431  2.41955E+02  7.84365E+04  0.00000E+00 -3.29388E-05  3.64937E-05  3.74970E-05  0.00000E+00  2.09923E-05  7.58235E-02
       432  2.66151E+02  7.87027E+04  0.00000E+00 -3.29564E-05  3.61276E-05  3.71172E-05  0.00000E+00  2.08087E-05  7.58789E-02
       433  2.92766E+02  7.89955E+04  0.00000E+00 -3.28191E-05  3.56766E-05  3.66550E-05  0.00000E+00  2.06117E-05  7.59392E-02
       434  3.22042E+02  7.93175E+04  0.00000E+00 -3.26123E-05  3.52052E-05  3.61804E-05  0.00000E+00  2.04008E-05  7.60049E-02
       435  3.54247E+02  7.96717E+04  0.00000E+00 -3.26603E-05  3.50283E-05  3.53549E-05  0.00000E+00  2.01662E-05  7.60764E-02
       436  3.89671E+02  8.00614E+04  0.00000E+00 -3.17172E-05  3.45780E-05  3.48041E-05  0.00000E+00  1.99178E-05  7.61540E-02
       437  2.14319E+02  8.02757E+04  0.00000E+00 -3.08196E-05  3.47470E-05  3.64290E-05  0.00000E+00  2.01845E-05  7.61972E-02
       438  2.35751E+02  8.05115E+04  0.00000E+00 -3.12811E-05  3.46658E-05  3.61044E-05  0.00000E+00  2.00180E-05  7.62444E-02
       439  2.59326E+02  8.07708E+04  0.00000E+00 -3.12935E-05  3.43411E-05  3.57536E-05  0.00000E+00  1.98444E-05  7.62959E-02
       440  2.85259E+02  8.10561E+04  0.00000E+00 -3.11967E-05  3.39589E-05  3.53468E-05  0.00000E+00  1.96602E-05  7.63520E-02
       441  3.13785E+02  8.13699E+04  0.00000E+00 -3.14993E-05  3.40141E-05  3.45380E-05  0.00000E+00  1.94572E-05  7.64130E-02
       442  3.13785E+02  8.16836E+04  0.00000E+00 -3.05104E-05  3.38908E-05  3.44387E-05  0.00000E+00  1.93192E-05  7.64737E-02
       443  3.45163E+02  8.20288E+04  0.00000E+00 -3.03980E-05  3.34624E-05  3.40182E-05  0.00000E+00  1.91034E-05  7.65396E-02
       444  3.79680E+02  8.24085E+04  0.00000E+00 -3.01811E-05  3.29764E-05  3.35314E-05  0.00000E+00  1.88739E-05  7.66113E-02
       445  4.17647E+02  8.28261E+04  0.00000E+00 -2.99358E-05  3.24859E-05  3.27906E-05  0.00000E+00  1.86152E-05  7.66890E-02
       446  4.59412E+02  8.32855E+04  0.00000E+00 -2.93674E-05  3.18960E-05  3.22108E-05  0.00000E+00  1.83498E-05  7.67733E-02
       447  2.52677E+02  8.35382E+04  0.00000E+00 -2.85849E-05  3.31838E-05  3.36987E-05  0.00000E+00  1.86171E-05  7.68203E-02
       448  2.52677E+02  8.37909E+04  0.00000E+00 -2.86545E-05  3.31413E-05  3.36429E-05  0.00000E+00  1.85025E-05  7.68671E-02
       449  2.77944E+02  8.40688E+04  0.00000E+00 -2.87939E-05  3.27899E-05  3.32439E-05  0.00000E+00  1.83297E-05  7.69180E-02
       450  3.05739E+02  8.43746E+04  0.00000E+00 -2.87640E-05  3.23594E-05  3.28292E-05  0.00000E+00  1.81460E-05  7.69735E-02
       451  3.36313E+02  8.47109E+04  0.00000E+00 -2.86382E-05  3.18922E-05  3.23272E-05  0.00000E+00  1.79526E-05  7.70339E-02
       452  3.69944E+02  8.50808E+04  0.00000E+00 -2.84244E-05  3.13770E-05  3.18446E-05  0.00000E+00  1.77465E-05  7.70995E-02
       453  4.06938E+02  8.54878E+04  0.00000E+00 -2.81593E-05  3.08429E-05  3.12292E-05  0.00000E+00  1.75282E-05  7.71709E-02
       454  2.23816E+02  8.57116E+04  0.00000E+00 -2.70394E-05  3.19217E-05  3.26008E-05  0.00000E+00  1.77620E-05  7.72106E-02
       455  2.46198E+02  8.59578E+04  0.00000E+00 -2.74763E-05  3.16679E-05  3.22848E-05  0.00000E+00  1.76171E-05  7.72540E-02
       456  2.21108E+02  8.61789E+04  0.00000E+00 -2.71356E-05  3.17633E-05  3.24124E-05  0.00000E+00  1.75690E-05  7.72929E-02
       457  2.21108E+02  8.64000E+04  0.00000E+00 -2.71589E-05  3.16760E-05  3.23322E-05  0.00000E+00  1.74773E-05  7.73315E-02
