#TIME      <--- WTDEPTH(NODVP(I)), I=1,2,...,NUMVP --->
   2.636719E-02   9.999727E-01
   3.955078E-02   9.999691E-01
   5.405273E-02   9.999651E-01
   7.000488E-02   9.999606E-01
   7.798096E-02   9.999584E-01
   8.675464E-02   9.999559E-01
   9.640569E-02   9.999533E-01
   1.060567E-01   9.999506E-01
   1.166729E-01   9.999477E-01
   1.219810E-01   9.999463E-01
   1.278199E-01   9.999447E-01
   1.342426E-01   9.999430E-01
   1.413077E-01   9.999411E-01
   1.483727E-01   9.999392E-01
   1.561443E-01   9.999371E-01
   1.639158E-01   9.999351E-01
   1.724646E-01   9.999328E-01
   1.810133E-01   9.999306E-01
   1.904168E-01   9.999281E-01
   1.998204E-01   9.999257E-01
   2.101644E-01   9.999231E-01
   2.215427E-01   9.999202E-01
   2.329210E-01   9.999173E-01
   2.454372E-01   9.999141E-01
   2.579534E-01   9.999110E-01
   2.704696E-01   9.999079E-01
   2.842373E-01   9.999045E-01
   2.993819E-01   9.999009E-01
   3.145265E-01   9.998972E-01
   3.311855E-01   9.998932E-01
   3.495104E-01   9.998889E-01
   3.696678E-01   9.998841E-01
   3.898252E-01   9.998795E-01
   4.099827E-01   9.998748E-01
   4.321558E-01   9.998698E-01
   4.565463E-01   9.998643E-01
   4.833758E-01   9.998583E-01
   5.102053E-01   9.998524E-01
   5.370348E-01   9.998466E-01
   5.638644E-01   9.998408E-01
   5.933768E-01   9.998346E-01
   6.228893E-01   9.998284E-01
   6.524018E-01   9.998223E-01
   6.848655E-01   9.998156E-01
   7.205756E-01   9.998084E-01
   7.562857E-01   9.998013E-01
   7.955668E-01   9.997935E-01
   8.348479E-01   9.997859E-01
   8.780571E-01   9.997776E-01
   9.212663E-01   9.997695E-01
   9.687964E-01   9.997606E-01
   1.016327E+00   9.997519E-01
   1.068610E+00   9.997424E-01
   1.126121E+00   9.997322E-01
   1.183633E+00   9.997222E-01
   1.246895E+00   9.997113E-01
   1.310158E+00   9.997006E-01
   1.379747E+00   9.996890E-01
   1.449336E+00   9.996776E-01
   1.525883E+00   9.996653E-01
   1.610086E+00   9.996520E-01
   1.694288E+00   9.996390E-01
   1.786911E+00   9.996249E-01
   1.888796E+00   9.996097E-01
   2.000870E+00   9.995933E-01
   2.124151E+00   9.995756E-01
   2.259760E+00   9.995566E-01
   2.408930E+00   9.995362E-01
   2.573016E+00   9.995143E-01
   2.737103E+00   9.994928E-01
   2.917599E+00   9.994697E-01
   3.098095E+00   9.994472E-01
   3.296640E+00   9.994229E-01
   3.515039E+00   9.993968E-01
   3.733439E+00   9.993713E-01
   3.973679E+00   9.993438E-01
   4.237942E+00   9.993143E-01
   4.528632E+00   9.992826E-01
   4.819322E+00   9.992516E-01
   5.139081E+00   9.992183E-01
   5.458840E+00   9.991857E-01
   5.810575E+00   9.991506E-01
   6.162310E+00   9.991163E-01
   6.549218E+00   9.990794E-01
   6.936126E+00   9.990433E-01
   7.361726E+00   9.990044E-01
   7.829885E+00   9.989625E-01
   8.344860E+00   9.989175E-01
   8.911332E+00   9.988692E-01
   9.477805E+00   9.988219E-01
   1.010092E+01   9.987707E-01
   1.078636E+01   9.987159E-01
   1.154033E+01   9.986568E-01
   1.236970E+01   9.985937E-01
   1.328201E+01   9.985257E-01
   1.428555E+01   9.984533E-01
   1.538945E+01   9.983753E-01
   1.660373E+01   9.982923E-01
   1.793944E+01   9.982032E-01
   1.940873E+01   9.981083E-01
   2.102494E+01   9.980066E-01
   2.280277E+01   9.978985E-01
   2.458061E+01   9.977931E-01
   2.653622E+01   9.976807E-01
   2.868740E+01   9.975615E-01
   3.083858E+01   9.974455E-01
   3.320488E+01   9.973214E-01
   3.580780E+01   9.971886E-01
   3.867102E+01   9.970467E-01
   4.153424E+01   9.969086E-01
   4.468378E+01   9.967608E-01
   4.783332E+01   9.966167E-01
   5.129781E+01   9.964624E-01
   5.510876E+01   9.962971E-01
   5.891970E+01   9.961360E-01
   6.311174E+01   9.959632E-01
   6.772298E+01   9.957782E-01
   7.233422E+01   9.955977E-01
   7.740659E+01   9.954041E-01
   8.298619E+01   9.951966E-01
   8.912375E+01   9.949743E-01
   9.526132E+01   9.947576E-01
   1.013989E+02   9.945459E-01
   1.081502E+02   9.943186E-01
   1.155766E+02   9.940746E-01
   1.237457E+02   9.938128E-01
   1.327318E+02   9.935321E-01
   1.417178E+02   9.932582E-01
   1.516024E+02   9.929641E-01
   1.614870E+02   9.926768E-01
   1.723600E+02   9.923681E-01
   1.843204E+02   9.920365E-01
   1.962808E+02   9.917124E-01
   2.094372E+02   9.913639E-01
   2.225936E+02   9.910228E-01
   2.370657E+02   9.906556E-01
   2.515377E+02   9.902959E-01
   2.674570E+02   9.899083E-01
   2.849681E+02   9.894909E-01
   3.024793E+02   9.890816E-01
   3.217416E+02   9.886404E-01
   3.429302E+02   9.881648E-01
   3.641187E+02   9.876981E-01
   3.853072E+02   9.872396E-01
   4.086146E+02   9.867440E-01
   4.319220E+02   9.862566E-01
   4.575601E+02   9.857292E-01
   4.857621E+02   9.851588E-01
   5.139640E+02   9.845971E-01
   5.421659E+02   9.840433E-01
   5.703679E+02   9.834967E-01
   5.985698E+02   9.829566E-01
   6.295919E+02   9.823697E-01
   6.637163E+02   9.817320E-01
   6.978406E+02   9.811012E-01
   7.319649E+02   9.804767E-01
   7.695017E+02   9.797967E-01
   8.107922E+02   9.790562E-01
   8.562117E+02   9.782495E-01
   9.016312E+02   9.774495E-01
   9.515926E+02   9.765768E-01
   1.001554E+03   9.757100E-01
   1.056512E+03   9.747629E-01
   1.111469E+03   9.738206E-01
   1.166427E+03   9.728822E-01
   1.221384E+03   9.719468E-01
   1.276342E+03   9.710137E-01
   1.336795E+03   9.699898E-01
   1.397249E+03   9.689667E-01
   1.457702E+03   9.679437E-01
   1.524201E+03   9.668187E-01
   1.597349E+03   9.655804E-01
   1.670498E+03   9.643391E-01
   1.743646E+03   9.630940E-01
   1.816795E+03   9.618444E-01
   1.897258E+03   9.604648E-01
   1.985768E+03   9.589399E-01
   2.083129E+03   9.572522E-01
   2.190226E+03   9.553817E-01
   2.308032E+03   9.533054E-01
   2.437619E+03   9.509967E-01
   2.580165E+03   9.484246E-01
   2.722711E+03   9.458132E-01
   2.879511E+03   9.428971E-01
   3.051992E+03   9.396335E-01
   3.241720E+03   9.359736E-01
   3.450422E+03   9.318606E-01
   3.679993E+03   9.272296E-01
   3.932522E+03   9.220057E-01
   4.210303E+03   9.161047E-01
   4.515863E+03   9.094323E-01
   4.851979E+03   9.018863E-01
   5.221706E+03   8.933584E-01
   5.628406E+03   8.837410E-01
   5.852091E+03   8.782352E-01
   6.098144E+03   8.721452E-01
   6.368803E+03   8.653893E-01
   6.666528E+03   8.579117E-01
   6.994025E+03   8.496592E-01
   7.354272E+03   8.405871E-01
   7.750543E+03   8.306638E-01
   8.186442E+03   8.198747E-01
   8.426186E+03   8.138343E-01
   8.689905E+03   8.073133E-01
   8.979996E+03   8.002545E-01
   9.299095E+03   7.926415E-01
   9.650105E+03   7.844668E-01
   1.003622E+04   7.757299E-01
   1.024858E+04   7.708945E-01
   1.046094E+04   7.661730E-01
   1.069453E+04   7.610920E-01
   1.095149E+04   7.556345E-01
   1.123414E+04   7.497909E-01
   1.154506E+04   7.435544E-01
   1.188707E+04   7.369219E-01
   1.226328E+04   7.298975E-01
   1.267711E+04   7.224879E-01
   1.290472E+04   7.184032E-01
   1.315509E+04   7.140777E-01
   1.343049E+04   7.094586E-01
   1.373344E+04   7.045391E-01
   1.406668E+04   6.993162E-01
   1.443324E+04   6.937895E-01
   1.463485E+04   6.907326E-01
   1.485662E+04   6.874964E-01
   1.510057E+04   6.840283E-01
   1.536891E+04   6.803204E-01
   1.566409E+04   6.763658E-01
   1.598878E+04   6.721591E-01
   1.634595E+04   6.676960E-01
   1.673883E+04   6.629762E-01
   1.717100E+04   6.579974E-01
   1.740869E+04   6.552272E-01
   1.767015E+04   6.523133E-01
   1.795776E+04   6.491968E-01
   1.827413E+04   6.458700E-01
   1.862214E+04   6.423276E-01
   1.881354E+04   6.403454E-01
   1.902408E+04   6.382526E-01
   1.925568E+04   6.360007E-01
   1.951044E+04   6.335802E-01
   1.979067E+04   6.309838E-01
   2.009893E+04   6.282043E-01
   2.043801E+04   6.252332E-01
   2.081100E+04   6.220651E-01
   2.122129E+04   6.186950E-01
   2.167261E+04   6.151166E-01
   2.192084E+04   6.130950E-01
   2.216906E+04   6.111561E-01
   2.244211E+04   6.090757E-01
   2.274246E+04   6.068411E-01
   2.307285E+04   6.044430E-01
   2.343628E+04   6.018748E-01
   2.363616E+04   6.004167E-01
   2.385604E+04   5.988856E-01
   2.409790E+04   5.972313E-01
   2.436394E+04   5.954463E-01
   2.465660E+04   5.935230E-01
   2.497851E+04   5.914544E-01
   2.533262E+04   5.892317E-01
   2.572214E+04   5.868483E-01
   2.593638E+04   5.854867E-01
   2.617203E+04   5.840599E-01
   2.643126E+04   5.825182E-01
   2.671641E+04   5.808538E-01
   2.703007E+04   5.790587E-01
   2.737510E+04   5.771261E-01
   2.775463E+04   5.750478E-01
   2.817211E+04   5.728166E-01
   2.863135E+04   5.704258E-01
   2.888392E+04   5.690486E-01
   2.916176E+04   5.676117E-01
   2.946738E+04   5.660606E-01
   2.963547E+04   5.651690E-01
   2.980356E+04   5.643136E-01
   2.998846E+04   5.633876E-01
   3.019185E+04   5.623822E-01
   3.041558E+04   5.612909E-01
   3.066168E+04   5.601070E-01
   3.093239E+04   5.588223E-01
   3.120310E+04   5.575496E-01
   3.150089E+04   5.561775E-01
   3.182845E+04   5.546950E-01
   3.218876E+04   5.530937E-01
   3.258511E+04   5.513671E-01
   3.302110E+04   5.495088E-01
   3.326089E+04   5.484302E-01
   3.352466E+04   5.473064E-01
   3.381481E+04   5.460900E-01
   3.413397E+04   5.447744E-01
   3.448505E+04   5.433522E-01
   3.487123E+04   5.418170E-01
   3.529604E+04   5.401625E-01
   3.552968E+04   5.391999E-01
   3.576332E+04   5.382813E-01
   3.602033E+04   5.372901E-01
   3.630304E+04   5.362153E-01
   3.661401E+04   5.350513E-01
   3.695609E+04   5.337893E-01
   3.729817E+04   5.325386E-01
   3.767445E+04   5.311930E-01
   3.808836E+04   5.297398E-01
   3.831601E+04   5.288927E-01
   3.854367E+04   5.280849E-01
   3.879408E+04   5.272123E-01
   3.906954E+04   5.262656E-01
   3.937254E+04   5.252403E-01
   3.970585E+04   5.241289E-01
   4.007248E+04   5.229267E-01
   4.047578E+04   5.216255E-01
   4.091941E+04   5.202230E-01
   4.116341E+04   5.194013E-01
   4.140740E+04   5.186196E-01
   4.167580E+04   5.177757E-01
   4.197103E+04   5.168603E-01
   4.229579E+04   5.158682E-01
   4.265303E+04   5.147940E-01
   4.304598E+04   5.136326E-01
   4.347824E+04   5.123778E-01
   4.395372E+04   5.110222E-01
   4.421523E+04   5.102265E-01
   4.447674E+04   5.094699E-01
   4.476441E+04   5.086534E-01
   4.508084E+04   5.077690E-01
   4.542891E+04   5.068108E-01
   4.562035E+04   5.062501E-01
   4.583094E+04   5.056676E-01
   4.606258E+04   5.050346E-01
   4.631739E+04   5.043465E-01
   4.659768E+04   5.035990E-01
   4.690599E+04   5.027867E-01
   4.724514E+04   5.019064E-01
   4.761821E+04   5.009534E-01
   4.802858E+04   4.999217E-01
   4.847998E+04   4.988070E-01
   4.872826E+04   4.981497E-01
   4.900136E+04   4.974684E-01
   4.930177E+04   4.967303E-01
   4.963222E+04   4.959301E-01
   4.999572E+04   4.950625E-01
   5.039557E+04   4.941236E-01
   5.083540E+04   4.931085E-01
   5.107731E+04   4.925096E-01
   5.134341E+04   4.918897E-01
   5.163612E+04   4.912173E-01
   5.195810E+04   4.904881E-01
   5.231228E+04   4.896979E-01
   5.270187E+04   4.888416E-01
   5.291615E+04   4.883369E-01
   5.313043E+04   4.878574E-01
   5.336613E+04   4.873391E-01
   5.362541E+04   4.867764E-01
   5.391061E+04   4.861646E-01
   5.422433E+04   4.855003E-01
   5.456943E+04   4.847797E-01
   5.494903E+04   4.839986E-01
   5.536660E+04   4.831529E-01
   5.582592E+04   4.822382E-01
   5.607855E+04   4.816971E-01
   5.633118E+04   4.811835E-01
   5.660907E+04   4.806289E-01
   5.691475E+04   4.800263E-01
   5.725099E+04   4.793726E-01
   5.762086E+04   4.786639E-01
   5.802772E+04   4.778963E-01
   5.825150E+04   4.774425E-01
   5.847527E+04   4.770114E-01
   5.872142E+04   4.765458E-01
   5.896757E+04   4.760812E-01
   5.923833E+04   4.755787E-01
   5.953617E+04   4.750328E-01
   5.986380E+04   4.744405E-01
   6.022419E+04   4.737974E-01
   6.062061E+04   4.731007E-01
   6.105668E+04   4.723463E-01
   6.153636E+04   4.715302E-01
   6.180018E+04   4.710452E-01
   6.209038E+04   4.705445E-01
   6.240961E+04   4.700014E-01
   6.258518E+04   4.696817E-01
   6.276075E+04   4.693779E-01
   6.295389E+04   4.690489E-01
   6.316633E+04   4.686905E-01
   6.340002E+04   4.683001E-01
   6.365707E+04   4.678750E-01
   6.393984E+04   4.674126E-01
   6.425088E+04   4.669097E-01
   6.459302E+04   4.663634E-01
   6.496938E+04   4.657704E-01
   6.538337E+04   4.651274E-01
   6.583876E+04   4.644308E-01
   6.633969E+04   4.636768E-01
   6.661520E+04   4.632276E-01
   6.691827E+04   4.627644E-01
   6.725164E+04   4.622614E-01
   6.743499E+04   4.619649E-01
   6.763668E+04   4.616578E-01
   6.785854E+04   4.613236E-01
   6.810258E+04   4.609598E-01
   6.837103E+04   4.605637E-01
   6.866632E+04   4.601327E-01
   6.899114E+04   4.596641E-01
   6.934845E+04   4.591548E-01
   6.974148E+04   4.586020E-01
   7.017382E+04   4.580028E-01
   7.064939E+04   4.573534E-01
   7.091096E+04   4.569658E-01
   7.117252E+04   4.565989E-01
   7.146024E+04   4.562026E-01
   7.177673E+04   4.557719E-01
   7.212488E+04   4.553042E-01
   7.250783E+04   4.547962E-01
   7.292908E+04   4.542453E-01
   7.316077E+04   4.539180E-01
   7.339246E+04   4.536070E-01
   7.364732E+04   4.532706E-01
   7.392766E+04   4.529047E-01
   7.423604E+04   4.525073E-01
   7.457525E+04   4.520746E-01
   7.494839E+04   4.516042E-01
   7.535884E+04   4.510938E-01
   7.581034E+04   4.505394E-01
   7.605866E+04   4.502103E-01
   7.630698E+04   4.498976E-01
   7.658014E+04   4.495594E-01
   7.688061E+04   4.491915E-01
   7.721113E+04   4.487912E-01
   7.757469E+04   4.483562E-01
   7.797462E+04   4.478833E-01
   7.819458E+04   4.476026E-01
   7.843653E+04   4.473123E-01
   7.870269E+04   4.469964E-01
   7.899545E+04   4.466524E-01
   7.931749E+04   4.462781E-01
   7.967174E+04   4.458710E-01
   8.006141E+04   4.454285E-01
   8.027573E+04   4.451652E-01
   8.051148E+04   4.448935E-01
   8.077081E+04   4.445976E-01
   8.105607E+04   4.442753E-01
   8.136985E+04   4.439245E-01
   8.168364E+04   4.435736E-01
   8.202880E+04   4.431943E-01
   8.240848E+04   4.427818E-01
   8.282613E+04   4.423341E-01
   8.328554E+04   4.418478E-01
   8.353822E+04   4.415579E-01
   8.379089E+04   4.412829E-01
   8.406884E+04   4.409855E-01
   8.437458E+04   4.406618E-01
   8.471089E+04   4.403096E-01
   8.508083E+04   4.399265E-01
   8.548777E+04   4.395099E-01
   8.571159E+04   4.392622E-01
   8.595778E+04   4.390063E-01
   8.617889E+04   4.387739E-01
   8.640000E+04   4.385443E-01
