#TIME      <--- WTDEPTH(NODVP(I)), I=1,2,...,NUMVP --->
   1.000000E-02   6.083126E-01   6.074674E-01   5.975000E-01   3.416667E-01   3.350001E-01   9.995354E-01
   1.500000E-02   6.083022E-01   6.074545E-01   5.975000E-01   3.416667E-01   3.350001E-01   9.993993E-01
   2.050000E-02   6.082895E-01   6.074405E-01   5.975000E-01   3.416668E-01   3.350002E-01   9.992747E-01
   2.655000E-02   6.082753E-01   6.074254E-01   5.975000E-01   3.416669E-01   3.350002E-01   9.991540E-01
   3.320500E-02   6.082597E-01   6.074095E-01   5.975000E-01   3.416670E-01   3.350003E-01   9.990336E-01
   3.653250E-02   6.082522E-01   6.074018E-01   5.975000E-01   3.416670E-01   3.350003E-01   9.989765E-01
   4.019275E-02   6.082441E-01   6.073935E-01   5.975000E-01   3.416670E-01   3.350004E-01   9.989162E-01
   4.385300E-02   6.082360E-01   6.073854E-01   5.975000E-01   3.416671E-01   3.350004E-01   9.988577E-01
   4.787928E-02   6.082274E-01   6.073767E-01   5.975000E-01   3.416671E-01   3.350005E-01   9.987955E-01
   5.190555E-02   6.082189E-01   6.073682E-01   5.975000E-01   3.416672E-01   3.350005E-01   9.987351E-01
   5.593183E-02   6.082106E-01   6.073599E-01   5.975000E-01   3.416672E-01   3.350006E-01   9.986761E-01
   5.794496E-02   6.082065E-01   6.073558E-01   5.975000E-01   3.416672E-01   3.350006E-01   9.986472E-01
   6.015941E-02   6.082021E-01   6.073514E-01   5.975000E-01   3.416672E-01   3.350006E-01   9.986157E-01
   6.259531E-02   6.081973E-01   6.073466E-01   5.975000E-01   3.416673E-01   3.350007E-01   9.985816E-01
   6.527480E-02   6.081921E-01   6.073414E-01   5.975000E-01   3.416673E-01   3.350007E-01   9.985445E-01
   6.795428E-02   6.081870E-01   6.073363E-01   5.975000E-01   3.416674E-01   3.350008E-01   9.985079E-01
   7.063377E-02   6.081820E-01   6.073312E-01   5.975000E-01   3.416674E-01   3.350008E-01   9.984718E-01
   7.331325E-02   6.081771E-01   6.073263E-01   5.975000E-01   3.416674E-01   3.350008E-01   9.984361E-01
   7.599274E-02   6.081722E-01   6.073214E-01   5.975000E-01   3.416675E-01   3.350009E-01   9.984008E-01
   7.867223E-02   6.081674E-01   6.073165E-01   5.975000E-01   3.416675E-01   3.350009E-01   9.983659E-01
   8.135171E-02   6.081627E-01   6.073118E-01   5.975000E-01   3.416676E-01   3.350010E-01   9.983313E-01
   8.403120E-02   6.081580E-01   6.073071E-01   5.975000E-01   3.416676E-01   3.350010E-01   9.982971E-01
   8.671068E-02   6.081535E-01   6.073025E-01   5.975000E-01   3.416677E-01   3.350011E-01   9.982632E-01
   8.939017E-02   6.081490E-01   6.072980E-01   5.975000E-01   3.416677E-01   3.350011E-01   9.982297E-01
   9.206966E-02   6.081445E-01   6.072935E-01   5.975000E-01   3.416677E-01   3.350011E-01   9.981964E-01
   9.501709E-02   6.081397E-01   6.072886E-01   5.975000E-01   3.416678E-01   3.350012E-01   9.981602E-01
   9.796453E-02   6.081350E-01   6.072838E-01   5.975000E-01   3.416678E-01   3.350013E-01   9.981243E-01
   1.012067E-01   6.081299E-01   6.072786E-01   5.975000E-01   3.416679E-01   3.350013E-01   9.980852E-01
   1.044489E-01   6.081249E-01   6.072735E-01   5.975000E-01   3.416679E-01   3.350014E-01   9.980464E-01
   1.076911E-01   6.081200E-01   6.072685E-01   5.975000E-01   3.416680E-01   3.350014E-01   9.980080E-01
   1.112575E-01   6.081147E-01   6.072630E-01   5.975000E-01   3.416681E-01   3.350015E-01   9.979662E-01
   1.148239E-01   6.081095E-01   6.072577E-01   5.975000E-01   3.416681E-01   3.350016E-01   9.979248E-01
   1.183902E-01   6.081043E-01   6.072524E-01   5.975000E-01   3.416682E-01   3.350016E-01   9.978837E-01
   1.219566E-01   6.080993E-01   6.072472E-01   5.975000E-01   3.416682E-01   3.350017E-01   9.978431E-01
   1.255230E-01   6.080944E-01   6.072421E-01   5.975000E-01   3.416683E-01   3.350018E-01   9.978028E-01
   1.290894E-01   6.080896E-01   6.072371E-01   5.975000E-01   3.416684E-01   3.350018E-01   9.977628E-01
   1.326558E-01   6.080848E-01   6.072321E-01   5.975000E-01   3.416684E-01   3.350019E-01   9.977232E-01
   1.365789E-01   6.080797E-01   6.072267E-01   5.975000E-01   3.416685E-01   3.350020E-01   9.976799E-01
   1.405019E-01   6.080746E-01   6.072214E-01   5.975000E-01   3.416686E-01   3.350020E-01   9.976371E-01
   1.444249E-01   6.080697E-01   6.072162E-01   5.975000E-01   3.416686E-01   3.350021E-01   9.975946E-01
   1.483480E-01   6.080648E-01   6.072111E-01   5.975000E-01   3.416687E-01   3.350022E-01   9.975525E-01
   1.522710E-01   6.080601E-01   6.072061E-01   5.975000E-01   3.416688E-01   3.350023E-01   9.975107E-01
   1.561940E-01   6.080554E-01   6.072011E-01   5.975000E-01   3.416689E-01   3.350023E-01   9.974692E-01
   1.601171E-01   6.080508E-01   6.071962E-01   5.975000E-01   3.416689E-01   3.350024E-01   9.974281E-01
   1.640401E-01   6.080462E-01   6.071914E-01   5.975000E-01   3.416690E-01   3.350025E-01   9.973872E-01
   1.683555E-01   6.080413E-01   6.071861E-01   5.975000E-01   3.416691E-01   3.350026E-01   9.973427E-01
   1.726708E-01   6.080365E-01   6.071810E-01   5.975000E-01   3.416692E-01   3.350027E-01   9.972984E-01
   1.769861E-01   6.080318E-01   6.071759E-01   5.975000E-01   3.416692E-01   3.350027E-01   9.972546E-01
   1.817330E-01   6.080267E-01   6.071705E-01   5.975000E-01   3.416693E-01   3.350028E-01   9.972067E-01
   1.864799E-01   6.080217E-01   6.071652E-01   5.975000E-01   3.416694E-01   3.350029E-01   9.971592E-01
   1.912268E-01   6.080168E-01   6.071600E-01   5.975001E-01   3.416695E-01   3.350030E-01   9.971121E-01
   1.959736E-01   6.080120E-01   6.071549E-01   5.975001E-01   3.416696E-01   3.350031E-01   9.970654E-01
   2.011952E-01   6.080068E-01   6.071495E-01   5.975001E-01   3.416697E-01   3.350032E-01   9.970144E-01
   2.064167E-01   6.080017E-01   6.071442E-01   5.975001E-01   3.416698E-01   3.350033E-01   9.969638E-01
   2.116383E-01   6.079967E-01   6.071391E-01   5.975001E-01   3.416699E-01   3.350034E-01   9.969137E-01
   2.168599E-01   6.079918E-01   6.071342E-01   5.975001E-01   3.416700E-01   3.350036E-01   9.968639E-01
   2.220814E-01   6.079870E-01   6.071294E-01   5.975001E-01   3.416701E-01   3.350037E-01   9.968146E-01
   2.278251E-01   6.079818E-01   6.071242E-01   5.975001E-01   3.416702E-01   3.350038E-01   9.967607E-01
   2.335689E-01   6.079767E-01   6.071193E-01   5.975001E-01   3.416703E-01   3.350039E-01   9.967073E-01
   2.393126E-01   6.079717E-01   6.071145E-01   5.975001E-01   3.416705E-01   3.350040E-01   9.966543E-01
   2.456307E-01   6.083343E-01   6.072682E-01   5.975001E-01   3.416706E-01   3.350042E-01   9.965965E-01
   2.519487E-01   6.083345E-01   6.074871E-01   5.975001E-01   3.416707E-01   3.350043E-01   9.965391E-01
   2.582668E-01   6.083345E-01   6.075003E-01   5.975001E-01   3.416708E-01   3.350044E-01   9.964823E-01
   2.652167E-01   6.083345E-01   6.075003E-01   5.975001E-01   3.416710E-01   3.350046E-01   9.964203E-01
   2.721666E-01   6.083345E-01   6.075003E-01   5.975001E-01   3.416711E-01   3.350047E-01   9.963588E-01
   2.791165E-01   6.083344E-01   6.075003E-01   5.975001E-01   3.416713E-01   3.350049E-01   9.962979E-01
   2.867614E-01   6.083344E-01   6.075003E-01   5.975001E-01   3.416714E-01   3.350051E-01   9.962315E-01
   2.944063E-01   6.083344E-01   6.075003E-01   5.975001E-01   3.416716E-01   3.350052E-01   9.961656E-01
   3.020512E-01   6.083344E-01   6.075003E-01   5.975001E-01   3.416717E-01   3.350054E-01   9.961004E-01
   3.104606E-01   6.083344E-01   6.075003E-01   5.975001E-01   3.416719E-01   3.350056E-01   9.960292E-01
   3.188699E-01   6.083344E-01   6.075003E-01   5.975001E-01   3.416721E-01   3.350058E-01   9.959588E-01
   3.272793E-01   6.083344E-01   6.075003E-01   5.975001E-01   3.416723E-01   3.350059E-01   9.958889E-01
   3.356887E-01   6.083344E-01   6.075003E-01   5.975001E-01   3.416724E-01   3.350061E-01   9.958197E-01
   3.449390E-01   6.083344E-01   6.075002E-01   5.975001E-01   3.416726E-01   3.350063E-01   9.957442E-01
   3.551143E-01   6.083344E-01   6.075002E-01   5.975001E-01   3.416729E-01   3.350066E-01   9.956620E-01
   3.663072E-01   6.083344E-01   6.075002E-01   5.975002E-01   3.416731E-01   3.350068E-01   9.955725E-01
   3.775001E-01   6.083344E-01   6.075002E-01   5.975002E-01   3.416734E-01   3.350071E-01   9.954839E-01
   3.886930E-01   6.083344E-01   6.075002E-01   5.975002E-01   3.416736E-01   3.350073E-01   9.953963E-01
   3.998859E-01   6.083344E-01   6.075002E-01   5.975002E-01   3.416738E-01   3.350076E-01   9.953095E-01
   4.121980E-01   6.083344E-01   6.075002E-01   5.975002E-01   3.416741E-01   3.350079E-01   9.952150E-01
   4.257414E-01   6.083343E-01   6.075002E-01   5.975002E-01   3.416744E-01   3.350082E-01   9.951122E-01
   4.406391E-01   6.083343E-01   6.075002E-01   5.975002E-01   3.416748E-01   3.350085E-01   9.950004E-01
   4.555368E-01   6.083343E-01   6.075002E-01   5.975002E-01   3.416751E-01   3.350089E-01   9.948900E-01
   4.704346E-01   6.083343E-01   6.075002E-01   5.975002E-01   3.416754E-01   3.350092E-01   9.947807E-01
   4.868221E-01   6.083343E-01   6.075002E-01   5.975002E-01   3.416758E-01   3.350096E-01   9.946619E-01
   5.048483E-01   6.083343E-01   6.075002E-01   5.975003E-01   3.416762E-01   3.350100E-01   9.945328E-01
   5.246772E-01   6.083343E-01   6.075002E-01   5.975003E-01   3.416766E-01   3.350105E-01   9.943926E-01
   5.445060E-01   6.083343E-01   6.075002E-01   5.975003E-01   3.416770E-01   3.350110E-01   9.942542E-01
   5.663178E-01   6.083342E-01   6.075002E-01   5.975003E-01   3.416775E-01   3.350115E-01   9.941039E-01
   5.903107E-01   6.083342E-01   6.075002E-01   5.975003E-01   3.416781E-01   3.350121E-01   9.939720E-01
   6.143036E-01   6.083342E-01   6.075002E-01   5.975003E-01   3.416786E-01   3.350126E-01   9.939301E-01
   6.382966E-01   6.083342E-01   6.075002E-01   5.975004E-01   3.416791E-01   3.350131E-01   9.938832E-01
   6.622895E-01   6.083342E-01   6.075002E-01   5.975004E-01   3.416796E-01   3.350137E-01   9.938336E-01
   6.886817E-01   6.083342E-01   6.075002E-01   5.975004E-01   3.416802E-01   3.350143E-01   9.937772E-01
   7.150739E-01   6.083341E-01   6.075002E-01   5.975004E-01   3.416808E-01   3.350149E-01   9.937199E-01
   7.441054E-01   6.083341E-01   6.075001E-01   5.975004E-01   3.416815E-01   3.350156E-01   9.936563E-01
   7.760400E-01   6.083341E-01   6.075001E-01   5.975005E-01   3.416822E-01   3.350164E-01   9.935861E-01
   8.079746E-01   6.083341E-01   6.075001E-01   5.975005E-01   3.416829E-01   3.350171E-01   9.935164E-01
   8.431026E-01   6.083341E-01   6.075001E-01   5.975005E-01   3.416837E-01   3.350180E-01   9.934391E-01
   8.817435E-01   6.083340E-01   6.075001E-01   5.975006E-01   3.416846E-01   3.350189E-01   9.933559E-01
   9.242484E-01   6.083340E-01   6.075001E-01   5.975006E-01   3.416856E-01   3.350200E-01   9.932655E-01
   9.710038E-01   6.083340E-01   6.075001E-01   5.975006E-01   3.416867E-01   3.350211E-01   9.931675E-01
   1.022435E+00   6.083339E-01   6.075000E-01   5.975007E-01   3.416879E-01   3.350224E-01   9.930617E-01
   1.079009E+00   6.083339E-01   6.075000E-01   5.975007E-01   3.416892E-01   3.350238E-01   9.929447E-01
   1.141240E+00   6.083338E-01   6.075000E-01   5.975008E-01   3.416907E-01   3.350253E-01   9.928216E-01
   1.203472E+00   6.083338E-01   6.073574E-01   5.975008E-01   3.416920E-01   3.350267E-01   9.927006E-01
   1.265703E+00   6.083338E-01   6.073488E-01   5.975008E-01   3.416933E-01   3.350281E-01   9.925822E-01
   1.327935E+00   6.083337E-01   6.073349E-01   5.975009E-01   3.416946E-01   3.350295E-01   9.924660E-01
   1.396389E+00   6.083337E-01   6.073082E-01   5.975009E-01   3.416962E-01   3.350312E-01   9.923291E-01
   1.471689E+00   6.083336E-01   6.072715E-01   5.975010E-01   3.416980E-01   3.350330E-01   9.921912E-01
   1.546990E+00   6.083336E-01   6.072355E-01   5.975011E-01   3.416996E-01   3.350347E-01   9.920536E-01
   1.629820E+00   6.083335E-01   6.071921E-01   5.975011E-01   3.417015E-01   3.350368E-01   9.919052E-01
   1.720933E+00   6.083335E-01   6.071425E-01   5.975012E-01   3.417037E-01   3.350390E-01   9.917452E-01
   1.812046E+00   6.083334E-01   6.070959E-01   5.975013E-01   3.417056E-01   3.350410E-01   9.915878E-01
   1.912270E+00   6.083334E-01   6.070437E-01   5.975013E-01   3.417079E-01   3.350435E-01   9.914179E-01
   2.012495E+00   6.081397E-01   6.069936E-01   5.975014E-01   3.417101E-01   3.350457E-01   9.912506E-01
   2.112719E+00   6.081067E-01   6.069460E-01   5.975015E-01   3.417122E-01   3.350480E-01   9.910858E-01
   2.212944E+00   6.080496E-01   6.069008E-01   5.975016E-01   3.417143E-01   3.350502E-01   9.909233E-01
   2.323190E+00   6.079678E-01   6.068510E-01   5.975017E-01   3.417169E-01   3.350529E-01   9.907470E-01
   2.444462E+00   6.078706E-01   6.067972E-01   5.975017E-01   3.417197E-01   3.350559E-01   9.905558E-01
   2.577861E+00   6.077744E-01   6.067417E-01   5.975018E-01   3.417228E-01   3.350592E-01   9.903484E-01
   2.711259E+00   6.076878E-01   6.066921E-01   5.975019E-01   3.417257E-01   3.350622E-01   9.901438E-01
   2.857998E+00   6.076006E-01   6.066398E-01   5.975021E-01   3.417291E-01   3.350658E-01   9.899218E-01
   3.004736E+00   6.075200E-01   6.065926E-01   5.975022E-01   3.417322E-01   3.350690E-01   9.897025E-01
   3.166149E+00   6.074375E-01   6.065417E-01   5.975023E-01   3.417360E-01   3.350730E-01   9.894644E-01
   3.343703E+00   6.073528E-01   6.064868E-01   5.975024E-01   3.417401E-01   3.350774E-01   9.892058E-01
   3.521256E+00   6.072733E-01   6.064370E-01   5.975025E-01   3.417439E-01   3.350813E-01   9.889502E-01
   3.716565E+00   6.071908E-01   6.063823E-01   5.975027E-01   3.417484E-01   3.350862E-01   9.886723E-01
   3.931405E+00   6.071054E-01   6.063228E-01   5.975028E-01   3.417534E-01   3.350914E-01   9.883703E-01
   4.167729E+00   6.070166E-01   6.062581E-01   5.975030E-01   3.417590E-01   3.350973E-01   9.880422E-01
   4.404053E+00   6.069326E-01   6.061988E-01   5.975031E-01   3.417640E-01   3.351025E-01   9.877175E-01
   4.664009E+00   6.068449E-01   6.061336E-01   5.975033E-01   3.417700E-01   3.351089E-01   9.873642E-01
   4.949961E+00   6.067534E-01   6.060621E-01   5.975035E-01   3.417767E-01   3.351160E-01   9.869801E-01
   5.235913E+00   6.066664E-01   6.059963E-01   5.975036E-01   3.417828E-01   3.351223E-01   9.865995E-01
   5.550460E+00   6.065752E-01   6.059235E-01   5.975038E-01   3.417901E-01   3.351301E-01   9.861852E-01
   5.896462E+00   6.064798E-01   6.058435E-01   5.975041E-01   3.417982E-01   3.351386E-01   9.857337E-01
   6.277064E+00   6.063798E-01   6.057563E-01   5.975043E-01   3.418070E-01   3.351480E-01   9.852421E-01
   6.657666E+00   6.062845E-01   6.056756E-01   5.975045E-01   3.418151E-01   3.351565E-01   9.847545E-01
   7.076329E+00   6.061839E-01   6.055860E-01   5.975047E-01   3.418249E-01   3.351668E-01   9.842230E-01
   7.494991E+00   6.060879E-01   6.055022E-01   5.975050E-01   3.418337E-01   3.351761E-01   9.836954E-01
   7.955519E+00   6.059869E-01   6.054090E-01   5.975052E-01   3.418445E-01   3.351874E-01   9.831193E-01
   8.462101E+00   6.058807E-01   6.053065E-01   5.975055E-01   3.418563E-01   3.351999E-01   9.824903E-01
   9.019340E+00   6.057691E-01   6.051946E-01   5.975058E-01   3.418692E-01   3.352136E-01   9.818026E-01
   9.576580E+00   6.056625E-01   6.050899E-01   5.975061E-01   3.418810E-01   3.352260E-01   9.815439E-01
   1.018954E+01   6.055505E-01   6.049750E-01   5.975064E-01   3.418953E-01   3.352411E-01   9.812345E-01
   1.086380E+01   6.054329E-01   6.048499E-01   5.975067E-01   3.419110E-01   3.352577E-01   9.808848E-01
   1.153806E+01   6.053207E-01   6.047324E-01   5.975070E-01   3.419253E-01   3.352727E-01   9.805306E-01
   1.227975E+01   6.052028E-01   6.046038E-01   5.975074E-01   3.419425E-01   3.352910E-01   9.801456E-01
   1.309560E+01   6.050790E-01   6.044645E-01   5.975077E-01   3.419615E-01   3.353110E-01   9.797251E-01
   1.399304E+01   6.049488E-01   6.043142E-01   5.975081E-01   3.419824E-01   3.353331E-01   9.792597E-01
   1.498023E+01   6.048132E-01   6.041525E-01   5.975085E-01   3.420054E-01   3.353574E-01   9.787571E-01
   1.606613E+01   6.046740E-01   6.039824E-01   5.975089E-01   3.420306E-01   3.353841E-01   9.781694E-01
   1.726062E+01   6.045313E-01   6.038041E-01   5.975093E-01   3.420584E-01   3.354135E-01   9.775570E-01
   1.845511E+01   6.043981E-01   6.036380E-01   5.975098E-01   3.420836E-01   3.354401E-01   9.769519E-01
   1.964960E+01   6.042735E-01   6.034813E-01   5.975103E-01   3.421089E-01   3.354666E-01   9.763537E-01
   2.096355E+01   6.041451E-01   6.033150E-01   5.975106E-01   3.421394E-01   3.354990E-01   9.757003E-01
   2.240888E+01   6.040130E-01   6.031396E-01   5.975111E-01   3.421729E-01   3.355345E-01   9.749855E-01
   2.399875E+01   6.038770E-01   6.029560E-01   5.975115E-01   3.422098E-01   3.355736E-01   9.742052E-01
   2.558862E+01   6.037493E-01   6.027816E-01   5.975120E-01   3.422434E-01   3.356090E-01   9.734296E-01
   2.733748E+01   6.036176E-01   6.026066E-01   5.975124E-01   3.422839E-01   3.356520E-01   9.725795E-01
   2.908633E+01   6.034945E-01   6.024494E-01   5.975129E-01   3.423208E-01   3.356909E-01   9.717326E-01
   3.101007E+01   6.033684E-01   6.022942E-01   5.975133E-01   3.423654E-01   3.357382E-01   9.708036E-01
   3.312619E+01   6.032396E-01   6.021414E-01   5.975137E-01   3.424144E-01   3.357902E-01   9.697840E-01
   3.524231E+01   6.031200E-01   6.020036E-01   5.975144E-01   3.424589E-01   3.358372E-01   9.687657E-01
   3.757003E+01   6.029981E-01   6.018672E-01   5.975148E-01   3.425128E-01   3.358943E-01   9.676467E-01
   4.013053E+01   6.028741E-01   6.017322E-01   5.975153E-01   3.425720E-01   3.359572E-01   9.664165E-01
   4.294708E+01   6.027482E-01   6.015988E-01   5.975158E-01   3.426370E-01   3.360262E-01   9.650636E-01
   4.604529E+01   6.026189E-01   6.014709E-01   5.975162E-01   3.427085E-01   3.361021E-01   9.634206E-01
   4.945332E+01   6.024901E-01   6.013729E-01   5.975167E-01   3.427869E-01   3.361855E-01   9.626383E-01
   5.286134E+01   6.023725E-01   6.012860E-01   5.975176E-01   3.428582E-01   3.362608E-01   9.618355E-01
   5.661017E+01   6.022696E-01   6.011981E-01   5.975180E-01   3.429442E-01   3.363522E-01   9.609304E-01
   6.073388E+01   6.021806E-01   6.011071E-01   5.975183E-01   3.430385E-01   3.364526E-01   9.599444E-01
   6.526996E+01   6.020881E-01   6.010129E-01   5.975187E-01   3.431420E-01   3.365627E-01   9.588362E-01
   6.980605E+01   6.019985E-01   6.009230E-01   5.975196E-01   3.432357E-01   3.366618E-01   9.576565E-01
   7.479574E+01   6.019019E-01   6.008280E-01   5.975197E-01   3.433486E-01   3.367820E-01   9.564120E-01
   7.978543E+01   6.018068E-01   6.007362E-01   5.975206E-01   3.434505E-01   3.368900E-01   9.551693E-01
   8.527409E+01   6.017041E-01   6.006387E-01   5.975206E-01   3.435732E-01   3.370206E-01   9.538016E-01
   9.131161E+01   6.015929E-01   6.005345E-01   5.975205E-01   3.437071E-01   3.371633E-01   9.522911E-01
   9.795289E+01   6.014732E-01   6.004237E-01   5.975202E-01   3.438529E-01   3.373187E-01   9.506014E-01
   1.052583E+02   6.013448E-01   6.003060E-01   5.975196E-01   3.440115E-01   3.374883E-01   9.487381E-01
   1.132942E+02   6.012028E-01   6.001758E-01   5.975185E-01   3.441830E-01   3.376719E-01   9.466706E-01
   1.221338E+02   6.010538E-01   6.000409E-01   5.975173E-01   3.443671E-01   3.378682E-01   9.443730E-01
   1.318573E+02   6.008964E-01   5.998993E-01   5.975157E-01   3.445633E-01   3.380763E-01   9.418272E-01
   1.418573E+02   6.007405E-01   5.997596E-01   5.975153E-01   3.447431E-01   3.382651E-01   9.388413E-01
   1.518573E+02   6.005898E-01   5.996250E-01   5.975152E-01   3.449086E-01   3.384370E-01   9.374800E-01
   1.618573E+02   6.004443E-01   5.994954E-01   5.975151E-01   3.450658E-01   3.385990E-01   9.360566E-01
   1.718573E+02   6.003034E-01   5.993702E-01   5.975148E-01   3.452145E-01   3.387511E-01   9.346412E-01
   1.818573E+02   6.001667E-01   5.992488E-01   5.975143E-01   3.453549E-01   3.388938E-01   9.332121E-01
   1.918573E+02   6.000348E-01   5.991316E-01   5.975138E-01   3.454871E-01   3.390274E-01   9.316089E-01
   1.968573E+02   5.999711E-01   5.990755E-01   5.975267E-01   3.454377E-01   3.389651E-01   9.308567E-01
   2.023573E+02   5.999025E-01   5.990152E-01   5.975253E-01   3.455161E-01   3.390453E-01   9.300273E-01
   2.084073E+02   5.998285E-01   5.989499E-01   5.975235E-01   3.455999E-01   3.391310E-01   9.291148E-01
   2.150623E+02   5.997486E-01   5.988793E-01   5.975216E-01   3.456897E-01   3.392228E-01   9.281008E-01
   2.217173E+02   5.996703E-01   5.988099E-01   5.975211E-01   3.457634E-01   3.392968E-01   9.270860E-01
   2.290378E+02   5.995858E-01   5.987349E-01   5.975187E-01   3.458565E-01   3.393919E-01   9.259656E-01
   2.370903E+02   5.994944E-01   5.986536E-01   5.975159E-01   3.459555E-01   3.394930E-01   9.247227E-01
   2.459481E+02   5.993332E-01   5.985532E-01   5.975125E-01   3.460600E-01   3.396000E-01   9.233489E-01
   2.556917E+02   5.992037E-01   5.984519E-01   5.975087E-01   3.461698E-01   3.397128E-01   9.218241E-01
   2.654353E+02   5.990823E-01   5.983536E-01   5.975074E-01   3.462545E-01   3.397988E-01   9.202529E-01
   2.754353E+02   5.989584E-01   5.982545E-01   5.975052E-01   3.463421E-01   3.398888E-01   9.186466E-01
   2.854353E+02   5.988355E-01   5.981572E-01   5.975037E-01   3.464192E-01   3.399679E-01   9.170317E-01
   2.954353E+02   5.987137E-01   5.980614E-01   5.975020E-01   3.464917E-01   3.400428E-01   9.154072E-01
   3.054353E+02   5.985932E-01   5.979673E-01   5.975004E-01   3.465600E-01   3.401135E-01   9.137649E-01
   3.154353E+02   5.984399E-01   5.977670E-01   5.944514E-01   3.466245E-01   3.401806E-01   9.121190E-01
   3.254353E+02   5.983060E-01   5.976467E-01   5.958923E-01   3.466854E-01   3.402441E-01   9.104665E-01
   3.354353E+02   5.981792E-01   5.975466E-01   5.963853E-01   3.467433E-01   3.403040E-01   9.087450E-01
   3.454353E+02   5.980552E-01   5.974492E-01   5.964098E-01   3.467982E-01   3.403608E-01   9.077146E-01
   3.554353E+02   5.979320E-01   5.973494E-01   5.962659E-01   3.468503E-01   3.404146E-01   9.067055E-01
   3.654353E+02   5.978094E-01   5.972469E-01   5.960717E-01   3.468999E-01   3.404657E-01   9.056774E-01
   3.754353E+02   5.976889E-01   5.971424E-01   5.958639E-01   3.469472E-01   3.405143E-01   9.046740E-01
   3.854353E+02   5.975716E-01   5.970368E-01   5.956537E-01   3.469922E-01   3.405606E-01   9.036769E-01
   3.954353E+02   5.974574E-01   5.969306E-01   5.954447E-01   3.470352E-01   3.406048E-01   9.026801E-01
   4.054353E+02   5.973425E-01   5.968201E-01   5.952343E-01   3.470761E-01   3.406470E-01   9.016746E-01
   4.154353E+02   5.972310E-01   5.967107E-01   5.950280E-01   3.471152E-01   3.406872E-01   9.006665E-01
   4.254353E+02   5.971221E-01   5.966024E-01   5.948250E-01   3.471525E-01   3.407257E-01   8.994563E-01
   4.354353E+02   5.970157E-01   5.964953E-01   5.946253E-01   3.471882E-01   3.407624E-01   8.983606E-01
   4.454353E+02   5.969117E-01   5.963897E-01   5.944287E-01   3.472223E-01   3.407976E-01   8.972843E-01
   4.554353E+02   5.968096E-01   5.962855E-01   5.942350E-01   3.472549E-01   3.408312E-01   8.962147E-01
   4.654353E+02   5.967095E-01   5.961828E-01   5.940444E-01   3.472861E-01   3.408634E-01   8.951479E-01
   4.754353E+02   5.966111E-01   5.960815E-01   5.938565E-01   3.473159E-01   3.408942E-01   8.940616E-01
   4.854353E+02   5.965139E-01   5.959813E-01   5.936709E-01   3.473444E-01   3.409237E-01   8.929802E-01
   4.954353E+02   5.964182E-01   5.958825E-01   5.934882E-01   3.473718E-01   3.409519E-01   8.918969E-01
   5.054353E+02   5.963230E-01   5.957840E-01   5.933056E-01   3.473979E-01   3.409789E-01   8.908106E-01
   5.154353E+02   5.962292E-01   5.956870E-01   5.931264E-01   3.474229E-01   3.410047E-01   8.897155E-01
   5.254353E+02   5.961335E-01   5.955876E-01   5.929347E-01   3.474468E-01   3.410294E-01   8.886178E-01
   5.354353E+02   5.960402E-01   5.954908E-01   5.927516E-01   3.474698E-01   3.410531E-01   8.875161E-01
   5.454353E+02   5.959479E-01   5.953949E-01   5.925718E-01   3.474917E-01   3.410757E-01   8.864080E-01
   5.554353E+02   5.958563E-01   5.952996E-01   5.923935E-01   3.475127E-01   3.410974E-01   8.852934E-01
   5.654353E+02   5.957651E-01   5.952048E-01   5.922158E-01   3.475328E-01   3.411181E-01   8.841349E-01
   5.754353E+02   5.956744E-01   5.951105E-01   5.920387E-01   3.475521E-01   3.411379E-01   8.829940E-01
   5.854353E+02   5.955840E-01   5.950165E-01   5.918620E-01   3.475706E-01   3.411569E-01   8.818503E-01
   5.954353E+02   5.954940E-01   5.949229E-01   5.916856E-01   3.475883E-01   3.411751E-01   8.807053E-01
   6.054353E+02   5.954041E-01   5.948293E-01   5.915090E-01   3.476052E-01   3.411924E-01   8.793021E-01
   6.154353E+02   5.953148E-01   5.947363E-01   5.913614E-01   3.476214E-01   3.412090E-01   8.786330E-01
   6.254353E+02   5.952262E-01   5.946446E-01   5.912220E-01   3.476369E-01   3.412249E-01   8.779589E-01
   6.354353E+02   5.951381E-01   5.945538E-01   5.910798E-01   3.476518E-01   3.412400E-01   8.772846E-01
   6.454353E+02   5.950504E-01   5.944637E-01   5.909348E-01   3.476660E-01   3.412546E-01   8.766076E-01
   6.554353E+02   5.949632E-01   5.943741E-01   5.907871E-01   3.476796E-01   3.412684E-01   8.759205E-01
   6.654353E+02   5.947962E-01   5.941485E-01   5.906005E-01   3.476927E-01   3.412817E-01   8.752478E-01
   6.754353E+02   5.946812E-01   5.940321E-01   5.904681E-01   3.477052E-01   3.412944E-01   8.745805E-01
   6.854353E+02   5.945823E-01   5.939373E-01   5.903627E-01   3.477171E-01   3.413065E-01   8.739154E-01
   6.954353E+02   5.944888E-01   5.938463E-01   5.902712E-01   3.477286E-01   3.413181E-01   8.732507E-01
   7.054353E+02   5.943956E-01   5.937536E-01   5.901873E-01   3.477395E-01   3.413292E-01   8.725831E-01
   7.154353E+02   5.943015E-01   5.936585E-01   5.901082E-01   3.477499E-01   3.413397E-01   8.719127E-01
   7.254353E+02   5.942060E-01   5.935612E-01   5.900324E-01   3.477599E-01   3.413498E-01   8.712357E-01
   7.354353E+02   5.941091E-01   5.934622E-01   5.899590E-01   3.477695E-01   3.413593E-01   8.705562E-01
   7.454353E+02   5.940111E-01   5.933618E-01   5.898874E-01   3.477786E-01   3.413685E-01   8.697841E-01
   7.554353E+02   5.939121E-01   5.932606E-01   5.898171E-01   3.477873E-01   3.413772E-01   8.690774E-01
   7.654353E+02   5.938125E-01   5.931587E-01   5.897480E-01   3.477956E-01   3.413855E-01   8.683955E-01
   7.754353E+02   5.937119E-01   5.930560E-01   5.896789E-01   3.478036E-01   3.413934E-01   8.677249E-01
   7.854353E+02   5.936115E-01   5.929536E-01   5.896111E-01   3.478112E-01   3.414009E-01   8.670631E-01
   7.954353E+02   5.935111E-01   5.928513E-01   5.895441E-01   3.478184E-01   3.414080E-01   8.664055E-01
   8.054353E+02   5.934109E-01   5.927494E-01   5.894777E-01   3.478253E-01   3.414148E-01   8.657524E-01
   8.154353E+02   5.933109E-01   5.926478E-01   5.894118E-01   3.478318E-01   3.414212E-01   8.651008E-01
   8.254353E+02   5.932112E-01   5.925467E-01   5.893463E-01   3.478381E-01   3.414273E-01   8.644402E-01
   8.354353E+02   5.931117E-01   5.924460E-01   5.892812E-01   3.478440E-01   3.414331E-01   8.637812E-01
   8.454353E+02   5.930131E-01   5.923460E-01   5.892165E-01   3.478497E-01   3.414386E-01   8.631243E-01
   8.554353E+02   5.929163E-01   5.922468E-01   5.891524E-01   3.478550E-01   3.414437E-01   8.624678E-01
   8.654353E+02   5.928204E-01   5.921485E-01   5.890888E-01   3.478601E-01   3.414486E-01   8.618102E-01
   8.754353E+02   5.927255E-01   5.920510E-01   5.890257E-01   3.478649E-01   3.414532E-01   8.611531E-01
   8.854353E+02   5.926312E-01   5.919543E-01   5.889630E-01   3.478695E-01   3.414575E-01   8.604953E-01
   8.954353E+02   5.925375E-01   5.918583E-01   5.889007E-01   3.478738E-01   3.414616E-01   8.598350E-01
   9.054353E+02   5.924443E-01   5.917630E-01   5.888387E-01   3.478779E-01   3.414654E-01   8.591699E-01
   9.154353E+02   5.923516E-01   5.916685E-01   5.887772E-01   3.478818E-01   3.414690E-01   8.585061E-01
   9.254353E+02   5.922594E-01   5.915746E-01   5.887160E-01   3.478854E-01   3.414724E-01   8.578410E-01
   9.354353E+02   5.921678E-01   5.914815E-01   5.886552E-01   3.478889E-01   3.414756E-01   8.571744E-01
   9.454353E+02   5.920750E-01   5.913872E-01   5.885920E-01   3.478921E-01   3.414786E-01   8.565056E-01
   9.554353E+02   5.919836E-01   5.912946E-01   5.885305E-01   3.478952E-01   3.414813E-01   8.558352E-01
   9.654353E+02   5.918927E-01   5.912026E-01   5.884697E-01   3.478980E-01   3.414838E-01   8.551612E-01
   9.754353E+02   5.918022E-01   5.911111E-01   5.884091E-01   3.479007E-01   3.414862E-01   8.544669E-01
   9.854353E+02   5.917119E-01   5.910199E-01   5.883478E-01   3.479031E-01   3.414883E-01   8.537613E-01
   9.954353E+02   5.916219E-01   5.909291E-01   5.882856E-01   3.479054E-01   3.414902E-01   8.530664E-01
   1.005435E+03   5.915330E-01   5.908394E-01   5.882237E-01   3.479075E-01   3.414920E-01   8.523724E-01
   1.015435E+03   5.914456E-01   5.907515E-01   5.881626E-01   3.479094E-01   3.414935E-01   8.516779E-01
   1.025435E+03   5.913491E-01   5.906470E-01   5.879880E-01   3.479112E-01   3.414949E-01   8.509816E-01
   1.035435E+03   5.912600E-01   5.905552E-01   5.878997E-01   3.479128E-01   3.414962E-01   8.502840E-01
   1.045435E+03   5.911718E-01   5.904652E-01   5.878305E-01   3.479143E-01   3.414972E-01   8.495858E-01
   1.055435E+03   5.910838E-01   5.903752E-01   5.877609E-01   3.479156E-01   3.414981E-01   8.488871E-01
   1.065435E+03   5.909953E-01   5.902846E-01   5.876857E-01   3.479168E-01   3.414989E-01   8.481873E-01
   1.075435E+03   5.909067E-01   5.901937E-01   5.876055E-01   3.479178E-01   3.414995E-01   8.474866E-01
   1.085435E+03   5.908178E-01   5.901023E-01   5.875210E-01   3.479187E-01   3.415000E-01   8.467842E-01
   1.095435E+03   5.907286E-01   5.900102E-01   5.874331E-01   3.479195E-01   3.415003E-01   8.460705E-01
   1.105435E+03   5.906388E-01   5.899174E-01   5.873425E-01   3.479201E-01   3.415005E-01   8.453612E-01
   1.115435E+03   5.905486E-01   5.898240E-01   5.872501E-01   3.479207E-01   3.415005E-01   8.446522E-01
   1.125435E+03   5.904582E-01   5.897301E-01   5.871566E-01   3.479210E-01   3.415004E-01   8.439430E-01
   1.135435E+03   5.903676E-01   5.896358E-01   5.870623E-01   3.479213E-01   3.415002E-01   8.432341E-01
   1.145435E+03   5.902810E-01   5.895415E-01   5.869677E-01   3.479214E-01   3.414998E-01   8.425224E-01
   1.155435E+03   5.902014E-01   5.894512E-01   5.868734E-01   3.479214E-01   3.414993E-01   8.418111E-01
   1.165435E+03   5.901224E-01   5.893702E-01   5.867799E-01   3.479213E-01   3.414987E-01   8.410998E-01
   1.175435E+03   5.900440E-01   5.892896E-01   5.866871E-01   3.479211E-01   3.414979E-01   8.403863E-01
   1.185435E+03   5.899658E-01   5.892093E-01   5.865949E-01   3.479208E-01   3.414971E-01   8.396725E-01
   1.195435E+03   5.898878E-01   5.891292E-01   5.865034E-01   3.479203E-01   3.414961E-01   8.389570E-01
   1.205435E+03   5.898095E-01   5.890489E-01   5.864125E-01   3.479198E-01   3.414951E-01   8.382367E-01
   1.215435E+03   5.897312E-01   5.889683E-01   5.863223E-01   3.479192E-01   3.414939E-01   8.375184E-01
   1.225435E+03   5.896528E-01   5.888878E-01   5.862328E-01   3.479185E-01   3.414927E-01   8.367886E-01
   1.235435E+03   5.895747E-01   5.888077E-01   5.861442E-01   3.479178E-01   3.414914E-01   8.360658E-01
   1.245435E+03   5.894970E-01   5.887282E-01   5.860566E-01   3.479169E-01   3.414900E-01   8.353443E-01
   1.255435E+03   5.894196E-01   5.886493E-01   5.859700E-01   3.479160E-01   3.414885E-01   8.346230E-01
   1.265435E+03   5.893427E-01   5.885712E-01   5.858845E-01   3.479150E-01   3.414870E-01   8.339027E-01
   1.275435E+03   5.892664E-01   5.884938E-01   5.858011E-01   3.479140E-01   3.414854E-01   8.331813E-01
   1.285435E+03   5.891906E-01   5.884173E-01   5.857194E-01   3.479128E-01   3.414838E-01   8.324613E-01
   1.295435E+03   5.891153E-01   5.883415E-01   5.856391E-01   3.479116E-01   3.414820E-01   8.317376E-01
   1.305435E+03   5.890407E-01   5.882665E-01   5.855609E-01   3.479104E-01   3.414802E-01   8.310162E-01
   1.315435E+03   5.889667E-01   5.881924E-01   5.854852E-01   3.479091E-01   3.414783E-01   8.302948E-01
   1.325435E+03   5.888933E-01   5.881192E-01   5.854118E-01   3.479077E-01   3.414764E-01   8.295746E-01
   1.335435E+03   5.888206E-01   5.880468E-01   5.853407E-01   3.479063E-01   3.414745E-01   8.288541E-01
   1.345435E+03   5.887477E-01   5.879745E-01   5.852702E-01   3.479049E-01   3.414725E-01   8.281327E-01
   1.355435E+03   5.886759E-01   5.879034E-01   5.852023E-01   3.479034E-01   3.414705E-01   8.274132E-01
   1.365435E+03   5.886044E-01   5.878329E-01   5.851358E-01   3.479019E-01   3.414684E-01   8.266930E-01
   1.375435E+03   5.885336E-01   5.877631E-01   5.850709E-01   3.479003E-01   3.414663E-01   8.259682E-01
   1.385435E+03   5.884632E-01   5.876939E-01   5.850072E-01   3.478986E-01   3.414641E-01   8.252458E-01
   1.395435E+03   5.883932E-01   5.876253E-01   5.849445E-01   3.478970E-01   3.414619E-01   8.245252E-01
   1.405435E+03   5.883237E-01   5.875573E-01   5.848828E-01   3.478953E-01   3.414597E-01   8.238061E-01
   1.415435E+03   5.882547E-01   5.874897E-01   5.848218E-01   3.478935E-01   3.414574E-01   8.230864E-01
   1.425435E+03   5.881859E-01   5.874226E-01   5.847615E-01   3.478917E-01   3.414551E-01   8.223682E-01
   1.435435E+03   5.881175E-01   5.873560E-01   5.847019E-01   3.478899E-01   3.414527E-01   8.216503E-01
   1.445435E+03   5.880496E-01   5.872898E-01   5.846428E-01   3.478880E-01   3.414503E-01   8.209339E-01
   1.455435E+03   5.879819E-01   5.872240E-01   5.845843E-01   3.478861E-01   3.414479E-01   8.202173E-01
   1.465435E+03   5.879146E-01   5.871586E-01   5.845262E-01   3.478842E-01   3.414454E-01   8.195057E-01
   1.475435E+03   5.878476E-01   5.870936E-01   5.844685E-01   3.478822E-01   3.414429E-01   8.191027E-01
   1.485435E+03   5.877809E-01   5.870289E-01   5.844113E-01   3.478802E-01   3.414404E-01   8.187123E-01
   1.495435E+03   5.877145E-01   5.869645E-01   5.843543E-01   3.478782E-01   3.414379E-01   8.183233E-01
   1.505435E+03   5.876483E-01   5.869004E-01   5.842977E-01   3.478761E-01   3.414353E-01   8.179371E-01
   1.515435E+03   5.875825E-01   5.868366E-01   5.842414E-01   3.478740E-01   3.414327E-01   8.175521E-01
   1.525435E+03   5.875169E-01   5.867731E-01   5.841854E-01   3.478719E-01   3.414300E-01   8.171685E-01
   1.535435E+03   5.874515E-01   5.867099E-01   5.841297E-01   3.478697E-01   3.414274E-01   8.167848E-01
   1.545435E+03   5.873865E-01   5.866470E-01   5.840743E-01   3.478675E-01   3.414247E-01   8.164009E-01
   1.555435E+03   5.873217E-01   5.865844E-01   5.840192E-01   3.478653E-01   3.414219E-01   8.160162E-01
   1.565435E+03   5.872572E-01   5.865220E-01   5.839645E-01   3.478630E-01   3.414192E-01   8.156244E-01
   1.575435E+03   5.871929E-01   5.864600E-01   5.839100E-01   3.478607E-01   3.414164E-01   8.152407E-01
   1.585435E+03   5.871289E-01   5.863981E-01   5.838558E-01   3.478584E-01   3.414136E-01   8.148589E-01
   1.595435E+03   5.870651E-01   5.863366E-01   5.838018E-01   3.478561E-01   3.414107E-01   8.144783E-01
   1.605435E+03   5.870015E-01   5.862752E-01   5.837482E-01   3.478537E-01   3.414078E-01   8.140985E-01
   1.615435E+03   5.869382E-01   5.862141E-01   5.836947E-01   3.478513E-01   3.414049E-01   8.137187E-01
   1.625435E+03   5.868751E-01   5.861533E-01   5.836415E-01   3.478489E-01   3.414020E-01   8.133385E-01
   1.635435E+03   5.868122E-01   5.860926E-01   5.835884E-01   3.478465E-01   3.413990E-01   8.129578E-01
   1.645435E+03   5.867495E-01   5.860321E-01   5.835355E-01   3.478441E-01   3.413961E-01   8.125759E-01
   1.655435E+03   5.866869E-01   5.859718E-01   5.834828E-01   3.478416E-01   3.413931E-01   8.121930E-01
   1.665435E+03   5.866223E-01   5.859086E-01   5.834152E-01   3.478391E-01   3.413902E-01   8.118088E-01
   1.675435E+03   5.865592E-01   5.858474E-01   5.833569E-01   3.478366E-01   3.413872E-01   8.114233E-01
   1.685435E+03   5.864964E-01   5.857865E-01   5.833002E-01   3.478341E-01   3.413841E-01   8.110360E-01
   1.695435E+03   5.864336E-01   5.857255E-01   5.832434E-01   3.478316E-01   3.413811E-01   8.106465E-01
   1.705435E+03   5.863708E-01   5.856646E-01   5.831865E-01   3.478291E-01   3.413781E-01   8.102555E-01
   1.715435E+03   5.863081E-01   5.856037E-01   5.831292E-01   3.478266E-01   3.413751E-01   8.098593E-01
   1.725435E+03   5.862453E-01   5.855427E-01   5.830716E-01   3.478240E-01   3.413720E-01   8.094626E-01
   1.735435E+03   5.861826E-01   5.854817E-01   5.830136E-01   3.478215E-01   3.413689E-01   8.090386E-01
   1.745435E+03   5.861194E-01   5.854202E-01   5.829544E-01   3.478189E-01   3.413659E-01   8.085803E-01
   1.755435E+03   5.860565E-01   5.853589E-01   5.828955E-01   3.478164E-01   3.413628E-01   8.081718E-01
   1.765435E+03   5.859936E-01   5.852976E-01   5.828364E-01   3.478138E-01   3.413597E-01   8.077712E-01
   1.775435E+03   5.859307E-01   5.852363E-01   5.827771E-01   3.478112E-01   3.413566E-01   8.073757E-01
   1.785435E+03   5.858678E-01   5.851749E-01   5.827176E-01   3.478086E-01   3.413534E-01   8.069841E-01
   1.795435E+03   5.858049E-01   5.851135E-01   5.826580E-01   3.478060E-01   3.413503E-01   8.065950E-01
   1.805435E+03   5.857419E-01   5.850520E-01   5.825982E-01   3.478033E-01   3.413471E-01   8.062083E-01
   1.815435E+03   5.856789E-01   5.849904E-01   5.825384E-01   3.478007E-01   3.413439E-01   8.058238E-01
   1.825435E+03   5.856158E-01   5.849288E-01   5.824785E-01   3.477980E-01   3.413407E-01   8.054399E-01
   1.835435E+03   5.855527E-01   5.848671E-01   5.824187E-01   3.477953E-01   3.413374E-01   8.050579E-01
   1.845435E+03   5.854897E-01   5.848055E-01   5.823590E-01   3.477926E-01   3.413342E-01   8.046765E-01
   1.855435E+03   5.854267E-01   5.847439E-01   5.822993E-01   3.477899E-01   3.413309E-01   8.042942E-01
   1.865435E+03   5.853637E-01   5.846823E-01   5.822397E-01   3.477872E-01   3.413276E-01   8.039133E-01
   1.875435E+03   5.853008E-01   5.846208E-01   5.821802E-01   3.477844E-01   3.413243E-01   8.035333E-01
   1.885435E+03   5.852378E-01   5.845592E-01   5.821207E-01   3.477817E-01   3.413210E-01   8.031528E-01
   1.895435E+03   5.851749E-01   5.844976E-01   5.820615E-01   3.477789E-01   3.413176E-01   8.027730E-01
   1.905435E+03   5.851121E-01   5.844361E-01   5.820023E-01   3.477761E-01   3.413143E-01   8.023928E-01
   1.915435E+03   5.850493E-01   5.843747E-01   5.819432E-01   3.477733E-01   3.413109E-01   8.020009E-01
   1.925435E+03   5.849865E-01   5.843133E-01   5.818842E-01   3.477705E-01   3.413075E-01   8.016163E-01
   1.935435E+03   5.849238E-01   5.842519E-01   5.818255E-01   3.477677E-01   3.413042E-01   8.012313E-01
   1.945435E+03   5.848612E-01   5.841906E-01   5.817669E-01   3.477648E-01   3.413008E-01   8.008461E-01
   1.955435E+03   5.847987E-01   5.841295E-01   5.817086E-01   3.477620E-01   3.412974E-01   8.004608E-01
   1.965435E+03   5.847363E-01   5.840684E-01   5.816507E-01   3.477592E-01   3.412940E-01   8.000751E-01
   1.975435E+03   5.846740E-01   5.840075E-01   5.815931E-01   3.477563E-01   3.412906E-01   7.996890E-01
   1.985435E+03   5.846118E-01   5.839467E-01   5.815360E-01   3.477534E-01   3.412872E-01   7.993025E-01
   1.995435E+03   5.845368E-01   5.838640E-01   5.813447E-01   3.477506E-01   3.412838E-01   7.989146E-01
   2.005435E+03   5.844705E-01   5.837972E-01   5.812751E-01   3.477477E-01   3.412804E-01   7.985271E-01
   2.015435E+03   5.844056E-01   5.837327E-01   5.812165E-01   3.477448E-01   3.412770E-01   7.981387E-01
   2.025435E+03   5.843406E-01   5.836679E-01   5.811561E-01   3.477419E-01   3.412736E-01   7.977497E-01
   2.035435E+03   5.842752E-01   5.836025E-01   5.810915E-01   3.477390E-01   3.412702E-01   7.973599E-01
   2.045435E+03   5.842095E-01   5.835365E-01   5.810232E-01   3.477361E-01   3.412668E-01   7.969688E-01
   2.055435E+03   5.841435E-01   5.834700E-01   5.809520E-01   3.477332E-01   3.412634E-01   7.965774E-01
   2.065435E+03   5.840771E-01   5.834030E-01   5.808783E-01   3.477304E-01   3.412600E-01   7.961852E-01
   2.075435E+03   5.840104E-01   5.833355E-01   5.808029E-01   3.477275E-01   3.412566E-01   7.957886E-01
   2.085435E+03   5.839433E-01   5.832675E-01   5.807259E-01   3.477246E-01   3.412533E-01   7.953936E-01
   2.095435E+03   5.838760E-01   5.831991E-01   5.806480E-01   3.477217E-01   3.412499E-01   7.949982E-01
   2.105435E+03   5.838084E-01   5.831303E-01   5.805694E-01   3.477188E-01   3.412465E-01   7.946018E-01
   2.115435E+03   5.837406E-01   5.830612E-01   5.804904E-01   3.477159E-01   3.412431E-01   7.942045E-01
   2.125435E+03   5.836726E-01   5.829918E-01   5.804112E-01   3.477130E-01   3.412397E-01   7.938057E-01
   2.135435E+03   5.836029E-01   5.829214E-01   5.803319E-01   3.477101E-01   3.412363E-01   7.934068E-01
   2.145435E+03   5.835332E-01   5.828507E-01   5.802526E-01   3.477072E-01   3.412330E-01   7.930065E-01
   2.155435E+03   5.834633E-01   5.827785E-01   5.801722E-01   3.477043E-01   3.412296E-01   7.926049E-01
   2.165435E+03   5.833933E-01   5.827064E-01   5.800920E-01   3.477014E-01   3.412263E-01   7.922030E-01
   2.175435E+03   5.833231E-01   5.826340E-01   5.800115E-01   3.476985E-01   3.412229E-01   7.917996E-01
   2.185435E+03   5.832531E-01   5.825618E-01   5.799318E-01   3.476957E-01   3.412196E-01   7.913957E-01
   2.195435E+03   5.831832E-01   5.824896E-01   5.798525E-01   3.476928E-01   3.412163E-01   7.909904E-01
   2.205435E+03   5.831133E-01   5.824175E-01   5.797737E-01   3.476899E-01   3.412130E-01   7.905743E-01
   2.215435E+03   5.830435E-01   5.823455E-01   5.796954E-01   3.476871E-01   3.412097E-01   7.901469E-01
   2.225435E+03   5.829738E-01   5.822736E-01   5.796176E-01   3.476842E-01   3.412064E-01   7.897298E-01
   2.235435E+03   5.829042E-01   5.822018E-01   5.795403E-01   3.476814E-01   3.412032E-01   7.893149E-01
   2.245435E+03   5.828347E-01   5.821298E-01   5.794654E-01   3.476786E-01   3.411999E-01   7.888998E-01
   2.255435E+03   5.827653E-01   5.820582E-01   5.793985E-01   3.476758E-01   3.411967E-01   7.884840E-01
   2.265435E+03   5.826962E-01   5.819869E-01   5.793323E-01   3.476730E-01   3.411935E-01   7.880687E-01
   2.275435E+03   5.826272E-01   5.819160E-01   5.792668E-01   3.476702E-01   3.411903E-01   7.876528E-01
   2.285435E+03   5.825571E-01   5.818440E-01   5.791981E-01   3.476674E-01   3.411870E-01   7.872363E-01
   2.295435E+03   5.824881E-01   5.817732E-01   5.791318E-01   3.476646E-01   3.411838E-01   7.868201E-01
   2.305435E+03   5.824194E-01   5.817027E-01   5.790660E-01   3.476618E-01   3.411806E-01   7.864034E-01
   2.315435E+03   5.823507E-01   5.816324E-01   5.790002E-01   3.476590E-01   3.411775E-01   7.859863E-01
   2.325435E+03   5.822822E-01   5.815624E-01   5.789342E-01   3.476562E-01   3.411743E-01   7.855686E-01
   2.335435E+03   5.822138E-01   5.814925E-01   5.788682E-01   3.476534E-01   3.411711E-01   7.851507E-01
   2.345435E+03   5.821455E-01   5.814228E-01   5.788021E-01   3.476506E-01   3.411678E-01   7.847327E-01
   2.355435E+03   5.820773E-01   5.813529E-01   5.787363E-01   3.476478E-01   3.411646E-01   7.843141E-01
   2.365435E+03   5.820093E-01   5.812836E-01   5.786710E-01   3.476450E-01   3.411614E-01   7.838950E-01
   2.375435E+03   5.819415E-01   5.812148E-01   5.786061E-01   3.476422E-01   3.411582E-01   7.834754E-01
   2.385435E+03   5.818738E-01   5.811462E-01   5.785413E-01   3.476394E-01   3.411550E-01   7.830542E-01
   2.395435E+03   5.818063E-01   5.810779E-01   5.784765E-01   3.476366E-01   3.411519E-01   7.826339E-01
   2.405435E+03   5.817389E-01   5.810099E-01   5.784117E-01   3.476339E-01   3.411487E-01   7.822131E-01
   2.415435E+03   5.816717E-01   5.809421E-01   5.783469E-01   3.476311E-01   3.411455E-01   7.817919E-01
   2.425435E+03   5.816047E-01   5.808746E-01   5.782822E-01   3.476283E-01   3.411423E-01   7.813705E-01
   2.435435E+03   5.815378E-01   5.808071E-01   5.782173E-01   3.476255E-01   3.411391E-01   7.809408E-01
   2.445435E+03   5.814710E-01   5.807399E-01   5.781525E-01   3.476227E-01   3.411360E-01   7.805164E-01
   2.455435E+03   5.814044E-01   5.806728E-01   5.780876E-01   3.476199E-01   3.411328E-01   7.800918E-01
   2.465435E+03   5.813379E-01   5.806059E-01   5.780226E-01   3.476171E-01   3.411296E-01   7.796674E-01
   2.475435E+03   5.812715E-01   5.805392E-01   5.779577E-01   3.476143E-01   3.411264E-01   7.792430E-01
   2.485435E+03   5.812053E-01   5.804725E-01   5.778927E-01   3.476114E-01   3.411232E-01   7.788185E-01
   2.495435E+03   5.811391E-01   5.804059E-01   5.778276E-01   3.476087E-01   3.411200E-01   7.783935E-01
   2.505435E+03   5.810731E-01   5.803395E-01   5.777626E-01   3.476059E-01   3.411168E-01   7.779687E-01
   2.515435E+03   5.810071E-01   5.802731E-01   5.776974E-01   3.476031E-01   3.411136E-01   7.775436E-01
   2.525435E+03   5.809413E-01   5.802069E-01   5.776323E-01   3.476003E-01   3.411105E-01   7.771182E-01
   2.535435E+03   5.808755E-01   5.801407E-01   5.775672E-01   3.475975E-01   3.411073E-01   7.766923E-01
   2.545435E+03   5.808099E-01   5.800747E-01   5.775020E-01   3.475947E-01   3.411041E-01   7.762668E-01
   2.555435E+03   5.807443E-01   5.800086E-01   5.774368E-01   3.475919E-01   3.411009E-01   7.758408E-01
   2.565435E+03   5.806789E-01   5.799427E-01   5.773716E-01   3.475891E-01   3.410978E-01   7.754150E-01
   2.575435E+03   5.806136E-01   5.798769E-01   5.773064E-01   3.475863E-01   3.410946E-01   7.749889E-01
   2.585435E+03   5.805483E-01   5.798112E-01   5.772412E-01   3.475835E-01   3.410914E-01   7.745628E-01
   2.595435E+03   5.804832E-01   5.797456E-01   5.771761E-01   3.475807E-01   3.410882E-01   7.741366E-01
   2.605435E+03   5.804181E-01   5.796801E-01   5.771109E-01   3.475779E-01   3.410850E-01   7.737103E-01
   2.615435E+03   5.803532E-01   5.796146E-01   5.770459E-01   3.475751E-01   3.410818E-01   7.732838E-01
   2.625435E+03   5.802885E-01   5.795495E-01   5.769814E-01   3.475723E-01   3.410786E-01   7.728575E-01
   2.635435E+03   5.802237E-01   5.794844E-01   5.769172E-01   3.475695E-01   3.410754E-01   7.724307E-01
   2.645435E+03   5.801593E-01   5.794197E-01   5.768537E-01   3.475667E-01   3.410722E-01   7.720042E-01
   2.655435E+03   5.800952E-01   5.793552E-01   5.767909E-01   3.475639E-01   3.410690E-01   7.715732E-01
   2.665435E+03   5.800313E-01   5.792911E-01   5.767286E-01   3.475611E-01   3.410658E-01   7.711455E-01
   2.675435E+03   5.799676E-01   5.792273E-01   5.766670E-01   3.475582E-01   3.410625E-01   7.707178E-01
   2.685435E+03   5.799041E-01   5.791638E-01   5.766060E-01   3.475554E-01   3.410593E-01   7.702899E-01
   2.695435E+03   5.798409E-01   5.791005E-01   5.765456E-01   3.475526E-01   3.410561E-01   7.698622E-01
   2.705435E+03   5.797780E-01   5.790376E-01   5.764857E-01   3.475498E-01   3.410529E-01   7.694347E-01
   2.715435E+03   5.797153E-01   5.789749E-01   5.764264E-01   3.475470E-01   3.410496E-01   7.690033E-01
   2.725435E+03   5.796528E-01   5.789126E-01   5.763676E-01   3.475441E-01   3.410464E-01   7.685694E-01
   2.735435E+03   5.795906E-01   5.788505E-01   5.763092E-01   3.475413E-01   3.410432E-01   7.681403E-01
   2.745435E+03   5.795286E-01   5.787888E-01   5.762513E-01   3.475385E-01   3.410399E-01   7.677115E-01
   2.755435E+03   5.794668E-01   5.787273E-01   5.761939E-01   3.475357E-01   3.410367E-01   7.672835E-01
   2.765435E+03   5.794054E-01   5.786662E-01   5.761368E-01   3.475329E-01   3.410335E-01   7.668560E-01
   2.775435E+03   5.793441E-01   5.786053E-01   5.760802E-01   3.475300E-01   3.410302E-01   7.664289E-01
   2.785435E+03   5.792831E-01   5.785447E-01   5.760239E-01   3.475272E-01   3.410270E-01   7.660022E-01
   2.795435E+03   5.792223E-01   5.784843E-01   5.759680E-01   3.475244E-01   3.410237E-01   7.655759E-01
   2.805435E+03   5.791618E-01   5.784243E-01   5.759124E-01   3.475216E-01   3.410205E-01   7.651499E-01
   2.815435E+03   5.791015E-01   5.783645E-01   5.758572E-01   3.475188E-01   3.410173E-01   7.647243E-01
   2.825435E+03   5.790414E-01   5.783049E-01   5.758022E-01   3.475160E-01   3.410140E-01   7.642990E-01
   2.835435E+03   5.789815E-01   5.782456E-01   5.757475E-01   3.475132E-01   3.410108E-01   7.638742E-01
   2.845435E+03   5.789218E-01   5.781865E-01   5.756931E-01   3.475104E-01   3.410076E-01   7.634496E-01
   2.855435E+03   5.788624E-01   5.781277E-01   5.756390E-01   3.475076E-01   3.410043E-01   7.630253E-01
   2.865435E+03   5.788031E-01   5.780691E-01   5.755851E-01   3.475048E-01   3.410011E-01   7.625992E-01
   2.875435E+03   5.787440E-01   5.780107E-01   5.755314E-01   3.475020E-01   3.409979E-01   7.621754E-01
   2.885435E+03   5.786852E-01   5.779525E-01   5.754780E-01   3.474993E-01   3.409947E-01   7.617521E-01
   2.895435E+03   5.786265E-01   5.778945E-01   5.754247E-01   3.474965E-01   3.409915E-01   7.613293E-01
   2.905435E+03   5.785671E-01   5.778358E-01   5.753705E-01   3.474937E-01   3.409883E-01   7.609067E-01
   2.915435E+03   5.785086E-01   5.777781E-01   5.753172E-01   3.474910E-01   3.409852E-01   7.604848E-01
   2.925435E+03   5.784503E-01   5.777205E-01   5.752642E-01   3.474882E-01   3.409820E-01   7.600634E-01
   2.935435E+03   5.783921E-01   5.776630E-01   5.752112E-01   3.474855E-01   3.409788E-01   7.597168E-01
   2.945435E+03   5.783340E-01   5.776057E-01   5.751584E-01   3.474828E-01   3.409757E-01   7.594900E-01
   2.955435E+03   5.782759E-01   5.775484E-01   5.751056E-01   3.474800E-01   3.409726E-01   7.592653E-01
   2.965435E+03   5.782181E-01   5.774913E-01   5.750530E-01   3.474773E-01   3.409695E-01   7.590412E-01
   2.975435E+03   5.781603E-01   5.774343E-01   5.750004E-01   3.474747E-01   3.409664E-01   7.588175E-01
   2.985435E+03   5.781026E-01   5.773775E-01   5.749479E-01   3.474720E-01   3.409634E-01   7.585939E-01
   2.995435E+03   5.780451E-01   5.773207E-01   5.748955E-01   3.474693E-01   3.409603E-01   7.583705E-01
   3.005435E+03   5.779877E-01   5.772641E-01   5.748432E-01   3.474666E-01   3.409573E-01   7.581471E-01
   3.015435E+03   5.779303E-01   5.772076E-01   5.747909E-01   3.474640E-01   3.409543E-01   7.579233E-01
   3.025435E+03   5.778731E-01   5.771511E-01   5.747388E-01   3.474614E-01   3.409513E-01   7.576994E-01
   3.035435E+03   5.778159E-01   5.770948E-01   5.746866E-01   3.474587E-01   3.409483E-01   7.574755E-01
   3.045435E+03   5.777589E-01   5.770386E-01   5.746346E-01   3.474561E-01   3.409453E-01   7.572515E-01
   3.055435E+03   5.777020E-01   5.769825E-01   5.745826E-01   3.474534E-01   3.409423E-01   7.570272E-01
   3.065435E+03   5.776451E-01   5.769265E-01   5.745307E-01   3.474508E-01   3.409393E-01   7.568027E-01
   3.075435E+03   5.775884E-01   5.768705E-01   5.744789E-01   3.474482E-01   3.409363E-01   7.565777E-01
   3.085435E+03   5.775256E-01   5.768062E-01   5.744074E-01   3.474456E-01   3.409333E-01   7.563523E-01
   3.095435E+03   5.774679E-01   5.767488E-01   5.743501E-01   3.474430E-01   3.409304E-01   7.561263E-01
   3.105435E+03   5.774104E-01   5.766918E-01   5.742949E-01   3.474404E-01   3.409274E-01   7.559044E-01
   3.115435E+03   5.773528E-01   5.766346E-01   5.742394E-01   3.474378E-01   3.409245E-01   7.556842E-01
   3.125435E+03   5.772950E-01   5.765772E-01   5.741834E-01   3.474353E-01   3.409216E-01   7.554652E-01
   3.135435E+03   5.772370E-01   5.765195E-01   5.741269E-01   3.474327E-01   3.409187E-01   7.552471E-01
   3.145435E+03   5.771789E-01   5.764616E-01   5.740698E-01   3.474301E-01   3.409158E-01   7.550297E-01
   3.155435E+03   5.771206E-01   5.764035E-01   5.740123E-01   3.474276E-01   3.409129E-01   7.548128E-01
   3.165435E+03   5.770623E-01   5.763452E-01   5.739539E-01   3.474250E-01   3.409100E-01   7.545963E-01
   3.175435E+03   5.770039E-01   5.762868E-01   5.738946E-01   3.474224E-01   3.409071E-01   7.543800E-01
   3.185435E+03   5.769455E-01   5.762283E-01   5.738352E-01   3.474199E-01   3.409042E-01   7.541638E-01
   3.195435E+03   5.768869E-01   5.761697E-01   5.737754E-01   3.474173E-01   3.409013E-01   7.539477E-01
   3.205435E+03   5.768283E-01   5.761110E-01   5.737154E-01   3.474148E-01   3.408984E-01   7.537316E-01
   3.215435E+03   5.767696E-01   5.760522E-01   5.736552E-01   3.474123E-01   3.408956E-01   7.535153E-01
   3.225435E+03   5.767109E-01   5.759932E-01   5.735948E-01   3.474097E-01   3.408928E-01   7.532988E-01
   3.235435E+03   5.766521E-01   5.759343E-01   5.735343E-01   3.474072E-01   3.408899E-01   7.530821E-01
   3.245435E+03   5.765933E-01   5.758752E-01   5.734736E-01   3.474047E-01   3.408871E-01   7.528650E-01
   3.255435E+03   5.765344E-01   5.758161E-01   5.734129E-01   3.474022E-01   3.408843E-01   7.526476E-01
   3.265435E+03   5.764754E-01   5.757569E-01   5.733521E-01   3.473997E-01   3.408815E-01   7.524299E-01
   3.275435E+03   5.764165E-01   5.756976E-01   5.732913E-01   3.473972E-01   3.408787E-01   7.522116E-01
   3.285435E+03   5.763574E-01   5.756383E-01   5.732301E-01   3.473947E-01   3.408759E-01   7.519924E-01
   3.295435E+03   5.762984E-01   5.755791E-01   5.731691E-01   3.473922E-01   3.408731E-01   7.517729E-01
   3.305435E+03   5.762399E-01   5.755204E-01   5.731083E-01   3.473897E-01   3.408703E-01   7.515527E-01
   3.315435E+03   5.761816E-01   5.754619E-01   5.730477E-01   3.473872E-01   3.408675E-01   7.513318E-01
   3.325435E+03   5.761236E-01   5.754035E-01   5.729872E-01   3.473847E-01   3.408647E-01   7.511104E-01
   3.335435E+03   5.760662E-01   5.753453E-01   5.729270E-01   3.473822E-01   3.408619E-01   7.508883E-01
   3.345435E+03   5.760090E-01   5.752872E-01   5.728669E-01   3.473797E-01   3.408591E-01   7.506657E-01
   3.355435E+03   5.759521E-01   5.752293E-01   5.728071E-01   3.473772E-01   3.408563E-01   7.504423E-01
   3.365435E+03   5.758953E-01   5.751715E-01   5.727474E-01   3.473747E-01   3.408535E-01   7.502166E-01
   3.375435E+03   5.758387E-01   5.751138E-01   5.726880E-01   3.473722E-01   3.408507E-01   7.499910E-01
   3.385435E+03   5.757821E-01   5.750562E-01   5.726287E-01   3.473697E-01   3.408480E-01   7.497647E-01
   3.395435E+03   5.757257E-01   5.749987E-01   5.725696E-01   3.473672E-01   3.408452E-01   7.495209E-01
   3.405435E+03   5.756693E-01   5.749413E-01   5.725106E-01   3.473647E-01   3.408424E-01   7.493001E-01
   3.415435E+03   5.756131E-01   5.748840E-01   5.724519E-01   3.473622E-01   3.408397E-01   7.490855E-01
   3.425435E+03   5.755569E-01   5.748268E-01   5.723933E-01   3.473597E-01   3.408369E-01   7.488749E-01
   3.435435E+03   5.755007E-01   5.747697E-01   5.723348E-01   3.473573E-01   3.408341E-01   7.486676E-01
   3.445435E+03   5.754447E-01   5.747127E-01   5.722765E-01   3.473548E-01   3.408314E-01   7.484630E-01
   3.455435E+03   5.753886E-01   5.746557E-01   5.722184E-01   3.473523E-01   3.408286E-01   7.482605E-01
   3.465435E+03   5.753327E-01   5.745989E-01   5.721604E-01   3.473498E-01   3.408259E-01   7.480600E-01
   3.475435E+03   5.752768E-01   5.745421E-01   5.721025E-01   3.473474E-01   3.408231E-01   7.478613E-01
   3.485435E+03   5.752209E-01   5.744854E-01   5.720447E-01   3.473449E-01   3.408204E-01   7.476641E-01
   3.495435E+03   5.751651E-01   5.744288E-01   5.719871E-01   3.473425E-01   3.408177E-01   7.474683E-01
   3.505435E+03   5.751093E-01   5.743722E-01   5.719296E-01   3.473400E-01   3.408149E-01   7.472737E-01
   3.515435E+03   5.750536E-01   5.743157E-01   5.718722E-01   3.473375E-01   3.408122E-01   7.470803E-01
   3.525435E+03   5.749979E-01   5.742593E-01   5.718147E-01   3.473351E-01   3.408095E-01   7.468879E-01
   3.535435E+03   5.749423E-01   5.742029E-01   5.717576E-01   3.473326E-01   3.408068E-01   7.466964E-01
   3.545435E+03   5.748867E-01   5.741467E-01   5.717009E-01   3.473302E-01   3.408041E-01   7.465058E-01
   3.555435E+03   5.748305E-01   5.740899E-01   5.716438E-01   3.473278E-01   3.408014E-01   7.463157E-01
   3.565435E+03   5.747750E-01   5.740337E-01   5.715873E-01   3.473253E-01   3.407987E-01   7.461265E-01
   3.575435E+03   5.747195E-01   5.739777E-01   5.715310E-01   3.473229E-01   3.407959E-01   7.459379E-01
   3.585435E+03   5.746640E-01   5.739216E-01   5.714749E-01   3.473204E-01   3.407932E-01   7.457499E-01
   3.595435E+03   5.746085E-01   5.738656E-01   5.714188E-01   3.473180E-01   3.407905E-01   7.455624E-01
   3.605435E+03   5.745530E-01   5.738096E-01   5.713629E-01   3.473156E-01   3.407878E-01   7.453753E-01
   3.615435E+03   5.744975E-01   5.737537E-01   5.713070E-01   3.473132E-01   3.407852E-01   7.451887E-01
   3.625435E+03   5.744421E-01   5.736978E-01   5.712512E-01   3.473107E-01   3.407825E-01   7.450025E-01
   3.635435E+03   5.743865E-01   5.736419E-01   5.711954E-01   3.473083E-01   3.407798E-01   7.448164E-01
   3.645435E+03   5.743310E-01   5.735860E-01   5.711397E-01   3.473059E-01   3.407771E-01   7.446304E-01
   3.655435E+03   5.742612E-01   5.735232E-01   5.710814E-01   3.473035E-01   3.407745E-01   7.444447E-01
   3.665435E+03   5.742055E-01   5.734671E-01   5.710253E-01   3.473011E-01   3.407718E-01   7.442594E-01
   3.675435E+03   5.741485E-01   5.734104E-01   5.709691E-01   3.472987E-01   3.407692E-01   7.440743E-01
   3.685435E+03   5.740906E-01   5.733532E-01   5.709128E-01   3.472963E-01   3.407665E-01   7.438895E-01
   3.695435E+03   5.740322E-01   5.732959E-01   5.708565E-01   3.472939E-01   3.407639E-01   7.437049E-01
   3.705435E+03   5.739735E-01   5.732384E-01   5.708001E-01   3.472916E-01   3.407612E-01   7.435145E-01
   3.715435E+03   5.739146E-01   5.731808E-01   5.707436E-01   3.472892E-01   3.407586E-01   7.433274E-01
   3.725435E+03   5.738556E-01   5.731231E-01   5.706872E-01   3.472868E-01   3.407559E-01   7.431407E-01
   3.735435E+03   5.737964E-01   5.730654E-01   5.706307E-01   3.472845E-01   3.407533E-01   7.429541E-01
   3.745435E+03   5.737372E-01   5.730077E-01   5.705742E-01   3.472821E-01   3.407507E-01   7.427677E-01
   3.755435E+03   5.736777E-01   5.729497E-01   5.705176E-01   3.472798E-01   3.407481E-01   7.425814E-01
   3.765435E+03   5.736184E-01   5.728919E-01   5.704611E-01   3.472774E-01   3.407455E-01   7.423952E-01
   3.775435E+03   5.735590E-01   5.728341E-01   5.704045E-01   3.472750E-01   3.407429E-01   7.422091E-01
   3.785435E+03   5.734996E-01   5.727763E-01   5.703481E-01   3.472727E-01   3.407402E-01   7.420230E-01
   3.795435E+03   5.734402E-01   5.727186E-01   5.702917E-01   3.472704E-01   3.407376E-01   7.418369E-01
   3.805435E+03   5.733808E-01   5.726609E-01   5.702355E-01   3.472680E-01   3.407351E-01   7.416509E-01
   3.815435E+03   5.733215E-01   5.726032E-01   5.701794E-01   3.472657E-01   3.407325E-01   7.414648E-01
   3.825435E+03   5.732623E-01   5.725457E-01   5.701235E-01   3.472634E-01   3.407299E-01   7.412786E-01
   3.835435E+03   5.732031E-01   5.724882E-01   5.700677E-01   3.472610E-01   3.407273E-01   7.410924E-01
   3.845435E+03   5.731441E-01   5.724308E-01   5.700121E-01   3.472587E-01   3.407247E-01   7.409063E-01
   3.855435E+03   5.730851E-01   5.723735E-01   5.699567E-01   3.472564E-01   3.407221E-01   7.407200E-01
   3.865435E+03   5.730262E-01   5.723164E-01   5.699014E-01   3.472541E-01   3.407195E-01   7.405337E-01
   3.875435E+03   5.729675E-01   5.722593E-01   5.698464E-01   3.472518E-01   3.407169E-01   7.403473E-01
   3.885435E+03   5.729088E-01   5.722023E-01   5.697915E-01   3.472495E-01   3.407144E-01   7.401608E-01
   3.895435E+03   5.728502E-01   5.721455E-01   5.697368E-01   3.472472E-01   3.407118E-01   7.399742E-01
   3.905435E+03   5.727917E-01   5.720887E-01   5.696822E-01   3.472449E-01   3.407092E-01   7.397875E-01
   3.915435E+03   5.727334E-01   5.720321E-01   5.696279E-01   3.472426E-01   3.407067E-01   7.396003E-01
   3.925435E+03   5.726751E-01   5.719755E-01   5.695737E-01   3.472403E-01   3.407041E-01   7.394133E-01
   3.935435E+03   5.726170E-01   5.719191E-01   5.695197E-01   3.472380E-01   3.407015E-01   7.392261E-01
   3.945435E+03   5.725590E-01   5.718628E-01   5.694658E-01   3.472357E-01   3.406989E-01   7.390388E-01
   3.955435E+03   5.725011E-01   5.718066E-01   5.694121E-01   3.472334E-01   3.406964E-01   7.388512E-01
   3.965435E+03   5.724433E-01   5.717505E-01   5.693586E-01   3.472311E-01   3.406938E-01   7.386635E-01
   3.975435E+03   5.723856E-01   5.716946E-01   5.693052E-01   3.472288E-01   3.406912E-01   7.384756E-01
   3.985435E+03   5.723270E-01   5.716385E-01   5.692520E-01   3.472266E-01   3.406886E-01   7.382874E-01
   3.995435E+03   5.722753E-01   5.715827E-01   5.691989E-01   3.472243E-01   3.406861E-01   7.380991E-01
   4.005435E+03   5.722247E-01   5.715275E-01   5.691460E-01   3.472220E-01   3.406835E-01   7.379103E-01
   4.015435E+03   5.721731E-01   5.714731E-01   5.690932E-01   3.472197E-01   3.406809E-01   7.377195E-01
   4.025435E+03   5.721220E-01   5.714250E-01   5.690409E-01   3.472174E-01   3.406783E-01   7.375298E-01
   4.035435E+03   5.720712E-01   5.713767E-01   5.689888E-01   3.472151E-01   3.406758E-01   7.373400E-01
   4.045435E+03   5.720207E-01   5.713285E-01   5.689370E-01   3.472128E-01   3.406732E-01   7.371501E-01
   4.055435E+03   5.719703E-01   5.712804E-01   5.688853E-01   3.472105E-01   3.406706E-01   7.369600E-01
   4.065435E+03   5.719202E-01   5.712324E-01   5.688339E-01   3.472082E-01   3.406680E-01   7.367698E-01
   4.075435E+03   5.718702E-01   5.711846E-01   5.687827E-01   3.472059E-01   3.406654E-01   7.365793E-01
   4.085435E+03   5.718203E-01   5.711369E-01   5.687317E-01   3.472036E-01   3.406628E-01   7.363886E-01
   4.095435E+03   5.717705E-01   5.710892E-01   5.686809E-01   3.472013E-01   3.406602E-01   7.361977E-01
   4.105435E+03   5.717209E-01   5.710417E-01   5.686302E-01   3.471991E-01   3.406576E-01   7.360065E-01
   4.115435E+03   5.716689E-01   5.709912E-01   5.685726E-01   3.471968E-01   3.406550E-01   7.358150E-01
   4.125435E+03   5.716187E-01   5.709429E-01   5.685208E-01   3.471945E-01   3.406524E-01   7.356234E-01
   4.135435E+03   5.715690E-01   5.708951E-01   5.684695E-01   3.471921E-01   3.406497E-01   7.354315E-01
   4.145435E+03   5.715192E-01   5.708472E-01   5.684181E-01   3.471898E-01   3.406471E-01   7.352393E-01
   4.155435E+03   5.714694E-01   5.707992E-01   5.683666E-01   3.471875E-01   3.406445E-01   7.350469E-01
   4.165435E+03   5.714195E-01   5.707511E-01   5.683149E-01   3.471852E-01   3.406419E-01   7.348543E-01
   4.175435E+03   5.713696E-01   5.707029E-01   5.682631E-01   3.471829E-01   3.406393E-01   7.346613E-01
   4.185435E+03   5.713197E-01   5.706547E-01   5.682113E-01   3.471806E-01   3.406366E-01   7.344681E-01
   4.195435E+03   5.712697E-01   5.706064E-01   5.681595E-01   3.471783E-01   3.406340E-01   7.342744E-01
   4.205435E+03   5.712197E-01   5.705580E-01   5.681076E-01   3.471760E-01   3.406314E-01   7.340805E-01
   4.215435E+03   5.711697E-01   5.705096E-01   5.680556E-01   3.471737E-01   3.406288E-01   7.338864E-01
   4.225435E+03   5.711198E-01   5.704612E-01   5.680037E-01   3.471714E-01   3.406263E-01   7.336920E-01
   4.235435E+03   5.710699E-01   5.704128E-01   5.679518E-01   3.471692E-01   3.406237E-01   7.334972E-01
   4.245435E+03   5.710200E-01   5.703643E-01   5.678998E-01   3.471669E-01   3.406211E-01   7.332973E-01
   4.255435E+03   5.709699E-01   5.703155E-01   5.678473E-01   3.471646E-01   3.406185E-01   7.330931E-01
   4.265435E+03   5.709201E-01   5.702669E-01   5.677953E-01   3.471623E-01   3.406160E-01   7.328923E-01
   4.275435E+03   5.708703E-01   5.702183E-01   5.677432E-01   3.471600E-01   3.406134E-01   7.326923E-01
   4.285435E+03   5.708206E-01   5.701697E-01   5.676913E-01   3.471577E-01   3.406108E-01   7.324926E-01
   4.295435E+03   5.707709E-01   5.701211E-01   5.676393E-01   3.471555E-01   3.406082E-01   7.322930E-01
   4.305435E+03   5.707213E-01   5.700725E-01   5.675874E-01   3.471532E-01   3.406057E-01   7.320934E-01
   4.315435E+03   5.706717E-01   5.700239E-01   5.675355E-01   3.471509E-01   3.406031E-01   7.318936E-01
   4.325435E+03   5.706221E-01   5.699753E-01   5.674837E-01   3.471486E-01   3.406005E-01   7.316932E-01
   4.335435E+03   5.705583E-01   5.699107E-01   5.674202E-01   3.471464E-01   3.405980E-01   7.314926E-01
   4.345435E+03   5.705037E-01   5.698570E-01   5.673667E-01   3.471441E-01   3.405955E-01   7.312920E-01
   4.355435E+03   5.704519E-01   5.698063E-01   5.673140E-01   3.471418E-01   3.405929E-01   7.310915E-01
   4.365435E+03   5.704007E-01   5.697559E-01   5.672612E-01   3.471396E-01   3.405904E-01   7.308908E-01
   4.375435E+03   5.703492E-01   5.697052E-01   5.672082E-01   3.471373E-01   3.405878E-01   7.306900E-01
   4.385435E+03   5.702974E-01   5.696541E-01   5.671551E-01   3.471350E-01   3.405853E-01   7.304891E-01
   4.395435E+03   5.702453E-01   5.696026E-01   5.671018E-01   3.471328E-01   3.405828E-01   7.302880E-01
   4.405435E+03   5.701929E-01   5.695509E-01   5.670485E-01   3.471305E-01   3.405803E-01   7.300866E-01
   4.415435E+03   5.701404E-01   5.694990E-01   5.669951E-01   3.471283E-01   3.405778E-01   7.298852E-01
   4.425435E+03   5.700878E-01   5.694468E-01   5.669417E-01   3.471261E-01   3.405753E-01   7.296834E-01
   4.435435E+03   5.700350E-01   5.693945E-01   5.668883E-01   3.471238E-01   3.405728E-01   7.294815E-01
   4.445435E+03   5.699822E-01   5.693421E-01   5.668349E-01   3.471216E-01   3.405703E-01   7.292795E-01
   4.455435E+03   5.699293E-01   5.692896E-01   5.667815E-01   3.471194E-01   3.405679E-01   7.290774E-01
   4.465435E+03   5.698762E-01   5.692369E-01   5.667281E-01   3.471172E-01   3.405654E-01   7.288751E-01
   4.475435E+03   5.698232E-01   5.691842E-01   5.666747E-01   3.471150E-01   3.405629E-01   7.286727E-01
   4.485435E+03   5.697700E-01   5.691313E-01   5.666212E-01   3.471127E-01   3.405605E-01   7.284698E-01
   4.495435E+03   5.697168E-01   5.690783E-01   5.665679E-01   3.471105E-01   3.405580E-01   7.282670E-01
   4.505435E+03   5.696635E-01   5.690253E-01   5.665146E-01   3.471083E-01   3.405555E-01   7.280641E-01
   4.515435E+03   5.696103E-01   5.689722E-01   5.664612E-01   3.471061E-01   3.405531E-01   7.278609E-01
   4.525435E+03   5.695569E-01   5.689191E-01   5.664079E-01   3.471039E-01   3.405506E-01   7.276576E-01
   4.535435E+03   5.695036E-01   5.688659E-01   5.663547E-01   3.471017E-01   3.405482E-01   7.274542E-01
   4.545435E+03   5.694502E-01   5.688127E-01   5.663014E-01   3.470995E-01   3.405458E-01   7.272505E-01
   4.555435E+03   5.693967E-01   5.687593E-01   5.662482E-01   3.470973E-01   3.405433E-01   7.270467E-01
   4.565435E+03   5.693432E-01   5.687060E-01   5.661950E-01   3.470951E-01   3.405409E-01   7.268427E-01
   4.575435E+03   5.692897E-01   5.686526E-01   5.661418E-01   3.470930E-01   3.405385E-01   7.266385E-01
   4.585435E+03   5.692362E-01   5.685992E-01   5.660886E-01   3.470908E-01   3.405361E-01   7.264341E-01
   4.595435E+03   5.691826E-01   5.685457E-01   5.660355E-01   3.470887E-01   3.405337E-01   7.262296E-01
   4.605435E+03   5.691289E-01   5.684921E-01   5.659824E-01   3.470865E-01   3.405314E-01   7.260249E-01
   4.615435E+03   5.690753E-01   5.684386E-01   5.659293E-01   3.470844E-01   3.405290E-01   7.258200E-01
   4.625435E+03   5.690216E-01   5.683850E-01   5.658762E-01   3.470823E-01   3.405267E-01   7.256149E-01
   4.635435E+03   5.689679E-01   5.683314E-01   5.658232E-01   3.470801E-01   3.405243E-01   7.254096E-01
   4.645435E+03   5.689142E-01   5.682778E-01   5.657701E-01   3.470780E-01   3.405220E-01   7.252042E-01
   4.655435E+03   5.688604E-01   5.682241E-01   5.657172E-01   3.470759E-01   3.405197E-01   7.249979E-01
   4.665435E+03   5.688066E-01   5.681704E-01   5.656642E-01   3.470738E-01   3.405173E-01   7.247919E-01
   4.675435E+03   5.687528E-01   5.681167E-01   5.656113E-01   3.470717E-01   3.405150E-01   7.245858E-01
   4.685435E+03   5.686990E-01   5.680630E-01   5.655585E-01   3.470696E-01   3.405127E-01   7.243737E-01
   4.695435E+03   5.686451E-01   5.680092E-01   5.655056E-01   3.470675E-01   3.405104E-01   7.241656E-01
   4.705435E+03   5.685912E-01   5.679555E-01   5.654528E-01   3.470654E-01   3.405081E-01   7.239574E-01
   4.715435E+03   5.685374E-01   5.679017E-01   5.654000E-01   3.470633E-01   3.405058E-01   7.237493E-01
   4.725435E+03   5.684834E-01   5.678479E-01   5.653472E-01   3.470612E-01   3.405035E-01   7.235412E-01
   4.735435E+03   5.684295E-01   5.677941E-01   5.652944E-01   3.470592E-01   3.405012E-01   7.233330E-01
   4.745435E+03   5.683755E-01   5.677403E-01   5.652417E-01   3.470571E-01   3.404990E-01   7.231247E-01
   4.755435E+03   5.683216E-01   5.676865E-01   5.651890E-01   3.470550E-01   3.404967E-01   7.229163E-01
   4.765435E+03   5.682676E-01   5.676327E-01   5.651364E-01   3.470530E-01   3.404944E-01   7.227078E-01
   4.775435E+03   5.682137E-01   5.675789E-01   5.650838E-01   3.470509E-01   3.404922E-01   7.224991E-01
   4.785435E+03   5.681597E-01   5.675251E-01   5.650312E-01   3.470489E-01   3.404900E-01   7.222903E-01
   4.795435E+03   5.681057E-01   5.674713E-01   5.649787E-01   3.470468E-01   3.404877E-01   7.220813E-01
   4.805435E+03   5.680518E-01   5.674175E-01   5.649263E-01   3.470448E-01   3.404855E-01   7.218723E-01
   4.815435E+03   5.679978E-01   5.673638E-01   5.648739E-01   3.470428E-01   3.404833E-01   7.216630E-01
   4.825435E+03   5.679438E-01   5.673100E-01   5.648215E-01   3.470407E-01   3.404810E-01   7.214537E-01
   4.835435E+03   5.678898E-01   5.672562E-01   5.647691E-01   3.470387E-01   3.404788E-01   7.212443E-01
   4.845435E+03   5.678359E-01   5.672025E-01   5.647169E-01   3.470367E-01   3.404766E-01   7.210348E-01
   4.855435E+03   5.677819E-01   5.671487E-01   5.646647E-01   3.470347E-01   3.404744E-01   7.208252E-01
   4.865435E+03   5.677280E-01   5.670950E-01   5.646125E-01   3.470327E-01   3.404722E-01   7.206152E-01
   4.875435E+03   5.676740E-01   5.670413E-01   5.645605E-01   3.470306E-01   3.404700E-01   7.204052E-01
   4.885435E+03   5.676201E-01   5.669877E-01   5.645085E-01   3.470286E-01   3.404678E-01   7.201952E-01
   4.895435E+03   5.675662E-01   5.669340E-01   5.644565E-01   3.470266E-01   3.404656E-01   7.199851E-01
   4.905435E+03   5.675123E-01   5.668804E-01   5.644047E-01   3.470246E-01   3.404634E-01   7.197748E-01
   4.915435E+03   5.674585E-01   5.668267E-01   5.643529E-01   3.470226E-01   3.404612E-01   7.195645E-01
   4.925435E+03   5.674047E-01   5.667728E-01   5.643013E-01   3.470206E-01   3.404590E-01   7.193540E-01
   4.935435E+03   5.673510E-01   5.667190E-01   5.642501E-01   3.470186E-01   3.404568E-01   7.191434E-01
   4.945435E+03   5.672972E-01   5.666655E-01   5.641991E-01   3.470166E-01   3.404546E-01   7.189327E-01
   4.955435E+03   5.672435E-01   5.666121E-01   5.641482E-01   3.470146E-01   3.404524E-01   7.187219E-01
   4.965435E+03   5.671899E-01   5.665588E-01   5.640973E-01   3.470126E-01   3.404503E-01   7.185109E-01
   4.975435E+03   5.671363E-01   5.665056E-01   5.640466E-01   3.470106E-01   3.404481E-01   7.182999E-01
   4.985435E+03   5.670827E-01   5.664525E-01   5.639959E-01   3.470086E-01   3.404459E-01   7.180884E-01
   4.995435E+03   5.670291E-01   5.663995E-01   5.639453E-01   3.470066E-01   3.404438E-01   7.178770E-01
   5.005435E+03   5.669756E-01   5.663465E-01   5.638947E-01   3.470046E-01   3.404416E-01   7.176656E-01
   5.015435E+03   5.669219E-01   5.662934E-01   5.638437E-01   3.470026E-01   3.404394E-01   7.174540E-01
   5.025435E+03   5.668684E-01   5.662405E-01   5.637932E-01   3.470007E-01   3.404373E-01   7.172424E-01
   5.035435E+03   5.668150E-01   5.661876E-01   5.637426E-01   3.469987E-01   3.404351E-01   7.170307E-01
   5.045435E+03   5.667615E-01   5.661348E-01   5.636921E-01   3.469967E-01   3.404329E-01   7.168188E-01
   5.055435E+03   5.667081E-01   5.660820E-01   5.636415E-01   3.469947E-01   3.404307E-01   7.166069E-01
   5.065435E+03   5.666547E-01   5.660292E-01   5.635909E-01   3.469927E-01   3.404286E-01   7.163948E-01
   5.075435E+03   5.666013E-01   5.659764E-01   5.635403E-01   3.469907E-01   3.404264E-01   7.161826E-01
   5.085435E+03   5.665479E-01   5.659236E-01   5.634897E-01   3.469887E-01   3.404242E-01   7.159702E-01
   5.095435E+03   5.664945E-01   5.658709E-01   5.634391E-01   3.469867E-01   3.404221E-01   7.157578E-01
   5.105435E+03   5.664411E-01   5.658181E-01   5.633885E-01   3.469847E-01   3.404199E-01   7.155424E-01
   5.115435E+03   5.663878E-01   5.657654E-01   5.633378E-01   3.469827E-01   3.404177E-01   7.153291E-01
   5.125435E+03   5.663344E-01   5.657126E-01   5.632872E-01   3.469808E-01   3.404156E-01   7.151157E-01
   5.135435E+03   5.662799E-01   5.656587E-01   5.632329E-01   3.469788E-01   3.404134E-01   7.149023E-01
   5.145435E+03   5.662262E-01   5.656055E-01   5.631819E-01   3.469768E-01   3.404113E-01   7.146891E-01
   5.155435E+03   5.661726E-01   5.655525E-01   5.631307E-01   3.469748E-01   3.404091E-01   7.144758E-01
   5.165435E+03   5.661190E-01   5.654995E-01   5.630794E-01   3.469728E-01   3.404069E-01   7.142624E-01
   5.175435E+03   5.660654E-01   5.654464E-01   5.630279E-01   3.469708E-01   3.404048E-01   7.140490E-01
   5.185435E+03   5.660118E-01   5.653933E-01   5.629763E-01   3.469688E-01   3.404026E-01   7.138355E-01
   5.195435E+03   5.659581E-01   5.653402E-01   5.629246E-01   3.469669E-01   3.404004E-01   7.136219E-01
   5.205435E+03   5.659043E-01   5.652870E-01   5.628728E-01   3.469649E-01   3.403983E-01   7.134083E-01
   5.215435E+03   5.658506E-01   5.652337E-01   5.628210E-01   3.469629E-01   3.403961E-01   7.131946E-01
   5.225435E+03   5.657968E-01   5.651805E-01   5.627691E-01   3.469609E-01   3.403940E-01   7.129809E-01
   5.235435E+03   5.657430E-01   5.651272E-01   5.627173E-01   3.469589E-01   3.403918E-01   7.127660E-01
   5.245435E+03   5.656892E-01   5.650739E-01   5.626654E-01   3.469570E-01   3.403897E-01   7.125511E-01
   5.255435E+03   5.656354E-01   5.650206E-01   5.626135E-01   3.469550E-01   3.403875E-01   7.123368E-01
   5.265435E+03   5.655815E-01   5.649673E-01   5.625617E-01   3.469530E-01   3.403854E-01   7.121186E-01
   5.275435E+03   5.655277E-01   5.649139E-01   5.625098E-01   3.469510E-01   3.403832E-01   7.119034E-01
   5.285435E+03   5.654739E-01   5.648606E-01   5.624580E-01   3.469491E-01   3.403811E-01   7.116884E-01
   5.295435E+03   5.654200E-01   5.648072E-01   5.624063E-01   3.469471E-01   3.403790E-01   7.114736E-01
   5.305435E+03   5.653662E-01   5.647539E-01   5.623545E-01   3.469451E-01   3.403768E-01   7.112588E-01
   5.315435E+03   5.653124E-01   5.647006E-01   5.623028E-01   3.469432E-01   3.403747E-01   7.110439E-01
   5.325435E+03   5.652585E-01   5.646472E-01   5.622512E-01   3.469412E-01   3.403725E-01   7.108292E-01
   5.335435E+03   5.652047E-01   5.645939E-01   5.621996E-01   3.469392E-01   3.403704E-01   7.106145E-01
   5.345435E+03   5.651509E-01   5.645406E-01   5.621481E-01   3.469373E-01   3.403682E-01   7.103997E-01
   5.355435E+03   5.650971E-01   5.644873E-01   5.620967E-01   3.469353E-01   3.403661E-01   7.101851E-01
   5.365435E+03   5.650433E-01   5.644340E-01   5.620453E-01   3.469333E-01   3.403640E-01   7.099706E-01
   5.375435E+03   5.649895E-01   5.643807E-01   5.619939E-01   3.469314E-01   3.403618E-01   7.097559E-01
   5.385435E+03   5.649357E-01   5.643275E-01   5.619427E-01   3.469294E-01   3.403597E-01   7.095414E-01
   5.395435E+03   5.648819E-01   5.642742E-01   5.618914E-01   3.469274E-01   3.403576E-01   7.093270E-01
   5.405435E+03   5.648282E-01   5.642209E-01   5.618403E-01   3.469255E-01   3.403554E-01   7.091126E-01
   5.415435E+03   5.647744E-01   5.641677E-01   5.617892E-01   3.469235E-01   3.403533E-01   7.088983E-01
   5.425435E+03   5.647207E-01   5.641145E-01   5.617382E-01   3.469215E-01   3.403511E-01   7.086840E-01
   5.435435E+03   5.646670E-01   5.640613E-01   5.616872E-01   3.469195E-01   3.403490E-01   7.084698E-01
   5.445435E+03   5.646133E-01   5.640082E-01   5.616363E-01   3.469176E-01   3.403469E-01   7.082556E-01
   5.455435E+03   5.645596E-01   5.639550E-01   5.615855E-01   3.469156E-01   3.403447E-01   7.080414E-01
   5.465435E+03   5.645059E-01   5.639019E-01   5.615347E-01   3.469137E-01   3.403426E-01   7.078273E-01
   5.475435E+03   5.644523E-01   5.638485E-01   5.614835E-01   3.469118E-01   3.403405E-01   7.076132E-01
   5.485435E+03   5.643986E-01   5.637952E-01   5.614386E-01   3.469098E-01   3.403384E-01   7.073992E-01
   5.495435E+03   5.643450E-01   5.637421E-01   5.613936E-01   3.469079E-01   3.403363E-01   7.071852E-01
   5.505435E+03   5.642914E-01   5.636891E-01   5.613486E-01   3.469060E-01   3.403342E-01   7.069713E-01
   5.515435E+03   5.642378E-01   5.636361E-01   5.613037E-01   3.469040E-01   3.403321E-01   7.067575E-01
   5.525435E+03   5.641843E-01   5.635832E-01   5.612588E-01   3.469021E-01   3.403300E-01   7.065423E-01
   5.535435E+03   5.641308E-01   5.635304E-01   5.612139E-01   3.469002E-01   3.403279E-01   7.063281E-01
   5.545435E+03   5.640774E-01   5.634777E-01   5.611691E-01   3.468982E-01   3.403257E-01   7.061142E-01
   5.555435E+03   5.640240E-01   5.634250E-01   5.611243E-01   3.468963E-01   3.403236E-01   7.059004E-01
   5.565435E+03   5.639695E-01   5.633718E-01   5.610794E-01   3.468944E-01   3.403215E-01   7.056866E-01
   5.575435E+03   5.639152E-01   5.633186E-01   5.610346E-01   3.468925E-01   3.403194E-01   7.054730E-01
   5.585435E+03   5.638611E-01   5.632656E-01   5.609897E-01   3.468906E-01   3.403173E-01   7.052595E-01
   5.595435E+03   5.638071E-01   5.632126E-01   5.609448E-01   3.468886E-01   3.403152E-01   7.050460E-01
   5.605435E+03   5.637533E-01   5.631598E-01   5.609000E-01   3.468867E-01   3.403131E-01   7.048327E-01
   5.615435E+03   5.636993E-01   5.631060E-01   5.608544E-01   3.468848E-01   3.403110E-01   7.046194E-01
   5.625435E+03   5.636456E-01   5.630525E-01   5.608088E-01   3.468829E-01   3.403089E-01   7.044063E-01
   5.635435E+03   5.635919E-01   5.629992E-01   5.607633E-01   3.468810E-01   3.403068E-01   7.041932E-01
   5.645435E+03   5.635384E-01   5.629460E-01   5.607177E-01   3.468791E-01   3.403047E-01   7.039802E-01
   5.655435E+03   5.634850E-01   5.628930E-01   5.606722E-01   3.468772E-01   3.403026E-01   7.037673E-01
   5.665435E+03   5.634317E-01   5.628402E-01   5.606267E-01   3.468753E-01   3.403005E-01   7.035544E-01
   5.675435E+03   5.633785E-01   5.627874E-01   5.605812E-01   3.468734E-01   3.402984E-01   7.033417E-01
   5.685435E+03   5.633254E-01   5.627348E-01   5.605358E-01   3.468714E-01   3.402963E-01   7.031291E-01
   5.695435E+03   5.632724E-01   5.626824E-01   5.604903E-01   3.468695E-01   3.402942E-01   7.029165E-01
   5.705435E+03   5.632196E-01   5.626300E-01   5.604448E-01   3.468676E-01   3.402921E-01   7.027041E-01
   5.715435E+03   5.631669E-01   5.625779E-01   5.603994E-01   3.468657E-01   3.402900E-01   7.024917E-01
   5.725435E+03   5.631142E-01   5.625258E-01   5.603540E-01   3.468638E-01   3.402879E-01   7.022793E-01
   5.735435E+03   5.630618E-01   5.624739E-01   5.603086E-01   3.468619E-01   3.402858E-01   7.020670E-01
   5.745435E+03   5.630094E-01   5.624222E-01   5.602633E-01   3.468600E-01   3.402837E-01   7.018549E-01
   5.755435E+03   5.629572E-01   5.623706E-01   5.602180E-01   3.468581E-01   3.402816E-01   7.016429E-01
   5.765435E+03   5.629051E-01   5.623191E-01   5.601727E-01   3.468562E-01   3.402795E-01   7.014310E-01
   5.775435E+03   5.628531E-01   5.622678E-01   5.601275E-01   3.468543E-01   3.402773E-01   7.012192E-01
   5.785435E+03   5.628013E-01   5.622166E-01   5.600823E-01   3.468524E-01   3.402752E-01   7.010073E-01
   5.795435E+03   5.627495E-01   5.621656E-01   5.600371E-01   3.468505E-01   3.402731E-01   7.007956E-01
   5.805435E+03   5.626979E-01   5.621147E-01   5.599920E-01   3.468485E-01   3.402710E-01   7.005840E-01
   5.815435E+03   5.626464E-01   5.620639E-01   5.599469E-01   3.468466E-01   3.402689E-01   7.003691E-01
   5.825435E+03   5.625950E-01   5.620133E-01   5.599019E-01   3.468447E-01   3.402668E-01   7.001571E-01
   5.835435E+03   5.625437E-01   5.619628E-01   5.598569E-01   3.468428E-01   3.402647E-01   6.999452E-01
   5.845435E+03   5.624926E-01   5.619124E-01   5.598119E-01   3.468409E-01   3.402626E-01   6.997334E-01
   5.855435E+03   5.624415E-01   5.618621E-01   5.597670E-01   3.468390E-01   3.402604E-01   6.995220E-01
   5.865435E+03   5.623905E-01   5.618119E-01   5.597221E-01   3.468371E-01   3.402583E-01   6.993106E-01
   5.875435E+03   5.623395E-01   5.617617E-01   5.596771E-01   3.468352E-01   3.402562E-01   6.990994E-01
   5.885435E+03   5.622887E-01   5.617118E-01   5.596323E-01   3.468333E-01   3.402541E-01   6.988885E-01
   5.895435E+03   5.622380E-01   5.616620E-01   5.595875E-01   3.468314E-01   3.402519E-01   6.986778E-01
   5.905435E+03   5.621874E-01   5.616122E-01   5.595428E-01   3.468294E-01   3.402498E-01   6.984671E-01
   5.915435E+03   5.621369E-01   5.615626E-01   5.594980E-01   3.468275E-01   3.402477E-01   6.982566E-01
   5.925435E+03   5.620865E-01   5.615130E-01   5.594534E-01   3.468256E-01   3.402456E-01   6.980463E-01
   5.935435E+03   5.620362E-01   5.614636E-01   5.594087E-01   3.468237E-01   3.402434E-01   6.978360E-01
   5.945435E+03   5.619860E-01   5.614143E-01   5.593641E-01   3.468218E-01   3.402413E-01   6.976260E-01
   5.955435E+03   5.619358E-01   5.613650E-01   5.593196E-01   3.468199E-01   3.402392E-01   6.974161E-01
   5.965435E+03   5.618858E-01   5.613159E-01   5.592751E-01   3.468180E-01   3.402371E-01   6.972058E-01
   5.975435E+03   5.618358E-01   5.612669E-01   5.592306E-01   3.468161E-01   3.402350E-01   6.969959E-01
   5.985435E+03   5.617860E-01   5.612179E-01   5.591862E-01   3.468142E-01   3.402329E-01   6.967864E-01
   5.995435E+03   5.617362E-01   5.611691E-01   5.591418E-01   3.468123E-01   3.402308E-01   6.965771E-01
   6.005435E+03   5.616865E-01   5.611204E-01   5.590974E-01   3.468104E-01   3.402286E-01   6.963680E-01
   6.015435E+03   5.616369E-01   5.610717E-01   5.590531E-01   3.468084E-01   3.402264E-01   6.961591E-01
   6.025435E+03   5.615874E-01   5.610231E-01   5.590089E-01   3.468064E-01   3.402241E-01   6.959503E-01
   6.035435E+03   5.615380E-01   5.609747E-01   5.589647E-01   3.468044E-01   3.402219E-01   6.957418E-01
   6.045435E+03   5.614887E-01   5.609263E-01   5.589205E-01   3.468023E-01   3.402196E-01   6.955334E-01
   6.055435E+03   5.614395E-01   5.608780E-01   5.588764E-01   3.468003E-01   3.402173E-01   6.953253E-01
   6.065435E+03   5.613903E-01   5.608298E-01   5.588323E-01   3.467983E-01   3.402151E-01   6.951173E-01
   6.075435E+03   5.613413E-01   5.607817E-01   5.587883E-01   3.467962E-01   3.402128E-01   6.949095E-01
   6.085435E+03   5.612923E-01   5.607337E-01   5.587443E-01   3.467942E-01   3.402106E-01   6.947018E-01
   6.095435E+03   5.612434E-01   5.606858E-01   5.587003E-01   3.467922E-01   3.402083E-01   6.944944E-01
   6.105435E+03   5.611946E-01   5.606379E-01   5.586564E-01   3.467902E-01   3.402061E-01   6.942871E-01
   6.115435E+03   5.611458E-01   5.605901E-01   5.586126E-01   3.467882E-01   3.402039E-01   6.940800E-01
   6.125435E+03   5.610972E-01   5.605424E-01   5.585687E-01   3.467862E-01   3.402017E-01   6.938731E-01
   6.135435E+03   5.610486E-01   5.604948E-01   5.585249E-01   3.467842E-01   3.401994E-01   6.936664E-01
   6.145435E+03   5.610001E-01   5.604473E-01   5.584812E-01   3.467822E-01   3.401972E-01   6.934597E-01
   6.155435E+03   5.609517E-01   5.603998E-01   5.584374E-01   3.467802E-01   3.401950E-01   6.932533E-01
   6.165435E+03   5.609033E-01   5.603524E-01   5.583937E-01   3.467782E-01   3.401929E-01   6.930470E-01
   6.175435E+03   5.608542E-01   5.603042E-01   5.583490E-01   3.467763E-01   3.401907E-01   6.928409E-01
   6.185435E+03   5.608059E-01   5.602568E-01   5.583051E-01   3.467743E-01   3.401885E-01   6.926351E-01
   6.195435E+03   5.607576E-01   5.602095E-01   5.582613E-01   3.467723E-01   3.401863E-01   6.924295E-01
   6.205435E+03   5.607094E-01   5.601622E-01   5.582175E-01   3.467703E-01   3.401841E-01   6.922240E-01
   6.215435E+03   5.606613E-01   5.601150E-01   5.581738E-01   3.467684E-01   3.401819E-01   6.920187E-01
   6.225435E+03   5.606132E-01   5.600679E-01   5.581300E-01   3.467664E-01   3.401798E-01   6.918136E-01
   6.235435E+03   5.605651E-01   5.600207E-01   5.580863E-01   3.467645E-01   3.401777E-01   6.916087E-01
   6.245435E+03   5.605171E-01   5.599737E-01   5.580425E-01   3.467625E-01   3.401755E-01   6.914040E-01
   6.255435E+03   5.604691E-01   5.599266E-01   5.579987E-01   3.467606E-01   3.401734E-01   6.911995E-01
   6.265435E+03   5.604212E-01   5.598796E-01   5.579550E-01   3.467587E-01   3.401713E-01   6.909951E-01
   6.275435E+03   5.603733E-01   5.598327E-01   5.579112E-01   3.467568E-01   3.401692E-01   6.907909E-01
   6.285435E+03   5.603255E-01   5.597857E-01   5.578675E-01   3.467549E-01   3.401671E-01   6.905868E-01
   6.295435E+03   5.602777E-01   5.597389E-01   5.578237E-01   3.467530E-01   3.401650E-01   6.903830E-01
   6.305435E+03   5.602300E-01   5.596920E-01   5.577800E-01   3.467512E-01   3.401630E-01   6.901794E-01
   6.315435E+03   5.601822E-01   5.596452E-01   5.577363E-01   3.467493E-01   3.401609E-01   6.899759E-01
   6.325435E+03   5.601346E-01   5.595984E-01   5.576925E-01   3.467474E-01   3.401588E-01   6.897726E-01
   6.335435E+03   5.600870E-01   5.595517E-01   5.576488E-01   3.467455E-01   3.401567E-01   6.895696E-01
   6.345435E+03   5.600394E-01   5.595050E-01   5.576051E-01   3.467436E-01   3.401546E-01   6.893667E-01
   6.355435E+03   5.599919E-01   5.594584E-01   5.575614E-01   3.467417E-01   3.401525E-01   6.891622E-01
   6.365435E+03   5.599444E-01   5.594118E-01   5.575177E-01   3.467399E-01   3.401505E-01   6.889589E-01
   6.375435E+03   5.598969E-01   5.593652E-01   5.574740E-01   3.467380E-01   3.401485E-01   6.887562E-01
   6.385435E+03   5.598495E-01   5.593187E-01   5.574303E-01   3.467362E-01   3.401464E-01   6.885537E-01
   6.395435E+03   5.598021E-01   5.592722E-01   5.573867E-01   3.467343E-01   3.401444E-01   6.883515E-01
   6.405435E+03   5.597548E-01   5.592257E-01   5.573430E-01   3.467325E-01   3.401424E-01   6.881495E-01
   6.415435E+03   5.597075E-01   5.591793E-01   5.572994E-01   3.467307E-01   3.401404E-01   6.879477E-01
   6.425435E+03   5.596602E-01   5.591329E-01   5.572558E-01   3.467289E-01   3.401384E-01   6.877453E-01
   6.435435E+03   5.596130E-01   5.590866E-01   5.572122E-01   3.467271E-01   3.401365E-01   6.875431E-01
   6.445435E+03   5.595659E-01   5.590403E-01   5.571687E-01   3.467253E-01   3.401345E-01   6.873418E-01
   6.455435E+03   5.595101E-01   5.589839E-01   5.571128E-01   3.467236E-01   3.401325E-01   6.871388E-01
   6.465435E+03   5.594618E-01   5.589363E-01   5.570659E-01   3.467218E-01   3.401306E-01   6.869375E-01
   6.475435E+03   5.594140E-01   5.588893E-01   5.570210E-01   3.467200E-01   3.401286E-01   6.867367E-01
   6.485435E+03   5.593661E-01   5.588422E-01   5.569765E-01   3.467182E-01   3.401266E-01   6.865361E-01
   6.495435E+03   5.593180E-01   5.587949E-01   5.569318E-01   3.467164E-01   3.401246E-01   6.863358E-01
   6.505435E+03   5.592699E-01   5.587476E-01   5.568865E-01   3.467146E-01   3.401227E-01   6.861358E-01
   6.515435E+03   5.592216E-01   5.587000E-01   5.568411E-01   3.467129E-01   3.401208E-01   6.859359E-01
   6.525435E+03   5.591733E-01   5.586525E-01   5.567956E-01   3.467111E-01   3.401189E-01   6.857364E-01
   6.535435E+03   5.591250E-01   5.586048E-01   5.567502E-01   3.467094E-01   3.401169E-01   6.855372E-01
   6.545435E+03   5.590766E-01   5.585572E-01   5.567048E-01   3.467077E-01   3.401150E-01   6.853383E-01
   6.555435E+03   5.590282E-01   5.585094E-01   5.566593E-01   3.467059E-01   3.401132E-01   6.851394E-01
   6.565435E+03   5.589798E-01   5.584617E-01   5.566138E-01   3.467042E-01   3.401113E-01   6.849409E-01
   6.575435E+03   5.589314E-01   5.584139E-01   5.565683E-01   3.467025E-01   3.401095E-01   6.847428E-01
   6.585435E+03   5.588830E-01   5.583661E-01   5.565228E-01   3.467008E-01   3.401076E-01   6.845449E-01
   6.595435E+03   5.588346E-01   5.583183E-01   5.564772E-01   3.466991E-01   3.401058E-01   6.843472E-01
   6.605435E+03   5.587862E-01   5.582705E-01   5.564316E-01   3.466974E-01   3.401039E-01   6.841497E-01
   6.615435E+03   5.587378E-01   5.582227E-01   5.563860E-01   3.466957E-01   3.401021E-01   6.839526E-01
   6.625435E+03   5.586894E-01   5.581748E-01   5.563404E-01   3.466940E-01   3.401002E-01   6.837557E-01
   6.635435E+03   5.586410E-01   5.581270E-01   5.562948E-01   3.466923E-01   3.400984E-01   6.835591E-01
   6.645435E+03   5.585927E-01   5.580792E-01   5.562492E-01   3.466906E-01   3.400966E-01   6.833627E-01
   6.655435E+03   5.585443E-01   5.580313E-01   5.562035E-01   3.466889E-01   3.400948E-01   6.831666E-01
   6.665435E+03   5.584960E-01   5.579835E-01   5.561579E-01   3.466873E-01   3.400929E-01   6.829708E-01
   6.675435E+03   5.584477E-01   5.579357E-01   5.561122E-01   3.466856E-01   3.400911E-01   6.827752E-01
   6.685435E+03   5.583994E-01   5.578879E-01   5.560665E-01   3.466839E-01   3.400894E-01   6.825798E-01
   6.695435E+03   5.583512E-01   5.578400E-01   5.560208E-01   3.466823E-01   3.400876E-01   6.823847E-01
   6.705435E+03   5.583029E-01   5.577922E-01   5.559752E-01   3.466806E-01   3.400858E-01   6.821899E-01
   6.715435E+03   5.582547E-01   5.577444E-01   5.559295E-01   3.466790E-01   3.400840E-01   6.819953E-01
   6.725435E+03   5.582065E-01   5.576967E-01   5.558838E-01   3.466773E-01   3.400822E-01   6.818010E-01
   6.735435E+03   5.581583E-01   5.576489E-01   5.558381E-01   3.466757E-01   3.400804E-01   6.816069E-01
   6.745435E+03   5.581101E-01   5.576011E-01   5.557924E-01   3.466740E-01   3.400786E-01   6.814131E-01
   6.755435E+03   5.580619E-01   5.575534E-01   5.557466E-01   3.466724E-01   3.400768E-01   6.812195E-01
   6.765435E+03   5.580138E-01   5.575056E-01   5.557009E-01   3.466707E-01   3.400750E-01   6.810262E-01
   6.775435E+03   5.579657E-01   5.574579E-01   5.556552E-01   3.466690E-01   3.400732E-01   6.808331E-01
   6.785435E+03   5.579176E-01   5.574102E-01   5.556095E-01   3.466674E-01   3.400714E-01   6.806402E-01
   6.795435E+03   5.578696E-01   5.573625E-01   5.555638E-01   3.466657E-01   3.400696E-01   6.804476E-01
   6.805435E+03   5.578215E-01   5.573148E-01   5.555181E-01   3.466641E-01   3.400678E-01   6.802552E-01
   6.815435E+03   5.577735E-01   5.572672E-01   5.554724E-01   3.466624E-01   3.400661E-01   6.800630E-01
   6.825435E+03   5.577255E-01   5.572195E-01   5.554268E-01   3.466608E-01   3.400643E-01   6.798711E-01
   6.835435E+03   5.576776E-01   5.571719E-01   5.553811E-01   3.466592E-01   3.400626E-01   6.796795E-01
   6.845435E+03   5.576296E-01   5.571243E-01   5.553354E-01   3.466575E-01   3.400608E-01   6.794881E-01
   6.855435E+03   5.575817E-01   5.570767E-01   5.552897E-01   3.466559E-01   3.400590E-01   6.792970E-01
   6.865435E+03   5.575338E-01   5.570291E-01   5.552441E-01   3.466543E-01   3.400573E-01   6.791061E-01
   6.875435E+03   5.574859E-01   5.569816E-01   5.551984E-01   3.466526E-01   3.400555E-01   6.789155E-01
   6.885435E+03   5.574380E-01   5.569340E-01   5.551527E-01   3.466510E-01   3.400538E-01   6.787250E-01
   6.895435E+03   5.573902E-01   5.568865E-01   5.551071E-01   3.466494E-01   3.400520E-01   6.785349E-01
   6.905435E+03   5.573423E-01   5.568389E-01   5.550614E-01   3.466477E-01   3.400503E-01   6.783449E-01
   6.915435E+03   5.572945E-01   5.567914E-01   5.550157E-01   3.466461E-01   3.400485E-01   6.781537E-01
   6.925435E+03   5.572467E-01   5.567439E-01   5.549701E-01   3.466445E-01   3.400468E-01   6.779638E-01
   6.935435E+03   5.571990E-01   5.566965E-01   5.549245E-01   3.466429E-01   3.400450E-01   6.777742E-01
   6.945435E+03   5.571512E-01   5.566490E-01   5.548789E-01   3.466413E-01   3.400433E-01   6.775850E-01
   6.955435E+03   5.571036E-01   5.566016E-01   5.548333E-01   3.466396E-01   3.400416E-01   6.773961E-01
   6.965435E+03   5.570559E-01   5.565542E-01   5.547875E-01   3.466380E-01   3.400398E-01   6.772074E-01
   6.975435E+03   5.570082E-01   5.565069E-01   5.547419E-01   3.466364E-01   3.400381E-01   6.770191E-01
   6.985435E+03   5.569607E-01   5.564596E-01   5.546964E-01   3.466348E-01   3.400363E-01   6.768310E-01
   6.995435E+03   5.569130E-01   5.564121E-01   5.546509E-01   3.466332E-01   3.400346E-01   6.766430E-01
   7.005435E+03   5.568654E-01   5.563649E-01   5.546056E-01   3.466315E-01   3.400328E-01   6.764555E-01
   7.015435E+03   5.568179E-01   5.563177E-01   5.545603E-01   3.466299E-01   3.400311E-01   6.762682E-01
   7.025435E+03   5.567705E-01   5.562705E-01   5.545151E-01   3.466282E-01   3.400293E-01   6.760811E-01
   7.035435E+03   5.567231E-01   5.562234E-01   5.544699E-01   3.466266E-01   3.400275E-01   6.758943E-01
   7.045435E+03   5.566757E-01   5.561763E-01   5.544248E-01   3.466250E-01   3.400258E-01   6.757077E-01
   7.055435E+03   5.566284E-01   5.561292E-01   5.543797E-01   3.466233E-01   3.400240E-01   6.755214E-01
   7.065435E+03   5.565811E-01   5.560822E-01   5.543347E-01   3.466217E-01   3.400223E-01   6.753353E-01
   7.075435E+03   5.565338E-01   5.560352E-01   5.542898E-01   3.466201E-01   3.400206E-01   6.751495E-01
   7.085435E+03   5.564866E-01   5.559883E-01   5.542448E-01   3.466185E-01   3.400188E-01   6.749639E-01
   7.095435E+03   5.564394E-01   5.559414E-01   5.542000E-01   3.466169E-01   3.400171E-01   6.747785E-01
   7.105435E+03   5.563922E-01   5.558945E-01   5.541551E-01   3.466153E-01   3.400154E-01   6.745934E-01
   7.115435E+03   5.563450E-01   5.558476E-01   5.541098E-01   3.466136E-01   3.400136E-01   6.744086E-01
   7.125435E+03   5.562979E-01   5.558007E-01   5.540643E-01   3.466120E-01   3.400119E-01   6.742238E-01
   7.135435E+03   5.562508E-01   5.557539E-01   5.540190E-01   3.466104E-01   3.400102E-01   6.740393E-01
   7.145435E+03   5.562038E-01   5.557071E-01   5.539739E-01   3.466088E-01   3.400085E-01   6.738551E-01
   7.155435E+03   5.561567E-01   5.556603E-01   5.539288E-01   3.466072E-01   3.400067E-01   6.736691E-01
   7.165435E+03   5.561098E-01   5.556136E-01   5.538838E-01   3.466056E-01   3.400050E-01   6.734851E-01
   7.175435E+03   5.560629E-01   5.555670E-01   5.538389E-01   3.466040E-01   3.400033E-01   6.733012E-01
   7.185435E+03   5.560160E-01   5.555204E-01   5.537941E-01   3.466024E-01   3.400016E-01   6.731177E-01
   7.192718E+03   5.559830E-01   5.554878E-01   5.537629E-01   3.465443E-01   3.399361E-01   6.729842E-01
   7.200000E+03   5.559501E-01   5.554553E-01   5.537321E-01   3.465432E-01   3.399349E-01   6.728509E-01
