   1.0000000000000000E-002   0.0000000000000000     
   1.4999999999999999E-002   0.0000000000000000     
   2.0000000000000000E-002   0.0000000000000000     
   2.5500000000000002E-002   0.0000000000000000     
   3.1550000000000002E-002   0.0000000000000000     
   3.8205000000000003E-002   0.0000000000000000     
   4.5525500000000003E-002   0.0000000000000000     
   4.9185750000000007E-002   0.0000000000000000     
   5.3212025000000010E-002   0.0000000000000000     
   5.7640927500000008E-002   0.0000000000000000     
   5.9855378750000007E-002   0.0000000000000000     
   6.2291275125000010E-002   0.0000000000000000     
   6.4970761137500013E-002   0.0000000000000000     
   6.7918195751250021E-002   0.0000000000000000     
   7.0865630365000029E-002   0.0000000000000000     
   7.4107808440125031E-002   0.0000000000000000     
   7.7349986515250033E-002   0.0000000000000000     
   7.8971075552812534E-002   0.0000000000000000     
   8.0754273494131279E-002   0.0000000000000000     
   8.2715791229581906E-002   0.0000000000000000     
   8.4677308965032533E-002   0.0000000000000000     
   8.6638826700483160E-002   0.0000000000000000     
   8.7619585568208466E-002   0.0000000000000000     
   8.8698420322706306E-002   0.0000000000000000     
   8.9885138552653940E-002   0.0000000000000000     
   9.1190528605596330E-002   0.0000000000000000     
   9.2626457663832956E-002   0.0000000000000000     
   9.4062386722069583E-002   0.0000000000000000     
   9.5641908686129873E-002   0.0000000000000000     
   9.7379382846596196E-002   0.0000000000000000     
   9.9116857007062520E-002   0.0000000000000000     
  0.10102807858357547        0.0000000000000000     
  0.10313042231773972        0.0000000000000000     
  0.10544300042532040        0.0000000000000000     
  0.10798683634365915        0.0000000000000000     
  0.11078505585383176        0.0000000000000000     
  0.11358327536400438        0.0000000000000000     
  0.11666131682519426        0.0000000000000000     
  0.11973935828638414        0.0000000000000000     
  0.12281739974757402        0.0000000000000000     
  0.12620324535488289        0.0000000000000000     
  0.12992767552292264        0.0000000000000000     
  0.13402454870776637        0.0000000000000000     
  0.13812142189261009        0.0000000000000000     
  0.14221829507745382        0.0000000000000000     
  0.14631516826229754        0.0000000000000000     
  0.15041204144714126        0.0000000000000000     
  0.15450891463198499        0.0000000000000000     
  0.15860578781682871        0.0000000000000000     
  0.16270266100167244        0.0000000000000000     
  0.16679953418651616        0.0000000000000000     
  0.17089640737135989        0.0000000000000000     
  0.17499328055620361        0.0000000000000000     
  0.17909015374104734        0.0000000000000000     
  0.18359671424437546        0.0000000000000000     
  0.18810327474770358        0.0000000000000000     
  0.19260983525103170        0.0000000000000000     
  0.19756705180469261        0.0000000000000000     
  0.20252426835835352        0.0000000000000000     
  0.20797720656738053        0.0000000000000000     
  0.21343014477640754        0.0000000000000000     
  0.21942837680633726        0.0000000000000000     
  0.22542660883626697        0.0000000000000000     
  0.23142484086619669        0.0000000000000000     
  0.23742307289612641        0.0000000000000000     
  0.24342130492605613        0.0000000000000000     
  0.25001936015897880        0.0000000000000000     
  0.25661741539190147        0.0000000000000000     
  0.26387527614811646        0.0000000000000000     
  0.27113313690433144        0.0000000000000000     
  0.27911678373616788        0.0000000000000000     
  0.28710043056800433        0.0000000000000000     
  0.29508407739984077        0.0000000000000000     
  0.30306772423167722        0.0000000000000000     
  0.31105137106351366        0.0000000000000000     
  0.31983338257853378        0.0000000000000000     
  0.32861539409355389        0.0000000000000000     
  0.33739740560857401        0.0000000000000000     
  0.34705761827509612        0.0000000000000000     
  0.35671783094161824        0.0000000000000000     
  0.36637804360814036        0.0000000000000000     
  0.37603825627466247        0.0000000000000000     
  0.38666449020783678        0.0000000000000000     
  0.39729072414101108        0.0000000000000000     
  0.40791695807418538        0.0000000000000000     
  0.41854319200735968        0.0000000000000000     
  0.42916942594053398        0.0000000000000000     
  0.43979565987370828        0.0000000000000000     
  0.45042189380688258        0.0000000000000000     
  0.46104812774005688        0.0000000000000000     
  0.47167436167323118        0.0000000000000000     
  0.48230059560640548        0.0000000000000000     
  0.49292682953957978        0.0000000000000000     
  0.50461568686607150        0.0000000000000000     
  0.51630454419256322        0.0000000000000000     
  0.52916228725170411        0.0000000000000000     
  0.54202003031084500        0.0000000000000000     
  0.55616354767590004        0.0000000000000000     
  0.57030706504095507        0.0000000000000000     
  0.58445058240601011        0.0000000000000000     
  0.60000845150757065        0.0000000000000000     
  0.61556632060913119        0.0000000000000000     
  0.63112418971069173        0.0000000000000000     
  0.64668205881225227        0.0000000000000000     
  0.66379571482396882        0.0000000000000000     
  0.68262073643685706        0.0000000000000000     
  0.70144575804974529        0.0000000000000000     
  0.72027077966263353        0.0000000000000000     
  0.73909580127552177        0.0000000000000000     
  0.75980332504969883        0.0000000000000000     
  0.78051084882387589        0.0000000000000000     
  0.80328912497547067        0.0000000000000000     
  0.82834522874222494        0.0000000000000000     
  0.85590694288565461        0.0000000000000000     
  0.88346865702908428        0.0000000000000000     
  0.91103037117251395        0.0000000000000000     
  0.94134825673028666        0.0000000000000000     
  0.97469793084383660        0.0000000000000000     
   1.0113825723687415        0.0000000000000000     
   1.0480672138936464        0.0000000000000000     
   1.0884203195710418        0.0000000000000000     
   1.1328087358161767        0.0000000000000000     
   1.1771971520613116        0.0000000000000000     
   1.2215855683064465        0.0000000000000000     
   1.2659739845515814        0.0000000000000000     
   1.3148012424212299        0.0000000000000000     
   1.3636285002908783        0.0000000000000000     
   1.4173384839474916        0.0000000000000000     
   1.4764194659697663        0.0000000000000000     
   1.5355004479920409        0.0000000000000000     
   1.6004895282165430        0.0000000000000000     
   1.6719775164634954        0.0000000000000000     
   1.7506143035351429        0.0000000000000000     
   1.8371147693139553        0.0000000000000000     
   1.9322652816706489        0.0000000000000000     
   2.0369308452630119        0.0000000000000000     
   2.1520629652146113        0.0000000000000000     
   2.2671950851662106        0.0000000000000000     
   2.3938404171129699        0.0000000000000000     
   2.5204857490597292        0.0000000000000000     
   2.6597956142011645        0.0000000000000000     
   2.8130364658567433        0.0000000000000000     
   2.9662773175123220        0.0000000000000000     
   3.1348422543334586        0.0000000000000000     
   3.3202636848367089        0.0000000000000000     
   3.5056851153399591        0.0000000000000000     
   3.7096486888935343        0.0000000000000000     
   3.9136122624471095        0.0000000000000000     
   4.1175758360006851        0.0000000000000000     
   4.3419357669096179        0.0000000000000000     
   4.5887316909094444        0.0000000000000000     
   4.8602072073092533        0.0000000000000000     
   5.1316827237090621        0.0000000000000000     
   5.4303057917488520        0.0000000000000000     
   5.7289288597886419        0.0000000000000000     
   6.0574142346324109        0.0000000000000000     
   6.4187481469605565        0.0000000000000000     
   6.7800820592887021        0.0000000000000000     
   7.1775493628496623        0.0000000000000000     
   7.6147633967667181        0.0000000000000000     
   8.0519774306837739        0.0000000000000000     
   8.5329128679925361        0.0000000000000000     
   9.0619418490321735        0.0000000000000000     
   9.5909708300718108        0.0000000000000000     
   10.172902709215412        0.0000000000000000     
   10.813027776273374        0.0000000000000000     
   11.517165350037132        0.0000000000000000     
   12.291716681177267        0.0000000000000000     
   13.066268012317401        0.0000000000000000     
   13.918274476571549        0.0000000000000000     
   14.770280940825696        0.0000000000000000     
   15.707488051505258        0.0000000000000000     
   16.738415873252777        0.0000000000000000     
   17.769343695000295        0.0000000000000000     
   18.903364298922565        0.0000000000000000     
   20.150786963237064        0.0000000000000000     
   21.398209627551562        0.0000000000000000     
   22.770374558297512        0.0000000000000000     
   24.279755982118054        0.0000000000000000     
   25.940075548320653        0.0000000000000000     
   27.766427071143511        0.0000000000000000     
   29.775413746248653        0.0000000000000000     
   31.985299088864309        0.0000000000000000     
   34.195184431479966        0.0000000000000000     
   36.405069774095622        0.0000000000000000     
   38.835943650972844        0.0000000000000000     
   41.509904915537788        0.0000000000000000     
   44.451262306559229        0.0000000000000000     
   47.392619697580670        0.0000000000000000     
   50.628112827704257        0.0000000000000000     
   53.863605957827843        0.0000000000000000     
   57.422648400963787        0.0000000000000000     
   61.337595088413323        0.0000000000000000     
   65.252541775862866        0.0000000000000000     
   69.558983132057364        0.0000000000000000     
   74.296068623871307        0.0000000000000000     
   79.506862664866645        0.0000000000000000     
   85.238736109961522        0.0000000000000000     
   90.970609555056399        0.0000000000000000     
   96.702483000151275        0.0000000000000000     
   102.43435644524615        0.0000000000000000     
   108.73941723485051        0.0000000000000000     
   115.67498410341530        0.0000000000000000     
   123.30410765883657        0.0000000000000000     
   131.69614356979997        0.0000000000000000     
   140.92738307185971        0.0000000000000000     
   150.15862257391944        0.0000000000000000     
   160.15862257391944        0.0000000000000000     
   170.15862257391944        0.0000000000000000     
   180.15862257391944        0.0000000000000000     
   190.15862257391944        0.0000000000000000     
   200.15862257391944        0.0000000000000000     
   210.15862257391944        0.0000000000000000     
   220.15862257391944        0.0000000000000000     
   230.15862257391944        0.0000000000000000     
   240.15862257391944        0.0000000000000000     
   250.15862257391944        0.0000000000000000     
   260.15862257391944        0.0000000000000000     
   270.15862257391944        0.0000000000000000     
   280.15862257391944        0.0000000000000000     
   290.15862257391944        0.0000000000000000     
   300.15862257391944        0.0000000000000000     
   310.15862257391944        0.0000000000000000     
   320.15862257391944        0.0000000000000000     
   330.15862257391944        0.0000000000000000     
   340.15862257391944        0.0000000000000000     
   350.15862257391944        0.0000000000000000     
   360.15862257391944        0.0000000000000000     
   370.15862257391944        0.0000000000000000     
   380.15862257391944        0.0000000000000000     
   390.15862257391944        0.0000000000000000     
   400.15862257391944        0.0000000000000000     
   410.15862257391944        0.0000000000000000     
   420.15862257391944        0.0000000000000000     
   430.15862257391944        0.0000000000000000     
   440.15862257391944        0.0000000000000000     
   450.15862257391944        0.0000000000000000     
   460.15862257391944        0.0000000000000000     
   470.15862257391944        0.0000000000000000     
   480.15862257391944        0.0000000000000000     
   490.15862257391944        0.0000000000000000     
   500.15862257391944        0.0000000000000000     
   510.15862257391944        0.0000000000000000     
   520.15862257391950        0.0000000000000000     
   530.15862257391950        0.0000000000000000     
   540.15862257391950        0.0000000000000000     
   550.15862257391950        0.0000000000000000     
   560.15862257391950        0.0000000000000000     
   570.15862257391950        0.0000000000000000     
   580.15862257391950        0.0000000000000000     
   590.15862257391950        0.0000000000000000     
   600.15862257391950        0.0000000000000000     
   610.15862257391950        0.0000000000000000     
   620.15862257391950        0.0000000000000000     
   630.15862257391950        0.0000000000000000     
   640.15862257391950        0.0000000000000000     
   650.15862257391950        0.0000000000000000     
   660.15862257391950        0.0000000000000000     
   670.15862257391950        0.0000000000000000     
   680.15862257391950        0.0000000000000000     
   690.15862257391950        0.0000000000000000     
   700.15862257391950        0.0000000000000000     
   710.15862257391950        0.0000000000000000     
   720.15862257391950        0.0000000000000000     
   730.15862257391950        0.0000000000000000     
   740.15862257391950        0.0000000000000000     
   750.15862257391950        0.0000000000000000     
   760.15862257391950        0.0000000000000000     
   770.15862257391950        0.0000000000000000     
   780.15862257391950        0.0000000000000000     
   790.15862257391950        0.0000000000000000     
   800.15862257391950        0.0000000000000000     
   810.15862257391950        0.0000000000000000     
   820.15862257391950        0.0000000000000000     
   830.15862257391950        0.0000000000000000     
   840.15862257391950        0.0000000000000000     
   850.15862257391950        0.0000000000000000     
   860.15862257391950        0.0000000000000000     
   870.15862257391950        0.0000000000000000     
   880.15862257391950        0.0000000000000000     
   890.15862257391950        0.0000000000000000     
   900.15862257391950        0.0000000000000000     
   910.15862257391950        0.0000000000000000     
   920.15862257391950        0.0000000000000000     
   930.15862257391950        0.0000000000000000     
   940.15862257391950        0.0000000000000000     
   950.15862257391950        0.0000000000000000     
   960.15862257391950        0.0000000000000000     
   970.15862257391950        0.0000000000000000     
   980.15862257391950        0.0000000000000000     
   990.15862257391950        0.0000000000000000     
   1000.1586225739195        0.0000000000000000     
   1010.1586225739195        0.0000000000000000     
   1020.1586225739195        0.0000000000000000     
   1030.1586225739195        0.0000000000000000     
   1040.1586225739195        0.0000000000000000     
   1050.1586225739195        0.0000000000000000     
   1060.1586225739195        0.0000000000000000     
   1070.1586225739195        0.0000000000000000     
   1080.1586225739195        0.0000000000000000     
   1090.1586225739195        0.0000000000000000     
   1100.1586225739195        0.0000000000000000     
   1110.1586225739195        0.0000000000000000     
   1120.1586225739195        0.0000000000000000     
   1130.1586225739195        0.0000000000000000     
   1140.1586225739195        0.0000000000000000     
   1150.1586225739195        0.0000000000000000     
   1160.1586225739195        0.0000000000000000     
   1170.1586225739195        0.0000000000000000     
   1180.1586225739195        0.0000000000000000     
   1190.1586225739195        0.0000000000000000     
   1200.1586225739195        0.0000000000000000     
   1210.1586225739195        0.0000000000000000     
   1220.1586225739195        0.0000000000000000     
   1230.1586225739195        0.0000000000000000     
   1240.1586225739195        0.0000000000000000     
   1250.1586225739195        0.0000000000000000     
   1260.1586225739195        0.0000000000000000     
   1270.1586225739195        0.0000000000000000     
   1280.1586225739195        0.0000000000000000     
   1290.1586225739195        0.0000000000000000     
   1300.1586225739195        0.0000000000000000     
   1310.1586225739195        0.0000000000000000     
   1320.1586225739195        0.0000000000000000     
   1330.1586225739195        0.0000000000000000     
   1340.1586225739195        0.0000000000000000     
   1350.1586225739195        0.0000000000000000     
   1360.1586225739195        0.0000000000000000     
   1370.1586225739195        0.0000000000000000     
   1380.1586225739195        0.0000000000000000     
   1390.1586225739195        0.0000000000000000     
   1400.1586225739195        0.0000000000000000     
   1410.1586225739195        0.0000000000000000     
   1420.1586225739195        0.0000000000000000     
   1430.1586225739195        0.0000000000000000     
   1440.1586225739195        0.0000000000000000     
   1450.1586225739195        0.0000000000000000     
   1460.1586225739195        0.0000000000000000     
   1470.1586225739195        0.0000000000000000     
   1480.1586225739195        0.0000000000000000     
   1490.1586225739195        0.0000000000000000     
   1500.1586225739195        0.0000000000000000     
   1510.1586225739195        0.0000000000000000     
   1520.1586225739195        0.0000000000000000     
   1530.1586225739195        0.0000000000000000     
   1540.1586225739195        0.0000000000000000     
   1550.1586225739195        0.0000000000000000     
   1560.1586225739195        0.0000000000000000     
   1570.1586225739195        0.0000000000000000     
   1580.1586225739195        0.0000000000000000     
   1590.1586225739195        0.0000000000000000     
   1600.1586225739195        0.0000000000000000     
   1610.1586225739195        0.0000000000000000     
   1620.1586225739195        0.0000000000000000     
   1630.1586225739195        0.0000000000000000     
   1640.1586225739195        0.0000000000000000     
   1650.1586225739195        0.0000000000000000     
   1660.1586225739195        0.0000000000000000     
   1670.1586225739195        0.0000000000000000     
   1680.1586225739195        0.0000000000000000     
   1690.1586225739195        0.0000000000000000     
   1700.1586225739195        0.0000000000000000     
   1710.1586225739195        0.0000000000000000     
   1720.1586225739195        0.0000000000000000     
   1730.1586225739195        0.0000000000000000     
   1740.1586225739195        0.0000000000000000     
   1750.1586225739195        0.0000000000000000     
   1760.1586225739195        0.0000000000000000     
   1770.1586225739195        0.0000000000000000     
   1780.1586225739195        0.0000000000000000     
   1790.1586225739195        0.0000000000000000     
   1800.1586225739195        0.0000000000000000     
   1810.1586225739195        0.0000000000000000     
   1820.1586225739195        0.0000000000000000     
   1830.1586225739195        0.0000000000000000     
   1840.1586225739195        0.0000000000000000     
   1850.1586225739195        0.0000000000000000     
   1860.1586225739195        0.0000000000000000     
   1870.1586225739195        0.0000000000000000     
   1880.1586225739195        0.0000000000000000     
   1890.1586225739195        0.0000000000000000     
   1900.1586225739195        0.0000000000000000     
   1910.1586225739195        0.0000000000000000     
   1920.1586225739195        0.0000000000000000     
   1930.1586225739195        0.0000000000000000     
   1940.1586225739195        0.0000000000000000     
   1950.1586225739195        0.0000000000000000     
   1960.1586225739195        0.0000000000000000     
   1970.1586225739195        0.0000000000000000     
   1980.1586225739195        0.0000000000000000     
   1990.1586225739195        0.0000000000000000     
