#NSTP            DELTAT         TIME    POT. FLUX    ACT. FLUX    OVL. FLUX    RET. FLUX    SEEP FLUX    REC. FLUX     REC.VOL.
         1  1.00000E-02  1.00000E-02  0.00000E+00 -9.18446E-05  9.18446E-05  9.18446E-05  0.00000E+00  6.48851E-05  6.48851E-09
         2  5.00000E-03  1.50000E-02  0.00000E+00 -9.66310E-05  1.00240E-04  1.05139E-04  0.00000E+00  8.32788E-05  1.06525E-08
         3  5.50000E-03  2.05000E-02  0.00000E+00 -1.11191E-04  1.12012E-04  1.16227E-04  0.00000E+00  9.84001E-05  1.60645E-08
         4  6.05000E-03  2.65500E-02  0.00000E+00 -1.19738E-04  1.20478E-04  1.26328E-04  0.00000E+00  1.11978E-04  2.28391E-08
         5  6.65500E-03  3.32050E-02  0.00000E+00 -1.32095E-04  1.32696E-04  1.35476E-04  0.00000E+00  1.24603E-04  3.11315E-08
         6  3.32750E-03  3.65325E-02  0.00000E+00 -1.30172E-04  1.36641E-04  1.39707E-04  0.00000E+00  1.30542E-04  3.54752E-08
         7  3.66025E-03  4.01927E-02  0.00000E+00 -1.36000E-04  1.40722E-04  1.44138E-04  0.00000E+00  1.36599E-04  4.04751E-08
         8  3.66025E-03  4.38530E-02  0.00000E+00 -1.40473E-04  1.44337E-04  1.48323E-04  0.00000E+00  1.42319E-04  4.56843E-08
         9  4.02628E-03  4.78793E-02  0.00000E+00 -1.45563E-04  1.48159E-04  1.52588E-04  0.00000E+00  1.48210E-04  5.16517E-08
        10  4.02628E-03  5.19056E-02  0.00000E+00 -1.49713E-04  1.51659E-04  1.56544E-04  0.00000E+00  1.53786E-04  5.78435E-08
        11  4.02628E-03  5.59318E-02  0.00000E+00 -1.55317E-04  1.56759E-04  1.60264E-04  0.00000E+00  1.59133E-04  6.42507E-08
        12  2.01314E-03  5.79450E-02  0.00000E+00 -1.52906E-04  1.58279E-04  1.62067E-04  0.00000E+00  1.61681E-04  6.75056E-08
        13  2.21445E-03  6.01594E-02  0.00000E+00 -1.55999E-04  1.59879E-04  1.63993E-04  0.00000E+00  1.64467E-04  7.11476E-08
        14  2.43590E-03  6.25953E-02  0.00000E+00 -1.58526E-04  1.61559E-04  1.66065E-04  0.00000E+00  1.67447E-04  7.52265E-08
        15  2.67949E-03  6.52748E-02  0.00000E+00 -1.61181E-04  1.63531E-04  1.68281E-04  0.00000E+00  1.70620E-04  7.97982E-08
        16  2.67949E-03  6.79543E-02  0.00000E+00 -1.63262E-04  1.65411E-04  1.70440E-04  0.00000E+00  1.73706E-04  8.44526E-08
        17  2.67949E-03  7.06338E-02  0.00000E+00 -1.65305E-04  1.67264E-04  1.72536E-04  0.00000E+00  1.76710E-04  8.91875E-08
        18  2.67949E-03  7.33133E-02  0.00000E+00 -1.67248E-04  1.69064E-04  1.74564E-04  0.00000E+00  1.79635E-04  9.40008E-08
        19  2.67949E-03  7.59927E-02  0.00000E+00 -1.69996E-04  1.71662E-04  1.76542E-04  0.00000E+00  1.82464E-04  9.88899E-08
        20  2.67949E-03  7.86722E-02  0.00000E+00 -1.71394E-04  1.73429E-04  1.78467E-04  0.00000E+00  1.85229E-04  1.03853E-07
        21  2.67949E-03  8.13517E-02  0.00000E+00 -1.73881E-04  1.75561E-04  1.80346E-04  0.00000E+00  1.87920E-04  1.08888E-07
        22  2.67949E-03  8.40312E-02  0.00000E+00 -1.75584E-04  1.77218E-04  1.82176E-04  0.00000E+00  1.90552E-04  1.13994E-07
        23  2.67949E-03  8.67107E-02  0.00000E+00 -1.77760E-04  1.79066E-04  1.83980E-04  0.00000E+00  1.93124E-04  1.19169E-07
        24  2.67949E-03  8.93902E-02  0.00000E+00 -1.79428E-04  1.80648E-04  1.85752E-04  0.00000E+00  1.95638E-04  1.24411E-07
        25  2.67949E-03  9.20697E-02  0.00000E+00 -1.80966E-04  1.82018E-04  1.87491E-04  0.00000E+00  1.98110E-04  1.29719E-07
        26  2.94743E-03  9.50171E-02  0.00000E+00 -1.83043E-04  1.83872E-04  1.89353E-04  0.00000E+00  2.00753E-04  1.35636E-07
        27  2.94743E-03  9.79645E-02  0.00000E+00 -1.84283E-04  1.85299E-04  1.91169E-04  0.00000E+00  2.03349E-04  1.41630E-07
        28  3.24218E-03  1.01207E-01  0.00000E+00 -1.86437E-04  1.87290E-04  1.93116E-04  0.00000E+00  2.06118E-04  1.48313E-07
        29  3.24218E-03  1.04449E-01  0.00000E+00 -1.87906E-04  1.89007E-04  1.95011E-04  0.00000E+00  2.08813E-04  1.55083E-07
        30  3.24218E-03  1.07691E-01  0.00000E+00 -1.89319E-04  1.90457E-04  1.96862E-04  0.00000E+00  2.11458E-04  1.61939E-07
        31  3.56640E-03  1.11257E-01  0.00000E+00 -1.91444E-04  1.92388E-04  1.98855E-04  0.00000E+00  2.14275E-04  1.69581E-07
        32  3.56640E-03  1.14824E-01  0.00000E+00 -1.94207E-04  1.95350E-04  2.00796E-04  0.00000E+00  2.17016E-04  1.77320E-07
        33  3.56640E-03  1.18390E-01  0.00000E+00 -1.94938E-04  1.97071E-04  2.02693E-04  0.00000E+00  2.19654E-04  1.85154E-07
        34  3.56640E-03  1.21957E-01  0.00000E+00 -1.97280E-04  1.99213E-04  2.04544E-04  0.00000E+00  2.22239E-04  1.93080E-07
        35  3.56640E-03  1.25523E-01  0.00000E+00 -1.99355E-04  2.01344E-04  2.06343E-04  0.00000E+00  2.24755E-04  2.01096E-07
        36  3.56640E-03  1.29089E-01  0.00000E+00 -2.00940E-04  2.02968E-04  2.08098E-04  0.00000E+00  2.27207E-04  2.09199E-07
        37  3.56640E-03  1.32656E-01  0.00000E+00 -2.02656E-04  2.04353E-04  2.09809E-04  0.00000E+00  2.29612E-04  2.17388E-07
        38  3.92304E-03  1.36579E-01  0.00000E+00 -2.05085E-04  2.06287E-04  2.11638E-04  0.00000E+00  2.32166E-04  2.26495E-07
        39  3.92304E-03  1.40502E-01  0.00000E+00 -2.06569E-04  2.07929E-04  2.13433E-04  0.00000E+00  2.34649E-04  2.35701E-07
        40  3.92304E-03  1.44425E-01  0.00000E+00 -2.08205E-04  2.09554E-04  2.15178E-04  0.00000E+00  2.37068E-04  2.45001E-07
        41  3.92304E-03  1.48348E-01  0.00000E+00 -2.09734E-04  2.11158E-04  2.16878E-04  0.00000E+00  2.39419E-04  2.54394E-07
        42  3.92304E-03  1.52271E-01  0.00000E+00 -2.11752E-04  2.12178E-04  2.18528E-04  0.00000E+00  2.41703E-04  2.63876E-07
        43  3.92304E-03  1.56194E-01  0.00000E+00 -2.13613E-04  2.14212E-04  2.20132E-04  0.00000E+00  2.43920E-04  2.73445E-07
        44  3.92304E-03  1.60117E-01  0.00000E+00 -2.15017E-04  2.15736E-04  2.21696E-04  0.00000E+00  2.46074E-04  2.83098E-07
        45  3.92304E-03  1.64040E-01  0.00000E+00 -2.16305E-04  2.16994E-04  2.23217E-04  0.00000E+00  2.48188E-04  2.92835E-07
        46  4.31534E-03  1.68355E-01  0.00000E+00 -2.18658E-04  2.19169E-04  2.24844E-04  0.00000E+00  2.50411E-04  3.03641E-07
        47  4.31534E-03  1.72671E-01  0.00000E+00 -2.19819E-04  2.20725E-04  2.26425E-04  0.00000E+00  2.52573E-04  3.14540E-07
        48  4.31534E-03  1.76986E-01  0.00000E+00 -2.21215E-04  2.22019E-04  2.27964E-04  0.00000E+00  2.54690E-04  3.25531E-07
        49  4.74687E-03  1.81733E-01  0.00000E+00 -2.23082E-04  2.23619E-04  2.29604E-04  0.00000E+00  2.56931E-04  3.37727E-07
        50  4.74687E-03  1.86480E-01  0.00000E+00 -2.24694E-04  2.25169E-04  2.31189E-04  0.00000E+00  2.59093E-04  3.50026E-07
        51  4.74687E-03  1.91227E-01  0.00000E+00 -2.26281E-04  2.26880E-04  2.32720E-04  0.00000E+00  2.61177E-04  3.62424E-07
        52  4.74687E-03  1.95974E-01  0.00000E+00 -2.27351E-04  2.28145E-04  2.34204E-04  0.00000E+00  2.63203E-04  3.74918E-07
        53  5.22156E-03  2.01195E-01  0.00000E+00 -2.29063E-04  2.29691E-04  2.35793E-04  0.00000E+00  2.65346E-04  3.88773E-07
        54  5.22156E-03  2.06417E-01  0.00000E+00 -2.30793E-04  2.31481E-04  2.37325E-04  0.00000E+00  2.67405E-04  4.02736E-07
        55  5.22156E-03  2.11638E-01  0.00000E+00 -2.32027E-04  2.32961E-04  2.38804E-04  0.00000E+00  2.69386E-04  4.16802E-07
        56  5.22156E-03  2.16860E-01  0.00000E+00 -2.33376E-04  2.34392E-04  2.40229E-04  0.00000E+00  2.71302E-04  4.30968E-07
        57  5.22156E-03  2.22081E-01  0.00000E+00 -2.34548E-04  2.35575E-04  2.41605E-04  0.00000E+00  2.73157E-04  4.45231E-07
        58  5.74372E-03  2.27825E-01  0.00000E+00 -2.37632E-04  2.38458E-04  2.43062E-04  0.00000E+00  2.75106E-04  4.61032E-07
        59  5.74372E-03  2.33569E-01  0.00000E+00 -2.38138E-04  2.40245E-04  2.44461E-04  0.00000E+00  2.76914E-04  4.76937E-07
        60  5.74372E-03  2.39313E-01  0.00000E+00 -2.39205E-04  2.41159E-04  2.45805E-04  0.00000E+00  2.78712E-04  4.92946E-07
        61  6.31809E-03  2.45631E-01  0.00000E+00 -2.20896E-04  2.35378E-04  2.47232E-04  0.00000E+00  2.80678E-04  5.10679E-07
        62  6.31809E-03  2.51949E-01  0.00000E+00 -2.31038E-04  2.44103E-04  2.48596E-04  0.00000E+00  2.82494E-04  5.28527E-07
        63  6.31809E-03  2.58267E-01  0.00000E+00 -2.43235E-04  2.44379E-04  2.49909E-04  0.00000E+00  2.82695E-04  5.46388E-07
        64  6.94990E-03  2.65217E-01  0.00000E+00 -2.45715E-04  2.46560E-04  2.51259E-04  0.00000E+00  2.85964E-04  5.66263E-07
        65  6.94990E-03  2.72167E-01  0.00000E+00 -2.46875E-04  2.47930E-04  2.52555E-04  0.00000E+00  2.87678E-04  5.86256E-07
        66  6.94990E-03  2.79117E-01  0.00000E+00 -2.48007E-04  2.49035E-04  2.53791E-04  0.00000E+00  2.89315E-04  6.06363E-07
        67  7.64489E-03  2.86761E-01  0.00000E+00 -2.49641E-04  2.50383E-04  2.55078E-04  0.00000E+00  2.91007E-04  6.28610E-07
        68  7.64489E-03  2.94406E-01  0.00000E+00 -2.51108E-04  2.51849E-04  2.56298E-04  0.00000E+00  2.92602E-04  6.50979E-07
        69  7.64489E-03  3.02051E-01  0.00000E+00 -2.51991E-04  2.52896E-04  2.57453E-04  0.00000E+00  2.94127E-04  6.73465E-07
        70  8.40937E-03  3.10461E-01  0.00000E+00 -2.53461E-04  2.54140E-04  2.58649E-04  0.00000E+00  2.95700E-04  6.98331E-07
        71  8.40937E-03  3.18870E-01  0.00000E+00 -2.54657E-04  2.55332E-04  2.59776E-04  0.00000E+00  2.97183E-04  7.23323E-07
        72  8.40937E-03  3.27279E-01  0.00000E+00 -2.55772E-04  2.56474E-04  2.60837E-04  0.00000E+00  2.98580E-04  7.48431E-07
        73  8.40937E-03  3.35689E-01  0.00000E+00 -2.56618E-04  2.57386E-04  2.61837E-04  0.00000E+00  2.99910E-04  7.73652E-07
        74  9.25031E-03  3.44939E-01  0.00000E+00 -2.57811E-04  2.58044E-04  2.62867E-04  0.00000E+00  3.01248E-04  8.01518E-07
        75  1.01753E-02  3.55114E-01  0.00000E+00 -2.58974E-04  2.59102E-04  2.63920E-04  0.00000E+00  3.02672E-04  8.32316E-07
        76  1.11929E-02  3.66307E-01  0.00000E+00 -2.60843E-04  2.60888E-04  2.64990E-04  0.00000E+00  3.04053E-04  8.66348E-07
        77  1.11929E-02  3.77500E-01  0.00000E+00 -2.61576E-04  2.62117E-04  2.65978E-04  0.00000E+00  3.05333E-04  9.00524E-07
        78  1.11929E-02  3.88693E-01  0.00000E+00 -2.62430E-04  2.63125E-04  2.66892E-04  0.00000E+00  3.06510E-04  9.34831E-07
        79  1.11929E-02  3.99886E-01  0.00000E+00 -2.63200E-04  2.63903E-04  2.67736E-04  0.00000E+00  3.07618E-04  9.69263E-07
        80  1.23122E-02  4.12198E-01  0.00000E+00 -2.64195E-04  2.64683E-04  2.68586E-04  0.00000E+00  3.08727E-04  1.00727E-06
        81  1.35434E-02  4.25741E-01  0.00000E+00 -2.65143E-04  2.65460E-04  2.69434E-04  0.00000E+00  3.09829E-04  1.04923E-06
        82  1.48977E-02  4.40639E-01  0.00000E+00 -2.66280E-04  2.66466E-04  2.70273E-04  0.00000E+00  3.10898E-04  1.09555E-06
        83  1.48977E-02  4.55537E-01  0.00000E+00 -2.67146E-04  2.67461E-04  2.71026E-04  0.00000E+00  3.11845E-04  1.14201E-06
        84  1.48977E-02  4.70435E-01  0.00000E+00 -2.67630E-04  2.68083E-04  2.71702E-04  0.00000E+00  3.12707E-04  1.18860E-06
        85  1.63875E-02  4.86822E-01  0.00000E+00 -2.68380E-04  2.68686E-04  2.72365E-04  0.00000E+00  3.13542E-04  1.23998E-06
        86  1.80262E-02  5.04848E-01  0.00000E+00 -2.69050E-04  2.69265E-04  2.73005E-04  0.00000E+00  3.14337E-04  1.29664E-06
        87  1.98289E-02  5.24677E-01  0.00000E+00 -2.69828E-04  2.69965E-04  2.73614E-04  0.00000E+00  3.15065E-04  1.35911E-06
        88  1.98289E-02  5.44506E-01  0.00000E+00 -2.70219E-04  2.70437E-04  2.74141E-04  0.00000E+00  3.15704E-04  1.42171E-06
        89  2.18118E-02  5.66318E-01  0.00000E+00 -2.70736E-04  2.70874E-04  2.74635E-04  0.00000E+00  3.16282E-04  1.49070E-06
        90  2.39929E-02  5.90311E-01  0.00000E+00 -2.71375E-04  2.71453E-04  2.75090E-04  0.00000E+00  3.16663E-04  1.56668E-06
        91  2.39929E-02  6.14304E-01  0.00000E+00 -2.72262E-04  2.72486E-04  2.75476E-04  0.00000E+00  3.16803E-04  1.64269E-06
        92  2.39929E-02  6.38297E-01  0.00000E+00 -2.72066E-04  2.72896E-04  2.75796E-04  0.00000E+00  3.16907E-04  1.71872E-06
        93  2.39929E-02  6.62289E-01  0.00000E+00 -2.72250E-04  2.73118E-04  2.76063E-04  0.00000E+00  3.16996E-04  1.79478E-06
        94  2.63922E-02  6.88682E-01  0.00000E+00 -2.72742E-04  2.73450E-04  2.76300E-04  0.00000E+00  3.17018E-04  1.87845E-06
        95  2.63922E-02  7.15074E-01  0.00000E+00 -2.72843E-04  2.73599E-04  2.76492E-04  0.00000E+00  3.17025E-04  1.96212E-06
        96  2.90314E-02  7.44105E-01  0.00000E+00 -2.73102E-04  2.73718E-04  2.76656E-04  0.00000E+00  3.16981E-04  2.05414E-06
        97  3.19346E-02  7.76040E-01  0.00000E+00 -2.73431E-04  2.73936E-04  2.76790E-04  0.00000E+00  3.16870E-04  2.15533E-06
        98  3.19346E-02  8.07975E-01  0.00000E+00 -2.73423E-04  2.73992E-04  2.76891E-04  0.00000E+00  3.16750E-04  2.25649E-06
        99  3.51280E-02  8.43103E-01  0.00000E+00 -2.73562E-04  2.74021E-04  2.76966E-04  0.00000E+00  3.16809E-04  2.36778E-06
       100  3.86409E-02  8.81743E-01  0.00000E+00 -2.73657E-04  2.74022E-04  2.77017E-04  0.00000E+00  3.16253E-04  2.48998E-06
       101  4.25049E-02  9.24248E-01  0.00000E+00 -2.73701E-04  2.73997E-04  2.77043E-04  0.00000E+00  3.15736E-04  2.62418E-06
       102  4.67554E-02  9.71004E-01  0.00000E+00 -2.73701E-04  2.73945E-04  2.77047E-04  0.00000E+00  3.15216E-04  2.77156E-06
       103  5.14310E-02  1.02243E+00  0.00000E+00 -2.73669E-04  2.73868E-04  2.77030E-04  0.00000E+00  3.14333E-04  2.93323E-06
       104  5.65741E-02  1.07901E+00  0.00000E+00 -2.73608E-04  2.73768E-04  2.76993E-04  0.00000E+00  3.13449E-04  3.11056E-06
       105  6.22315E-02  1.14124E+00  0.00000E+00 -2.73659E-04  2.73785E-04  2.76935E-04  0.00000E+00  3.11166E-04  3.30420E-06
       106  6.22315E-02  1.20347E+00  0.00000E+00 -2.74006E-04  2.74229E-04  2.76863E-04  0.00000E+00  3.08284E-04  3.49605E-06
       107  6.22315E-02  1.26570E+00  0.00000E+00 -2.73511E-04  2.74220E-04  2.76789E-04  0.00000E+00  3.05231E-04  3.68600E-06
       108  6.22315E-02  1.32793E+00  0.00000E+00 -2.73327E-04  2.74091E-04  2.76715E-04  0.00000E+00  3.02581E-04  3.87430E-06
       109  6.84546E-02  1.39639E+00  0.00000E+00 -2.73307E-04  2.73948E-04  2.76630E-04  0.00000E+00  3.00997E-04  4.08035E-06
       110  7.53001E-02  1.47169E+00  0.00000E+00 -2.73396E-04  2.73936E-04  2.76533E-04  0.00000E+00  2.98015E-04  4.30475E-06
       111  7.53001E-02  1.54699E+00  0.00000E+00 -2.73134E-04  2.73784E-04  2.76441E-04  0.00000E+00  2.95893E-04  4.52756E-06
       112  8.28301E-02  1.62982E+00  0.00000E+00 -2.73066E-04  2.73619E-04  2.76341E-04  0.00000E+00  2.94250E-04  4.77129E-06
       113  9.11131E-02  1.72093E+00  0.00000E+00 -2.73195E-04  2.73668E-04  2.76234E-04  0.00000E+00  2.92493E-04  5.03779E-06
       114  9.11131E-02  1.81205E+00  0.00000E+00 -2.72823E-04  2.73498E-04  2.76131E-04  0.00000E+00  2.90809E-04  5.30275E-06
       115  1.00224E-01  1.91227E+00  0.00000E+00 -2.73038E-04  2.73628E-04  2.76013E-04  0.00000E+00  2.89682E-04  5.59309E-06
       116  1.00224E-01  2.01249E+00  0.00000E+00 -2.72754E-04  2.73640E-04  2.75899E-04  0.00000E+00  2.88981E-04  5.88271E-06
       117  1.00224E-01  2.11272E+00  0.00000E+00 -2.72607E-04  2.73591E-04  2.75790E-04  0.00000E+00  2.86601E-04  6.16996E-06
       118  1.00224E-01  2.21294E+00  0.00000E+00 -2.72395E-04  2.73428E-04  2.75687E-04  0.00000E+00  2.83723E-04  6.45432E-06
       119  1.10247E-01  2.32319E+00  0.00000E+00 -2.72376E-04  2.73250E-04  2.75577E-04  0.00000E+00  2.80402E-04  6.76345E-06
       120  1.21272E-01  2.44446E+00  0.00000E+00 -2.72310E-04  2.73058E-04  2.75458E-04  0.00000E+00  2.77011E-04  7.09939E-06
       121  1.33399E-01  2.57786E+00  0.00000E+00 -2.72390E-04  2.73066E-04  2.75327E-04  0.00000E+00  2.74645E-04  7.46576E-06
       122  1.33399E-01  2.71126E+00  0.00000E+00 -2.71986E-04  2.72868E-04  2.75204E-04  0.00000E+00  2.71382E-04  7.82778E-06
       123  1.46739E-01  2.85800E+00  0.00000E+00 -2.72176E-04  2.72976E-04  2.75061E-04  0.00000E+00  2.68904E-04  8.22237E-06
       124  1.46739E-01  3.00474E+00  0.00000E+00 -2.71659E-04  2.72777E-04  2.74934E-04  0.00000E+00  2.66900E-04  8.61401E-06
       125  1.61412E-01  3.16615E+00  0.00000E+00 -2.71558E-04  2.72560E-04  2.74798E-04  0.00000E+00  2.63958E-04  9.04007E-06
       126  1.77554E-01  3.34370E+00  0.00000E+00 -2.71684E-04  2.72585E-04  2.74643E-04  0.00000E+00  2.62438E-04  9.50604E-06
       127  1.77554E-01  3.52126E+00  0.00000E+00 -2.71234E-04  2.72369E-04  2.74499E-04  0.00000E+00  2.59715E-04  9.96717E-06
       128  1.95309E-01  3.71657E+00  0.00000E+00 -2.71124E-04  2.72134E-04  2.74344E-04  0.00000E+00  2.57908E-04  1.04709E-05
       129  2.14840E-01  3.93141E+00  0.00000E+00 -2.70978E-04  2.71880E-04  2.74180E-04  0.00000E+00  2.55283E-04  1.10193E-05
       130  2.36324E-01  4.16773E+00  0.00000E+00 -2.71002E-04  2.71811E-04  2.73997E-04  0.00000E+00  2.51911E-04  1.16147E-05
       131  2.36324E-01  4.40405E+00  0.00000E+00 -2.70549E-04  2.71555E-04  2.73831E-04  0.00000E+00  2.48758E-04  1.22025E-05
       132  2.59956E-01  4.66401E+00  0.00000E+00 -2.70384E-04  2.71278E-04  2.73652E-04  0.00000E+00  2.46544E-04  1.28435E-05
       133  2.85952E-01  4.94996E+00  0.00000E+00 -2.70327E-04  2.71124E-04  2.73452E-04  0.00000E+00  2.42912E-04  1.35381E-05
       134  2.85952E-01  5.23591E+00  0.00000E+00 -2.69932E-04  2.70842E-04  2.73268E-04  0.00000E+00  2.40681E-04  1.42263E-05
       135  3.14547E-01  5.55046E+00  0.00000E+00 -2.69731E-04  2.70538E-04  2.73075E-04  0.00000E+00  2.37948E-04  1.49748E-05
       136  3.46002E-01  5.89646E+00  0.00000E+00 -2.69491E-04  2.70213E-04  2.72871E-04  0.00000E+00  2.34439E-04  1.57859E-05
       137  3.80602E-01  6.27706E+00  0.00000E+00 -2.69393E-04  2.70036E-04  2.72643E-04  0.00000E+00  2.31507E-04  1.66670E-05
       138  3.80602E-01  6.65767E+00  0.00000E+00 -2.68901E-04  2.69709E-04  2.72434E-04  0.00000E+00  2.29181E-04  1.75393E-05
       139  4.18662E-01  7.07633E+00  0.00000E+00 -2.69462E-04  2.70167E-04  2.72153E-04  0.00000E+00  2.25981E-04  1.84854E-05
       140  4.18662E-01  7.49499E+00  0.00000E+00 -2.68345E-04  2.69856E-04  2.71944E-04  0.00000E+00  2.22980E-04  1.94189E-05
       141  4.60528E-01  7.95552E+00  0.00000E+00 -2.68176E-04  2.69517E-04  2.71719E-04  0.00000E+00  2.21140E-04  2.04373E-05
       142  5.06581E-01  8.46210E+00  0.00000E+00 -2.67948E-04  2.69151E-04  2.71483E-04  0.00000E+00  2.17970E-04  2.15415E-05
       143  5.57239E-01  9.01934E+00  0.00000E+00 -2.68315E-04  2.69392E-04  2.71204E-04  0.00000E+00  2.16710E-04  2.27491E-05
       144  5.57239E-01  9.57658E+00  0.00000E+00 -2.67350E-04  2.69029E-04  2.70966E-04  0.00000E+00  2.14661E-04  2.39453E-05
       145  6.12963E-01  1.01895E+01  0.00000E+00 -2.67145E-04  2.68637E-04  2.70713E-04  0.00000E+00  2.11679E-04  2.52428E-05
       146  6.74260E-01  1.08638E+01  0.00000E+00 -2.67249E-04  2.68571E-04  2.70419E-04  0.00000E+00  2.09644E-04  2.66564E-05
       147  6.74260E-01  1.15381E+01  0.00000E+00 -2.66542E-04  2.68183E-04  2.70167E-04  0.00000E+00  2.08947E-04  2.80652E-05
       148  7.41686E-01  1.22797E+01  0.00000E+00 -2.66327E-04  2.67761E-04  2.69900E-04  0.00000E+00  2.06138E-04  2.95941E-05
       149  8.15854E-01  1.30956E+01  0.00000E+00 -2.66060E-04  2.67303E-04  2.69613E-04  0.00000E+00  2.05529E-04  3.12709E-05
       150  8.97440E-01  1.39930E+01  0.00000E+00 -2.65742E-04  2.66814E-04  2.69306E-04  0.00000E+00  2.05156E-04  3.31121E-05
       151  9.87184E-01  1.49802E+01  0.00000E+00 -2.65369E-04  2.66293E-04  2.68979E-04  0.00000E+00  2.04469E-04  3.51306E-05
       152  1.08590E+00  1.60661E+01  0.00000E+00 -2.64945E-04  2.65746E-04  2.68636E-04  0.00000E+00  2.06959E-04  3.73779E-05
       153  1.19449E+00  1.72606E+01  0.00000E+00 -2.64660E-04  2.65352E-04  2.68267E-04  0.00000E+00  2.07034E-04  3.98509E-05
       154  1.19449E+00  1.84551E+01  0.00000E+00 -2.64163E-04  2.64990E-04  2.67940E-04  0.00000E+00  2.07153E-04  4.23254E-05
       155  1.19449E+00  1.96496E+01  0.00000E+00 -2.63549E-04  2.64494E-04  2.67652E-04  0.00000E+00  2.06159E-04  4.47879E-05
       156  1.31394E+00  2.09635E+01  0.00000E+00 -2.63184E-04  2.63957E-04  2.67338E-04  0.00000E+00  2.05886E-04  4.74931E-05
       157  1.44534E+00  2.24089E+01  0.00000E+00 -2.62766E-04  2.63380E-04  2.67000E-04  0.00000E+00  2.08947E-04  5.05131E-05
       158  1.58987E+00  2.39988E+01  0.00000E+00 -2.62566E-04  2.63041E-04  2.66583E-04  0.00000E+00  2.08785E-04  5.38325E-05
       159  1.58987E+00  2.55886E+01  0.00000E+00 -2.61764E-04  2.62481E-04  2.66261E-04  0.00000E+00  2.09361E-04  5.71611E-05
       160  1.74886E+00  2.73375E+01  0.00000E+00 -2.62114E-04  2.62697E-04  2.65796E-04  0.00000E+00  2.08798E-04  6.08127E-05
       161  1.74886E+00  2.90863E+01  0.00000E+00 -2.60754E-04  2.62193E-04  2.65494E-04  0.00000E+00  2.07456E-04  6.44408E-05
       162  1.92374E+00  3.10101E+01  0.00000E+00 -2.60425E-04  2.61618E-04  2.65152E-04  0.00000E+00  2.06661E-04  6.84164E-05
       163  2.11612E+00  3.31262E+01  0.00000E+00 -2.60469E-04  2.61445E-04  2.64691E-04  0.00000E+00  2.03926E-04  7.27317E-05
       164  2.11612E+00  3.52423E+01  0.00000E+00 -2.59465E-04  2.60885E-04  2.64339E-04  0.00000E+00  2.05177E-04  7.70735E-05
       165  2.32773E+00  3.75700E+01  0.00000E+00 -2.59064E-04  2.60259E-04  2.63948E-04  0.00000E+00  2.03895E-04  8.18196E-05
       166  2.56050E+00  4.01305E+01  0.00000E+00 -2.58561E-04  2.59575E-04  2.63539E-04  0.00000E+00  2.05461E-04  8.70805E-05
       167  2.81655E+00  4.29471E+01  0.00000E+00 -2.58004E-04  2.58852E-04  2.63119E-04  0.00000E+00  2.03671E-04  9.28169E-05
       168  3.09821E+00  4.60453E+01  0.00000E+00 -2.57592E-04  2.58285E-04  2.62629E-04  0.00000E+00  2.05654E-04  9.91885E-05
       169  3.40803E+00  4.94533E+01  0.00000E+00 -2.57351E-04  2.58093E-04  2.62079E-04  0.00000E+00  2.04023E-04  1.06142E-04
       170  3.40803E+00  5.28613E+01  0.00000E+00 -2.56143E-04  2.57414E-04  2.61668E-04  0.00000E+00  2.03676E-04  1.13083E-04
       171  3.74883E+00  5.66102E+01  0.00000E+00 -2.56084E-04  2.57082E-04  2.61088E-04  0.00000E+00  2.03794E-04  1.20723E-04
       172  4.12371E+00  6.07339E+01  0.00000E+00 -2.55420E-04  2.56631E-04  2.60513E-04  0.00000E+00  2.04372E-04  1.29151E-04
       173  4.53608E+00  6.52700E+01  0.00000E+00 -2.54539E-04  2.55825E-04  2.59981E-04  0.00000E+00  2.03324E-04  1.38374E-04
       174  4.53608E+00  6.98060E+01  0.00000E+00 -2.53893E-04  2.55034E-04  2.59466E-04  0.00000E+00  2.04392E-04  1.47645E-04
       175  4.98969E+00  7.47957E+01  0.00000E+00 -2.53896E-04  2.54810E-04  2.58793E-04  0.00000E+00  2.03888E-04  1.57818E-04
       176  4.98969E+00  7.97854E+01  0.00000E+00 -2.52708E-04  2.54287E-04  2.58229E-04  0.00000E+00  2.05271E-04  1.68061E-04
       177  5.48866E+00  8.52741E+01  0.00000E+00 -2.51917E-04  2.53476E-04  2.57685E-04  0.00000E+00  2.05189E-04  1.79323E-04
       178  6.03753E+00  9.13116E+01  0.00000E+00 -2.51533E-04  2.52815E-04  2.56986E-04  0.00000E+00  2.05659E-04  1.91740E-04
       179  6.64128E+00  9.79529E+01  0.00000E+00 -2.50539E-04  2.51860E-04  2.56333E-04  0.00000E+00  2.07331E-04  2.05509E-04
       180  7.30541E+00  1.05258E+02  0.00000E+00 -2.49969E-04  2.51017E-04  2.55575E-04  0.00000E+00  2.06373E-04  2.20585E-04
       181  8.03595E+00  1.13294E+02  0.00000E+00 -2.49445E-04  2.50500E-04  2.54703E-04  0.00000E+00  2.07004E-04  2.37220E-04
       182  8.83954E+00  1.22134E+02  0.00000E+00 -2.47949E-04  2.49486E-04  2.54039E-04  0.00000E+00  2.06732E-04  2.55494E-04
       183  9.72350E+00  1.31857E+02  0.00000E+00 -2.47318E-04  2.48568E-04  2.53156E-04  0.00000E+00  2.04237E-04  2.75353E-04
       184  1.00000E+01  1.41857E+02  0.00000E+00 -2.46403E-04  2.47823E-04  2.52337E-04  0.00000E+00  2.01543E-04  2.95508E-04
       185  1.00000E+01  1.51857E+02  0.00000E+00 -2.45325E-04  2.47042E-04  2.51611E-04  0.00000E+00  2.02476E-04  3.15755E-04
       186  1.00000E+01  1.61857E+02  0.00000E+00 -2.44498E-04  2.46333E-04  2.50896E-04  0.00000E+00  2.01259E-04  3.35881E-04
       187  1.00000E+01  1.71857E+02  0.00000E+00 -2.43436E-04  2.45419E-04  2.50297E-04  0.00000E+00  2.00968E-04  3.55978E-04
       188  1.00000E+01  1.81857E+02  0.00000E+00 -2.42706E-04  2.44435E-04  2.49679E-04  0.00000E+00  2.01038E-04  3.76082E-04
       189  1.00000E+01  1.91857E+02  0.00000E+00 -2.41902E-04  2.43447E-04  2.49063E-04  0.00000E+00  2.00197E-04  3.96101E-04
       190  5.00000E+00  1.96857E+02  0.00000E+00 -2.40460E-04  2.42762E-04  2.48991E-04  0.00000E+00  2.00043E-04  4.06104E-04
       191  5.50000E+00  2.02357E+02  0.00000E+00 -2.40552E-04  2.42418E-04  2.48690E-04  0.00000E+00  1.99238E-04  4.17062E-04
       192  6.05000E+00  2.08407E+02  0.00000E+00 -2.40636E-04  2.42161E-04  2.48260E-04  0.00000E+00  1.99794E-04  4.29149E-04
       193  6.65500E+00  2.15062E+02  0.00000E+00 -2.39919E-04  2.41519E-04  2.47856E-04  0.00000E+00  1.98941E-04  4.42389E-04
       194  6.65500E+00  2.21717E+02  0.00000E+00 -2.39438E-04  2.40885E-04  2.47471E-04  0.00000E+00  1.99298E-04  4.55652E-04
       195  7.32050E+00  2.29038E+02  0.00000E+00 -2.38999E-04  2.40162E-04  2.47042E-04  0.00000E+00  1.98364E-04  4.70173E-04
       196  8.05255E+00  2.37090E+02  0.00000E+00 -2.38776E-04  2.39688E-04  2.46473E-04  0.00000E+00  1.98693E-04  4.86173E-04
       197  8.85781E+00  2.45948E+02  0.00000E+00 -2.38597E-04  2.39613E-04  2.45716E-04  0.00000E+00  1.96291E-04  5.03560E-04
       198  9.74359E+00  2.55692E+02  0.00000E+00 -2.38078E-04  2.39671E-04  2.45061E-04  0.00000E+00  1.97374E-04  5.22792E-04
       199  9.74359E+00  2.65435E+02  0.00000E+00 -2.37122E-04  2.39192E-04  2.44474E-04  0.00000E+00  1.99045E-04  5.42186E-04
       200  1.00000E+01  2.75435E+02  0.00000E+00 -2.36328E-04  2.38425E-04  2.43960E-04  0.00000E+00  1.98640E-04  5.62050E-04
       201  1.00000E+01  2.85435E+02  0.00000E+00 -2.35823E-04  2.37597E-04  2.43430E-04  0.00000E+00  1.96959E-04  5.81746E-04
       202  1.00000E+01  2.95435E+02  0.00000E+00 -2.35540E-04  2.37026E-04  2.42805E-04  0.00000E+00  1.96136E-04  6.01359E-04
       203  1.00000E+01  3.05435E+02  0.00000E+00 -2.34647E-04  2.36284E-04  2.42335E-04  0.00000E+00  1.97629E-04  6.21122E-04
       204  1.00000E+01  3.15435E+02  0.00000E+00 -2.35458E-04  2.36831E-04  2.41499E-04  0.00000E+00  1.94644E-04  6.40587E-04
       205  1.00000E+01  3.25435E+02  0.00000E+00 -2.33496E-04  2.36311E-04  2.41144E-04  0.00000E+00  1.94121E-04  6.59999E-04
       206  1.00000E+01  3.35435E+02  0.00000E+00 -2.33171E-04  2.35625E-04  2.40716E-04  0.00000E+00  1.95412E-04  6.79540E-04
       207  1.00000E+01  3.45435E+02  0.00000E+00 -2.32734E-04  2.34866E-04  2.40259E-04  0.00000E+00  1.94923E-04  6.99032E-04
       208  1.00000E+01  3.55435E+02  0.00000E+00 -2.32261E-04  2.34100E-04  2.39803E-04  0.00000E+00  1.93874E-04  7.18420E-04
       209  1.00000E+01  3.65435E+02  0.00000E+00 -2.31778E-04  2.33349E-04  2.39361E-04  0.00000E+00  1.94020E-04  7.37822E-04
       210  1.00000E+01  3.75435E+02  0.00000E+00 -2.31249E-04  2.32618E-04  2.38930E-04  0.00000E+00  1.91865E-04  7.57008E-04
       211  1.00000E+01  3.85435E+02  0.00000E+00 -2.30717E-04  2.31901E-04  2.38505E-04  0.00000E+00  1.92001E-04  7.76208E-04
       212  1.00000E+01  3.95435E+02  0.00000E+00 -2.30165E-04  2.31211E-04  2.38091E-04  0.00000E+00  1.90700E-04  7.95278E-04
       213  1.00000E+01  4.05435E+02  0.00000E+00 -2.29949E-04  2.30869E-04  2.37565E-04  0.00000E+00  1.91730E-04  8.14451E-04
       214  1.00000E+01  4.15435E+02  0.00000E+00 -2.29068E-04  2.30292E-04  2.37208E-04  0.00000E+00  1.90694E-04  8.33521E-04
       215  1.00000E+01  4.25435E+02  0.00000E+00 -2.28593E-04  2.29678E-04  2.36822E-04  0.00000E+00  1.91553E-04  8.52676E-04
       216  1.00000E+01  4.35435E+02  0.00000E+00 -2.28411E-04  2.29363E-04  2.36310E-04  0.00000E+00  1.90473E-04  8.71723E-04
       217  1.00000E+01  4.45435E+02  0.00000E+00 -2.27580E-04  2.28837E-04  2.35972E-04  0.00000E+00  1.90644E-04  8.90788E-04
       218  1.00000E+01  4.55435E+02  0.00000E+00 -2.27167E-04  2.28249E-04  2.35601E-04  0.00000E+00  1.89432E-04  9.09731E-04
       219  1.00000E+01  4.65435E+02  0.00000E+00 -2.26688E-04  2.27638E-04  2.35216E-04  0.00000E+00  1.88816E-04  9.28612E-04
       220  1.00000E+01  4.75435E+02  0.00000E+00 -2.26180E-04  2.27029E-04  2.34832E-04  0.00000E+00  1.90236E-04  9.47636E-04
       221  1.00000E+01  4.85435E+02  0.00000E+00 -2.26378E-04  2.27130E-04  2.34280E-04  0.00000E+00  1.89085E-04  9.66545E-04
       222  1.00000E+01  4.95435E+02  0.00000E+00 -2.25115E-04  2.26725E-04  2.34002E-04  0.00000E+00  1.89524E-04  9.85497E-04
       223  1.00000E+01  5.05435E+02  0.00000E+00 -2.25676E-04  2.27092E-04  2.33456E-04  0.00000E+00  1.87217E-04  1.00422E-03
       224  1.00000E+01  5.15435E+02  0.00000E+00 -2.24323E-04  2.26702E-04  2.33182E-04  0.00000E+00  1.88188E-04  1.02304E-03
