# NSTEP            DELTAT              TIME  NET SEEPFACE VOL  NET SEEPFACE FLX
      1      1.000000000E-02      1.000000000E-02      0.000000000E+00      0.000000000E+00
      2      5.000000000E-03      1.500000000E-02      0.000000000E+00      0.000000000E+00
      3      5.500000000E-03      2.050000000E-02      0.000000000E+00      0.000000000E+00
      4      6.050000000E-03      2.655000000E-02      0.000000000E+00      0.000000000E+00
      5      6.655000000E-03      3.320500000E-02      0.000000000E+00      0.000000000E+00
      6      3.327500000E-03      3.653250000E-02      0.000000000E+00      0.000000000E+00
      7      3.660250000E-03      4.019275000E-02      0.000000000E+00      0.000000000E+00
      8      3.660250000E-03      4.385300000E-02      0.000000000E+00      0.000000000E+00
      9      4.026275000E-03      4.787927500E-02      0.000000000E+00      0.000000000E+00
     10      4.026275000E-03      5.190555000E-02      0.000000000E+00      0.000000000E+00
     11      4.026275000E-03      5.593182500E-02      0.000000000E+00      0.000000000E+00
     12      2.013137500E-03      5.794496250E-02      0.000000000E+00      0.000000000E+00
     13      2.214451250E-03      6.015941375E-02      0.000000000E+00      0.000000000E+00
     14      2.435896375E-03      6.259531013E-02      0.000000000E+00      0.000000000E+00
     15      2.679486013E-03      6.527479614E-02      0.000000000E+00      0.000000000E+00
     16      2.679486013E-03      6.795428215E-02      0.000000000E+00      0.000000000E+00
     17      2.679486013E-03      7.063376816E-02      0.000000000E+00      0.000000000E+00
     18      2.679486013E-03      7.331325417E-02      0.000000000E+00      0.000000000E+00
     19      2.679486013E-03      7.599274019E-02      0.000000000E+00      0.000000000E+00
     20      2.679486013E-03      7.867222620E-02      0.000000000E+00      0.000000000E+00
     21      2.679486013E-03      8.135171221E-02      0.000000000E+00      0.000000000E+00
     22      2.679486013E-03      8.403119822E-02      0.000000000E+00      0.000000000E+00
     23      2.679486013E-03      8.671068424E-02      0.000000000E+00      0.000000000E+00
     24      2.679486013E-03      8.939017025E-02      0.000000000E+00      0.000000000E+00
     25      2.679486013E-03      9.206965626E-02      0.000000000E+00      0.000000000E+00
     26      2.947434614E-03      9.501709088E-02      0.000000000E+00      0.000000000E+00
     27      2.947434614E-03      9.796452549E-02      0.000000000E+00      0.000000000E+00
     28      3.242178075E-03      1.012067036E-01      0.000000000E+00      0.000000000E+00
     29      3.242178075E-03      1.044488816E-01      0.000000000E+00      0.000000000E+00
     30      3.242178075E-03      1.076910597E-01      0.000000000E+00      0.000000000E+00
     31      3.566395883E-03      1.112574556E-01      0.000000000E+00      0.000000000E+00
     32      3.566395883E-03      1.148238515E-01      0.000000000E+00      0.000000000E+00
     33      3.566395883E-03      1.183902474E-01      0.000000000E+00      0.000000000E+00
     34      3.566395883E-03      1.219566432E-01      0.000000000E+00      0.000000000E+00
     35      3.566395883E-03      1.255230391E-01      0.000000000E+00      0.000000000E+00
     36      3.566395883E-03      1.290894350E-01      0.000000000E+00      0.000000000E+00
     37      3.566395883E-03      1.326558309E-01      0.000000000E+00      0.000000000E+00
     38      3.923035471E-03      1.365788664E-01      0.000000000E+00      0.000000000E+00
     39      3.923035471E-03      1.405019018E-01      0.000000000E+00      0.000000000E+00
     40      3.923035471E-03      1.444249373E-01      0.000000000E+00      0.000000000E+00
     41      3.923035471E-03      1.483479728E-01      0.000000000E+00      0.000000000E+00
     42      3.923035471E-03      1.522710082E-01      0.000000000E+00      0.000000000E+00
     43      3.923035471E-03      1.561940437E-01      0.000000000E+00      0.000000000E+00
     44      3.923035471E-03      1.601170792E-01      0.000000000E+00      0.000000000E+00
     45      3.923035471E-03      1.640401147E-01      0.000000000E+00      0.000000000E+00
     46      4.315339018E-03      1.683554537E-01      0.000000000E+00      0.000000000E+00
     47      4.315339018E-03      1.726707927E-01      0.000000000E+00      0.000000000E+00
     48      4.315339018E-03      1.769861317E-01      0.000000000E+00      0.000000000E+00
     49      4.746872920E-03      1.817330046E-01      0.000000000E+00      0.000000000E+00
     50      4.746872920E-03      1.864798776E-01      0.000000000E+00      0.000000000E+00
     51      4.746872920E-03      1.912267505E-01      0.000000000E+00      0.000000000E+00
     52      4.746872920E-03      1.959736234E-01      0.000000000E+00      0.000000000E+00
     53      5.221560212E-03      2.011951836E-01      0.000000000E+00      0.000000000E+00
     54      5.221560212E-03      2.064167438E-01      0.000000000E+00      0.000000000E+00
     55      5.221560212E-03      2.116383040E-01      0.000000000E+00      0.000000000E+00
     56      5.221560212E-03      2.168598642E-01      0.000000000E+00      0.000000000E+00
     57      5.221560212E-03      2.220814245E-01      0.000000000E+00      0.000000000E+00
     58      5.743716233E-03      2.278251407E-01      0.000000000E+00      0.000000000E+00
     59      5.743716233E-03      2.335688569E-01      0.000000000E+00      0.000000000E+00
     60      5.743716233E-03      2.393125732E-01      0.000000000E+00      0.000000000E+00
     61      6.318087856E-03      2.456306610E-01      0.000000000E+00      0.000000000E+00
     62      6.318087856E-03      2.519487489E-01      0.000000000E+00      0.000000000E+00
     63      6.318087856E-03      2.582668367E-01      0.000000000E+00      0.000000000E+00
     64      6.949896642E-03      2.652167334E-01      0.000000000E+00      0.000000000E+00
     65      6.949896642E-03      2.721666300E-01      0.000000000E+00      0.000000000E+00
     66      6.949896642E-03      2.791165266E-01      0.000000000E+00      0.000000000E+00
     67      7.644886306E-03      2.867614130E-01      0.000000000E+00      0.000000000E+00
     68      7.644886306E-03      2.944062993E-01      0.000000000E+00      0.000000000E+00
     69      7.644886306E-03      3.020511856E-01      0.000000000E+00      0.000000000E+00
     70      8.409374937E-03      3.104605605E-01      0.000000000E+00      0.000000000E+00
     71      8.409374937E-03      3.188699354E-01      0.000000000E+00      0.000000000E+00
     72      8.409374937E-03      3.272793104E-01      0.000000000E+00      0.000000000E+00
     73      8.409374937E-03      3.356886853E-01      0.000000000E+00      0.000000000E+00
     74      9.250312430E-03      3.449389977E-01      0.000000000E+00      0.000000000E+00
     75      1.017534367E-02      3.551143414E-01      0.000000000E+00      0.000000000E+00
     76      1.119287804E-02      3.663072195E-01      0.000000000E+00      0.000000000E+00
     77      1.119287804E-02      3.775000975E-01      0.000000000E+00      0.000000000E+00
     78      1.119287804E-02      3.886929755E-01      0.000000000E+00      0.000000000E+00
     79      1.119287804E-02      3.998858536E-01      0.000000000E+00      0.000000000E+00
     80      1.231216584E-02      4.121980194E-01      0.000000000E+00      0.000000000E+00
     81      1.354338243E-02      4.257414019E-01      0.000000000E+00      0.000000000E+00
     82      1.489772067E-02      4.406391225E-01      0.000000000E+00      0.000000000E+00
     83      1.489772067E-02      4.555368432E-01      0.000000000E+00      0.000000000E+00
     84      1.489772067E-02      4.704345639E-01      0.000000000E+00      0.000000000E+00
     85      1.638749274E-02      4.868220566E-01      0.000000000E+00      0.000000000E+00
     86      1.802624201E-02      5.048482986E-01      0.000000000E+00      0.000000000E+00
     87      1.982886621E-02      5.246771648E-01      0.000000000E+00      0.000000000E+00
     88      1.982886621E-02      5.445060310E-01      0.000000000E+00      0.000000000E+00
     89      2.181175284E-02      5.663177839E-01      0.000000000E+00      0.000000000E+00
     90      2.399292812E-02      5.903107120E-01      0.000000000E+00      0.000000000E+00
     91      2.399292812E-02      6.143036401E-01      0.000000000E+00      0.000000000E+00
     92      2.399292812E-02      6.382965682E-01      0.000000000E+00      0.000000000E+00
     93      2.399292812E-02      6.622894964E-01      0.000000000E+00      0.000000000E+00
     94      2.639222093E-02      6.886817173E-01      0.000000000E+00      0.000000000E+00
     95      2.639222093E-02      7.150739382E-01      0.000000000E+00      0.000000000E+00
     96      2.903144302E-02      7.441053813E-01      0.000000000E+00      0.000000000E+00
     97      3.193458733E-02      7.760399686E-01      0.000000000E+00      0.000000000E+00
     98      3.193458733E-02      8.079745559E-01      0.000000000E+00      0.000000000E+00
     99      3.512804606E-02      8.431026020E-01      0.000000000E+00      0.000000000E+00
    100      3.864085067E-02      8.817434526E-01      0.000000000E+00      0.000000000E+00
    101      4.250493573E-02      9.242483884E-01      0.000000000E+00      0.000000000E+00
    102      4.675542931E-02      9.710038177E-01      0.000000000E+00      0.000000000E+00
    103      5.143097224E-02      1.022434790E+00      0.000000000E+00      0.000000000E+00
    104      5.657406946E-02      1.079008859E+00      0.000000000E+00      0.000000000E+00
    105      6.223147641E-02      1.141240336E+00      0.000000000E+00      0.000000000E+00
    106      6.223147641E-02      1.203471812E+00      0.000000000E+00      0.000000000E+00
    107      6.223147641E-02      1.265703289E+00      0.000000000E+00      0.000000000E+00
    108      6.223147641E-02      1.327934765E+00      0.000000000E+00      0.000000000E+00
    109      6.845462405E-02      1.396389389E+00      0.000000000E+00      0.000000000E+00
    110      7.530008645E-02      1.471689475E+00      0.000000000E+00      0.000000000E+00
    111      7.530008645E-02      1.546989562E+00      0.000000000E+00      0.000000000E+00
    112      8.283009510E-02      1.629819657E+00      0.000000000E+00      0.000000000E+00
    113      9.111310461E-02      1.720932762E+00      0.000000000E+00      0.000000000E+00
    114      9.111310461E-02      1.812045866E+00      0.000000000E+00      0.000000000E+00
    115      1.002244151E-01      1.912270281E+00      0.000000000E+00      0.000000000E+00
    116      1.002244151E-01      2.012494696E+00      0.000000000E+00      0.000000000E+00
    117      1.002244151E-01      2.112719111E+00      0.000000000E+00      0.000000000E+00
    118      1.002244151E-01      2.212943527E+00      0.000000000E+00      0.000000000E+00
    119      1.102468566E-01      2.323190383E+00      0.000000000E+00      0.000000000E+00
    120      1.212715422E-01      2.444461925E+00      0.000000000E+00      0.000000000E+00
    121      1.333986965E-01      2.577860622E+00      0.000000000E+00      0.000000000E+00
    122      1.333986965E-01      2.711259318E+00      0.000000000E+00      0.000000000E+00
    123      1.467385661E-01      2.857997884E+00      0.000000000E+00      0.000000000E+00
    124      1.467385661E-01      3.004736450E+00      0.000000000E+00      0.000000000E+00
    125      1.614124227E-01      3.166148873E+00      0.000000000E+00      0.000000000E+00
    126      1.775536650E-01      3.343702538E+00      0.000000000E+00      0.000000000E+00
    127      1.775536650E-01      3.521256203E+00      0.000000000E+00      0.000000000E+00
    128      1.953090315E-01      3.716565235E+00      0.000000000E+00      0.000000000E+00
    129      2.148399346E-01      3.931405169E+00      0.000000000E+00      0.000000000E+00
    130      2.363239281E-01      4.167729097E+00      0.000000000E+00      0.000000000E+00
    131      2.363239281E-01      4.404053025E+00      0.000000000E+00      0.000000000E+00
    132      2.599563209E-01      4.664009346E+00      0.000000000E+00      0.000000000E+00
    133      2.859519530E-01      4.949961299E+00      0.000000000E+00      0.000000000E+00
    134      2.859519530E-01      5.235913252E+00      0.000000000E+00      0.000000000E+00
    135      3.145471483E-01      5.550460401E+00      0.000000000E+00      0.000000000E+00
    136      3.460018631E-01      5.896462264E+00      0.000000000E+00      0.000000000E+00
    137      3.806020494E-01      6.277064313E+00      0.000000000E+00      0.000000000E+00
    138      3.806020494E-01      6.657666363E+00      0.000000000E+00      0.000000000E+00
    139      4.186622544E-01      7.076328617E+00      0.000000000E+00      0.000000000E+00
    140      4.186622544E-01      7.494990871E+00      0.000000000E+00      0.000000000E+00
    141      4.605284798E-01      7.955519351E+00      0.000000000E+00      0.000000000E+00
    142      5.065813278E-01      8.462100679E+00      0.000000000E+00      0.000000000E+00
    143      5.572394606E-01      9.019340139E+00      0.000000000E+00      0.000000000E+00
    144      5.572394606E-01      9.576579600E+00      0.000000000E+00      0.000000000E+00
    145      6.129634066E-01      1.018954301E+01      0.000000000E+00      0.000000000E+00
    146      6.742597473E-01      1.086380275E+01      0.000000000E+00      0.000000000E+00
    147      6.742597473E-01      1.153806250E+01      0.000000000E+00      0.000000000E+00
    148      7.416857220E-01      1.227974822E+01      0.000000000E+00      0.000000000E+00
    149      8.158542942E-01      1.309560252E+01      0.000000000E+00      0.000000000E+00
    150      8.974397236E-01      1.399304224E+01      0.000000000E+00      0.000000000E+00
    151      9.871836960E-01      1.498022594E+01      0.000000000E+00      0.000000000E+00
    152      1.085902066E+00      1.606612800E+01      0.000000000E+00      0.000000000E+00
    153      1.194492272E+00      1.726062027E+01      0.000000000E+00      0.000000000E+00
    154      1.194492272E+00      1.845511255E+01      0.000000000E+00      0.000000000E+00
    155      1.194492272E+00      1.964960482E+01      0.000000000E+00      0.000000000E+00
    156      1.313941499E+00      2.096354632E+01      0.000000000E+00      0.000000000E+00
    157      1.445335649E+00      2.240888197E+01      0.000000000E+00      0.000000000E+00
    158      1.589869214E+00      2.399875118E+01      0.000000000E+00      0.000000000E+00
    159      1.589869214E+00      2.558862040E+01      0.000000000E+00      0.000000000E+00
    160      1.748856136E+00      2.733747653E+01      0.000000000E+00      0.000000000E+00
    161      1.748856136E+00      2.908633267E+01      0.000000000E+00      0.000000000E+00
    162      1.923741749E+00      3.101007442E+01      0.000000000E+00      0.000000000E+00
    163      2.116115924E+00      3.312619034E+01      0.000000000E+00      0.000000000E+00
    164      2.116115924E+00      3.524230627E+01      0.000000000E+00      0.000000000E+00
    165      2.327727517E+00      3.757003378E+01      0.000000000E+00      0.000000000E+00
    166      2.560500268E+00      4.013053405E+01      0.000000000E+00      0.000000000E+00
    167      2.816550295E+00      4.294708435E+01      0.000000000E+00      0.000000000E+00
    168      3.098205325E+00      4.604528967E+01      0.000000000E+00      0.000000000E+00
    169      3.408025857E+00      4.945331553E+01      0.000000000E+00      0.000000000E+00
    170      3.408025857E+00      5.286134138E+01      0.000000000E+00      0.000000000E+00
    171      3.748828443E+00      5.661016983E+01      0.000000000E+00      0.000000000E+00
    172      4.123711287E+00      6.073388111E+01      0.000000000E+00      0.000000000E+00
    173      4.536082416E+00      6.526996353E+01      0.000000000E+00      0.000000000E+00
    174      4.536082416E+00      6.980604594E+01      0.000000000E+00      0.000000000E+00
    175      4.989690657E+00      7.479573660E+01      0.000000000E+00      0.000000000E+00
    176      4.989690657E+00      7.978542726E+01      0.000000000E+00      0.000000000E+00
    177      5.488659723E+00      8.527408698E+01      0.000000000E+00      0.000000000E+00
    178      6.037525695E+00      9.131161268E+01      0.000000000E+00      0.000000000E+00
    179      6.641278265E+00      9.795289094E+01      0.000000000E+00      0.000000000E+00
