     IOPT   (1 PICARD, 2 NEWTON)             =      1
     NLRELX (0 NORELX,1 CONS RELX,2 VAR RELX)=      0
     KSLOPE (0 ANA, 1 KSL/ANA, 2 KSL/C-DIFF,
             3 LOC KSL/ANA, 4 LOC TAN-SLOPE) =      0
     TOLUNS (TOLERANCE FOR NONLINEAR ITER)   =     1.00000E-04
     TOLSWI (TOLERANCE FOR BC SWITCHING)     =     1.00000E+30
     L2NORM (0 INFINITY NORM, ELSE L2 NORM)  =      0

 nlinr  linr converg error norms  node   PNEW at   POLD at   resid error norms
  iter  iter       PL2      PINF IKMAX     IKMAX     IKMAX       FL2      FINF
 =============================================================================
                        (NSTEP:     1  DELTAT:   1.0000E-02  TIME:   1.0000E-02)
     1     9 2.535E-01 1.824E-02  7056  3.02E+00  3.00E+00 2.647E-05 2.764E-06
     2     9 1.740E-01 1.696E-02     1 -1.70E-02  0.00E+00 5.740E-06 1.475E-06
     3     5 7.863E-02 1.443E-02     1 -2.53E-03 -1.70E-02 8.594E-03 2.311E-03
     4     6 2.254E-02 5.073E-03   483  5.30E-03  2.26E-04 1.285E-03 3.860E-04
     5     6 1.413E-02 5.408E-03   481  5.55E-03  1.46E-04 2.591E-04 8.335E-05
     6     7 7.622E-02 5.514E-03   464  5.54E-03  2.31E-05 1.599E-04 3.514E-05
     7     7 1.809E-02 5.033E-03   443  5.45E-03  4.20E-04 3.199E-05 1.513E-05
     8     6 8.008E-04 1.726E-04   442  5.50E-03  5.33E-03 4.629E-06 2.199E-06
     9     7 1.251E-04 3.100E-05   442  5.54E-03  5.50E-03 4.157E-07 2.580E-07
                        (NSTEP:     2  DELTAT:   5.0000E-03  TIME:   1.5000E-02)
     1     7 1.060E-01 7.236E-03  7056  3.03E+00  3.02E+00 2.134E-05 4.371E-06
     2     5 4.255E-04 1.895E-04    87 -1.90E-04  6.03E-10 7.974E-07 2.633E-07
     3     4 4.946E-04 1.947E-04   501  5.96E-03  6.16E-03 1.106E-05 1.095E-05
     4     4 9.015E-05 4.030E-05    87 -1.97E-05 -6.00E-05 2.012E-06 2.012E-06
                        (NSTEP:     3  DELTAT:   5.5000E-03  TIME:   2.0500E-02)
     1     7 1.012E-01 6.744E-03  6616  2.97E+00  2.98E+00 1.919E-05 1.840E-06
     2     6 2.554E-03 3.757E-04   108 -3.76E-04  9.70E-10 7.406E-07 1.756E-07
     3     4 1.744E-03 2.570E-04   108 -1.19E-04 -3.76E-04 7.526E-05 2.701E-05
     4     5 5.461E-04 8.008E-05   108 -3.85E-05 -1.19E-04 1.384E-05 4.964E-06
                        (NSTEP:     4  DELTAT:   6.0500E-03  TIME:   2.6550E-02)
     1     7 9.848E-02 6.599E-03  6616  2.96E+00  2.97E+00 1.832E-05 2.124E-06
     2     6 1.343E-03 4.445E-04    68 -4.45E-04  1.75E-09 6.999E-07 1.646E-07
     3     4 9.166E-04 3.042E-04    68 -1.40E-04 -4.45E-04 4.120E-05 3.138E-05
     4     5 2.871E-04 9.461E-05    68 -4.57E-05 -1.40E-04 7.567E-06 5.762E-06
                        (NSTEP:     5  DELTAT:   6.6550E-03  TIME:   3.3205E-02)
     1     7 9.704E-02 6.492E-03  6616  2.96E+00  2.96E+00 1.771E-05 2.362E-06
     2     7 2.053E-02 7.517E-03    39 -7.52E-03  3.31E-08 2.116E-06 1.701E-06
     3     4 9.937E-03 5.478E-03    39 -2.04E-03 -7.52E-03 1.893E-03 1.641E-03
     4     4 2.771E-03 1.233E-03    39 -8.05E-04 -2.04E-03 2.896E-04 2.328E-04
     5     5 1.491E-03 6.004E-04   480  5.86E-04 -1.40E-05 5.398E-05 3.693E-05
     6     6 1.047E-02 4.993E-03   480  5.58E-03  5.86E-04 3.528E-05 3.498E-05
     7     5 2.420E-04 1.020E-04   480  5.68E-03  5.58E-03 6.179E-06 6.150E-06
     8     5 5.163E-05 2.187E-05   480  5.70E-03  5.68E-03 8.378E-07 8.364E-07
                        (NSTEP:     6  DELTAT:   3.3275E-03  TIME:   3.6532E-02)
     1     6 4.611E-02 3.076E-03  6616  2.95E+00  2.96E+00 1.729E-05 2.570E-06
     2     4 1.682E-05 3.293E-06   442  4.98E-03  4.98E-03 2.719E-07 6.503E-08
                        (NSTEP:     7  DELTAT:   3.6603E-03  TIME:   4.0193E-02)
     1     6 4.818E-02 3.201E-03  6616  2.95E+00  2.95E+00 1.713E-05 2.664E-06
     2     5 1.300E-03 5.924E-04    88 -5.92E-04  1.74E-09 3.264E-07 1.540E-07
     3     3 8.890E-04 4.060E-04    88 -1.86E-04 -5.92E-04 7.883E-05 7.883E-05
     4     4 2.782E-04 1.265E-04    88 -5.99E-05 -1.86E-04 1.448E-05 1.448E-05
     5     4 8.586E-05 3.883E-05    88 -2.11E-05 -5.99E-05 2.641E-06 2.641E-06
                        (NSTEP:     8  DELTAT:   3.6603E-03  TIME:   4.3853E-02)
