#INITIAL VOLUME OF WATER IN THE SUBSURFACE =   1.65000E+02
#NSTEP       DELTAT         TIME  NLIN   AVG.LIN       STORE1       STORE2       DSTORE   CUM.DSTORE       VIN  CUM.VIN       VOUT    CUM.VOUT   VIN+VOUT   CUM. VIN  M.BAL.ERR   REL. MBE   CUM. MBE      CUM.
#                                 ITER.    ITER.                             (>0 x inc)                                                                      + VOUT  (Vi+Vo-Ds)        (%)             ABS(MBE)
     1 1.000000E-02 1.000000E-02     9 6.889E+00 1.650000E+02 1.650000E+02 -9.38481E-07 -9.38481E-07 0.000E+00 0.000E+00 -4.592E-07 -4.592E-07 -4.592E-07 -4.592E-07  4.793E-07 -1.044E+02  4.793E-07 4.793E-07
     2 5.000000E-03 1.500000E-02     4 5.000E+00 1.650000E+02 1.650000E+02 -4.93178E-07 -1.43166E-06 2.127E-08 2.127E-08 -4.925E-07 -9.517E-07 -4.712E-07 -9.304E-07  2.199E-08 -4.667E+00  5.012E-07 5.012E-07
     3 5.500000E-03 2.050000E-02     4 5.500E+00 1.650000E+02 1.650000E+02 -8.62228E-07 -2.29389E-06 3.724E-08 5.851E-08 -6.088E-07 -1.560E-06 -5.715E-07 -1.502E-06  2.907E-07 -5.087E+01  7.920E-07 7.920E-07
     4 6.050000E-03 2.655000E-02     4 5.500E+00 1.650000E+02 1.650000E+02 -7.88757E-07 -3.08264E-06 3.516E-08 9.368E-08 -7.337E-07 -2.294E-06 -6.986E-07 -2.200E-06  9.019E-08 -1.291E+01  8.822E-07 8.822E-07
     5 6.655000E-03 3.320500E-02     8 5.375E+00 1.650000E+02 1.650000E+02 -8.85126E-07 -3.96777E-06 3.318E-08 1.269E-07 -8.712E-07 -3.165E-06 -8.380E-07 -3.038E-06  4.715E-08 -5.627E+00  9.293E-07 9.293E-07
     6 3.327500E-03 3.653250E-02     2 5.000E+00 1.650000E+02 1.650000E+02 -4.39617E-07 -4.40739E-06 2.149E-08 1.483E-07 -4.578E-07 -3.623E-06 -4.363E-07 -3.475E-06  3.271E-09 -7.496E-01  9.326E-07 9.326E-07
     7 3.660250E-03 4.019275E-02     5 4.400E+00 1.650000E+02 1.650000E+02 -5.07437E-07 -4.91482E-06 3.234E-08 1.807E-07 -5.195E-07 -4.143E-06 -4.871E-07 -3.962E-06  2.031E-08 -4.169E+00  9.529E-07 9.529E-07
     8 3.660250E-03 4.385300E-02     2 5.000E+00 1.650000E+02 1.650000E+02 -5.21717E-07 -5.43654E-06 2.926E-08 2.099E-07 -5.352E-07 -4.678E-06 -5.060E-07 -4.468E-06  1.574E-08 -3.110E+00  9.686E-07 9.686E-07
     9 4.026275E-03 4.787928E-02     5 4.600E+00 1.650000E+02 1.650000E+02 -6.01400E-07 -6.03794E-06 2.994E-08 2.399E-07 -6.058E-07 -5.284E-06 -5.758E-07 -5.044E-06  2.557E-08 -4.441E+00  9.942E-07 9.942E-07
    10 4.026275E-03 5.190555E-02     5 4.600E+00 1.650000E+02 1.650000E+02 -6.13917E-07 -6.65186E-06 2.789E-08 2.678E-07 -6.223E-07 -5.906E-06 -5.944E-07 -5.638E-06  1.949E-08 -3.278E+00  1.014E-06 1.014E-06
    11 4.026275E-03 5.593183E-02     7 4.429E+00 1.650000E+02 1.650000E+02 -6.54664E-07 -7.30652E-06 2.371E-08 2.915E-07 -6.378E-07 -6.544E-06 -6.141E-07 -6.252E-06  4.060E-08 -6.611E+00  1.054E-06 1.054E-06
    12 2.013138E-03 5.794496E-02     2 3.500E+00 1.650000E+02 1.650000E+02 -3.09828E-07 -7.61635E-06 1.420E-08 3.057E-07 -3.244E-07 -6.868E-06 -3.102E-07 -6.562E-06 -4.187E-10  1.350E-01  1.054E-06 1.055E-06
    13 2.214451E-03 6.015941E-02     2 4.000E+00 1.650000E+02 1.650000E+02 -3.47820E-07 -7.96417E-06 1.900E-08 3.247E-07 -3.610E-07 -7.229E-06 -3.420E-07 -6.905E-06  5.793E-09 -1.694E+00  1.060E-06 1.060E-06
    14 2.435896E-03 6.259531E-02     2 4.000E+00 1.650000E+02 1.650000E+02 -3.89004E-07 -8.35318E-06 1.892E-08 3.436E-07 -4.020E-07 -7.631E-06 -3.831E-07 -7.288E-06  5.929E-09 -1.548E+00  1.066E-06 1.066E-06
    15 2.679486E-03 6.527480E-02     5 3.800E+00 1.650000E+02 1.650000E+02 -4.45827E-07 -8.79900E-06 1.961E-08 3.632E-07 -4.479E-07 -8.079E-06 -4.283E-07 -7.716E-06  1.750E-08 -4.086E+00  1.083E-06 1.084E-06
    16 2.679486E-03 6.795428E-02     5 3.800E+00 1.650000E+02 1.650000E+02 -4.48747E-07 -9.24775E-06 1.913E-08 3.824E-07 -4.538E-07 -8.533E-06 -4.347E-07 -8.151E-06  1.408E-08 -3.239E+00  1.097E-06 1.098E-06
    17 2.679486E-03 7.063377E-02     5 3.800E+00 1.650000E+02 1.650000E+02 -4.57450E-07 -9.70520E-06 1.930E-08 4.017E-07 -4.595E-07 -8.992E-06 -4.402E-07 -8.591E-06  1.725E-08 -3.920E+00  1.114E-06 1.115E-06
    18 2.679486E-03 7.331325E-02     5 3.800E+00 1.650000E+02 1.650000E+02 -4.62669E-07 -1.01679E-05 1.949E-08 4.211E-07 -4.650E-07 -9.457E-06 -4.455E-07 -9.036E-06  1.713E-08 -3.846E+00  1.132E-06 1.132E-06
    19 2.679486E-03 7.599274E-02     6 3.667E+00 1.650000E+02 1.650000E+02 -4.80796E-07 -1.06487E-05 1.857E-08 4.397E-07 -4.704E-07 -9.928E-06 -4.518E-07 -9.488E-06  2.898E-08 -6.413E+00  1.161E-06 1.161E-06
    20 2.679486E-03 7.867223E-02     5 3.800E+00 1.650000E+02 1.650000E+02 -4.74319E-07 -1.11230E-05 1.825E-08 4.580E-07 -4.756E-07 -1.040E-05 -4.574E-07 -9.946E-06  1.694E-08 -3.705E+00  1.177E-06 1.178E-06
    21 2.679486E-03 8.135171E-02     5 3.800E+00 1.650000E+02 1.650000E+02 -5.07423E-07 -1.16304E-05 1.814E-08 4.761E-07 -4.807E-07 -1.088E-05 -4.626E-07 -1.041E-05  4.484E-08 -9.694E+00  1.222E-06 1.223E-06
    22 2.679486E-03 8.403120E-02     5 3.800E+00 1.650000E+02 1.650000E+02 -4.80976E-07 -1.21114E-05 1.749E-08 4.936E-07 -4.857E-07 -1.137E-05 -4.682E-07 -1.088E-05  1.278E-08 -2.730E+00  1.235E-06 1.236E-06
    23 2.679486E-03 8.671068E-02     5 3.800E+00 1.650000E+02 1.650000E+02 -5.02713E-07 -1.26141E-05 1.716E-08 5.108E-07 -4.906E-07 -1.186E-05 -4.734E-07 -1.135E-05  2.932E-08 -6.194E+00  1.264E-06 1.265E-06
    24 2.679486E-03 8.939017E-02     5 3.800E+00 1.650000E+02 1.650000E+02 -4.90948E-07 -1.31050E-05 1.681E-08 5.276E-07 -4.953E-07 -1.236E-05 -4.785E-07 -1.183E-05  1.241E-08 -2.593E+00  1.277E-06 1.278E-06
    25 2.679486E-03 9.206966E-02     2 4.500E+00 1.650000E+02 1.650000E+02 -4.87953E-07 -1.35930E-05 1.721E-08 5.448E-07 -5.001E-07 -1.286E-05 -4.828E-07 -1.231E-05  5.117E-09 -1.060E+00  1.282E-06 1.283E-06
    26 2.947435E-03 9.501709E-02     5 3.800E+00 1.650000E+02 1.650000E+02 -5.65959E-07 -1.41590E-05 1.892E-08 5.637E-07 -5.554E-07 -1.341E-05 -5.364E-07 -1.285E-05  2.951E-08 -5.502E+00  1.311E-06 1.312E-06
    27 2.947435E-03 9.796453E-02     2 4.500E+00 1.650000E+02 1.650000E+02 -5.46710E-07 -1.47057E-05 1.945E-08 5.832E-07 -5.608E-07 -1.397E-05 -5.413E-07 -1.339E-05  5.376E-09 -9.931E-01  1.317E-06 1.318E-06
    28 3.242178E-03 1.012067E-01     5 4.000E+00 1.650000E+02 1.650000E+02 -6.39949E-07 -1.53456E-05 2.199E-08 6.051E-07 -6.230E-07 -1.459E-05 -6.010E-07 -1.399E-05  3.898E-08 -6.486E+00  1.356E-06 1.357E-06
    29 3.242178E-03 1.044489E-01     5 4.000E+00 1.650000E+02 1.650000E+02 -6.26063E-07 -1.59717E-05 2.234E-08 6.275E-07 -6.292E-07 -1.522E-05 -6.068E-07 -1.460E-05  1.922E-08 -3.167E+00  1.375E-06 1.376E-06
    30 3.242178E-03 1.076911E-01     2 4.500E+00 1.650000E+02 1.650000E+02 -6.17833E-07 -1.65895E-05 2.375E-08 6.512E-07 -6.353E-07 -1.586E-05 -6.115E-07 -1.521E-05  6.318E-09 -1.033E+00  1.381E-06 1.382E-06
    31 3.566396E-03 1.112575E-01     5 4.200E+00 1.650000E+02 1.650000E+02 -7.10760E-07 -1.73003E-05 2.667E-08 6.779E-07 -7.056E-07 -1.657E-05 -6.790E-07 -1.589E-05  3.179E-08 -4.681E+00  1.413E-06 1.414E-06
    32 3.566396E-03 1.148239E-01     6 4.000E+00 1.650000E+02 1.650000E+02 -7.22764E-07 -1.80230E-05 2.496E-08 7.029E-07 -7.127E-07 -1.728E-05 -6.877E-07 -1.657E-05  3.507E-08 -5.100E+00  1.448E-06 1.449E-06
    33 3.566396E-03 1.183902E-01     5 4.200E+00 1.650000E+02 1.650000E+02 -7.12565E-07 -1.87356E-05 2.558E-08 7.284E-07 -7.195E-07 -1.800E-05 -6.939E-07 -1.727E-05  1.864E-08 -2.686E+00  1.467E-06 1.468E-06
    34 3.566396E-03 1.219566E-01     5 4.200E+00 1.650000E+02 1.650000E+02 -7.59014E-07 -1.94946E-05 2.678E-08 7.552E-07 -7.262E-07 -1.872E-05 -6.994E-07 -1.797E-05  5.961E-08 -8.523E+00  1.526E-06 1.527E-06
    35 3.566396E-03 1.255230E-01     6 4.000E+00 1.650000E+02 1.650000E+02 -7.22170E-07 -2.02168E-05 2.541E-08 7.806E-07 -7.327E-07 -1.946E-05 -7.073E-07 -1.868E-05  1.489E-08 -2.105E+00  1.541E-06 1.542E-06
    36 3.566396E-03 1.290894E-01     5 4.200E+00 1.650000E+02 1.650000E+02 -7.31209E-07 -2.09480E-05 2.523E-08 8.059E-07 -7.390E-07 -2.020E-05 -7.138E-07 -1.939E-05  1.740E-08 -2.438E+00  1.559E-06 1.560E-06
    37 3.566396E-03 1.326558E-01     2 4.500E+00 1.650000E+02 1.650000E+02 -7.27341E-07 -2.16753E-05 2.552E-08 8.314E-07 -7.452E-07 -2.094E-05 -7.197E-07 -2.011E-05  7.651E-09 -1.063E+00  1.566E-06 1.567E-06
    38 3.923035E-03 1.365789E-01     5 4.800E+00 1.650000E+02 1.650000E+02 -8.40632E-07 -2.25160E-05 2.689E-08 8.583E-07 -8.267E-07 -2.177E-05 -7.998E-07 -2.091E-05  4.084E-08 -5.107E+00  1.607E-06 1.608E-06
    39 3.923035E-03 1.405019E-01     5 4.400E+00 1.650000E+02 1.650000E+02 -8.24531E-07 -2.33405E-05 2.632E-08 8.846E-07 -8.338E-07 -2.260E-05 -8.075E-07 -2.172E-05  1.706E-08 -2.113E+00  1.624E-06 1.625E-06
    40 3.923035E-03 1.444249E-01     5 4.400E+00 1.650000E+02 1.650000E+02 -8.33351E-07 -2.41738E-05 2.714E-08 9.117E-07 -8.407E-07 -2.344E-05 -8.136E-07 -2.253E-05  1.976E-08 -2.429E+00  1.644E-06 1.645E-06
    41 3.923035E-03 1.483480E-01     5 4.400E+00 1.650000E+02 1.650000E+02 -8.40556E-07 -2.50144E-05 2.769E-08 9.394E-07 -8.475E-07 -2.429E-05 -8.198E-07 -2.335E-05  2.076E-08 -2.532E+00  1.665E-06 1.666E-06
    42 3.923035E-03 1.522710E-01     5 4.400E+00 1.650000E+02 1.650000E+02 -8.62429E-07 -2.58768E-05 2.730E-08 9.667E-07 -8.541E-07 -2.514E-05 -8.268E-07 -2.418E-05  3.568E-08 -4.315E+00  1.701E-06 1.701E-06
    43 3.923035E-03 1.561940E-01     5 4.200E+00 1.650000E+02 1.650000E+02 -8.68395E-07 -2.67452E-05 2.608E-08 9.928E-07 -8.604E-07 -2.600E-05 -8.344E-07 -2.501E-05  3.403E-08 -4.079E+00  1.735E-06 1.735E-06
    44 3.923035E-03 1.601171E-01     5 4.400E+00 1.650000E+02 1.650000E+02 -8.62020E-07 -2.76072E-05 2.589E-08 1.019E-06 -8.667E-07 -2.687E-05 -8.408E-07 -2.585E-05  2.125E-08 -2.528E+00  1.756E-06 1.757E-06
    45 3.923035E-03 1.640401E-01     2 4.500E+00 1.650000E+02 1.650000E+02 -8.53269E-07 -2.84605E-05 2.666E-08 1.045E-06 -8.727E-07 -2.774E-05 -8.460E-07 -2.670E-05  7.224E-09 -8.538E-01  1.763E-06 1.764E-06
    46 4.315339E-03 1.683555E-01     5 4.800E+00 1.650000E+02 1.650000E+02 -1.00873E-06 -2.94692E-05 2.826E-08 1.074E-06 -9.668E-07 -2.871E-05 -9.385E-07 -2.764E-05  7.022E-08 -7.482E+00  1.833E-06 1.834E-06
    47 4.315339E-03 1.726708E-01     5 4.800E+00 1.650000E+02 1.650000E+02 -9.66779E-07 -3.04360E-05 2.760E-08 1.101E-06 -9.737E-07 -2.968E-05 -9.461E-07 -2.858E-05  2.069E-08 -2.187E+00  1.854E-06 1.855E-06
    48 4.315339E-03 1.769861E-01     2 5.000E+00 1.650000E+02 1.650000E+02 -9.60047E-07 -3.13961E-05 2.882E-08 1.130E-06 -9.804E-07 -3.066E-05 -9.516E-07 -2.953E-05  8.442E-09 -8.871E-01  1.862E-06 1.863E-06
    49 4.746873E-03 1.817330E-01     5 4.800E+00 1.650000E+02 1.650000E+02 -1.07767E-06 -3.24737E-05 3.150E-08 1.162E-06 -1.086E-06 -3.175E-05 -1.055E-06 -3.059E-05  2.316E-08 -2.196E+00  1.886E-06 1.886E-06
    50 4.746873E-03 1.864799E-01     5 4.800E+00 1.650000E+02 1.650000E+02 -1.08420E-06 -3.35579E-05 3.089E-08 1.192E-06 -1.094E-06 -3.284E-05 -1.063E-06 -3.165E-05  2.143E-08 -2.016E+00  1.907E-06 1.908E-06
    51 4.746873E-03 1.912268E-01     5 4.800E+00 1.650000E+02 1.650000E+02 -1.10719E-06 -3.46651E-05 3.070E-08 1.223E-06 -1.101E-06 -3.394E-05 -1.070E-06 -3.272E-05  3.683E-08 -3.441E+00  1.944E-06 1.945E-06
    52 4.746873E-03 1.959736E-01     2 5.500E+00 1.650000E+02 1.650000E+02 -1.08532E-06 -3.57504E-05 3.155E-08 1.255E-06 -1.108E-06 -3.505E-05 -1.077E-06 -3.380E-05  8.651E-09 -8.035E-01  1.952E-06 1.953E-06
    53 5.221560E-03 2.011952E-01     5 4.800E+00 1.650000E+02 1.650000E+02 -1.21307E-06 -3.69635E-05 3.546E-08 1.290E-06 -1.227E-06 -3.628E-05 -1.192E-06 -3.499E-05  2.148E-08 -1.802E+00  1.974E-06 1.975E-06
    54 5.221560E-03 2.064167E-01     5 4.800E+00 1.650000E+02 1.650000E+02 -1.24880E-06 -3.82123E-05 3.463E-08 1.325E-06 -1.235E-06 -3.751E-05 -1.201E-06 -3.619E-05  4.822E-08 -4.016E+00  2.022E-06 2.023E-06
    55 5.221560E-03 2.116383E-01     5 4.800E+00 1.650000E+02 1.650000E+02 -1.22963E-06 -3.94419E-05 3.475E-08 1.359E-06 -1.243E-06 -3.876E-05 -1.208E-06 -3.740E-05  2.131E-08 -1.763E+00  2.043E-06 2.044E-06
    56 5.221560E-03 2.168599E-01     5 4.800E+00 1.650000E+02 1.650000E+02 -1.23583E-06 -4.06778E-05 3.559E-08 1.395E-06 -1.251E-06 -4.001E-05 -1.215E-06 -3.861E-05  2.077E-08 -1.709E+00  2.064E-06 2.065E-06
    57 5.221560E-03 2.220814E-01     2 5.500E+00 1.650000E+02 1.650000E+02 -1.23145E-06 -4.19092E-05 3.632E-08 1.431E-06 -1.258E-06 -4.127E-05 -1.222E-06 -3.984E-05  9.800E-09 -8.022E-01  2.074E-06 2.075E-06
    58 5.743716E-03 2.278251E-01     6 4.833E+00 1.650000E+02 1.650000E+02 -1.40903E-06 -4.33183E-05 3.586E-08 1.467E-06 -1.392E-06 -4.266E-05 -1.356E-06 -4.119E-05  5.300E-08 -3.908E+00  2.127E-06 2.128E-06
    59 5.743716E-03 2.335689E-01     5 5.200E+00 1.650000E+02 1.650000E+02 -1.41398E-06 -4.47322E-05 3.376E-08 1.501E-06 -1.400E-06 -4.406E-05 -1.366E-06 -4.256E-05  4.764E-08 -3.487E+00  2.175E-06 2.175E-06
    60 5.743716E-03 2.393126E-01     2 5.500E+00 1.650000E+02 1.650000E+02 -1.38199E-06 -4.61142E-05 3.711E-08 1.538E-06 -1.408E-06 -4.547E-05 -1.371E-06 -4.393E-05  1.113E-08 -8.121E-01  2.186E-06 2.187E-06
    61 6.318088E-03 2.456307E-01     5 5.200E+00 1.650000E+02 1.650000E+02 -1.41197E-06 -4.75262E-05 1.040E-07 1.642E-06 -1.558E-06 -4.702E-05 -1.453E-06 -4.538E-05 -4.151E-08  2.856E+00  2.144E-06 2.228E-06
    62 6.318088E-03 2.519487E-01     5 5.200E+00 1.650000E+02 1.650000E+02 -1.47665E-06 -4.90029E-05 1.387E-07 1.781E-06 -1.566E-06 -4.859E-05 -1.428E-06 -4.681E-05  4.898E-08 -3.430E+00  2.193E-06 2.277E-06
    63 6.318088E-03 2.582668E-01     2 5.500E+00 1.650000E+02 1.649999E+02 -1.54567E-06 -5.05485E-05 7.655E-08 1.857E-06 -1.575E-06 -5.017E-05 -1.498E-06 -4.831E-05  4.742E-08 -3.165E+00  2.241E-06 2.325E-06
    64 6.949897E-03 2.652167E-01     6 5.500E+00 1.650000E+02 1.649999E+02 -1.72115E-06 -5.22697E-05 4.246E-08 1.900E-06 -1.742E-06 -5.191E-05 -1.699E-06 -5.001E-05  2.208E-08 -1.300E+00  2.263E-06 2.347E-06
    65 6.949897E-03 2.721666E-01     5 5.600E+00 1.650000E+02 1.649999E+02 -1.73717E-06 -5.40069E-05 3.901E-08 1.939E-06 -1.751E-06 -5.366E-05 -1.712E-06 -5.172E-05  2.544E-08 -1.486E+00  2.288E-06 2.372E-06
    66 6.949897E-03 2.791165E-01     2 5.500E+00 1.650000E+02 1.649999E+02 -1.73380E-06 -5.57406E-05 3.984E-08 1.979E-06 -1.760E-06 -5.542E-05 -1.720E-06 -5.344E-05  1.411E-08 -8.206E-01  2.302E-06 2.386E-06
    67 7.644886E-03 2.867614E-01     5 5.800E+00 1.650000E+02 1.649999E+02 -1.92570E-06 -5.76664E-05 4.289E-08 2.022E-06 -1.945E-06 -5.736E-05 -1.902E-06 -5.534E-05  2.347E-08 -1.234E+00  2.326E-06 2.410E-06
    68 7.644886E-03 2.944063E-01     5 5.800E+00 1.649999E+02 1.649999E+02 -1.95153E-06 -5.96179E-05 4.062E-08 2.062E-06 -1.955E-06 -5.932E-05 -1.914E-06 -5.725E-05  3.745E-08 -1.956E+00  2.363E-06 2.447E-06
    69 7.644886E-03 3.020512E-01     2 6.500E+00 1.649999E+02 1.649999E+02 -1.93781E-06 -6.15557E-05 4.071E-08 2.103E-06 -1.964E-06 -6.128E-05 -1.923E-06 -5.918E-05  1.474E-08 -7.664E-01  2.378E-06 2.462E-06
    70 8.409375E-03 3.104606E-01     5 6.000E+00 1.649999E+02 1.649999E+02 -2.14477E-06 -6.37005E-05 4.478E-08 2.148E-06 -2.170E-06 -6.345E-05 -2.125E-06 -6.130E-05  1.950E-08 -9.177E-01  2.397E-06 2.481E-06
    71 8.409375E-03 3.188699E-01     5 6.000E+00 1.649999E+02 1.649999E+02 -2.15582E-06 -6.58563E-05 4.334E-08 2.191E-06 -2.180E-06 -6.563E-05 -2.136E-06 -6.344E-05  1.934E-08 -9.053E-01  2.417E-06 2.501E-06
    72 8.409375E-03 3.272793E-01     5 6.000E+00 1.649999E+02 1.649999E+02 -2.16605E-06 -6.80223E-05 4.282E-08 2.234E-06 -2.189E-06 -6.782E-05 -2.146E-06 -6.559E-05  1.986E-08 -9.251E-01  2.437E-06 2.521E-06
    73 8.409375E-03 3.356887E-01     2 6.500E+00 1.649999E+02 1.649999E+02 -2.17047E-06 -7.01928E-05 4.324E-08 2.277E-06 -2.198E-06 -7.002E-05 -2.154E-06 -6.774E-05  1.603E-08 -7.439E-01  2.453E-06 2.537E-06
    74 9.250312E-03 3.449390E-01     2 6.500E+00 1.649999E+02 1.649999E+02 -2.39924E-06 -7.25920E-05 4.752E-08 2.325E-06 -2.427E-06 -7.244E-05 -2.379E-06 -7.012E-05  1.993E-08 -8.376E-01  2.473E-06 2.556E-06
    75 1.017534E-02 3.551143E-01     2 6.500E+00 1.649999E+02 1.649999E+02 -2.65209E-06 -7.52441E-05 5.088E-08 2.375E-06 -2.680E-06 -7.512E-05 -2.629E-06 -7.275E-05  2.285E-08 -8.691E-01  2.495E-06 2.579E-06
    76 1.119288E-02 3.663072E-01     6 6.667E+00 1.649999E+02 1.649999E+02 -2.93485E-06 -7.81790E-05 5.088E-08 2.426E-06 -2.960E-06 -7.808E-05 -2.909E-06 -7.566E-05  2.572E-08 -8.842E-01  2.521E-06 2.605E-06
    77 1.119288E-02 3.775001E-01     5 6.800E+00 1.649999E+02 1.649999E+02 -2.96532E-06 -8.11443E-05 4.784E-08 2.474E-06 -2.972E-06 -8.106E-05 -2.924E-06 -7.858E-05  4.163E-08 -1.424E+00  2.563E-06 2.647E-06
    78 1.119288E-02 3.886930E-01     5 6.800E+00 1.649999E+02 1.649999E+02 -2.95193E-06 -8.40962E-05 4.960E-08 2.524E-06 -2.982E-06 -8.404E-05 -2.933E-06 -8.151E-05  1.936E-08 -6.601E-01  2.582E-06 2.666E-06
    79 1.119288E-02 3.998859E-01     2 7.500E+00 1.649999E+02 1.649999E+02 -2.96401E-06 -8.70602E-05 5.036E-08 2.574E-06 -2.992E-06 -8.703E-05 -2.942E-06 -8.446E-05  2.236E-08 -7.600E-01  2.605E-06 2.688E-06
    80 1.231217E-02 4.121980E-01     2 7.500E+00 1.649999E+02 1.649999E+02 -3.27405E-06 -9.03343E-05 5.495E-08 2.629E-06 -3.302E-06 -9.033E-05 -3.247E-06 -8.770E-05  2.736E-08 -8.426E-01  2.632E-06 2.716E-06
    81 1.354338E-02 4.257414E-01     2 7.500E+00 1.649999E+02 1.649999E+02 -3.61578E-06 -9.39501E-05 5.879E-08 2.688E-06 -3.643E-06 -9.397E-05 -3.585E-06 -9.129E-05  3.126E-08 -8.721E-01  2.663E-06 2.747E-06
    82 1.489772E-02 4.406391E-01     5 7.800E+00 1.649999E+02 1.649999E+02 -3.99291E-06 -9.79430E-05 6.171E-08 2.750E-06 -4.020E-06 -9.800E-05 -3.958E-06 -9.525E-05  3.441E-08 -8.694E-01  2.698E-06 2.781E-06
    83 1.489772E-02 4.555368E-01     5 7.600E+00 1.649999E+02 1.649999E+02 -4.00671E-06 -1.01950E-04 5.864E-08 2.808E-06 -4.032E-06 -1.020E-04 -3.973E-06 -9.922E-05  3.329E-08 -8.379E-01  2.731E-06 2.815E-06
    84 1.489772E-02 4.704346E-01     2 8.000E+00 1.649999E+02 1.649999E+02 -4.01372E-06 -1.05963E-04 5.923E-08 2.867E-06 -4.043E-06 -1.061E-04 -3.983E-06 -1.032E-04  3.024E-08 -7.592E-01  2.761E-06 2.845E-06
    85 1.638749E-02 4.868221E-01     2 8.500E+00 1.649999E+02 1.649999E+02 -4.42912E-06 -1.10393E-04 6.602E-08 2.934E-06 -4.458E-06 -1.105E-04 -4.392E-06 -1.076E-04  3.719E-08 -8.468E-01  2.798E-06 2.882E-06
    86 1.802624E-02 5.048483E-01     2 8.500E+00 1.649999E+02 1.649999E+02 -4.88600E-06 -1.15279E-04 7.156E-08 3.005E-06 -4.915E-06 -1.154E-04 -4.844E-06 -1.124E-04  4.208E-08 -8.686E-01  2.840E-06 2.924E-06
    87 1.982887E-02 5.246772E-01     5 8.600E+00 1.649999E+02 1.649999E+02 -5.36407E-06 -1.20643E-04 7.674E-08 3.082E-06 -5.419E-06 -1.209E-04 -5.343E-06 -1.178E-04  2.140E-08 -4.005E-01  2.862E-06 2.946E-06
    88 1.982887E-02 5.445060E-01     2 9.000E+00 1.649999E+02 1.649999E+02 -5.39787E-06 -1.26040E-04 7.642E-08 3.158E-06 -5.431E-06 -1.263E-04 -5.354E-06 -1.231E-04  4.361E-08 -8.145E-01  2.905E-06 2.989E-06
    89 2.181175E-02 5.663178E-01     2 9.500E+00 1.649999E+02 1.649999E+02 -5.95113E-06 -1.31992E-04 8.530E-08 3.244E-06 -5.985E-06 -1.323E-04 -5.900E-06 -1.290E-04  5.154E-08 -8.736E-01  2.957E-06 3.041E-06
    90 2.399293E-02 5.903107E-01     5 9.600E+00 1.649999E+02 1.649999E+02 -6.52907E-06 -1.38521E-04 9.135E-08 3.335E-06 -6.595E-06 -1.389E-04 -6.503E-06 -1.355E-04  2.565E-08 -3.945E-01  2.983E-06 3.066E-06
    91 2.399293E-02 6.143036E-01     6 9.500E+00 1.649999E+02 1.649999E+02 -6.55110E-06 -1.45072E-04 8.312E-08 3.418E-06 -6.605E-06 -1.455E-04 -6.522E-06 -1.421E-04  2.938E-08 -4.505E-01  3.012E-06 3.096E-06
    92 2.399293E-02 6.382966E-01     5 9.600E+00 1.649999E+02 1.649998E+02 -6.53944E-06 -1.51611E-04 8.330E-08 3.501E-06 -6.613E-06 -1.521E-04 -6.530E-06 -1.486E-04  9.425E-09 -1.443E-01  3.021E-06 3.105E-06
    93 2.399293E-02 6.622895E-01     2 1.000E+01 1.649999E+02 1.649998E+02 -6.57861E-06 -1.58190E-04 9.050E-08 3.592E-06 -6.620E-06 -1.587E-04 -6.530E-06 -1.551E-04  4.874E-08 -7.464E-01  3.070E-06 3.154E-06
    94 2.639222E-02 6.886817E-01     5 1.000E+01 1.649998E+02 1.649998E+02 -7.21050E-06 -1.65400E-04 9.727E-08 3.689E-06 -7.289E-06 -1.660E-04 -7.192E-06 -1.623E-04  1.873E-08 -2.604E-01  3.089E-06 3.173E-06
    95 2.639222E-02 7.150739E-01     2 1.000E+01 1.649998E+02 1.649998E+02 -7.25211E-06 -1.72652E-04 9.510E-08 3.784E-06 -7.295E-06 -1.733E-04 -7.200E-06 -1.695E-04  5.251E-08 -7.293E-01  3.141E-06 3.225E-06
    96 2.903144E-02 7.441054E-01     2 1.050E+01 1.649998E+02 1.649998E+02 -7.98764E-06 -1.80640E-04 1.046E-07 3.889E-06 -8.029E-06 -1.813E-04 -7.925E-06 -1.774E-04  6.285E-08 -7.931E-01  3.204E-06 3.288E-06
    97 3.193459E-02 7.760400E-01     5 1.060E+01 1.649998E+02 1.649998E+02 -8.74273E-06 -1.89383E-04 1.104E-07 3.999E-06 -8.837E-06 -1.902E-04 -8.727E-06 -1.862E-04  1.608E-08 -1.842E-01  3.220E-06 3.304E-06
    98 3.193459E-02 8.079746E-01     2 1.100E+01 1.649998E+02 1.649998E+02 -8.79599E-06 -1.98179E-04 1.090E-07 4.108E-06 -8.841E-06 -1.990E-04 -8.732E-06 -1.949E-04  6.421E-08 -7.353E-01  3.284E-06 3.368E-06
    99 3.512805E-02 8.431026E-01     2 1.100E+01 1.649998E+02 1.649998E+02 -9.69637E-06 -2.07875E-04 1.207E-07 4.229E-06 -9.728E-06 -2.087E-04 -9.607E-06 -2.045E-04  8.912E-08 -9.276E-01  3.374E-06 3.457E-06
   100 3.864085E-02 8.817435E-01     2 1.200E+01 1.649998E+02 1.649998E+02 -1.06627E-05 -2.18538E-04 1.307E-07 4.360E-06 -1.070E-05 -2.194E-04 -1.057E-05 -2.151E-04  9.018E-08 -8.530E-01  3.464E-06 3.548E-06
   101 4.250494E-02 9.242484E-01     2 1.200E+01 1.649998E+02 1.649998E+02 -1.17339E-05 -2.30272E-04 1.424E-07 4.502E-06 -1.178E-05 -2.312E-04 -1.163E-05 -2.267E-04  1.012E-07 -8.699E-01  3.565E-06 3.649E-06
   102 4.675543E-02 9.710038E-01     2 1.250E+01 1.649998E+02 1.649998E+02 -1.29620E-05 -2.43234E-04 1.564E-07 4.658E-06 -1.295E-05 -2.442E-04 -1.280E-05 -2.395E-04  1.650E-07 -1.289E+00  3.730E-06 3.814E-06
   103 5.143097E-02 1.022435E+00     2 1.300E+01 1.649998E+02 1.649997E+02 -1.42421E-05 -2.57476E-04 1.725E-07 4.831E-06 -1.425E-05 -2.584E-04 -1.408E-05 -2.536E-04  1.662E-07 -1.180E+00  3.896E-06 3.980E-06
   104 5.657407E-02 1.079009E+00     2 1.350E+01 1.649997E+02 1.649997E+02 -1.57352E-05 -2.73211E-04 1.908E-07 5.022E-06 -1.567E-05 -2.741E-04 -1.548E-05 -2.691E-04  2.544E-07 -1.643E+00  4.151E-06 4.234E-06
   105 6.223148E-02 1.141240E+00     5 1.360E+01 1.649997E+02 1.649997E+02 -1.70417E-05 -2.90253E-04 2.072E-07 5.229E-06 -1.724E-05 -2.913E-04 -1.703E-05 -2.861E-04  1.310E-08 -7.692E-02  4.164E-06 4.247E-06
   106 6.223148E-02 1.203472E+00     6 1.400E+01 1.649997E+02 1.649997E+02 -1.70633E-05 -3.07316E-04 1.909E-07 5.420E-06 -1.723E-05 -3.085E-04 -1.704E-05 -3.031E-04  2.234E-08 -1.311E-01  4.186E-06 4.270E-06
   107 6.223148E-02 1.265703E+00     5 1.360E+01 1.649997E+02 1.649997E+02 -1.70304E-05 -3.24346E-04 1.909E-07 5.611E-06 -1.723E-05 -3.258E-04 -1.704E-05 -3.202E-04 -6.022E-09  3.535E-02  4.180E-06 4.276E-06
   108 6.223148E-02 1.327935E+00     2 1.400E+01 1.649997E+02 1.649997E+02 -1.72345E-05 -3.41581E-04 2.074E-07 5.818E-06 -1.722E-05 -3.430E-04 -1.702E-05 -3.372E-04  2.193E-07 -1.289E+00  4.399E-06 4.495E-06
   109 6.845462E-02 1.396389E+00     2 1.400E+01 1.649997E+02 1.649996E+02 -1.90193E-05 -3.60600E-04 2.297E-07 6.048E-06 -1.894E-05 -3.619E-04 -1.871E-05 -3.559E-04  3.095E-07 -1.654E+00  4.709E-06 4.805E-06
   110 7.530009E-02 1.471689E+00     5 1.480E+01 1.649996E+02 1.649996E+02 -2.05989E-05 -3.81199E-04 2.432E-07 6.291E-06 -2.083E-05 -3.828E-04 -2.058E-05 -3.765E-04  1.547E-08 -7.518E-02  4.724E-06 4.820E-06
   111 7.530009E-02 1.546990E+00     2 1.500E+01 1.649996E+02 1.649996E+02 -2.08776E-05 -4.02077E-04 2.426E-07 6.534E-06 -2.082E-05 -4.036E-04 -2.058E-05 -3.971E-04  3.007E-07 -1.461E+00  5.025E-06 5.121E-06
   112 8.283010E-02 1.629820E+00     2 1.500E+01 1.649996E+02 1.649996E+02 -2.29189E-05 -4.24996E-04 2.726E-07 6.806E-06 -2.289E-05 -4.265E-04 -2.262E-05 -4.197E-04  2.980E-07 -1.317E+00  5.323E-06 5.419E-06
   113 9.111310E-02 1.720933E+00     5 1.560E+01 1.649996E+02 1.649996E+02 -2.49148E-05 -4.49910E-04 2.877E-07 7.094E-06 -2.517E-05 -4.517E-04 -2.489E-05 -4.446E-04  2.904E-08 -1.167E-01  5.352E-06 5.448E-06
   114 9.111310E-02 1.812046E+00     2 1.550E+01 1.649995E+02 1.649995E+02 -2.51598E-05 -4.75070E-04 2.891E-07 7.383E-06 -2.516E-05 -4.768E-04 -2.487E-05 -4.694E-04  2.851E-07 -1.146E+00  5.637E-06 5.733E-06
   115 1.002244E-01 1.912270E+00     5 1.620E+01 1.649995E+02 1.649995E+02 -2.74022E-05 -5.02472E-04 3.148E-07 7.698E-06 -2.767E-05 -5.045E-04 -2.735E-05 -4.968E-04  4.789E-08 -1.751E-01  5.685E-06 5.781E-06
   116 1.002244E-01 2.012495E+00     5 1.660E+01 1.649995E+02 1.649995E+02 -2.73516E-05 -5.29824E-04 3.067E-07 8.004E-06 -2.766E-05 -5.321E-04 -2.735E-05 -5.241E-04  7.912E-10 -2.893E-03  5.686E-06 5.782E-06
   117 1.002244E-01 2.112719E+00     5 1.580E+01 1.649995E+02 1.649994E+02 -2.73305E-05 -5.57155E-04 3.171E-07 8.322E-06 -2.765E-05 -5.598E-04 -2.733E-05 -5.515E-04  1.228E-09 -4.494E-03  5.687E-06 5.783E-06
   118 1.002244E-01 2.212944E+00     2 1.600E+01 1.649994E+02 1.649994E+02 -2.77780E-05 -5.84933E-04 3.245E-07 8.646E-06 -2.764E-05 -5.874E-04 -2.731E-05 -5.788E-04  4.668E-07 -1.709E+00  6.154E-06 6.250E-06
   119 1.102469E-01 2.323190E+00     2 1.650E+01 1.649994E+02 1.649994E+02 -3.05624E-05 -6.15495E-04 3.580E-07 9.004E-06 -3.039E-05 -6.178E-04 -3.003E-05 -6.088E-04  5.328E-07 -1.774E+00  6.686E-06 6.782E-06
   120 1.212715E-01 2.444462E+00     2 1.700E+01 1.649994E+02 1.649994E+02 -3.36022E-05 -6.49097E-04 3.850E-07 9.389E-06 -3.341E-05 -6.512E-04 -3.303E-05 -6.418E-04  5.747E-07 -1.740E+00  7.261E-06 7.357E-06
   121 1.333987E-01 2.577861E+00     6 1.767E+01 1.649993E+02 1.649993E+02 -3.63401E-05 -6.85437E-04 4.060E-07 9.795E-06 -3.674E-05 -6.880E-04 -3.633E-05 -6.782E-04  9.000E-09 -2.477E-02  7.270E-06 7.366E-06
   122 1.333987E-01 2.711259E+00     2 1.750E+01 1.649993E+02 1.649993E+02 -3.68589E-05 -7.22296E-04 4.106E-07 1.021E-05 -3.672E-05 -7.247E-04 -3.631E-05 -7.145E-04  5.494E-07 -1.513E+00  7.820E-06 7.916E-06
   123 1.467386E-01 2.857998E+00     5 1.800E+01 1.649993E+02 1.649992E+02 -3.99636E-05 -7.62260E-04 4.477E-07 1.065E-05 -4.037E-05 -7.651E-04 -3.992E-05 -7.544E-04  3.879E-08 -9.715E-02  7.858E-06 7.954E-06
   124 1.467386E-01 3.004736E+00     2 1.750E+01 1.649992E+02 1.649992E+02 -4.06231E-05 -8.02883E-04 4.519E-07 1.111E-05 -4.035E-05 -8.054E-04 -3.990E-05 -7.943E-04  7.223E-07 -1.810E+00  8.581E-06 8.677E-06
   125 1.614124E-01 3.166149E+00     2 1.800E+01 1.649992E+02 1.649992E+02 -4.45216E-05 -8.47405E-04 5.258E-07 1.163E-05 -4.437E-05 -8.498E-04 -4.384E-05 -8.381E-04  6.807E-07 -1.553E+00  9.261E-06 9.357E-06
   126 1.775537E-01 3.343703E+00     5 1.900E+01 1.649991E+02 1.649991E+02 -4.82631E-05 -8.95668E-04 5.503E-07 1.218E-05 -4.878E-05 -8.986E-04 -4.823E-05 -8.864E-04  3.582E-08 -7.427E-02  9.297E-06 9.393E-06
   127 1.775537E-01 3.521256E+00     2 1.850E+01 1.649991E+02 1.649991E+02 -4.89897E-05 -9.44657E-04 5.526E-07 1.273E-05 -4.875E-05 -9.473E-04 -4.820E-05 -9.346E-04  7.912E-07 -1.641E+00  1.009E-05 1.018E-05
   128 1.953090E-01 3.716565E+00     2 1.900E+01 1.649990E+02 1.649990E+02 -5.40298E-05 -9.98687E-04 6.333E-07 1.337E-05 -5.360E-05 -1.001E-03 -5.296E-05 -9.875E-04  1.066E-06 -2.013E+00  1.115E-05 1.125E-05
   129 2.148399E-01 3.931405E+00     2 1.900E+01 1.649990E+02 1.649989E+02 -5.95375E-05 -1.05822E-03 6.898E-07 1.406E-05 -5.892E-05 -1.060E-03 -5.823E-05 -1.046E-03  1.305E-06 -2.241E+00  1.246E-05 1.256E-05
   130 2.363239E-01 4.167729E+00     5 2.000E+01 1.649989E+02 1.649989E+02 -6.40593E-05 -1.12228E-03 7.322E-07 1.479E-05 -6.477E-05 -1.125E-03 -6.404E-05 -1.110E-03  1.788E-08 -2.792E-02  1.248E-05 1.257E-05
   131 2.363239E-01 4.404053E+00     2 2.000E+01 1.649988E+02 1.649988E+02 -6.52074E-05 -1.18749E-03 7.416E-07 1.553E-05 -6.473E-05 -1.189E-03 -6.399E-05 -1.174E-03  1.217E-06 -1.901E+00  1.369E-05 1.379E-05
   132 2.599563E-01 4.664009E+00     2 2.000E+01 1.649988E+02 1.649987E+02 -7.18918E-05 -1.25938E-03 8.512E-07 1.638E-05 -7.116E-05 -1.260E-03 -7.031E-05 -1.244E-03  1.582E-06 -2.250E+00  1.528E-05 1.537E-05
   133 2.859520E-01 4.949961E+00     5 2.060E+01 1.649987E+02 1.649987E+02 -7.73082E-05 -1.33669E-03 9.139E-07 1.730E-05 -7.822E-05 -1.339E-03 -7.731E-05 -1.321E-03 -5.791E-10  7.491E-04  1.528E-05 1.537E-05
   134 2.859520E-01 5.235913E+00     2 2.000E+01 1.649986E+02 1.649986E+02 -7.86669E-05 -1.41536E-03 9.237E-07 1.822E-05 -7.817E-05 -1.417E-03 -7.724E-05 -1.399E-03  1.423E-06 -1.842E+00  1.670E-05 1.680E-05
   135 3.145471E-01 5.550460E+00     2 2.050E+01 1.649985E+02 1.649985E+02 -8.64947E-05 -1.50185E-03 1.051E-06 1.927E-05 -8.593E-05 -1.503E-03 -8.487E-05 -1.484E-03  1.620E-06 -1.909E+00  1.832E-05 1.842E-05
   136 3.460019E-01 5.896462E+00     2 2.100E+01 1.649984E+02 1.649984E+02 -9.53277E-05 -1.59718E-03 1.163E-06 2.043E-05 -9.445E-05 -1.597E-03 -9.329E-05 -1.577E-03  2.042E-06 -2.189E+00  2.036E-05 2.046E-05
   137 3.806020E-01 6.277064E+00     5 2.160E+01 1.649983E+02 1.649983E+02 -1.02540E-04 -1.69972E-03 1.262E-06 2.169E-05 -1.038E-04 -1.701E-03 -1.026E-04 -1.679E-03 -1.007E-08  9.819E-03  2.035E-05 2.047E-05
   138 3.806020E-01 6.657666E+00     2 2.150E+01 1.649982E+02 1.649982E+02 -1.04474E-04 -1.80419E-03 1.291E-06 2.299E-05 -1.037E-04 -1.805E-03 -1.024E-04 -1.782E-03  2.036E-06 -1.987E+00  2.239E-05 2.250E-05
   139 4.186623E-01 7.076329E+00     6 2.200E+01 1.649981E+02 1.649981E+02 -1.12834E-04 -1.91703E-03 1.303E-06 2.429E-05 -1.140E-04 -1.919E-03 -1.127E-04 -1.895E-03  1.377E-07 -1.222E-01  2.252E-05 2.264E-05
   140 4.186623E-01 7.494991E+00     2 2.200E+01 1.649980E+02 1.649980E+02 -1.14131E-04 -2.03116E-03 1.317E-06 2.561E-05 -1.139E-04 -2.033E-03 -1.126E-04 -2.007E-03  1.552E-06 -1.378E+00  2.408E-05 2.419E-05
   141 4.605285E-01 7.955519E+00     2 2.200E+01 1.649979E+02 1.649978E+02 -1.25912E-04 -2.15707E-03 1.645E-06 2.725E-05 -1.252E-04 -2.158E-03 -1.235E-04 -2.131E-03  2.371E-06 -1.919E+00  2.645E-05 2.656E-05
   142 5.065813E-01 8.462101E+00     2 2.300E+01 1.649978E+02 1.649977E+02 -1.38071E-04 -2.29514E-03 1.793E-06 2.904E-05 -1.376E-04 -2.295E-03 -1.358E-04 -2.266E-03  2.276E-06 -1.676E+00  2.872E-05 2.884E-05
   143 5.572395E-01 9.019340E+00     5 2.220E+01 1.649976E+02 1.649976E+02 -1.49574E-04 -2.44472E-03 1.790E-06 3.083E-05 -1.512E-04 -2.447E-03 -1.494E-04 -2.416E-03  1.609E-07 -1.077E-01  2.888E-05 2.900E-05
   144 5.572395E-01 9.576580E+00     2 2.300E+01 1.649975E+02 1.649974E+02 -1.51564E-04 -2.59628E-03 1.812E-06 3.264E-05 -1.511E-04 -2.598E-03 -1.492E-04 -2.565E-03  2.318E-06 -1.553E+00  3.120E-05 3.132E-05
   145 6.129634E-01 1.018954E+01     2 2.300E+01 1.649973E+02 1.649972E+02 -1.66236E-04 -2.76252E-03 2.202E-06 3.485E-05 -1.660E-04 -2.764E-03 -1.638E-04 -2.729E-03  2.423E-06 -1.479E+00  3.362E-05 3.374E-05
   146 6.742597E-01 1.086380E+01     5 2.340E+01 1.649971E+02 1.649971E+02 -1.80207E-04 -2.94273E-03 2.272E-06 3.712E-05 -1.824E-04 -2.946E-03 -1.802E-04 -2.909E-03  4.694E-08 -2.606E-02  3.367E-05 3.379E-05
   147 6.742597E-01 1.153806E+01     3 2.333E+01 1.649969E+02 1.649969E+02 -1.79731E-04 -3.12246E-03 2.291E-06 3.941E-05 -1.822E-04 -3.128E-03 -1.800E-04 -3.089E-03 -2.261E-07  1.257E-01  3.345E-05 3.401E-05
   148 7.416857E-01 1.227975E+01     2 2.350E+01 1.649967E+02 1.649967E+02 -2.00351E-04 -3.32281E-03 2.670E-06 4.208E-05 -2.003E-04 -3.329E-03 -1.976E-04 -3.287E-03  2.740E-06 -1.387E+00  3.619E-05 3.676E-05
   149 8.158543E-01 1.309560E+01     3 2.367E+01 1.649965E+02 1.649965E+02 -2.17079E-04 -3.53989E-03 2.907E-06 4.499E-05 -2.201E-04 -3.549E-03 -2.172E-04 -3.504E-03 -9.658E-08  4.447E-02  3.609E-05 3.685E-05
   150 8.974397E-01 1.399304E+01     3 2.367E+01 1.649963E+02 1.649962E+02 -2.38511E-04 -3.77840E-03 3.193E-06 4.818E-05 -2.418E-04 -3.791E-03 -2.386E-04 -3.742E-03 -1.193E-07  5.000E-02  3.597E-05 3.697E-05
   151 9.871837E-01 1.498023E+01     3 2.333E+01 1.649960E+02 1.649960E+02 -2.62022E-04 -4.04042E-03 3.541E-06 5.172E-05 -2.657E-04 -4.056E-03 -2.622E-04 -4.005E-03 -1.298E-07  4.950E-02  3.584E-05 3.710E-05
   152 1.085902E+00 1.606613E+01     3 2.367E+01 1.649957E+02 1.649957E+02 -2.87765E-04 -4.32818E-03 3.965E-06 5.569E-05 -2.919E-04 -4.348E-03 -2.879E-04 -4.293E-03 -1.690E-07  5.871E-02  3.567E-05 3.727E-05
   153 1.194492E+00 1.726062E+01     5 2.380E+01 1.649954E+02 1.649954E+02 -3.16138E-04 -4.64432E-03 4.359E-06 6.004E-05 -3.207E-04 -4.669E-03 -3.163E-04 -4.609E-03 -1.669E-07  5.275E-02  3.550E-05 3.744E-05
   154 1.194492E+00 1.845511E+01     5 2.360E+01 1.649951E+02 1.649950E+02 -3.15543E-04 -4.95986E-03 4.411E-06 6.446E-05 -3.202E-04 -4.989E-03 -3.158E-04 -4.925E-03 -2.944E-07  9.322E-02  3.521E-05 3.773E-05
   155 1.194492E+00 1.964960E+01     3 2.400E+01 1.649948E+02 1.649947E+02 -3.14832E-04 -5.27470E-03 4.707E-06 6.916E-05 -3.199E-04 -5.309E-03 -3.152E-04 -5.240E-03 -3.418E-07  1.085E-01  3.487E-05 3.807E-05
   156 1.313941E+00 2.096355E+01     3 2.400E+01 1.649944E+02 1.649944E+02 -3.45828E-04 -5.62052E-03 5.424E-06 7.459E-05 -3.515E-04 -5.660E-03 -3.460E-04 -5.586E-03 -2.204E-07  6.369E-02  3.465E-05 3.829E-05
   157 1.445336E+00 2.240888E+01     3 2.467E+01 1.649941E+02 1.649940E+02 -3.79862E-04 -6.00039E-03 6.062E-06 8.065E-05 -3.861E-04 -6.047E-03 -3.801E-04 -5.966E-03 -2.256E-07  5.936E-02  3.442E-05 3.852E-05
   158 1.589869E+00 2.399875E+01     5 2.480E+01 1.649936E+02 1.649936E+02 -4.17451E-04 -6.41784E-03 6.559E-06 8.721E-05 -4.242E-04 -6.471E-03 -4.176E-04 -6.384E-03 -1.540E-07  3.688E-02  3.427E-05 3.867E-05
   159 1.589869E+00 2.558862E+01     3 2.433E+01 1.649932E+02 1.649932E+02 -4.16246E-04 -6.83408E-03 6.767E-06 9.397E-05 -4.236E-04 -6.894E-03 -4.168E-04 -6.800E-03 -5.623E-07  1.349E-01  3.371E-05 3.924E-05
   160 1.748856E+00 2.733748E+01     5 2.440E+01 1.649928E+02 1.649927E+02 -4.58411E-04 -7.29249E-03 7.151E-06 1.011E-04 -4.652E-04 -7.360E-03 -4.581E-04 -7.258E-03  3.178E-07 -6.937E-02  3.402E-05 3.955E-05
   161 1.748856E+00 2.908633E+01     3 2.433E+01 1.649923E+02 1.649923E+02 -4.56038E-04 -7.74853E-03 7.364E-06 1.085E-04 -4.646E-04 -7.824E-03 -4.572E-04 -7.716E-03 -1.172E-06  2.564E-01  3.285E-05 4.073E-05
   162 1.923742E+00 3.101007E+01     3 2.467E+01 1.649918E+02 1.649918E+02 -5.01009E-04 -8.24954E-03 9.106E-06 1.176E-04 -5.104E-04 -8.335E-03 -5.013E-04 -8.217E-03 -2.979E-07  5.942E-02  3.255E-05 4.102E-05
   163 2.116116E+00 3.312619E+01     5 2.480E+01 1.649913E+02 1.649912E+02 -5.51186E-04 -8.80073E-03 9.469E-06 1.271E-04 -5.606E-04 -8.895E-03 -5.511E-04 -8.768E-03  5.012E-08 -9.094E-03  3.260E-05 4.107E-05
   164 2.116116E+00 3.524231E+01     3 2.467E+01 1.649907E+02 1.649907E+02 -5.49122E-04 -9.34985E-03 9.625E-06 1.367E-04 -5.597E-04 -9.455E-03 -5.501E-04 -9.318E-03 -9.979E-07  1.814E-01  3.161E-05 4.207E-05
   165 2.327728E+00 3.757003E+01     3 2.433E+01 1.649901E+02 1.649900E+02 -6.03062E-04 -9.95291E-03 1.136E-05 1.480E-04 -6.149E-04 -1.007E-02 -6.035E-04 -9.922E-03 -4.351E-07  7.210E-02  3.117E-05 4.251E-05
   166 2.560500E+00 4.013053E+01     3 2.467E+01 1.649894E+02 1.649894E+02 -6.62106E-04 -1.06150E-02 1.263E-05 1.607E-04 -6.753E-04 -1.075E-02 -6.627E-04 -1.058E-02 -5.838E-07  8.810E-02  3.059E-05 4.309E-05
   167 2.816550E+00 4.294708E+01     3 2.433E+01 1.649887E+02 1.649887E+02 -7.26713E-04 -1.13417E-02 1.421E-05 1.749E-04 -7.417E-04 -1.149E-02 -7.275E-04 -1.131E-02 -7.530E-07  1.035E-01  2.983E-05 4.384E-05
   168 3.098205E+00 4.604529E+01     4 2.525E+01 1.649879E+02 1.649879E+02 -7.98144E-04 -1.21399E-02 1.573E-05 1.906E-04 -8.144E-04 -1.230E-02 -7.987E-04 -1.211E-02 -5.665E-07  7.093E-02  2.927E-05 4.441E-05
   169 3.408026E+00 4.945332E+01     6 2.617E+01 1.649870E+02 1.649870E+02 -8.77061E-04 -1.30169E-02 1.664E-05 2.073E-04 -8.941E-04 -1.320E-02 -8.775E-04 -1.299E-02 -4.086E-07  4.656E-02  2.886E-05 4.482E-05
   170 3.408026E+00 5.286134E+01     3 2.433E+01 1.649862E+02 1.649861E+02 -8.72988E-04 -1.38899E-02 1.747E-05 2.247E-04 -8.925E-04 -1.409E-02 -8.750E-04 -1.386E-02 -2.013E-06  2.300E-01  2.685E-05 4.683E-05
   171 3.748828E+00 5.661017E+01     4 2.575E+01 1.649852E+02 1.649851E+02 -9.60144E-04 -1.48501E-02 1.974E-05 2.445E-04 -9.799E-04 -1.507E-02 -9.601E-04 -1.482E-02  1.917E-08 -1.997E-03  2.686E-05 4.685E-05
   172 4.123711E+00 6.073388E+01     4 2.525E+01 1.649842E+02 1.649841E+02 -1.05344E-03 -1.59035E-02 2.082E-05 2.653E-04 -1.075E-03 -1.614E-02 -1.055E-03 -1.588E-02 -1.207E-06  1.144E-01  2.566E-05 4.806E-05
   173 4.536082E+00 6.526996E+01     5 2.580E+01 1.649830E+02 1.649829E+02 -1.15462E-03 -1.70581E-02 2.389E-05 2.892E-04 -1.181E-03 -1.732E-02 -1.157E-03 -1.703E-02 -1.984E-06  1.715E-01  2.367E-05 5.004E-05
   174 4.536082E+00 6.980605E+01     3 2.600E+01 1.649819E+02 1.649818E+02 -1.15190E-03 -1.82100E-02 2.498E-05 3.142E-04 -1.178E-03 -1.850E-02 -1.153E-03 -1.819E-02 -1.245E-06  1.080E-01  2.243E-05 5.129E-05
   175 4.989691E+00 7.479574E+01     5 2.600E+01 1.649806E+02 1.649805E+02 -1.26687E-03 -1.94769E-02 2.612E-05 3.403E-04 -1.293E-03 -1.979E-02 -1.267E-03 -1.945E-02  1.173E-08 -9.257E-04  2.244E-05 5.130E-05
   176 4.989691E+00 7.978543E+01     4 2.550E+01 1.649793E+02 1.649793E+02 -1.26104E-03 -2.07379E-02 2.599E-05 3.663E-04 -1.290E-03 -2.108E-02 -1.264E-03 -2.072E-02 -2.864E-06  2.266E-01  1.958E-05 5.416E-05
   177 5.488660E+00 8.527409E+01     4 2.550E+01 1.649780E+02 1.649779E+02 -1.38272E-03 -2.21207E-02 3.098E-05 3.972E-04 -1.416E-03 -2.250E-02 -1.385E-03 -2.210E-02 -2.133E-06  1.540E-01  1.744E-05 5.630E-05
   178 6.037526E+00 9.131161E+01     4 2.625E+01 1.649764E+02 1.649764E+02 -1.51871E-03 -2.36394E-02 3.387E-05 4.311E-04 -1.554E-03 -2.405E-02 -1.520E-03 -2.362E-02 -1.087E-06  7.151E-02  1.636E-05 5.738E-05
   179 6.641278E+00 9.795289E+01     4 2.600E+01 1.649748E+02 1.649747E+02 -1.66396E-03 -2.53033E-02 3.735E-05 4.685E-04 -1.705E-03 -2.576E-02 -1.667E-03 -2.529E-02 -3.244E-06  1.946E-01  1.311E-05 6.063E-05
   180 7.305406E+00 1.052583E+02     4 2.550E+01 1.649729E+02 1.649729E+02 -1.82622E-03 -2.71295E-02 4.165E-05 5.101E-04 -1.870E-03 -2.763E-02 -1.828E-03 -2.712E-02 -1.980E-06  1.083E-01  1.113E-05 6.261E-05
   181 8.035947E+00 1.132942E+02     4 2.575E+01 1.649709E+02 1.649709E+02 -2.00475E-03 -2.91343E-02 4.366E-05 5.538E-04 -2.050E-03 -2.968E-02 -2.007E-03 -2.913E-02 -1.877E-06  9.352E-02  9.256E-06 6.448E-05
   182 8.839541E+00 1.221338E+02     4 2.525E+01 1.649688E+02 1.649687E+02 -2.19180E-03 -3.13261E-02 5.016E-05 6.039E-04 -2.249E-03 -3.193E-02 -2.198E-03 -3.132E-02 -6.569E-06  2.988E-01  2.687E-06 7.105E-05
   183 9.723496E+00 1.318573E+02     4 2.650E+01 1.649663E+02 1.649663E+02 -2.40483E-03 -3.37309E-02 5.800E-05 6.619E-04 -2.466E-03 -3.439E-02 -2.408E-03 -3.373E-02 -3.025E-06  1.256E-01 -3.378E-07 7.408E-05
   184 1.000000E+01 1.418573E+02     4 2.600E+01 1.649639E+02 1.649638E+02 -2.46413E-03 -3.61951E-02 5.886E-05 7.208E-04 -2.527E-03 -3.692E-02 -2.469E-03 -3.620E-02 -4.477E-06  1.814E-01 -4.815E-06 7.855E-05
   185 1.000000E+01 1.518573E+02     4 2.600E+01 1.649614E+02 1.649614E+02 -2.45329E-03 -3.86484E-02 6.110E-05 7.819E-04 -2.520E-03 -3.944E-02 -2.459E-03 -3.866E-02 -5.350E-06  2.176E-01 -1.016E-05 8.390E-05
   186 1.000000E+01 1.618573E+02     4 2.625E+01 1.649590E+02 1.649589E+02 -2.44505E-03 -4.10934E-02 6.342E-05 8.453E-04 -2.513E-03 -4.195E-02 -2.449E-03 -4.111E-02 -4.062E-06  1.659E-01 -1.423E-05 8.797E-05
   187 1.000000E+01 1.718573E+02     3 2.567E+01 1.649566E+02 1.649565E+02 -2.43456E-03 -4.35280E-02 6.630E-05 9.116E-04 -2.506E-03 -4.446E-02 -2.440E-03 -4.355E-02 -5.114E-06  2.096E-01 -1.934E-05 9.308E-05
   188 1.000000E+01 1.818573E+02     4 2.600E+01 1.649541E+02 1.649540E+02 -2.42712E-03 -4.59551E-02 6.917E-05 9.808E-04 -2.500E-03 -4.696E-02 -2.431E-03 -4.598E-02 -3.596E-06  1.479E-01 -2.294E-05 9.667E-05
   189 1.000000E+01 1.918573E+02     7 2.600E+01 1.649517E+02 1.649516E+02 -2.41903E-03 -4.83741E-02 7.067E-05 1.051E-03 -2.494E-03 -4.945E-02 -2.423E-03 -4.840E-02 -4.004E-06  1.653E-01 -2.694E-05 1.007E-04
   190 5.000000E+00 1.968573E+02     3 2.533E+01 1.649505E+02 1.649504E+02 -1.20235E-03 -4.95765E-02 3.923E-05 1.091E-03 -1.245E-03 -5.070E-02 -1.206E-03 -4.961E-02 -3.558E-06  2.951E-01 -3.050E-05 1.042E-04
   191 5.500000E+00 2.023573E+02     3 2.533E+01 1.649492E+02 1.649491E+02 -1.32305E-03 -5.08995E-02 4.584E-05 1.137E-03 -1.369E-03 -5.207E-02 -1.323E-03 -5.093E-02  2.737E-07 -2.069E-02 -3.023E-05 1.045E-04
   192 6.050000E+00 2.084073E+02     4 2.550E+01 1.649477E+02 1.649476E+02 -1.45597E-03 -5.23555E-02 4.768E-05 1.184E-03 -1.503E-03 -5.357E-02 -1.456E-03 -5.239E-02  3.760E-07 -2.583E-02 -2.985E-05 1.049E-04
   193 6.655000E+00 2.150623E+02     5 2.580E+01 1.649461E+02 1.649460E+02 -1.59670E-03 -5.39522E-02 5.178E-05 1.236E-03 -1.651E-03 -5.522E-02 -1.599E-03 -5.398E-02 -2.344E-06  1.466E-01 -3.219E-05 1.072E-04
   194 6.655000E+00 2.217173E+02     3 2.567E+01 1.649445E+02 1.649445E+02 -1.59351E-03 -5.55457E-02 5.314E-05 1.289E-03 -1.648E-03 -5.687E-02 -1.595E-03 -5.558E-02 -1.554E-06  9.740E-02 -3.375E-05 1.088E-04
   195 7.320500E+00 2.290378E+02     3 2.533E+01 1.649428E+02 1.649427E+02 -1.74969E-03 -5.72954E-02 5.884E-05 1.348E-03 -1.810E-03 -5.868E-02 -1.751E-03 -5.733E-02 -1.506E-06  8.598E-02 -3.525E-05 1.103E-04
   196 8.052550E+00 2.370903E+02     4 2.575E+01 1.649409E+02 1.649408E+02 -1.92291E-03 -5.92183E-02 6.337E-05 1.411E-03 -1.987E-03 -6.067E-02 -1.924E-03 -5.925E-02 -7.454E-07  3.875E-02 -3.600E-05 1.110E-04
   197 8.857805E+00 2.459481E+02     4 2.625E+01 1.649388E+02 1.649387E+02 -2.11359E-03 -6.13319E-02 6.562E-05 1.477E-03 -2.180E-03 -6.285E-02 -2.114E-03 -6.137E-02 -6.530E-07  3.088E-02 -3.665E-05 1.117E-04
   198 9.743586E+00 2.556917E+02     5 2.680E+01 1.649364E+02 1.649363E+02 -2.31976E-03 -6.36516E-02 6.870E-05 1.546E-03 -2.391E-03 -6.524E-02 -2.322E-03 -6.369E-02 -2.501E-06  1.077E-01 -3.915E-05 1.142E-04
   199 9.743586E+00 2.654353E+02     4 2.625E+01 1.649341E+02 1.649340E+02 -2.31050E-03 -6.59621E-02 6.984E-05 1.615E-03 -2.385E-03 -6.762E-02 -2.315E-03 -6.601E-02 -4.571E-06  1.975E-01 -4.372E-05 1.188E-04
   200 1.000000E+01 2.754353E+02     4 2.575E+01 1.649318E+02 1.649317E+02 -2.36332E-03 -6.83255E-02 7.492E-05 1.690E-03 -2.442E-03 -7.006E-02 -2.367E-03 -6.837E-02 -3.930E-06  1.660E-01 -4.765E-05 1.227E-04
   201 1.000000E+01 2.854353E+02     4 2.575E+01 1.649294E+02 1.649293E+02 -2.35827E-03 -7.06837E-02 7.619E-05 1.767E-03 -2.437E-03 -7.250E-02 -2.361E-03 -7.073E-02 -2.491E-06  1.055E-01 -5.014E-05 1.252E-04
   202 1.000000E+01 2.954353E+02     4 2.575E+01 1.649271E+02 1.649270E+02 -2.35546E-03 -7.30392E-02 7.436E-05 1.841E-03 -2.431E-03 -7.493E-02 -2.357E-03 -7.309E-02 -1.352E-06  5.737E-02 -5.150E-05 1.265E-04
   203 1.000000E+01 3.054353E+02     3 2.500E+01 1.649247E+02 1.649246E+02 -2.34690E-03 -7.53861E-02 7.477E-05 1.916E-03 -2.426E-03 -7.736E-02 -2.351E-03 -7.544E-02 -4.029E-06  1.714E-01 -5.552E-05 1.306E-04
   204 1.000000E+01 3.154353E+02     5 2.640E+01 1.649224E+02 1.649223E+02 -2.35460E-03 -7.77407E-02 6.865E-05 1.984E-03 -2.419E-03 -7.978E-02 -2.351E-03 -7.779E-02  4.079E-06 -1.735E-01 -5.145E-05 1.346E-04
   205 1.000000E+01 3.254353E+02     3 2.600E+01 1.649200E+02 1.649199E+02 -2.33507E-03 -8.00758E-02 6.845E-05 2.053E-03 -2.413E-03 -8.219E-02 -2.345E-03 -8.014E-02 -9.702E-06  4.138E-01 -6.115E-05 1.443E-04
   206 1.000000E+01 3.354353E+02     4 2.600E+01 1.649177E+02 1.649176E+02 -2.33173E-03 -8.24075E-02 7.598E-05 2.129E-03 -2.409E-03 -8.460E-02 -2.333E-03 -8.247E-02 -1.596E-06  6.839E-02 -6.274E-05 1.459E-04
   207 1.000000E+01 3.454353E+02     3 2.600E+01 1.649154E+02 1.649153E+02 -2.32757E-03 -8.47351E-02 7.538E-05 2.204E-03 -2.405E-03 -8.700E-02 -2.330E-03 -8.480E-02 -1.940E-06  8.326E-02 -6.468E-05 1.479E-04
   208 1.000000E+01 3.554353E+02     3 2.567E+01 1.649130E+02 1.649129E+02 -2.32267E-03 -8.70577E-02 7.537E-05 2.280E-03 -2.400E-03 -8.940E-02 -2.325E-03 -8.712E-02 -2.287E-06  9.836E-02 -6.697E-05 1.502E-04
   209 1.000000E+01 3.654353E+02     4 2.550E+01 1.649107E+02 1.649106E+02 -2.31778E-03 -8.93755E-02 7.566E-05 2.355E-03 -2.396E-03 -9.180E-02 -2.320E-03 -8.944E-02 -2.388E-06  1.029E-01 -6.936E-05 1.526E-04
   210 1.000000E+01 3.754353E+02     3 2.500E+01 1.649084E+02 1.649083E+02 -2.31253E-03 -9.16880E-02 7.636E-05 2.432E-03 -2.391E-03 -9.419E-02 -2.315E-03 -9.176E-02 -2.586E-06  1.117E-01 -7.194E-05 1.551E-04
   211 1.000000E+01 3.854353E+02     3 2.533E+01 1.649061E+02 1.649060E+02 -2.30739E-03 -9.39954E-02 7.739E-05 2.509E-03 -2.387E-03 -9.658E-02 -2.310E-03 -9.407E-02 -2.420E-06  1.048E-01 -7.436E-05 1.576E-04
   212 1.000000E+01 3.954353E+02     3 2.500E+01 1.649038E+02 1.649037E+02 -2.30169E-03 -9.62971E-02 7.861E-05 2.588E-03 -2.383E-03 -9.896E-02 -2.304E-03 -9.637E-02 -2.696E-06  1.170E-01 -7.706E-05 1.603E-04
   213 1.000000E+01 4.054353E+02     5 2.640E+01 1.649015E+02 1.649014E+02 -2.29951E-03 -9.85966E-02 7.776E-05 2.665E-03 -2.378E-03 -1.013E-01 -2.301E-03 -9.867E-02 -1.041E-06  4.526E-02 -7.810E-05 1.613E-04
   214 1.000000E+01 4.154353E+02     3 2.567E+01 1.648992E+02 1.648991E+02 -2.29078E-03 -1.00887E-01 7.883E-05 2.744E-03 -2.374E-03 -1.037E-01 -2.295E-03 -1.010E-01 -4.284E-06  1.866E-01 -8.238E-05 1.656E-04
   215 1.000000E+01 4.254353E+02     4 2.575E+01 1.648969E+02 1.648968E+02 -2.28595E-03 -1.03173E-01 8.190E-05 2.826E-03 -2.370E-03 -1.061E-01 -2.288E-03 -1.033E-01 -2.324E-06  1.016E-01 -8.471E-05 1.679E-04
   216 1.000000E+01 4.354353E+02     4 2.575E+01 1.648947E+02 1.648945E+02 -2.28414E-03 -1.05458E-01 8.071E-05 2.907E-03 -2.366E-03 -1.084E-01 -2.285E-03 -1.055E-01 -8.429E-07  3.689E-02 -8.555E-05 1.687E-04
   217 1.000000E+01 4.454353E+02     3 2.500E+01 1.648924E+02 1.648923E+02 -2.27593E-03 -1.07733E-01 8.153E-05 2.988E-03 -2.361E-03 -1.108E-01 -2.280E-03 -1.078E-01 -3.993E-06  1.751E-01 -8.954E-05 1.727E-04
   218 1.000000E+01 4.554353E+02     3 2.500E+01 1.648901E+02 1.648900E+02 -2.27167E-03 -1.10005E-01 8.421E-05 3.073E-03 -2.358E-03 -1.132E-01 -2.274E-03 -1.101E-01 -2.028E-06  8.919E-02 -9.157E-05 1.748E-04
   219 1.000000E+01 4.654353E+02     3 2.567E+01 1.648878E+02 1.648877E+02 -2.26691E-03 -1.12272E-01 8.487E-05 3.157E-03 -2.354E-03 -1.155E-01 -2.269E-03 -1.124E-01 -2.347E-06  1.034E-01 -9.392E-05 1.771E-04
   220 1.000000E+01 4.754353E+02     4 2.575E+01 1.648856E+02 1.648855E+02 -2.26185E-03 -1.14534E-01 8.594E-05 3.243E-03 -2.350E-03 -1.179E-01 -2.264E-03 -1.146E-01 -2.494E-06  1.101E-01 -9.641E-05 1.796E-04
   221 1.000000E+01 4.854353E+02     4 2.650E+01 1.648833E+02 1.648832E+02 -2.26393E-03 -1.16798E-01 8.281E-05 3.326E-03 -2.346E-03 -1.202E-01 -2.263E-03 -1.169E-01  1.142E-06 -5.045E-02 -9.527E-05 1.808E-04
   222 1.000000E+01 4.954353E+02     5 2.620E+01 1.648811E+02 1.648810E+02 -2.25116E-03 -1.19049E-01 8.400E-05 3.410E-03 -2.341E-03 -1.226E-01 -2.257E-03 -1.192E-01 -6.297E-06  2.789E-01 -1.016E-04 1.870E-04
   223 1.000000E+01 5.054353E+02     4 2.625E+01 1.648788E+02 1.648787E+02 -2.25694E-03 -1.21306E-01 8.341E-05 3.494E-03 -2.337E-03 -1.249E-01 -2.254E-03 -1.214E-01  3.010E-06 -1.336E-01 -9.856E-05 1.901E-04
   224 1.000000E+01 5.154353E+02     4 2.575E+01 1.648766E+02 1.648765E+02 -2.24328E-03 -1.23549E-01 8.329E-05 3.577E-03 -2.333E-03 -1.272E-01 -2.250E-03 -1.237E-01 -6.680E-06  2.969E-01 -1.052E-04 1.967E-04
   225 1.000000E+01 5.254353E+02     4 2.550E+01 1.648743E+02 1.648742E+02 -2.24562E-03 -1.25795E-01 8.502E-05 3.662E-03 -2.329E-03 -1.296E-01 -2.244E-03 -1.259E-01  1.278E-06 -5.696E-02 -1.040E-04 1.980E-04
   226 1.000000E+01 5.354353E+02     3 2.567E+01 1.648721E+02 1.648720E+02 -2.23661E-03 -1.28031E-01 8.431E-05 3.746E-03 -2.325E-03 -1.319E-01 -2.241E-03 -1.281E-01 -4.421E-06  1.973E-01 -1.084E-04 2.024E-04
   227 1.000000E+01 5.454353E+02     3 2.500E+01 1.648699E+02 1.648697E+02 -2.23379E-03 -1.30265E-01 8.703E-05 3.833E-03 -2.322E-03 -1.342E-01 -2.235E-03 -1.304E-01 -1.304E-06  5.833E-02 -1.097E-04 2.037E-04
   228 1.000000E+01 5.554353E+02     3 2.533E+01 1.648676E+02 1.648675E+02 -2.23031E-03 -1.32496E-01 8.665E-05 3.920E-03 -2.319E-03 -1.365E-01 -2.232E-03 -1.326E-01 -1.590E-06  7.124E-02 -1.113E-04 2.053E-04
   229 1.000000E+01 5.654353E+02     5 2.600E+01 1.648654E+02 1.648653E+02 -2.23014E-03 -1.34726E-01 8.429E-05 4.004E-03 -2.314E-03 -1.388E-01 -2.230E-03 -1.348E-01 -4.576E-09  2.052E-04 -1.113E-04 2.053E-04
   230 1.000000E+01 5.754353E+02     3 2.567E+01 1.648632E+02 1.648631E+02 -2.22252E-03 -1.36948E-01 8.424E-05 4.088E-03 -2.310E-03 -1.412E-01 -2.226E-03 -1.371E-01 -3.724E-06  1.673E-01 -1.150E-04 2.091E-04
   231 1.000000E+01 5.854353E+02     3 2.567E+01 1.648610E+02 1.648608E+02 -2.21943E-03 -1.39168E-01 8.628E-05 4.175E-03 -2.307E-03 -1.435E-01 -2.221E-03 -1.393E-01 -1.362E-06  6.131E-02 -1.164E-04 2.104E-04
   232 1.000000E+01 5.954353E+02     5 2.700E+01 1.648587E+02 1.648586E+02 -2.22443E-03 -1.41392E-01 8.065E-05 4.255E-03 -2.302E-03 -1.458E-01 -2.222E-03 -1.415E-01  2.616E-06 -1.178E-01 -1.137E-04 2.130E-04
   233 1.000000E+01 6.054353E+02     4 2.650E+01 1.648565E+02 1.648564E+02 -2.21632E-03 -1.43608E-01 7.722E-05 4.333E-03 -2.298E-03 -1.481E-01 -2.220E-03 -1.437E-01 -4.013E-06  1.808E-01 -1.178E-04 2.171E-04
   234 1.000000E+01 6.154353E+02     3 2.567E+01 1.648543E+02 1.648542E+02 -2.21040E-03 -1.45819E-01 8.077E-05 4.413E-03 -2.294E-03 -1.504E-01 -2.213E-03 -1.459E-01 -2.861E-06  1.293E-01 -1.206E-04 2.199E-04
   235 1.000000E+01 6.254353E+02     3 2.567E+01 1.648521E+02 1.648520E+02 -2.20855E-03 -1.48027E-01 8.145E-05 4.495E-03 -2.291E-03 -1.526E-01 -2.209E-03 -1.481E-01 -8.121E-07  3.676E-02 -1.214E-04 2.207E-04
   236 1.000000E+01 6.354353E+02     3 2.567E+01 1.648499E+02 1.648498E+02 -2.20576E-03 -1.50233E-01 8.014E-05 4.575E-03 -2.287E-03 -1.549E-01 -2.207E-03 -1.504E-01 -1.324E-06  5.997E-02 -1.228E-04 2.220E-04
   237 1.000000E+01 6.454353E+02     4 2.575E+01 1.648477E+02 1.648476E+02 -2.20268E-03 -1.52436E-01 7.939E-05 4.654E-03 -2.284E-03 -1.572E-01 -2.204E-03 -1.526E-01 -1.512E-06  6.860E-02 -1.243E-04 2.236E-04
   238 1.000000E+01 6.554353E+02     4 2.625E+01 1.648455E+02 1.648454E+02 -2.19906E-03 -1.54635E-01 7.910E-05 4.733E-03 -2.280E-03 -1.595E-01 -2.201E-03 -1.548E-01 -1.788E-06  8.126E-02 -1.261E-04 2.253E-04
   239 1.000000E+01 6.654353E+02     5 2.640E+01 1.648433E+02 1.648432E+02 -2.20229E-03 -1.56837E-01 7.440E-05 4.808E-03 -2.275E-03 -1.618E-01 -2.201E-03 -1.570E-01  1.634E-06 -7.427E-02 -1.244E-04 2.270E-04
   240 1.000000E+01 6.754353E+02     3 2.600E+01 1.648411E+02 1.648410E+02 -2.19015E-03 -1.59027E-01 7.472E-05 4.883E-03 -2.271E-03 -1.640E-01 -2.196E-03 -1.592E-01 -5.986E-06  2.726E-01 -1.304E-04 2.330E-04
   241 1.000000E+01 6.854353E+02     3 2.567E+01 1.648389E+02 1.648388E+02 -2.18749E-03 -1.61215E-01 7.966E-05 4.962E-03 -2.268E-03 -1.663E-01 -2.189E-03 -1.613E-01 -1.216E-06  5.554E-02 -1.316E-04 2.342E-04
   242 1.000000E+01 6.954353E+02     3 2.567E+01 1.648367E+02 1.648366E+02 -2.18409E-03 -1.63399E-01 7.979E-05 5.042E-03 -2.265E-03 -1.686E-01 -2.186E-03 -1.635E-01 -1.592E-06  7.282E-02 -1.332E-04 2.358E-04
   243 1.000000E+01 7.054353E+02     5 2.620E+01 1.648345E+02 1.648344E+02 -2.19263E-03 -1.65591E-01 7.307E-05 5.115E-03 -2.261E-03 -1.708E-01 -2.188E-03 -1.657E-01  4.354E-06 -1.989E-01 -1.289E-04 2.401E-04
   244 1.000000E+01 7.154353E+02     3 2.567E+01 1.648324E+02 1.648322E+02 -2.17635E-03 -1.67768E-01 7.337E-05 5.188E-03 -2.258E-03 -1.731E-01 -2.184E-03 -1.679E-01 -7.979E-06  3.653E-01 -1.368E-04 2.481E-04
   245 1.000000E+01 7.254353E+02     4 2.650E+01 1.648302E+02 1.648301E+02 -2.17794E-03 -1.69946E-01 7.774E-05 5.266E-03 -2.255E-03 -1.753E-01 -2.177E-03 -1.701E-01  1.002E-06 -4.602E-02 -1.358E-04 2.491E-04
   246 1.000000E+01 7.354353E+02     3 2.567E+01 1.648280E+02 1.648279E+02 -2.17124E-03 -1.72117E-01 7.692E-05 5.343E-03 -2.251E-03 -1.776E-01 -2.174E-03 -1.723E-01 -3.224E-06  1.482E-01 -1.391E-04 2.523E-04
   247 1.000000E+01 7.454353E+02     4 2.625E+01 1.648258E+02 1.648257E+02 -2.16861E-03 -1.74286E-01 7.877E-05 5.422E-03 -2.249E-03 -1.798E-01 -2.170E-03 -1.744E-01 -1.197E-06  5.519E-02 -1.403E-04 2.535E-04
   248 1.000000E+01 7.554353E+02     4 2.575E+01 1.648237E+02 1.648235E+02 -2.16557E-03 -1.76451E-01 7.853E-05 5.500E-03 -2.246E-03 -1.821E-01 -2.167E-03 -1.766E-01 -1.441E-06  6.651E-02 -1.417E-04 2.550E-04
   249 1.000000E+01 7.654353E+02     3 2.567E+01 1.648215E+02 1.648214E+02 -2.16241E-03 -1.78614E-01 7.856E-05 5.579E-03 -2.242E-03 -1.843E-01 -2.164E-03 -1.788E-01 -1.516E-06  7.006E-02 -1.432E-04 2.565E-04
   250 1.000000E+01 7.754353E+02     4 2.650E+01 1.648194E+02 1.648192E+02 -2.16335E-03 -1.80777E-01 7.598E-05 5.655E-03 -2.239E-03 -1.866E-01 -2.163E-03 -1.809E-01  5.574E-07 -2.577E-02 -1.427E-04 2.570E-04
   251 1.000000E+01 7.854353E+02     3 2.567E+01 1.648172E+02 1.648171E+02 -2.15550E-03 -1.82932E-01 7.609E-05 5.731E-03 -2.235E-03 -1.888E-01 -2.159E-03 -1.831E-01 -3.828E-06  1.773E-01 -1.465E-04 2.609E-04
   252 1.000000E+01 7.954353E+02     3 2.567E+01 1.648150E+02 1.648149E+02 -2.15302E-03 -1.85085E-01 7.866E-05 5.810E-03 -2.233E-03 -1.910E-01 -2.154E-03 -1.852E-01 -1.165E-06  5.410E-02 -1.477E-04 2.620E-04
   253 1.000000E+01 8.054353E+02     4 2.550E+01 1.648129E+02 1.648128E+02 -2.15024E-03 -1.87236E-01 7.843E-05 5.888E-03 -2.230E-03 -1.933E-01 -2.152E-03 -1.874E-01 -1.334E-06  6.202E-02 -1.490E-04 2.634E-04
   254 1.000000E+01 8.154353E+02     3 2.567E+01 1.648108E+02 1.648106E+02 -2.14742E-03 -1.89383E-01 7.834E-05 5.966E-03 -2.227E-03 -1.955E-01 -2.149E-03 -1.895E-01 -1.302E-06  6.059E-02 -1.503E-04 2.647E-04
   255 1.000000E+01 8.254353E+02     4 2.625E+01 1.648086E+02 1.648085E+02 -2.14444E-03 -1.91528E-01 7.835E-05 6.045E-03 -2.224E-03 -1.977E-01 -2.146E-03 -1.917E-01 -1.326E-06  6.181E-02 -1.516E-04 2.660E-04
   256 1.000000E+01 8.354353E+02     4 2.650E+01 1.648065E+02 1.648063E+02 -2.14478E-03 -1.93672E-01 7.607E-05 6.121E-03 -2.221E-03 -1.999E-01 -2.144E-03 -1.938E-01  2.919E-07 -1.361E-02 -1.513E-04 2.663E-04
   257 1.000000E+01 8.454353E+02     3 2.600E+01 1.648043E+02 1.648042E+02 -2.13703E-03 -1.95809E-01 7.651E-05 6.197E-03 -2.217E-03 -2.022E-01 -2.141E-03 -1.960E-01 -3.782E-06  1.767E-01 -1.551E-04 2.701E-04
   258 1.000000E+01 8.554353E+02     3 2.600E+01 1.648022E+02 1.648021E+02 -2.13395E-03 -1.97943E-01 7.947E-05 6.277E-03 -2.215E-03 -2.044E-01 -2.135E-03 -1.981E-01 -1.434E-06  6.715E-02 -1.565E-04 2.715E-04
   259 1.000000E+01 8.654353E+02     4 2.625E+01 1.648001E+02 1.647999E+02 -2.13052E-03 -2.00074E-01 7.997E-05 6.357E-03 -2.212E-03 -2.066E-01 -2.132E-03 -2.002E-01 -1.617E-06  7.586E-02 -1.582E-04 2.731E-04
   260 1.000000E+01 8.754353E+02     3 2.500E+01 1.647979E+02 1.647978E+02 -2.12703E-03 -2.02201E-01 8.057E-05 6.437E-03 -2.209E-03 -2.088E-01 -2.129E-03 -2.024E-01 -1.693E-06  7.952E-02 -1.599E-04 2.748E-04
   261 1.000000E+01 8.854353E+02     3 2.500E+01 1.647958E+02 1.647957E+02 -2.12354E-03 -2.04324E-01 8.121E-05 6.519E-03 -2.206E-03 -2.110E-01 -2.125E-03 -2.045E-01 -1.720E-06  8.095E-02 -1.616E-04 2.765E-04
   262 1.000000E+01 8.954353E+02     4 2.600E+01 1.647937E+02 1.647936E+02 -2.12015E-03 -2.06445E-01 8.188E-05 6.600E-03 -2.204E-03 -2.132E-01 -2.122E-03 -2.066E-01 -1.639E-06  7.727E-02 -1.632E-04 2.782E-04
   263 1.000000E+01 9.054353E+02     3 2.633E+01 1.647916E+02 1.647914E+02 -2.11662E-03 -2.08561E-01 8.263E-05 6.683E-03 -2.201E-03 -2.154E-01 -2.118E-03 -2.087E-01 -1.694E-06  7.996E-02 -1.649E-04 2.799E-04
   264 1.000000E+01 9.154353E+02     3 2.567E+01 1.647895E+02 1.647893E+02 -2.11320E-03 -2.10674E-01 8.347E-05 6.767E-03 -2.198E-03 -2.176E-01 -2.115E-03 -2.108E-01 -1.658E-06  7.841E-02 -1.666E-04 2.815E-04
   265 1.000000E+01 9.254353E+02     3 2.567E+01 1.647874E+02 1.647872E+02 -2.10951E-03 -2.12784E-01 8.448E-05 6.851E-03 -2.196E-03 -2.198E-01 -2.111E-03 -2.130E-01 -1.798E-06  8.517E-02 -1.684E-04 2.833E-04
   266 1.000000E+01 9.354353E+02     3 2.567E+01 1.647853E+02 1.647851E+02 -2.10591E-03 -2.14890E-01 8.561E-05 6.937E-03 -2.193E-03 -2.220E-01 -2.108E-03 -2.151E-01 -1.766E-06  8.380E-02 -1.701E-04 2.851E-04
   267 1.000000E+01 9.454353E+02     4 2.625E+01 1.647831E+02 1.647830E+02 -2.10748E-03 -2.16997E-01 8.350E-05 7.020E-03 -2.190E-03 -2.242E-01 -2.107E-03 -2.172E-01  8.626E-07 -4.095E-02 -1.693E-04 2.860E-04
   268 1.000000E+01 9.554353E+02     3 2.567E+01 1.647810E+02 1.647809E+02 -2.09859E-03 -2.19096E-01 8.437E-05 7.105E-03 -2.187E-03 -2.264E-01 -2.103E-03 -2.193E-01 -4.357E-06  2.072E-01 -1.736E-04 2.903E-04
   269 1.000000E+01 9.654353E+02     3 2.567E+01 1.647790E+02 1.647788E+02 -2.09611E-03 -2.21192E-01 8.819E-05 7.193E-03 -2.185E-03 -2.286E-01 -2.097E-03 -2.214E-01 -1.104E-06  5.265E-02 -1.747E-04 2.914E-04
   270 1.000000E+01 9.754353E+02     4 2.675E+01 1.647769E+02 1.647767E+02 -2.09795E-03 -2.23290E-01 8.590E-05 7.279E-03 -2.183E-03 -2.307E-01 -2.097E-03 -2.235E-01  1.114E-06 -5.315E-02 -1.736E-04 2.925E-04
   271 1.000000E+01 9.854353E+02     4 2.650E+01 1.647748E+02 1.647746E+02 -2.09351E-03 -2.25383E-01 8.410E-05 7.363E-03 -2.180E-03 -2.329E-01 -2.096E-03 -2.256E-01 -2.066E-06  9.860E-02 -1.757E-04 2.946E-04
   272 1.000000E+01 9.954353E+02     4 2.600E+01 1.647727E+02 1.647725E+02 -2.09001E-03 -2.27473E-01 8.494E-05 7.448E-03 -2.177E-03 -2.351E-01 -2.092E-03 -2.277E-01 -1.639E-06  7.837E-02 -1.773E-04 2.962E-04
   273 1.000000E+01 1.005435E+03     3 2.567E+01 1.647706E+02 1.647704E+02 -2.08404E-03 -2.29558E-01 8.714E-05 7.535E-03 -2.174E-03 -2.373E-01 -2.087E-03 -2.297E-01 -2.932E-06  1.405E-01 -1.803E-04 2.992E-04
   274 1.000000E+01 1.015435E+03     3 2.567E+01 1.647685E+02 1.647684E+02 -2.08243E-03 -2.31640E-01 8.896E-05 7.624E-03 -2.172E-03 -2.394E-01 -2.083E-03 -2.318E-01 -7.418E-07  3.561E-02 -1.810E-04 2.999E-04
   275 1.000000E+01 1.025435E+03     4 2.625E+01 1.647664E+02 1.647663E+02 -2.08642E-03 -2.33726E-01 8.451E-05 7.708E-03 -2.169E-03 -2.416E-01 -2.084E-03 -2.339E-01  2.140E-06 -1.027E-01 -1.789E-04 3.021E-04
   276 1.000000E+01 1.035435E+03     5 2.660E+01 1.647643E+02 1.647642E+02 -2.08486E-03 -2.35811E-01 7.915E-05 7.787E-03 -2.165E-03 -2.438E-01 -2.086E-03 -2.360E-01 -6.889E-07  3.303E-02 -1.795E-04 3.027E-04
   277 1.000000E+01 1.045435E+03     3 2.567E+01 1.647623E+02 1.647621E+02 -2.07608E-03 -2.37887E-01 8.149E-05 7.869E-03 -2.162E-03 -2.459E-01 -2.080E-03 -2.381E-01 -4.328E-06  2.080E-01 -1.839E-04 3.071E-04
   278 1.000000E+01 1.055435E+03     3 2.567E+01 1.647602E+02 1.647600E+02 -2.07548E-03 -2.39963E-01 8.398E-05 7.953E-03 -2.160E-03 -2.481E-01 -2.076E-03 -2.401E-01 -2.301E-07  1.109E-02 -1.841E-04 3.073E-04
   279 1.000000E+01 1.065435E+03     4 2.650E+01 1.647581E+02 1.647580E+02 -2.07842E-03 -2.42041E-01 7.932E-05 8.032E-03 -2.156E-03 -2.503E-01 -2.077E-03 -2.422E-01  1.528E-06 -7.358E-02 -1.826E-04 3.088E-04
   280 1.000000E+01 1.075435E+03     3 2.567E+01 1.647560E+02 1.647559E+02 -2.07237E-03 -2.44114E-01 7.746E-05 8.110E-03 -2.153E-03 -2.524E-01 -2.075E-03 -2.443E-01 -2.935E-06  1.414E-01 -1.855E-04 3.118E-04
   281 1.000000E+01 1.085435E+03     3 2.600E+01 1.647540E+02 1.647538E+02 -2.07124E-03 -2.46185E-01 7.834E-05 8.188E-03 -2.150E-03 -2.546E-01 -2.072E-03 -2.464E-01 -4.632E-07  2.236E-02 -1.860E-04 3.122E-04
   282 1.000000E+01 1.095435E+03     3 2.633E+01 1.647519E+02 1.647517E+02 -2.06962E-03 -2.48254E-01 7.679E-05 8.265E-03 -2.147E-03 -2.567E-01 -2.070E-03 -2.484E-01 -6.897E-07  3.331E-02 -1.867E-04 3.129E-04
   283 1.000000E+01 1.105435E+03     4 2.625E+01 1.647498E+02 1.647497E+02 -2.07138E-03 -2.50326E-01 7.307E-05 8.338E-03 -2.143E-03 -2.588E-01 -2.070E-03 -2.505E-01  9.996E-07 -4.828E-02 -1.857E-04 3.139E-04
   284 1.000000E+01 1.115435E+03     4 2.650E+01 1.647478E+02 1.647476E+02 -2.06939E-03 -2.52395E-01 6.914E-05 8.407E-03 -2.139E-03 -2.610E-01 -2.070E-03 -2.526E-01 -8.978E-07  4.337E-02 -1.866E-04 3.148E-04
   285 1.000000E+01 1.125435E+03     3 2.567E+01 1.647457E+02 1.647455E+02 -2.06371E-03 -2.54459E-01 6.983E-05 8.477E-03 -2.136E-03 -2.631E-01 -2.066E-03 -2.546E-01 -2.769E-06  1.340E-01 -1.893E-04 3.176E-04
   286 1.000000E+01 1.135435E+03     2 2.550E+01 1.647436E+02 1.647435E+02 -2.06426E-03 -2.56523E-01 7.092E-05 8.548E-03 -2.134E-03 -2.653E-01 -2.063E-03 -2.567E-01  1.470E-06 -7.125E-02 -1.879E-04 3.191E-04
   287 1.000000E+01 1.145435E+03     3 2.567E+01 1.647416E+02 1.647414E+02 -2.05968E-03 -2.58583E-01 7.017E-05 8.618E-03 -2.131E-03 -2.674E-01 -2.061E-03 -2.588E-01 -1.092E-06  5.297E-02 -1.889E-04 3.201E-04
   288 1.000000E+01 1.155435E+03     3 2.533E+01 1.647395E+02 1.647394E+02 -2.05709E-03 -2.60640E-01 6.980E-05 8.688E-03 -2.128E-03 -2.695E-01 -2.058E-03 -2.608E-01 -1.262E-06  6.132E-02 -1.902E-04 3.214E-04
   289 1.000000E+01 1.165435E+03     2 2.550E+01 1.647375E+02 1.647373E+02 -2.05783E-03 -2.62698E-01 6.971E-05 8.757E-03 -2.125E-03 -2.716E-01 -2.056E-03 -2.629E-01  2.126E-06 -1.034E-01 -1.881E-04 3.235E-04
   290 1.000000E+01 1.175435E+03     3 2.600E+01 1.647354E+02 1.647353E+02 -2.05170E-03 -2.64749E-01 6.975E-05 8.827E-03 -2.123E-03 -2.738E-01 -2.053E-03 -2.649E-01 -1.294E-06  6.304E-02 -1.894E-04 3.248E-04
   291 1.000000E+01 1.185435E+03     5 2.600E+01 1.647334E+02 1.647332E+02 -2.05775E-03 -2.66807E-01 6.483E-05 8.892E-03 -2.120E-03 -2.759E-01 -2.055E-03 -2.670E-01  3.071E-06 -1.495E-01 -1.863E-04 3.279E-04
   292 1.000000E+01 1.195435E+03     3 2.600E+01 1.647313E+02 1.647311E+02 -2.04603E-03 -2.68853E-01 6.465E-05 8.957E-03 -2.117E-03 -2.780E-01 -2.052E-03 -2.690E-01 -5.827E-06  2.840E-01 -1.921E-04 3.337E-04
   293 1.000000E+01 1.205435E+03     3 2.500E+01 1.647293E+02 1.647291E+02 -2.04480E-03 -2.70898E-01 6.886E-05 9.026E-03 -2.114E-03 -2.801E-01 -2.045E-03 -2.711E-01 -5.858E-07  2.864E-02 -1.927E-04 3.343E-04
   294 1.000000E+01 1.215435E+03     3 2.567E+01 1.647272E+02 1.647271E+02 -2.04288E-03 -2.72941E-01 6.806E-05 9.094E-03 -2.112E-03 -2.822E-01 -2.044E-03 -2.731E-01 -8.960E-07  4.384E-02 -1.936E-04 3.352E-04
   295 1.000000E+01 1.225435E+03     3 2.600E+01 1.647252E+02 1.647250E+02 -2.04078E-03 -2.74982E-01 6.782E-05 9.161E-03 -2.109E-03 -2.843E-01 -2.042E-03 -2.752E-01 -8.502E-07  4.164E-02 -1.945E-04 3.361E-04
   296 1.000000E+01 1.235435E+03     3 2.567E+01 1.647231E+02 1.647230E+02 -2.03814E-03 -2.77020E-01 6.788E-05 9.229E-03 -2.107E-03 -2.864E-01 -2.039E-03 -2.772E-01 -1.135E-06  5.565E-02 -1.956E-04 3.372E-04
   297 1.000000E+01 1.245435E+03     3 2.600E+01 1.647211E+02 1.647209E+02 -2.03542E-03 -2.79055E-01 6.822E-05 9.297E-03 -2.105E-03 -2.885E-01 -2.037E-03 -2.793E-01 -1.293E-06  6.346E-02 -1.969E-04 3.385E-04
   298 1.000000E+01 1.255435E+03     3 2.567E+01 1.647191E+02 1.647189E+02 -2.03254E-03 -2.81088E-01 6.884E-05 9.366E-03 -2.103E-03 -2.907E-01 -2.034E-03 -2.813E-01 -1.392E-06  6.844E-02 -1.983E-04 3.399E-04
   299 1.000000E+01 1.265435E+03     2 2.550E+01 1.647171E+02 1.647169E+02 -2.03258E-03 -2.83120E-01 6.956E-05 9.436E-03 -2.101E-03 -2.928E-01 -2.031E-03 -2.833E-01  1.475E-06 -7.262E-02 -1.968E-04 3.414E-04
   300 1.000000E+01 1.275435E+03     3 2.567E+01 1.647150E+02 1.647149E+02 -2.02700E-03 -2.85147E-01 7.026E-05 9.506E-03 -2.099E-03 -2.949E-01 -2.028E-03 -2.853E-01 -1.348E-06  6.648E-02 -1.982E-04 3.427E-04
   301 1.000000E+01 1.285435E+03     2 2.500E+01 1.647130E+02 1.647128E+02 -2.02635E-03 -2.87174E-01 7.096E-05 9.577E-03 -2.097E-03 -2.969E-01 -2.026E-03 -2.874E-01  7.138E-07 -3.524E-02 -1.974E-04 3.434E-04
   302 1.000000E+01 1.295435E+03     3 2.633E+01 1.647110E+02 1.647108E+02 -2.02169E-03 -2.89195E-01 7.165E-05 9.649E-03 -2.095E-03 -2.990E-01 -2.023E-03 -2.894E-01 -1.264E-06  6.246E-02 -1.987E-04 3.447E-04
   303 1.000000E+01 1.305435E+03     3 2.600E+01 1.647090E+02 1.647088E+02 -2.01903E-03 -2.91214E-01 7.241E-05 9.721E-03 -2.093E-03 -3.011E-01 -2.020E-03 -2.914E-01 -1.203E-06  5.957E-02 -1.999E-04 3.459E-04
   304 1.000000E+01 1.315435E+03     3 2.467E+01 1.647069E+02 1.647068E+02 -2.01618E-03 -2.93231E-01 7.326E-05 9.794E-03 -2.091E-03 -3.032E-01 -2.017E-03 -2.934E-01 -1.294E-06  6.412E-02 -2.012E-04 3.472E-04
   305 1.000000E+01 1.325435E+03     2 2.450E+01 1.647049E+02 1.647048E+02 -2.01685E-03 -2.95248E-01 7.411E-05 9.869E-03 -2.089E-03 -3.053E-01 -2.015E-03 -2.954E-01  2.129E-06 -1.057E-01 -1.991E-04 3.493E-04
   306 1.000000E+01 1.335435E+03     2 2.550E+01 1.647029E+02 1.647027E+02 -2.01296E-03 -2.97260E-01 7.497E-05 9.944E-03 -2.087E-03 -3.074E-01 -2.012E-03 -2.975E-01  9.703E-07 -4.822E-02 -1.981E-04 3.503E-04
   307 1.000000E+01 1.345435E+03     4 2.625E+01 1.647009E+02 1.647007E+02 -2.01254E-03 -2.99273E-01 7.285E-05 1.002E-02 -2.084E-03 -3.095E-01 -2.012E-03 -2.995E-01  1.018E-06 -5.063E-02 -1.971E-04 3.513E-04
   308 1.000000E+01 1.355435E+03     2 2.500E+01 1.646989E+02 1.646987E+02 -2.00616E-03 -3.01279E-01 7.383E-05 1.009E-02 -2.082E-03 -3.116E-01 -2.008E-03 -3.015E-01 -2.111E-06  1.051E-01 -1.992E-04 3.534E-04
   309 1.000000E+01 1.365435E+03     4 2.600E+01 1.646969E+02 1.646967E+02 -2.01005E-03 -3.03289E-01 7.227E-05 1.016E-02 -2.079E-03 -3.136E-01 -2.007E-03 -3.035E-01  3.045E-06 -1.517E-01 -1.962E-04 3.564E-04
   310 1.000000E+01 1.375435E+03     3 2.567E+01 1.646949E+02 1.646947E+02 -1.99873E-03 -3.05288E-01 7.249E-05 1.023E-02 -2.077E-03 -3.157E-01 -2.004E-03 -3.055E-01 -5.492E-06  2.740E-01 -2.016E-04 3.619E-04
   311 1.000000E+01 1.385435E+03     3 2.633E+01 1.646929E+02 1.646927E+02 -1.99762E-03 -3.07286E-01 7.750E-05 1.031E-02 -2.076E-03 -3.178E-01 -1.998E-03 -3.075E-01 -4.319E-07  2.162E-02 -2.021E-04 3.624E-04
   312 1.000000E+01 1.395435E+03     3 2.567E+01 1.646909E+02 1.646907E+02 -1.99573E-03 -3.09281E-01 7.710E-05 1.039E-02 -2.074E-03 -3.199E-01 -1.997E-03 -3.095E-01 -8.857E-07  4.436E-02 -2.030E-04 3.633E-04
   313 1.000000E+01 1.405435E+03     2 2.550E+01 1.646889E+02 1.646887E+02 -1.99610E-03 -3.11277E-01 7.701E-05 1.047E-02 -2.072E-03 -3.219E-01 -1.995E-03 -3.115E-01  1.502E-06 -7.531E-02 -2.015E-04 3.648E-04
   314 1.000000E+01 1.415435E+03     3 2.567E+01 1.646869E+02 1.646867E+02 -1.99129E-03 -3.13269E-01 7.707E-05 1.054E-02 -2.069E-03 -3.240E-01 -1.992E-03 -3.135E-01 -1.075E-06  5.395E-02 -2.025E-04 3.658E-04
   315 1.000000E+01 1.425435E+03     4 2.650E+01 1.646849E+02 1.646847E+02 -1.99270E-03 -3.15261E-01 7.462E-05 1.062E-02 -2.067E-03 -3.261E-01 -1.992E-03 -3.155E-01  7.840E-07 -3.936E-02 -2.018E-04 3.666E-04
   316 1.000000E+01 1.435435E+03     3 2.567E+01 1.646829E+02 1.646828E+02 -1.98616E-03 -3.17248E-01 7.456E-05 1.069E-02 -2.064E-03 -3.281E-01 -1.989E-03 -3.175E-01 -3.207E-06  1.612E-01 -2.050E-04 3.698E-04
   317 1.000000E+01 1.445435E+03     2 2.550E+01 1.646810E+02 1.646808E+02 -1.98608E-03 -3.19234E-01 7.679E-05 1.077E-02 -2.062E-03 -3.302E-01 -1.985E-03 -3.194E-01  7.892E-07 -3.975E-02 -2.042E-04 3.706E-04
   318 1.000000E+01 1.455435E+03     3 2.533E+01 1.646790E+02 1.646788E+02 -1.98249E-03 -3.21216E-01 7.648E-05 1.085E-02 -2.060E-03 -3.323E-01 -1.983E-03 -3.214E-01 -9.763E-07  4.922E-02 -2.051E-04 3.716E-04
   319 1.000000E+01 1.465435E+03     3 2.633E+01 1.646770E+02 1.646768E+02 -1.98032E-03 -3.23196E-01 7.634E-05 1.092E-02 -2.058E-03 -3.343E-01 -1.981E-03 -3.234E-01 -1.057E-06  5.337E-02 -2.062E-04 3.726E-04
   320 1.000000E+01 1.475435E+03     3 2.600E+01 1.646750E+02 1.646748E+02 -1.97812E-03 -3.25175E-01 7.635E-05 1.100E-02 -2.056E-03 -3.364E-01 -1.979E-03 -3.254E-01 -1.048E-06  5.294E-02 -2.073E-04 3.737E-04
   321 1.000000E+01 1.485435E+03     2 2.550E+01 1.646730E+02 1.646728E+02 -1.97740E-03 -3.27152E-01 7.646E-05 1.108E-02 -2.053E-03 -3.384E-01 -1.977E-03 -3.274E-01  4.970E-07 -2.514E-02 -2.068E-04 3.742E-04
   322 1.000000E+01 1.495435E+03     3 2.600E+01 1.646711E+02 1.646709E+02 -1.97357E-03 -3.29126E-01 7.661E-05 1.115E-02 -2.051E-03 -3.405E-01 -1.975E-03 -3.293E-01 -1.031E-06  5.220E-02 -2.078E-04 3.752E-04
   323 1.000000E+01 1.505435E+03     3 2.533E+01 1.646691E+02 1.646689E+02 -1.97112E-03 -3.31097E-01 7.681E-05 1.123E-02 -2.049E-03 -3.425E-01 -1.972E-03 -3.313E-01 -1.147E-06  5.814E-02 -2.089E-04 3.764E-04
   324 1.000000E+01 1.515435E+03     3 2.567E+01 1.646671E+02 1.646669E+02 -1.96887E-03 -3.33065E-01 7.703E-05 1.131E-02 -2.047E-03 -3.446E-01 -1.970E-03 -3.333E-01 -1.056E-06  5.363E-02 -2.100E-04 3.774E-04
   325 1.000000E+01 1.525435E+03     2 2.550E+01 1.646652E+02 1.646650E+02 -1.96871E-03 -3.35034E-01 7.749E-05 1.138E-02 -2.045E-03 -3.466E-01 -1.967E-03 -3.352E-01  1.317E-06 -6.695E-02 -2.087E-04 3.787E-04
   326 1.000000E+01 1.535435E+03     2 2.500E+01 1.646632E+02 1.646630E+02 -1.96536E-03 -3.37000E-01 7.827E-05 1.146E-02 -2.043E-03 -3.487E-01 -1.965E-03 -3.372E-01  7.277E-07 -3.704E-02 -2.079E-04 3.795E-04
   327 1.000000E+01 1.545435E+03     2 2.550E+01 1.646612E+02 1.646610E+02 -1.96237E-03 -3.38962E-01 7.915E-05 1.154E-02 -2.041E-03 -3.507E-01 -1.962E-03 -3.392E-01  5.303E-07 -2.703E-02 -2.074E-04 3.800E-04
   328 1.000000E+01 1.555435E+03     2 2.550E+01 1.646593E+02 1.646591E+02 -1.95905E-03 -3.40921E-01 8.001E-05 1.162E-02 -2.039E-03 -3.527E-01 -1.959E-03 -3.411E-01 -7.043E-08  3.595E-03 -2.075E-04 3.801E-04
   329 1.000000E+01 1.565435E+03     3 2.600E+01 1.646573E+02 1.646571E+02 -1.95512E-03 -3.42876E-01 8.086E-05 1.170E-02 -2.037E-03 -3.548E-01 -1.956E-03 -3.431E-01 -1.329E-06  6.791E-02 -2.088E-04 3.814E-04
   330 1.000000E+01 1.575435E+03     3 2.567E+01 1.646554E+02 1.646552E+02 -1.95245E-03 -3.44829E-01 8.176E-05 1.178E-02 -2.035E-03 -3.568E-01 -1.954E-03 -3.450E-01 -1.286E-06  6.584E-02 -2.101E-04 3.827E-04
   331 1.000000E+01 1.585435E+03     4 2.675E+01 1.646534E+02 1.646532E+02 -1.95470E-03 -3.46783E-01 7.950E-05 1.186E-02 -2.033E-03 -3.589E-01 -1.953E-03 -3.470E-01  1.226E-06 -6.275E-02 -2.089E-04 3.839E-04
   332 1.000000E+01 1.595435E+03     5 2.660E+01 1.646515E+02 1.646513E+02 -1.95345E-03 -3.48737E-01 7.580E-05 1.194E-02 -2.030E-03 -3.609E-01 -1.954E-03 -3.489E-01 -5.642E-07  2.887E-02 -2.094E-04 3.845E-04
   333 1.000000E+01 1.605435E+03     2 2.550E+01 1.646495E+02 1.646493E+02 -1.94648E-03 -3.50683E-01 7.837E-05 1.202E-02 -2.028E-03 -3.629E-01 -1.949E-03 -3.509E-01 -2.925E-06  1.500E-01 -2.124E-04 3.874E-04
   334 1.000000E+01 1.615435E+03     2 2.550E+01 1.646476E+02 1.646474E+02 -1.94583E-03 -3.52629E-01 8.159E-05 1.210E-02 -2.026E-03 -3.649E-01 -1.945E-03 -3.528E-01  9.401E-07 -4.834E-02 -2.114E-04 3.883E-04
   335 1.000000E+01 1.625435E+03     2 2.550E+01 1.646456E+02 1.646454E+02 -1.94392E-03 -3.54573E-01 8.115E-05 1.218E-02 -2.025E-03 -3.670E-01 -1.944E-03 -3.548E-01  2.612E-07 -1.344E-02 -2.112E-04 3.886E-04
   336 1.000000E+01 1.635435E+03     2 2.550E+01 1.646437E+02 1.646435E+02 -1.94217E-03 -3.56515E-01 8.099E-05 1.226E-02 -2.023E-03 -3.690E-01 -1.942E-03 -3.567E-01  1.953E-07 -1.006E-02 -2.110E-04 3.888E-04
   337 1.000000E+01 1.645435E+03     3 2.600E+01 1.646418E+02 1.646415E+02 -1.93923E-03 -3.58454E-01 8.102E-05 1.234E-02 -2.021E-03 -3.710E-01 -1.940E-03 -3.587E-01 -8.381E-07  4.320E-02 -2.118E-04 3.896E-04
   338 1.000000E+01 1.655435E+03     4 2.675E+01 1.646398E+02 1.646396E+02 -1.94160E-03 -3.60396E-01 7.817E-05 1.242E-02 -2.018E-03 -3.730E-01 -1.940E-03 -3.606E-01  1.312E-06 -6.761E-02 -2.105E-04 3.909E-04
