#INITIAL MASS OF SOLUTE IN THE SUBSURFACE =   1.65000E+02
#NSTEP       DELTAT         TIME  NADV         MASST        DSMASS     MASSINADV    MASSINDISP    MASSOUTADV   MASSOUTDISP        MINTOT    MASSOUTTOT        MERRAS       CMERRAS     MASSSURF
     1 1.000000E-02 1.000000E-02     2  1.65000E+002 -9.19486E-007 -0.00000E+000  0.00000E+000 -9.19485E-007  1.03864E-009  0.00000E+000 -9.18446E-007  0.00000E+000  0.00000E+000  0.00000E+000
     2 5.000000E-03 1.500000E-02     2  1.65000E+002 -9.32909E-008 -1.69003E-009  4.08485E-008 -5.22409E-007 -3.29002E-009  4.25385E-008 -1.44414E-006  0.00000E+000  0.00000E+000  5.30177E-007
     3 5.500000E-03 2.050000E-02     2  1.65000E+002 -1.30996E-007 -1.67708E-009  2.60184E-008 -6.35555E-007 -3.70031E-009  7.02340E-008 -2.08340E-006  0.00000E+000  0.00000E+000  9.04970E-007
     4 6.050000E-03 2.655000E-02     2  1.65000E+002 -2.32604E-007 -2.56267E-009  3.73001E-008 -7.58069E-007 -6.22160E-009  1.10097E-007 -2.84769E-006  0.00000E+000  0.00000E+000  1.55843E-006
     5 6.655000E-03 3.320500E-02     2  1.65000E+002 -4.42379E-007 -1.09281E-009  2.14089E-008 -8.98338E-007 -3.26860E-009  1.32598E-007 -3.74930E-006  0.00000E+000  0.00000E+000  2.41012E-006
     6 3.327500E-03 3.653250E-02     2  1.65000E+002 -1.08194E-007 -1.66487E-010  3.15605E-008 -4.62890E-007 -1.99105E-009  1.64325E-007 -4.21418E-006  0.00000E+000  0.00000E+000  2.87733E-006
     7 3.660250E-03 4.019275E-02     2  1.65000E+002 -2.45741E-007  1.29044E-010  2.96571E-008 -5.25247E-007 -2.34173E-009  1.94112E-007 -4.74177E-006  0.00000E+000  0.00000E+000  3.41549E-006
     8 3.660250E-03 4.385300E-02     2  1.65000E+002 -3.34979E-007  1.27713E-010  2.86019E-008 -5.40188E-007 -2.71845E-009  2.22841E-007 -5.28467E-006  0.00000E+000  0.00000E+000  3.97454E-006
     9 4.026275E-03 4.787928E-02     2  1.65000E+002 -4.93860E-007  3.05543E-010  2.79783E-008 -6.11337E-007 -3.03212E-009  2.51125E-007 -5.89904E-006  0.00000E+000  0.00000E+000  4.62386E-006
    10 4.026275E-03 5.190555E-02     2  1.65000E+002 -6.14789E-007  4.30272E-010  2.70703E-008 -6.27291E-007 -3.00660E-009  2.78626E-007 -6.52934E-006  0.00000E+000  0.00000E+000  5.31375E-006
    11 4.026275E-03 5.593183E-02     2  1.65000E+002 -7.37083E-007 -2.47691E-010  1.96718E-008 -6.42488E-007 -2.78965E-009  2.98545E-007 -7.17462E-006  0.00000E+000  0.00000E+000  6.02639E-006
    12 2.013138E-03 5.794496E-02     2  1.65000E+002 -5.14917E-007  1.22923E-009  1.72132E-008 -3.24787E-007 -1.48202E-009  3.16988E-007 -7.50089E-006  0.00000E+000  0.00000E+000  6.42602E-006
    13 2.214451E-03 6.015941E-02     2  1.65000E+002 -6.13141E-007  1.29293E-009  1.64094E-008 -3.61626E-007 -1.53450E-009  3.34690E-007 -7.86405E-006  0.00000E+000  0.00000E+000  6.83135E-006
    14 2.435896E-03 6.259531E-02     2  1.65000E+002 -7.24752E-007  1.37045E-009  1.69925E-008 -4.02876E-007 -1.64756E-009  3.53053E-007 -8.26857E-006  0.00000E+000  0.00000E+000  7.28934E-006
    15 2.679486E-03 6.527480E-02     2  1.65000E+002 -8.45775E-007 -6.25508E-011  1.89610E-008 -4.49103E-007 -1.80921E-009  3.72076E-007 -8.71948E-006  0.00000E+000  0.00000E+000  7.80116E-006
    16 2.679486E-03 6.795428E-02     2  1.65000E+002 -9.33964E-007 -1.27704E-010  1.91034E-008 -4.54814E-007 -1.88367E-009  3.91307E-007 -9.17618E-006  0.00000E+000  0.00000E+000  8.32788E-006
    17 2.679486E-03 7.063377E-02     2  1.65000E+002 -1.02793E-006 -1.48841E-010  1.92272E-008 -4.60381E-007 -1.93546E-009  4.10683E-007 -9.63850E-006  0.00000E+000  0.00000E+000  8.86797E-006
    18 2.679486E-03 7.331325E-02     2  1.65000E+002 -1.12357E-006 -9.77423E-011  1.95043E-008 -4.65788E-007 -1.96088E-009  4.30285E-007 -1.01062E-005  0.00000E+000  0.00000E+000  9.41829E-006
    19 2.679486E-03 7.599274E-02     2  1.65000E+002 -1.21984E-006 -3.95881E-010  1.71448E-008 -4.71077E-007 -1.97294E-009  4.47826E-007 -1.05793E-005  0.00000E+000  0.00000E+000  9.97652E-006
    20 2.679486E-03 7.867223E-02     2  1.65000E+002 -1.31640E-006 -2.77203E-010  1.86754E-008 -4.76248E-007 -1.96024E-009  4.66779E-007 -1.10575E-005  0.00000E+000  0.00000E+000  1.05464E-005
    21 2.679486E-03 8.135171E-02     2  1.65000E+002 -1.41674E-006 -3.64444E-010  1.69601E-008 -4.81292E-007 -1.95139E-009  4.84103E-007 -1.15407E-005  0.00000E+000  0.00000E+000  1.11245E-005
    22 2.679486E-03 8.403120E-02     2  1.65000E+002 -1.51275E-006 -1.58093E-010  1.75043E-008 -4.86212E-007 -1.93370E-009  5.01766E-007 -1.20289E-005  0.00000E+000  0.00000E+000  1.17119E-005
    23 2.679486E-03 8.671068E-02     2  1.65000E+002 -1.61570E-006 -7.69191E-011  1.65888E-008 -4.91022E-007 -1.95653E-009  5.18431E-007 -1.25219E-005  0.00000E+000  0.00000E+000  1.23077E-005
    24 2.679486E-03 8.939017E-02     2  1.65000E+002 -1.71604E-006 -9.95075E-012  1.69350E-008 -4.95732E-007 -1.99705E-009  5.35376E-007 -1.30196E-005  0.00000E+000  0.00000E+000  1.29118E-005
    25 2.679486E-03 9.206966E-02     2  1.65000E+002 -1.82146E-006  2.74571E-011  1.74566E-008 -5.00336E-007 -2.05258E-009  5.52860E-007 -1.35220E-005  0.00000E+000  0.00000E+000  1.35248E-005
    26 2.947435E-03 9.501709E-02     2  1.65000E+002 -1.98070E-006  1.42610E-010  1.84574E-008 -5.55870E-007 -2.24586E-009  5.71460E-007 -1.40801E-005  0.00000E+000  0.00000E+000  1.41961E-005
    27 2.947435E-03 9.796453E-02     2  1.65000E+002 -2.09472E-006  1.11158E-010  2.01857E-008 -5.61177E-007 -2.29164E-009  5.91757E-007 -1.46436E-005  0.00000E+000  0.00000E+000  1.48865E-005
    28 3.242178E-03 1.012067E-01     2  1.65000E+002 -2.27127E-006  2.83946E-010  2.13687E-008 -6.23645E-007 -2.48204E-009  6.13410E-007 -1.52697E-005  0.00000E+000  0.00000E+000  1.56411E-005
    29 3.242178E-03 1.044489E-01     2  1.65000E+002 -2.39472E-006  4.14553E-010  2.26184E-008 -6.29775E-007 -2.49554E-009  6.36443E-007 -1.59020E-005  0.00000E+000  0.00000E+000  1.64164E-005
    30 3.242178E-03 1.076911E-01     2  1.65000E+002 -2.52156E-006  5.91075E-010  2.38665E-008 -6.35752E-007 -2.52128E-009  6.60900E-007 -1.65402E-005  0.00000E+000  0.00000E+000  1.71995E-005
    31 3.566396E-03 1.112575E-01     2  1.65000E+002 -2.71569E-006  8.76982E-010  2.55531E-008 -7.06459E-007 -2.74804E-009  6.87330E-007 -1.72495E-005  0.00000E+000  0.00000E+000  1.80545E-005
    32 3.566396E-03 1.148239E-01     2  1.65000E+002 -2.85129E-006  1.02369E-009  2.24745E-008 -7.13286E-007 -2.84520E-009  7.10829E-007 -1.79656E-005  0.00000E+000  0.00000E+000  1.89328E-005
    33 3.566396E-03 1.183902E-01     2  1.65000E+002 -2.98208E-006  1.10404E-009  2.65504E-008 -7.19975E-007 -2.92001E-009  7.38483E-007 -1.86885E-005  0.00000E+000  0.00000E+000  1.98191E-005
    34 3.566396E-03 1.219566E-01     2  1.65000E+002 -3.11634E-006  1.25230E-009  2.46511E-008 -7.26505E-007 -2.99192E-009  7.64386E-007 -1.94180E-005  0.00000E+000  0.00000E+000  2.07132E-005
    35 3.566396E-03 1.255230E-01     2  1.65000E+002 -3.23993E-006  1.41578E-009  2.35036E-008 -7.32870E-007 -3.04333E-009  7.89306E-007 -2.01539E-005  0.00000E+000  0.00000E+000  2.16148E-005
    36 3.566396E-03 1.290894E-01     2  1.65000E+002 -3.36847E-006  1.55302E-009  2.39765E-008 -7.39075E-007 -3.09827E-009  8.14835E-007 -2.08961E-005  0.00000E+000  0.00000E+000  2.25236E-005
    37 3.566396E-03 1.326558E-01     2  1.65000E+002 -3.49448E-006  1.77079E-009  2.37405E-008 -7.45129E-007 -3.14620E-009  8.40347E-007 -2.16443E-005  0.00000E+000  0.00000E+000  2.34396E-005
    38 3.923035E-03 1.365789E-01     2  1.65000E+002 -3.69750E-006  2.39198E-009  2.33160E-008 -8.26922E-007 -3.35765E-009  8.66055E-007 -2.24746E-005  0.00000E+000  0.00000E+000  2.44384E-005
    39 3.923035E-03 1.405019E-01     2  1.65000E+002 -3.82713E-006  2.93086E-009  2.39934E-008 -8.33864E-007 -3.45417E-009  8.92979E-007 -2.33119E-005  0.00000E+000  0.00000E+000  2.54630E-005
    40 3.923035E-03 1.444249E-01     2  1.65000E+002 -3.95894E-006  3.41238E-009  2.39418E-008 -8.40611E-007 -3.55604E-009  9.20333E-007 -2.41561E-005  0.00000E+000  0.00000E+000  2.64954E-005
    41 3.923035E-03 1.483480E-01     2  1.65000E+002 -4.08797E-006  3.87116E-009  2.41510E-008 -8.47183E-007 -3.65116E-009  9.48355E-007 -2.50069E-005  0.00000E+000  0.00000E+000  2.75356E-005
    42 3.923035E-03 1.522710E-01     2  1.65000E+002 -4.21493E-006  3.94867E-009  2.26328E-008 -8.53968E-007 -3.34191E-009  9.74937E-007 -2.58642E-005  0.00000E+000  0.00000E+000  2.85854E-005
    43 3.923035E-03 1.561940E-01     2  1.65000E+002 -4.33848E-006  3.59998E-009  2.19703E-008 -8.60743E-007 -2.85723E-009  1.00051E-006 -2.67278E-005  0.00000E+000  0.00000E+000  2.96415E-005
    44 3.923035E-03 1.601171E-01     2  1.65000E+002 -4.45774E-006  3.75623E-009  2.24471E-008 -8.66817E-007 -2.92125E-009  1.02671E-006 -2.75976E-005  0.00000E+000  0.00000E+000  3.07034E-005
    45 3.923035E-03 1.640401E-01     2  1.65000E+002 -4.57731E-006  3.95340E-009  2.31598E-008 -8.72747E-007 -2.95649E-009  1.05382E-006 -2.84733E-005  0.00000E+000  0.00000E+000  3.17719E-005
    46 4.315339E-03 1.683555E-01     2  1.65000E+002 -4.78766E-006  4.57885E-009  2.21113E-008 -9.67042E-007 -3.25324E-009  1.08051E-006 -2.94436E-005  0.00000E+000  0.00000E+000  3.29360E-005
    47 4.315339E-03 1.726708E-01     2  1.65000E+002 -4.90575E-006  4.84974E-009  2.36552E-008 -9.73817E-007 -3.30030E-009  1.10902E-006 -3.04207E-005  0.00000E+000  0.00000E+000  3.41279E-005
    48 4.315339E-03 1.769861E-01     2  1.65000E+002 -5.03006E-006  5.06009E-009  2.40637E-008 -9.80380E-007 -3.37985E-009  1.13814E-006 -3.14045E-005  0.00000E+000  0.00000E+000  3.53263E-005
    49 4.746873E-03 1.817330E-01     2  1.65000E+002 -5.25558E-006  5.80341E-009  2.51535E-008 -1.08615E-006 -3.77524E-009  1.16910E-006 -3.24944E-005  0.00000E+000  0.00000E+000  3.66319E-005
    50 4.746873E-03 1.864799E-01     2  1.65000E+002 -5.38842E-006  5.92682E-009  2.49027E-008 -1.09359E-006 -3.85027E-009  1.19993E-006 -3.35918E-005  0.00000E+000  0.00000E+000  3.79686E-005
    51 4.746873E-03 1.912268E-01     2  1.65000E+002 -5.51840E-006  6.18546E-009  2.43766E-008 -1.10080E-006 -3.91081E-009  1.23049E-006 -3.46965E-005  0.00000E+000  0.00000E+000  3.93135E-005
    52 4.746873E-03 1.959736E-01     2  1.65000E+002 -5.64121E-006  6.24479E-009  2.62804E-008 -1.10780E-006 -3.95623E-009  1.26302E-006 -3.58083E-005  0.00000E+000  0.00000E+000  4.06649E-005
    53 5.221560E-03 2.011952E-01     2  1.65000E+002 -5.88212E-006  7.14074E-009  2.80001E-008 -1.22684E-006 -4.39486E-009  1.29816E-006 -3.70395E-005  0.00000E+000  0.00000E+000  4.21370E-005
    54 5.221560E-03 2.064167E-01     2  1.65000E+002 -6.01820E-006  7.50144E-009  2.66051E-008 -1.23473E-006 -4.50429E-009  1.33226E-006 -3.82788E-005  0.00000E+000  0.00000E+000  4.36434E-005
    55 5.221560E-03 2.116383E-01     2  1.65000E+002 -6.14547E-006  7.74625E-009  2.76407E-008 -1.24235E-006 -4.60862E-009  1.36765E-006 -3.95257E-005  0.00000E+000  0.00000E+000  4.51583E-005
    56 5.221560E-03 2.168599E-01     2  1.65000E+002 -6.27334E-006  7.82904E-009  2.79518E-008 -1.24970E-006 -4.69660E-009  1.40343E-006 -4.07801E-005  0.00000E+000  0.00000E+000  4.66796E-005
    57 5.221560E-03 2.220814E-01     2  1.65000E+002 -6.39925E-006  7.96215E-009  2.88837E-008 -1.25679E-006 -4.79709E-009  1.44028E-006 -4.20417E-005  0.00000E+000  0.00000E+000  4.82095E-005
    58 5.743716E-03 2.278251E-01     2  1.65000E+002 -6.65689E-006  4.49242E-009  2.66991E-008 -1.39080E-006 -5.31005E-009  1.47147E-006 -4.34378E-005  0.00000E+000  0.00000E+000  4.98733E-005
    59 5.743716E-03 2.335689E-01     2  1.65000E+002 -6.77530E-006  9.12483E-009  2.71902E-008 -1.39870E-006 -5.43809E-009  1.50778E-006 -4.48419E-005  0.00000E+000  0.00000E+000  5.15722E-005
    60 5.743716E-03 2.393126E-01     2  1.65000E+002 -6.89213E-006  6.81811E-009  3.10872E-008 -1.40630E-006 -5.56425E-009  1.54569E-006 -4.62538E-005  0.00000E+000  0.00000E+000  5.32811E-005
    61 6.318088E-03 2.456307E-01     2  1.65000E+002 -7.16578E-006  6.32669E-009  1.60046E-007 -1.55604E-006 -6.02222E-009  1.71206E-006 -4.78159E-005  0.00000E+000  0.00000E+000  5.51485E-005
    62 6.318088E-03 2.519487E-01     2  1.65000E+002 -7.42619E-006  3.68428E-009  1.07228E-007 -1.56457E-006 -6.10951E-009  1.82297E-006 -4.93865E-005  0.00000E+000  0.00000E+000  5.70553E-005
    63 6.318088E-03 2.582668E-01     2  1.65000E+002 -7.63340E-006  4.11907E-009  3.80486E-008 -1.57278E-006 -6.19763E-009  1.86514E-006 -5.09655E-005  0.00000E+000  0.00000E+000  5.89728E-005
    64 6.949897E-03 2.652167E-01     2  1.65000E+002 -7.92629E-006  4.85494E-009  3.36756E-008 -1.73950E-006 -6.76444E-009  1.90367E-006 -5.27118E-005  0.00000E+000  0.00000E+000  6.10545E-005
    65 6.949897E-03 2.721666E-01     2  1.65000E+002 -8.06550E-006  5.30771E-009  3.41663E-008 -1.74829E-006 -6.98080E-009  1.94315E-006 -5.44671E-005  0.00000E+000  0.00000E+000  6.31842E-005
    66 6.949897E-03 2.791165E-01     2  1.65000E+002 -8.19959E-006  5.92861E-009  3.42679E-008 -1.75676E-006 -7.09629E-009  1.98334E-006 -5.62309E-005  0.00000E+000  0.00000E+000  6.53235E-005
    67 7.644886E-03 2.867614E-01     2  1.65000E+002 -8.51096E-006  7.07272E-009  3.44912E-008 -1.94224E-006 -7.84894E-009  2.02491E-006 -5.81810E-005  0.00000E+000  0.00000E+000  6.76485E-005
    68 7.644886E-03 2.944063E-01     2  1.65000E+002 -8.64981E-006  7.91895E-009  3.17528E-008 -1.95151E-006 -7.90222E-009  2.06458E-006 -6.01404E-005  0.00000E+000  0.00000E+000  7.00228E-005
    69 7.644886E-03 3.020512E-01     2  1.65000E+002 -8.77715E-006  8.05972E-009  3.36884E-008 -1.96025E-006 -7.99280E-009  2.10633E-006 -6.21086E-005  0.00000E+000  0.00000E+000  7.24040E-005
    70 8.409375E-03 3.104606E-01     2  1.65000E+002 -9.10790E-006  9.57292E-009  3.40511E-008 -2.16633E-006 -8.79296E-009  2.14995E-006 -6.42838E-005  0.00000E+000  0.00000E+000  7.49944E-005
    71 8.409375E-03 3.188699E-01     2  1.65000E+002 -9.24267E-006  1.04497E-008  3.25937E-008 -2.17571E-006 -8.89338E-009  2.19299E-006 -6.64684E-005  0.00000E+000  0.00000E+000  7.76354E-005
    72 8.409375E-03 3.272793E-01     2  1.65000E+002 -9.37593E-006  1.09539E-008  3.16377E-008 -2.18456E-006 -8.96980E-009  2.23558E-006 -6.86619E-005  0.00000E+000  0.00000E+000  8.02900E-005
    73 8.409375E-03 3.356887E-01     2  1.65000E+002 -9.50199E-006  1.12869E-008  3.26007E-008 -2.19290E-006 -9.03448E-009  2.27947E-006 -7.08638E-005  0.00000E+000  0.00000E+000  8.29510E-005
    74 9.250312E-03 3.449390E-01     2  1.65000E+002 -9.85139E-006  1.32128E-008  3.35506E-008 -2.42211E-006 -9.54771E-009  2.32624E-006 -7.32955E-005  0.00000E+000  0.00000E+000  8.58452E-005
    75 1.017534E-02 3.551143E-01     2  1.65000E+002 -1.02320E-005  1.53074E-008  3.50073E-008 -2.67536E-006 -1.01781E-008  2.37655E-006 -7.59810E-005  0.00000E+000  0.00000E+000  8.90400E-005
    76 1.119288E-02 3.663072E-01     2  1.65000E+002 -1.06498E-005  1.39468E-008  3.24614E-008 -2.95480E-006 -1.12634E-008  2.42296E-006 -7.89471E-005  0.00000E+000  0.00000E+000  9.25678E-005
    77 1.119288E-02 3.775001E-01     2  1.65000E+002 -1.07888E-005  1.53861E-008  3.38718E-008 -2.96583E-006 -1.12968E-008  2.47222E-006 -8.19242E-005  0.00000E+000  0.00000E+000  9.61603E-005
    78 1.119288E-02 3.886930E-01     2  1.65000E+002 -1.09200E-005  1.31890E-008  3.67466E-008 -2.97601E-006 -1.13446E-008  2.52215E-006 -8.49116E-005  0.00000E+000  0.00000E+000  9.97697E-005
    79 1.119288E-02 3.998859E-01     2  1.65000E+002 -1.10553E-005  1.31743E-008  3.75893E-008 -2.98541E-006 -1.13919E-008  2.57292E-006 -8.79084E-005  0.00000E+000  0.00000E+000  1.03389E-004
    80 1.231217E-02 4.121980E-01     2  1.65000E+002 -1.14881E-005  1.44835E-008  3.95627E-008 -3.29436E-006 -1.25857E-008  2.62696E-006 -9.12153E-005  0.00000E+000  0.00000E+000  1.07317E-004
    81 1.354338E-02 4.257414E-01     2  1.65000E+002 -1.19627E-005  1.69292E-008  4.11775E-008 -3.63522E-006 -1.39187E-008  2.68507E-006 -9.48645E-005  0.00000E+000  0.00000E+000  1.11654E-004
    82 1.489772E-02 4.406391E-01     2  1.65000E+002 -1.24811E-005  1.73545E-008  4.21215E-008 -4.01114E-006 -1.53980E-008  2.74454E-006 -9.88910E-005  0.00000E+000  0.00000E+000  1.16439E-004
    83 1.489772E-02 4.555368E-01     2  1.65000E+002 -1.26272E-005  1.87870E-008  3.89961E-008 -4.02227E-006 -1.54895E-008  2.80233E-006 -1.02929E-004  0.00000E+000  0.00000E+000  1.21313E-004
    84 1.489772E-02 4.704346E-01     2  1.65000E+002 -1.27717E-005  1.98133E-008  4.08504E-008 -4.03229E-006 -1.55574E-008  2.86299E-006 -1.06977E-004  0.00000E+000  0.00000E+000  1.26202E-004
    85 1.638749E-02 4.868221E-01     2  1.65000E+002 -1.33197E-005  2.28327E-008  4.24573E-008 -4.44629E-006 -1.71992E-008  2.92828E-006 -1.11440E-004  0.00000E+000  0.00000E+000  1.31504E-004
    86 1.802624E-02 5.048483E-01     2  1.65000E+002 -1.39157E-005  2.63050E-008  4.49624E-008 -4.90239E-006 -1.89859E-008  2.99955E-006 -1.16361E-004  0.00000E+000  0.00000E+000  1.37349E-004
    87 1.982887E-02 5.246772E-01     2  1.65000E+002 -1.45610E-005  2.84662E-008  4.65907E-008 -5.40463E-006 -2.09601E-008  3.07461E-006 -1.21787E-004  0.00000E+000  0.00000E+000  1.43787E-004
    88 1.982887E-02 5.445060E-01     2  1.65000E+002 -1.47240E-005  2.97599E-008  4.79999E-008 -5.41497E-006 -2.10803E-008  3.15237E-006 -1.27223E-004  0.00000E+000  0.00000E+000  1.50349E-004
    89 2.181175E-02 5.663178E-01     2  1.65000E+002 -1.54236E-005  3.42776E-008  5.07497E-008 -5.96713E-006 -2.33074E-008  3.23739E-006 -1.33214E-004  0.00000E+000  0.00000E+000  1.57460E-004
    90 2.399293E-02 5.903107E-01     2  1.65000E+002 -1.61886E-005  3.64354E-008  5.26921E-008 -6.57471E-006 -2.56943E-008  3.32652E-006 -1.39814E-004  0.00000E+000  0.00000E+000  1.65294E-004
    91 2.399293E-02 6.143036E-01     2  1.65000E+002 -1.63716E-005  2.63465E-008  5.07396E-008 -6.58600E-006 -2.36479E-008  3.40361E-006 -1.46424E-004  0.00000E+000  0.00000E+000  1.73267E-004
    92 2.399293E-02 6.382966E-01     2  1.65000E+002 -1.65022E-005  3.94108E-008  5.00732E-008 -6.59097E-006 -2.63843E-008  3.49309E-006 -1.53041E-004  0.00000E+000  0.00000E+000  1.81234E-004
    93 2.399293E-02 6.622895E-01     2  1.65000E+002 -1.66362E-005  3.76813E-008  5.37852E-008 -6.59698E-006 -2.67809E-008  3.58456E-006 -1.59665E-004  0.00000E+000  0.00000E+000  1.89226E-004
    94 2.639222E-02 6.886817E-01     2  1.65000E+002 -1.74364E-005  3.91118E-008  5.47738E-008 -7.26288E-006 -2.95128E-008  3.67844E-006 -1.66957E-004  0.00000E+000  0.00000E+000  1.97885E-004
    95 2.639222E-02 7.150739E-01     2  1.65000E+002 -1.75694E-005  4.00707E-008  5.61967E-008 -7.26727E-006 -3.01790E-008  3.77471E-006 -1.74255E-004  0.00000E+000  0.00000E+000  2.06687E-004
    96 2.903144E-02 7.441054E-01     2  1.65000E+002 -1.84320E-005  4.37555E-008  5.94001E-008 -7.99837E-006 -3.35987E-008  3.87787E-006 -1.82287E-004  0.00000E+000  0.00000E+000  2.16222E-004
    97 3.193459E-02 7.760400E-01     2  1.65000E+002 -1.93772E-005  4.43513E-008  6.28862E-008 -8.80253E-006 -3.69376E-008  3.98510E-006 -1.91126E-004  0.00000E+000  0.00000E+000  2.26715E-004
    98 3.193459E-02 8.079746E-01     2  1.65000E+002 -1.95211E-005  4.86161E-008  6.21115E-008 -8.80503E-006 -3.76561E-008  4.09583E-006 -1.99969E-004  0.00000E+000  0.00000E+000  2.37382E-004
    99 3.512805E-02 8.431026E-01     2  1.65000E+002 -2.05355E-005  5.01681E-008  6.93833E-008 -9.68784E-006 -4.17781E-008  4.21538E-006 -2.09698E-004  0.00000E+000  0.00000E+000  2.48928E-004
   100 3.864085E-02 8.817435E-01     2  1.65000E+002 -2.16528E-005  5.57502E-008  7.40322E-008 -1.06581E-005 -4.64094E-008  4.34516E-006 -2.20403E-004  0.00000E+000  0.00000E+000  2.61632E-004
   101 4.250494E-02 9.242484E-01     2  1.65000E+002 -2.28755E-005  6.13815E-008  8.06522E-008 -1.17245E-005 -5.15890E-008  4.48720E-006 -2.32179E-004  0.00000E+000  0.00000E+000  2.75607E-004
   102 4.675543E-02 9.710038E-01     2  1.65000E+002 -2.42138E-005  6.83257E-008  8.80661E-008 -1.28965E-005 -5.74803E-008  4.64359E-006 -2.45133E-004  0.00000E+000  0.00000E+000  2.90978E-004
   103 5.143097E-02 1.022435E+00     2  1.65000E+002 -2.56744E-005  7.66615E-008  9.61278E-008 -1.41843E-005 -6.41517E-008  4.81638E-006 -2.59381E-004  0.00000E+000  0.00000E+000  3.07883E-004
   104 5.657407E-02 1.079009E+00     2  1.65000E+002 -2.72777E-005  8.55641E-008  1.05850E-007 -1.55997E-005 -7.15866E-008  5.00779E-006 -2.75053E-004  0.00000E+000  0.00000E+000  3.26474E-004
   105 6.223148E-02 1.141240E+00     2  1.65000E+002 -2.90374E-005  9.01887E-008  1.13590E-007 -1.71562E-005 -7.86157E-008  5.21157E-006 -2.92287E-004  0.00000E+000  0.00000E+000  3.46917E-004
   106 6.223148E-02 1.203472E+00     2  1.65000E+002 -2.92520E-005  1.04611E-007  7.31818E-008 -1.71606E-005 -6.97576E-008  5.38937E-006 -3.09518E-004  0.00000E+000  0.00000E+000  3.67686E-004
   107 6.223148E-02 1.265703E+00     2  1.65000E+002 -2.94342E-005  9.75736E-008  1.06346E-007 -1.71450E-005 -8.08109E-008  5.59329E-006 -3.26744E-004  0.00000E+000  0.00000E+000  3.88453E-004
   108 6.223148E-02 1.327935E+00     2  1.65000E+002 -2.96246E-005  1.05635E-007  1.05102E-007 -1.71380E-005 -8.31533E-008  5.80402E-006 -3.43965E-004  0.00000E+000  0.00000E+000  4.09208E-004
   109 6.845462E-02 1.396389E+00     2  1.65000E+002 -3.15192E-005  1.16681E-007  1.10714E-007 -1.88454E-005 -9.21278E-008  6.03142E-006 -3.62902E-004  0.00000E+000  0.00000E+000  4.31664E-004
   110 7.530009E-02 1.471689E+00     2  1.65000E+002 -3.35561E-005  1.09716E-007  1.26388E-007 -2.07260E-005 -9.80677E-008  6.26752E-006 -3.83726E-004  0.00000E+000  0.00000E+000  4.56338E-004
   111 7.530009E-02 1.546990E+00     2  1.65000E+002 -3.37653E-005  1.21162E-007  1.27687E-007 -2.07143E-005 -1.02801E-007  6.51637E-006 -4.04543E-004  0.00000E+000  0.00000E+000  4.81419E-004
   112 8.283010E-02 1.629820E+00     2  1.65000E+002 -3.60443E-005  1.38415E-007  1.32792E-007 -2.27769E-005 -1.13758E-007  6.78758E-006 -4.27434E-004  0.00000E+000  0.00000E+000  5.08559E-004
   113 9.111310E-02 1.720933E+00     2  1.65000E+002 -3.85656E-005  1.42940E-007  1.33810E-007 -2.50481E-005 -1.21908E-007  7.06433E-006 -4.52604E-004  0.00000E+000  0.00000E+000  5.38397E-004
   114 9.111310E-02 1.812046E+00     2  1.65000E+002 -3.87805E-005  1.67110E-007  1.34063E-007 -2.50311E-005 -1.29562E-007  7.36550E-006 -4.77765E-004  0.00000E+000  0.00000E+000  5.68698E-004
   115 1.002244E-01 1.912270E+00     2  1.65000E+002 -4.15298E-005  1.64901E-007  1.33095E-007 -2.75279E-005 -1.37019E-007  7.66349E-006 -5.05430E-004  0.00000E+000  0.00000E+000  6.01488E-004
   116 1.002244E-01 2.012495E+00     2  1.64999E+002 -4.16997E-005  1.90775E-007  1.24253E-007 -2.75052E-005 -1.48466E-007  7.97852E-006 -5.33083E-004  0.00000E+000  0.00000E+000  6.34771E-004
   117 1.002244E-01 2.112719E+00     2  1.64999E+002 -4.18933E-005  1.87253E-007  1.31580E-007 -2.74936E-005 -1.49224E-007  8.29736E-006 -5.60726E-004  0.00000E+000  0.00000E+000  6.68068E-004
   118 1.002244E-01 2.212944E+00     2  1.64999E+002 -4.20788E-005  2.06566E-007  1.23216E-007 -2.74769E-005 -1.55743E-007  8.62714E-006 -5.88359E-004  0.00000E+000  0.00000E+000  7.01346E-004
   119 1.102469E-01 2.323190E+00     2  1.64999E+002 -4.49913E-005  2.28287E-007  1.24422E-007 -3.02090E-005 -1.74776E-007  8.97985E-006 -6.18742E-004  0.00000E+000  0.00000E+000  7.37348E-004
   120 1.212715E-01 2.444462E+00     2  1.64999E+002 -4.81807E-005  2.49539E-007  1.32079E-007 -3.32111E-005 -1.96835E-007  9.36146E-006 -6.52150E-004  0.00000E+000  0.00000E+000  7.76926E-004
   121 1.333987E-01 2.577861E+00     2  1.64999E+002 -5.17055E-005  2.43476E-007  1.48143E-007 -3.65091E-005 -2.22323E-007  9.75308E-006 -6.88882E-004  0.00000E+000  0.00000E+000  8.20435E-004
   122 1.333987E-01 2.711259E+00     2  1.64999E+002 -5.18615E-005  2.95602E-007  1.33370E-007 -3.64853E-005 -2.29857E-007  1.01821E-005 -7.25597E-004  0.00000E+000  0.00000E+000  8.64619E-004
   123 1.467386E-01 2.857998E+00     2  1.64999E+002 -5.57031E-005  2.96157E-007  1.26723E-007 -4.01182E-005 -2.47505E-007  1.06049E-005 -7.65963E-004  0.00000E+000  0.00000E+000  9.12428E-004
   124 1.467386E-01 3.004736E+00     2  1.64999E+002 -5.57985E-005  3.52260E-007  1.28050E-007 -4.00787E-005 -2.68744E-007  1.10852E-005 -8.06310E-004  0.00000E+000  0.00000E+000  9.60959E-004
   125 1.614124E-01 3.166149E+00     2  1.64999E+002 -5.99100E-005  3.83903E-007  1.38564E-007 -4.40566E-005 -3.03774E-007  1.16077E-005 -8.50670E-004  0.00000E+000  0.00000E+000  1.01348E-003
   126 1.775537E-01 3.343703E+00     2  1.64999E+002 -6.44743E-005  3.91474E-007  1.33455E-007 -4.84413E-005 -3.27883E-007  1.21326E-005 -8.99440E-004  0.00000E+000  0.00000E+000  1.07121E-003
   127 1.775537E-01 3.521256E+00     2  1.64999E+002 -6.45331E-005  4.49944E-007  1.29324E-007 -4.83898E-005 -3.54217E-007  1.27119E-005 -9.48184E-004  0.00000E+000  0.00000E+000  1.12981E-003
   128 1.953090E-01 3.716565E+00     2  1.64999E+002 -6.94247E-005  4.95078E-007  1.33179E-007 -5.31903E-005 -3.98190E-007  1.33402E-005 -1.00177E-003  0.00000E+000  0.00000E+000  1.19322E-003
   129 2.148399E-01 3.931405E+00     2  1.64999E+002 -7.47811E-005  5.42445E-007  1.44711E-007 -5.84626E-005 -4.49915E-007  1.40273E-005 -1.06068E-003  0.00000E+000  0.00000E+000  1.26290E-003
   130 2.363239E-01 4.167729E+00     2  1.64999E+002 -8.06901E-005  5.66753E-007  1.40278E-007 -6.42664E-005 -4.94803E-007  1.47344E-005 -1.12545E-003  0.00000E+000  0.00000E+000  1.33948E-003
   131 2.363239E-01 4.404053E+00     2  1.64999E+002 -8.06347E-005  6.26444E-007  1.48192E-007 -6.41915E-005 -5.30982E-007  1.55090E-005 -1.19017E-003  0.00000E+000  0.00000E+000  1.41721E-003
   132 2.599563E-01 4.664009E+00     2  1.64999E+002 -8.69693E-005  6.70733E-007  1.77632E-007 -7.05476E-005 -6.01326E-007  1.63574E-005 -1.26132E-003  0.00000E+000  0.00000E+000  1.50127E-003
   133 2.859520E-01 4.949961E+00     2  1.64999E+002 -9.40046E-005  7.11625E-007  1.80831E-007 -7.75344E-005 -6.73247E-007  1.72498E-005 -1.33952E-003  0.00000E+000  0.00000E+000  1.59366E-003
   134 2.859520E-01 5.235913E+00     2  1.64999E+002 -9.38658E-005  7.56495E-007  1.96217E-007 -7.74449E-005 -7.10963E-007  1.82025E-005 -1.41768E-003  0.00000E+000  0.00000E+000  1.68744E-003
   135 3.145471E-01 5.550460E+00     2  1.64999E+002 -1.01508E-004  8.33903E-007  2.16399E-007 -8.51019E-005 -8.10061E-007  1.92528E-005 -1.50359E-003  0.00000E+000  0.00000E+000  1.78884E-003
   136 3.460019E-01 5.896462E+00     2  1.64998E+002 -1.09881E-004  9.23524E-007  2.44115E-007 -9.35086E-005 -9.25426E-007  2.04205E-005 -1.59803E-003  0.00000E+000  0.00000E+000  1.90025E-003
   137 3.806020E-01 6.277064E+00     2  1.64998E+002 -1.19111E-004  9.77540E-007  2.57395E-007 -1.02752E-004 -1.04072E-006  2.16554E-005 -1.70182E-003  0.00000E+000  0.00000E+000  2.02263E-003
   138 3.806020E-01 6.657666E+00     2  1.64998E+002 -1.18832E-004  1.06249E-006  2.79823E-007 -1.02611E-004 -1.10350E-006  2.29977E-005 -1.80553E-003  0.00000E+000  0.00000E+000  2.14684E-003
   139 4.186623E-01 7.076329E+00     2  1.64998E+002 -1.29146E-004  9.42772E-007  1.82072E-007 -1.12833E-004 -1.13844E-006  2.41226E-005 -1.91950E-003  0.00000E+000  0.00000E+000  2.28109E-003
   140 4.186623E-01 7.494991E+00     2  1.64998E+002 -1.28194E-004  1.21082E-006  2.93440E-007 -1.12586E-004 -1.30013E-006  2.56268E-005 -2.03339E-003  0.00000E+000  0.00000E+000  2.41708E-003
   141 4.605285E-01 7.955519E+00     2  1.64998E+002 -1.38823E-004  1.28911E-006  3.39519E-007 -1.23698E-004 -1.47623E-006  2.72554E-005 -2.15856E-003  0.00000E+000  0.00000E+000  2.56438E-003
   142 5.065813E-01 8.462101E+00     2  1.64998E+002 -1.50528E-004  1.41991E-006  3.67064E-007 -1.35891E-004 -1.68460E-006  2.90424E-005 -2.29614E-003  0.00000E+000  0.00000E+000  2.72619E-003
   143 5.572395E-01 9.019340E+00     2  1.64998E+002 -1.63695E-004  1.31885E-006  2.88703E-007 -1.49366E-004 -1.81598E-006  3.06500E-005 -2.44732E-003  0.00000E+000  0.00000E+000  2.90389E-003
   144 5.572395E-01 9.576580E+00     2  1.64997E+002 -1.62291E-004  1.64855E-006  3.62441E-007 -1.49035E-004 -2.01921E-006  3.26610E-005 -2.59838E-003  0.00000E+000  0.00000E+000  3.08396E-003
   145 6.129634E-01 1.018954E+01     2  1.64997E+002 -1.75935E-004  1.82625E-006  3.56500E-007 -1.63708E-004 -2.30304E-006  3.48437E-005 -2.76439E-003  0.00000E+000  0.00000E+000  3.27878E-003
   146 6.742597E-01 1.086380E+01     2  1.64997E+002 -1.91022E-004  1.77509E-006  3.57416E-007 -1.79843E-004 -2.57768E-006  3.69762E-005 -2.94681E-003  0.00000E+000  0.00000E+000  3.49264E-003
   147 6.742597E-01 1.153806E+01     2  1.64997E+002 -1.89090E-004  2.07094E-006  3.68230E-007 -1.79502E-004 -2.75705E-006  3.94154E-005 -3.12907E-003  0.00000E+000  0.00000E+000  3.70953E-003
   148 7.416857E-01 1.227975E+01     2  1.64997E+002 -2.05155E-004  2.23011E-006  4.14351E-007 -1.97139E-004 -3.15802E-006  4.20599E-005 -3.32936E-003  0.00000E+000  0.00000E+000  3.94393E-003
   149 8.158543E-01 1.309560E+01     2  1.64997E+002 -2.22693E-004  2.41292E-006  4.79283E-007 -2.16479E-004 -3.62448E-006  4.49521E-005 -3.54947E-003  0.00000E+000  0.00000E+000  4.20120E-003
   150 8.974397E-01 1.399304E+01     2  1.64996E+002 -2.41752E-004  2.55584E-006  6.34810E-007 -2.37683E-004 -4.17084E-006  4.81427E-005 -3.79132E-003  0.00000E+000  0.00000E+000  4.48347E-003
   151 9.871837E-01 1.498023E+01     2  1.64996E+002 -2.62670E-004  2.61257E-006  9.43415E-007 -2.60927E-004 -4.80889E-006  5.16987E-005 -4.05706E-003  0.00000E+000  0.00000E+000  4.79319E-003
   152 1.085902E+00 1.606613E+01     2  1.64996E+002 -2.85790E-004  2.87837E-006  1.12036E-006 -2.86414E-004 -5.54603E-006  5.56974E-005 -4.34902E-003  0.00000E+000  0.00000E+000  5.13298E-003
   153 1.194492E+00 1.726062E+01     2  1.64995E+002 -3.11444E-004  3.08420E-006  1.21310E-006 -3.14373E-004 -6.37150E-006  5.99947E-005 -4.66976E-003  0.00000E+000  0.00000E+000  5.50570E-003
   154 1.194492E+00 1.845511E+01     2  1.64995E+002 -3.07934E-004  3.29450E-006  1.20512E-006 -3.13666E-004 -6.71806E-006  6.44944E-005 -4.99014E-003  0.00000E+000  0.00000E+000  5.88354E-003
   155 1.194492E+00 1.964960E+01     2  1.64995E+002 -3.03908E-004  3.71034E-006  1.17614E-006 -3.12998E-004 -7.07255E-006  6.93808E-005 -5.31021E-003  0.00000E+000  0.00000E+000  6.26030E-003
   156 1.313941E+00 2.096355E+01     2  1.64994E+002 -3.30927E-004  4.12651E-006  1.31394E-006 -3.43593E-004 -8.11095E-006  7.48213E-005 -5.66192E-003  0.00000E+000  0.00000E+000  6.66662E-003
   157 1.445336E+00 2.240888E+01     2  1.64994E+002 -3.60275E-004  4.52344E-006  1.57610E-006 -3.77128E-004 -9.30743E-006  8.09208E-005 -6.04835E-003  0.00000E+000  0.00000E+000  7.11203E-003
   158 1.589869E+00 2.399875E+01     2  1.64994E+002 -3.92934E-004  4.75226E-006  1.61104E-006 -4.13958E-004 -1.05172E-005  8.72841E-005 -6.47283E-003  0.00000E+000  0.00000E+000  7.60019E-003
   159 1.589869E+00 2.558862E+01     2  1.64993E+002 -3.85955E-004  5.14970E-006  1.97088E-006 -4.12925E-004 -1.10990E-005  9.44047E-005 -6.89685E-003  0.00000E+000  0.00000E+000  8.09460E-003
   160 1.748856E+00 2.733748E+01     2  1.64993E+002 -4.21704E-004  4.49034E-006  1.92415E-006 -4.53374E-004 -1.23153E-005  1.00819E-004 -7.36254E-003  0.00000E+000  0.00000E+000  8.62722E-003
   161 1.748856E+00 2.908633E+01     2  1.64992E+002 -4.12504E-004  6.05206E-006  2.20130E-006 -4.52030E-004 -1.32088E-005  1.09073E-004 -7.82778E-003  0.00000E+000  0.00000E+000  9.16625E-003
   162 1.923742E+00 3.101007E+01     2  1.64992E+002 -4.49283E-004  6.70245E-006  2.34876E-006 -4.96104E-004 -1.50956E-005  1.18124E-004 -8.33898E-003  0.00000E+000  0.00000E+000  9.74817E-003
   163 2.116116E+00 3.312619E+01     2  1.64991E+002 -4.89466E-004  6.38784E-006  2.50192E-006 -5.44447E-004 -1.70143E-005  1.27014E-004 -8.90044E-003  0.00000E+000  0.00000E+000  1.03849E-002
   164 2.116116E+00 3.524231E+01     2  1.64991E+002 -4.76525E-004  7.16035E-006  3.10163E-006 -5.42967E-004 -1.78699E-005  1.37276E-004 -9.46128E-003  0.00000E+000  0.00000E+000  1.10293E-002
   165 2.327728E+00 3.757003E+01     2  1.64990E+002 -5.19072E-004  7.62411E-006  3.67900E-006 -5.95824E-004 -2.03279E-005  1.48579E-004 -1.00774E-002  0.00000E+000  0.00000E+000  1.17237E-002
   166 2.560500E+00 4.013053E+01     2  1.64990E+002 -5.66299E-004  8.56632E-006  4.10247E-006 -6.53754E-004 -2.31428E-005  1.61247E-004 -1.07543E-002  0.00000E+000  0.00000E+000  1.24837E-002
   167 2.816550E+00 4.294708E+01     2  1.64989E+002 -6.17766E-004  9.69887E-006  4.61231E-006 -7.17260E-004 -2.63529E-005  1.75559E-004 -1.14979E-002  0.00000E+000  0.00000E+000  1.33148E-002
   168 3.098205E+00 4.604529E+01     2  1.64988E+002 -6.74552E-004  1.03657E-005  5.12497E-006 -7.86852E-004 -2.98575E-005  1.91049E-004 -1.23146E-002  0.00000E+000  0.00000E+000  1.42230E-002
   169 3.408026E+00 4.945332E+01     2  1.64987E+002 -7.36709E-004  1.07036E-005  5.27898E-006 -8.63307E-004 -3.34970E-005  2.07032E-004 -1.32115E-002  0.00000E+000  0.00000E+000  1.52141E-002
   170 3.408026E+00 5.286134E+01     2  1.64986E+002 -7.14597E-004  1.29214E-005  5.74766E-006 -8.60763E-004 -3.49364E-005  2.25701E-004 -1.41072E-002  0.00000E+000  0.00000E+000  1.62154E-002
   171 3.748828E+00 5.661017E+01     2  1.64985E+002 -7.81208E-004  1.30766E-005  5.50137E-006 -9.44410E-004 -3.90304E-005  2.44279E-004 -1.50906E-002  0.00000E+000  0.00000E+000  1.72897E-002
   172 4.123711E+00 6.073388E+01     2  1.64984E+002 -8.49432E-004  1.46881E-005  6.10170E-006 -1.03597E-003 -4.38421E-005  2.65069E-004 -1.61704E-002  0.00000E+000  0.00000E+000  1.84592E-002
   173 4.536082E+00 6.526996E+01     2  1.64983E+002 -9.22612E-004  1.70940E-005  7.31501E-006 -1.13615E-003 -4.96928E-005  2.89478E-004 -1.73562E-002  0.00000E+000  0.00000E+000  1.97338E-002
   174 4.536082E+00 6.980605E+01     2  1.64982E+002 -8.92973E-004  1.77201E-005  7.24894E-006 -1.13335E-003 -5.05899E-005  3.14447E-004 -1.85402E-002  0.00000E+000  0.00000E+000  2.10207E-002
   175 4.989691E+00 7.479574E+01     2  1.64981E+002 -9.78172E-004  1.74362E-005  6.75490E-006 -1.24409E-003 -5.53623E-005  3.38638E-004 -1.98396E-002  0.00000E+000  0.00000E+000  2.23918E-002
   176 4.989691E+00 7.978543E+01     2  1.64980E+002 -9.40955E-004  1.96028E-005  7.56531E-006 -1.24036E-003 -5.67191E-005  3.65806E-004 -2.11367E-002  0.00000E+000  0.00000E+000  2.37692E-002
   177 5.488660E+00 8.527409E+01     2  1.64978E+002 -1.02897E-003  2.29847E-005  8.22135E-006 -1.36125E-003 -6.30221E-005  3.97012E-004 -2.25610E-002  0.00000E+000  0.00000E+000  2.52383E-002
   178 6.037526E+00 9.131161E+01     2  1.64977E+002 -1.12825E-003  2.37373E-005  8.68227E-006 -1.49412E-003 -6.88143E-005  4.29432E-004 -2.41239E-002  0.00000E+000  0.00000E+000  2.68301E-002
   179 6.641278E+00 9.795289E+01     2  1.64975E+002 -1.23477E-003  2.82085E-005  9.65749E-006 -1.63975E-003 -7.55776E-005  4.67297E-004 -2.58393E-002  0.00000E+000  0.00000E+000  2.85483E-002
   180 7.305406E+00 1.052583E+02     2  1.64973E+002 -1.35675E-003  2.99796E-005  1.02672E-005 -1.79970E-003 -8.19588E-005  5.07544E-004 -2.77209E-002  0.00000E+000  0.00000E+000  3.03991E-002
   181 8.035947E+00 1.132942E+02     2  1.64971E+002 -1.48340E-003  3.02466E-005  1.13025E-005 -1.97509E-003 -8.79088E-005  5.49093E-004 -2.97839E-002  0.00000E+000  0.00000E+000  3.23863E-002
   182 8.839541E+00 1.221338E+02     2  1.64969E+002 -1.61805E-003  3.70723E-005  1.57792E-005 -2.16644E-003 -9.69302E-005  6.01945E-004 -3.20473E-002  0.00000E+000  0.00000E+000  3.45235E-002
   183 9.723496E+00 1.318573E+02     2  1.64967E+002 -1.77468E-003  4.03227E-005  1.53477E-005 -2.37709E-003 -1.03594E-004  6.57615E-004 -3.45280E-002  0.00000E+000  0.00000E+000  3.68189E-002
   184 1.000000E+01 1.418573E+02     2  1.64965E+002 -1.77687E-003  4.37174E-005  1.44579E-005 -2.43799E-003 -1.04229E-004  7.15791E-004 -3.70702E-002  0.00000E+000  0.00000E+000  3.91420E-002
   185 1.000000E+01 1.518573E+02     2  1.64962E+002 -1.70764E-003  4.68826E-005  1.46196E-005 -2.43105E-003 -1.02781E-004  7.77293E-004 -3.96040E-002  0.00000E+000  0.00000E+000  4.14047E-002
   186 1.000000E+01 1.618573E+02     2  1.64960E+002 -1.64397E-003  4.81282E-005  1.44226E-005 -2.42462E-003 -1.00663E-004  8.39844E-004 -4.21293E-002  0.00000E+000  0.00000E+000  4.35927E-002
   187 1.000000E+01 1.718573E+02     2  1.64957E+002 -1.57649E-003  5.35590E-005  1.34536E-005 -2.41853E-003 -9.91123E-005  9.06856E-004 -4.46469E-002  0.00000E+000  0.00000E+000  4.57057E-002
   188 1.000000E+01 1.818573E+02     2  1.64955E+002 -1.51249E-003  5.56496E-005  1.23732E-005 -2.41264E-003 -9.69594E-005  9.74879E-004 -4.71565E-002  0.00000E+000  0.00000E+000  4.77457E-002
   189 1.000000E+01 1.918573E+02     2  1.64953E+002 -1.45365E-003  5.38815E-005  1.58779E-005 -2.40644E-003 -9.49872E-005  1.04464E-003 -4.96580E-002  0.00000E+000  0.00000E+000  4.97085E-002
   190 5.000000E+00 1.968573E+02     2  1.64951E+002 -2.30406E-004  3.82459E-005  3.20040E-006 -1.20275E-003 -4.70782E-005  1.08608E-003 -5.09078E-002  0.00000E+000  0.00000E+000  5.09454E-002
   191 5.500000E+00 2.023573E+02     2  1.64950E+002 -3.26975E-004  3.89712E-005  4.46746E-006 -1.32137E-003 -5.11383E-005  1.12952E-003 -5.22803E-002  0.00000E+000  0.00000E+000  5.19218E-002
   192 6.050000E+00 2.084073E+02     2  1.64949E+002 -4.25316E-004  3.79951E-005  6.73570E-006 -1.45101E-003 -5.53396E-005  1.17425E-003 -5.37867E-002  0.00000E+000  0.00000E+000  5.29738E-002
   193 6.655000E+00 2.150623E+02     2  1.64947E+002 -5.29908E-004  4.37416E-005  7.47077E-006 -1.59319E-003 -6.01201E-005  1.22547E-003 -5.54400E-002  0.00000E+000  0.00000E+000  5.41072E-002
   194 6.655000E+00 2.217173E+02     2  1.64946E+002 -4.91414E-004  4.48893E-005  6.88635E-006 -1.59051E-003 -5.92352E-005  1.27724E-003 -5.70897E-002  0.00000E+000  0.00000E+000  5.52537E-002
   195 7.320500E+00 2.290378E+02     2  1.64944E+002 -6.08173E-004  4.89558E-005  8.01507E-006 -1.74615E-003 -6.42247E-005  1.33421E-003 -5.89001E-002  0.00000E+000  0.00000E+000  5.64474E-002
   196 8.052550E+00 2.370903E+02     2  1.64942E+002 -7.38755E-004  5.08931E-005  9.01403E-006 -1.91615E-003 -6.92162E-005  1.39412E-003 -6.08855E-002  0.00000E+000  0.00000E+000  5.77261E-002
   197 8.857805E+00 2.459481E+02     2  1.64940E+002 -8.82055E-004  5.13618E-005  9.65169E-006 -2.10150E-003 -7.39340E-005  1.45513E-003 -6.30609E-002  0.00000E+000  0.00000E+000  5.90870E-002
   198 9.743586E+00 2.556917E+02     2  1.64938E+002 -1.03200E-003  5.63676E-005  9.16297E-006 -2.30464E-003 -7.98557E-005  1.52066E-003 -6.54454E-002  0.00000E+000  0.00000E+000  6.05325E-002
   199 9.743586E+00 2.654353E+02     2  1.64935E+002 -9.57974E-004  5.69340E-005  1.20792E-005 -2.29760E-003 -7.92013E-005  1.58968E-003 -6.78222E-002  0.00000E+000  0.00000E+000  6.19723E-002
   200 1.000000E+01 2.754353E+02     2  1.64933E+002 -9.50644E-004  6.32639E-005  1.01663E-005 -2.35117E-003 -8.10452E-005  1.66311E-003 -7.02544E-002  0.00000E+000  0.00000E+000  6.33835E-002
   201 1.000000E+01 2.854353E+02     2  1.64931E+002 -8.82688E-004  6.51127E-005  7.96217E-006 -2.34411E-003 -8.09568E-005  1.73618E-003 -7.26795E-002  0.00000E+000  0.00000E+000  6.47530E-002
   202 1.000000E+01 2.954353E+02     2  1.64929E+002 -8.11137E-004  5.86099E-005  1.10297E-005 -2.33641E-003 -8.07350E-005  1.80582E-003 -7.50966E-002  0.00000E+000  0.00000E+000  6.60580E-002
   203 1.000000E+01 3.054353E+02     2  1.64926E+002 -7.39152E-004  6.35815E-005  1.00635E-005 -2.32922E-003 -8.17186E-005  1.87947E-003 -7.75075E-002  0.00000E+000  0.00000E+000  6.73091E-002
   204 1.000000E+01 3.154353E+02     2  1.64924E+002 -6.80506E-004  5.21745E-005  7.10227E-006 -2.32143E-003 -7.97088E-005  1.93874E-003 -7.99087E-002  0.00000E+000  0.00000E+000  6.85040E-002
   205 1.000000E+01 3.254353E+02     2  1.64922E+002 -5.78947E-004  6.38474E-005  9.54520E-006 -2.31312E-003 -8.34245E-005  2.01214E-003 -8.23052E-002  0.00000E+000  0.00000E+000  6.96337E-002
   206 1.000000E+01 3.354353E+02     2  1.64920E+002 -4.95586E-004  6.45144E-005  7.93296E-006 -2.30655E-003 -8.48596E-005  2.08458E-003 -8.46966E-002  0.00000E+000  0.00000E+000  7.07389E-002
   207 1.000000E+01 3.454353E+02     2  1.64917E+002 -4.09767E-004  6.42491E-005  8.06288E-006 -2.29980E-003 -8.63645E-005  2.15690E-003 -8.70828E-002  0.00000E+000  0.00000E+000  7.18027E-002
   208 1.000000E+01 3.554353E+02     2  1.64915E+002 -3.22462E-004  6.43002E-005  8.24941E-006 -2.29333E-003 -8.77798E-005  2.22945E-003 -8.94639E-002  0.00000E+000  0.00000E+000  7.28278E-002
   209 1.000000E+01 3.654353E+02     2  1.64913E+002 -2.33284E-004  6.52193E-005  7.79581E-006 -2.28720E-003 -8.91823E-005  2.30246E-003 -9.18403E-002  0.00000E+000  0.00000E+000  7.38166E-002
   210 1.000000E+01 3.754353E+02     2  1.64911E+002 -1.46957E-004  6.27085E-005  1.13053E-005 -2.28149E-003 -9.04229E-005  2.37647E-003 -9.42122E-002  0.00000E+000  0.00000E+000  7.47693E-002
   211 1.000000E+01 3.854353E+02     2  1.64908E+002 -5.57187E-005  6.27167E-005  1.23795E-005 -2.27615E-003 -9.15080E-005  2.45157E-003 -9.65799E-002  0.00000E+000  0.00000E+000  7.56871E-002
   212 1.000000E+01 3.954353E+02     2  1.64906E+002  2.86928E-005  6.27012E-005  1.37425E-005 -2.27119E-003 -9.24359E-005  2.52801E-003 -9.89435E-002  0.00000E+000  0.00000E+000  7.65725E-002
   213 1.000000E+01 4.054353E+02     2  1.64904E+002  1.10600E-004  6.10042E-005  1.25005E-005 -2.26601E-003 -9.25516E-005  2.60152E-003 -1.01302E-001  0.00000E+000  0.00000E+000  7.74260E-002
   214 1.000000E+01 4.154353E+02     2  1.64902E+002  2.03582E-004  6.49200E-005  1.36300E-005 -2.26159E-003 -9.37275E-005  2.68007E-003 -1.03657E-001  0.00000E+000  0.00000E+000  7.82457E-002
   215 1.000000E+01 4.254353E+02     2  1.64900E+002  2.88491E-004  6.66896E-005  1.27015E-005 -2.25762E-003 -9.42288E-005  2.75946E-003 -1.06009E-001  0.00000E+000  0.00000E+000  7.90420E-002
   216 1.000000E+01 4.354353E+02     2  1.64897E+002  3.70763E-004  6.47543E-005  1.14422E-005 -2.25301E-003 -9.41664E-005  2.83566E-003 -1.08356E-001  0.00000E+000  0.00000E+000  7.98079E-002
   217 1.000000E+01 4.454353E+02     2  1.64895E+002  4.60850E-004  7.01535E-005  1.07575E-005 -2.24930E-003 -9.50114E-005  2.91657E-003 -1.10701E-001  0.00000E+000  0.00000E+000  8.05445E-002
   218 1.000000E+01 4.554353E+02     2  1.64893E+002  5.47150E-004  7.14163E-005  9.84565E-006 -2.24563E-003 -9.55269E-005  2.99783E-003 -1.13042E-001  0.00000E+000  0.00000E+000  8.12592E-002
   219 1.000000E+01 4.654353E+02     2  1.64891E+002  6.27921E-004  6.75467E-005  1.44636E-005 -2.24203E-003 -9.58666E-005  3.07984E-003 -1.15380E-001  0.00000E+000  0.00000E+000  8.19448E-002
   220 1.000000E+01 4.754353E+02     2  1.64889E+002  7.08909E-004  6.91774E-005  1.38993E-005 -2.23839E-003 -9.62921E-005  3.16292E-003 -1.17714E-001  0.00000E+000  0.00000E+000  8.26099E-002
   221 1.000000E+01 4.854353E+02     2  1.64886E+002  7.82744E-004  6.29376E-005  1.29874E-005 -2.23370E-003 -9.60810E-005  3.23884E-003 -1.20044E-001  0.00000E+000  0.00000E+000  8.32473E-002
   222 1.000000E+01 4.954353E+02     2  1.64884E+002  8.73659E-004  7.28267E-005  1.23741E-005 -2.23045E-003 -9.72352E-005  3.32404E-003 -1.22372E-001  0.00000E+000  0.00000E+000  8.38568E-002
   223 1.000000E+01 5.054353E+02     2  1.64882E+002  9.46441E-004  6.35916E-005  1.13691E-005 -2.22651E-003 -9.63455E-005  3.39900E-003 -1.24695E-001  0.00000E+000  0.00000E+000  8.44503E-002
   224 1.000000E+01 5.154353E+02     2  1.64880E+002  1.04177E-003  7.49019E-005  1.00518E-005 -2.22350E-003 -9.72993E-005  3.48396E-003 -1.27016E-001  0.00000E+000  0.00000E+000  8.50153E-002
   225 1.000000E+01 5.254353E+02     2  1.64878E+002  1.12533E-003  6.85051E-005  9.68868E-006 -2.22033E-003 -9.59797E-005  3.56215E-003 -1.29332E-001  0.00000E+000  0.00000E+000  8.55679E-002
   226 1.000000E+01 5.354353E+02     2  1.64876E+002  1.21665E-003  7.51084E-005  8.46850E-006 -2.21725E-003 -9.66850E-005  3.64573E-003 -1.31646E-001  0.00000E+000  0.00000E+000  8.60978E-002
   227 1.000000E+01 5.454353E+02     2  1.64873E+002  1.30202E-003  7.56489E-005  7.40797E-006 -2.21455E-003 -9.64793E-005  3.72878E-003 -1.33957E-001  0.00000E+000  0.00000E+000  8.66148E-002
   228 1.000000E+01 5.554353E+02     2  1.64871E+002  1.38777E-003  7.65107E-005  6.33892E-006 -2.21169E-003 -9.61861E-005  3.81163E-003 -1.36265E-001  0.00000E+000  0.00000E+000  8.71120E-002
   229 1.000000E+01 5.654353E+02     2  1.64869E+002  1.46718E-003  7.06347E-005  8.05922E-006 -2.20793E-003 -9.58396E-005  3.89033E-003 -1.38568E-001  0.00000E+000  0.00000E+000  8.75872E-002
   230 1.000000E+01 5.754353E+02     2  1.64867E+002  1.55486E-003  7.52654E-005  7.59877E-006 -2.20514E-003 -9.57238E-005  3.97319E-003 -1.40869E-001  0.00000E+000  0.00000E+000  8.80431E-002
   231 1.000000E+01 5.854353E+02     2  1.64865E+002  1.63759E-003  7.55226E-005  7.01074E-006 -2.20238E-003 -9.53648E-005  4.05573E-003 -1.43167E-001  0.00000E+000  0.00000E+000  8.84863E-002
   232 1.000000E+01 5.954353E+02     2  1.64863E+002  1.71402E-003  6.93089E-005  2.35220E-006 -2.19886E-003 -9.34643E-005  4.12739E-003 -1.45459E-001  0.00000E+000  0.00000E+000  8.89098E-002
   233 1.000000E+01 6.054353E+02     2  1.64861E+002  1.80221E-003  7.12923E-005  4.65613E-006 -2.19516E-003 -9.33139E-005  4.20334E-003 -1.47748E-001  0.00000E+000  0.00000E+000  8.93100E-002
   234 1.000000E+01 6.154353E+02     2  1.64858E+002  1.89081E-003  7.59547E-005  2.89923E-006 -2.19210E-003 -9.37516E-005  4.28219E-003 -1.50034E-001  0.00000E+000  0.00000E+000  8.97008E-002
   235 1.000000E+01 6.254353E+02     2  1.64856E+002  1.98094E-003  7.33793E-005  3.82186E-006 -2.18906E-003 -9.34994E-005  4.35939E-003 -1.52316E-001  0.00000E+000  0.00000E+000  9.00785E-002
   236 1.000000E+01 6.354353E+02     2  1.64854E+002  2.06488E-003  7.39855E-005  2.29814E-006 -2.18581E-003 -9.33021E-005  4.43567E-003 -1.54595E-001  0.00000E+000  0.00000E+000  9.04428E-002
   237 1.000000E+01 6.454353E+02     2  1.64852E+002  2.14684E-003  7.22584E-005  3.40644E-006 -2.18251E-003 -9.30907E-005  4.51134E-003 -1.56871E-001  0.00000E+000  0.00000E+000  9.07897E-002
   238 1.000000E+01 6.554353E+02     2  1.64850E+002  2.22564E-003  6.98044E-005  5.78893E-006 -2.17925E-003 -9.28832E-005  4.58693E-003 -1.59143E-001  0.00000E+000  0.00000E+000  9.11215E-002
   239 1.000000E+01 6.654353E+02     2  1.64848E+002  2.31043E-003  5.81785E-005  1.09198E-005 -2.17457E-003 -9.13739E-005  4.65603E-003 -1.61409E-001  0.00000E+000  0.00000E+000  9.14328E-002
   240 1.000000E+01 6.754353E+02     2  1.64846E+002  2.39472E-003  6.64254E-005  9.90547E-006 -2.17129E-003 -9.26033E-005  4.73236E-003 -1.63673E-001  0.00000E+000  0.00000E+000  9.17291E-002
   241 1.000000E+01 6.854353E+02     2  1.64844E+002  2.47346E-003  6.50220E-005  1.10980E-005 -2.16857E-003 -9.26452E-005  4.80848E-003 -1.65934E-001  0.00000E+000  0.00000E+000  9.20218E-002
   242 1.000000E+01 6.954353E+02     2  1.64841E+002  2.54723E-003  6.59476E-005  1.05329E-005 -2.16554E-003 -9.26990E-005  4.88496E-003 -1.68192E-001  0.00000E+000  0.00000E+000  9.23038E-002
   243 1.000000E+01 7.054353E+02     2  1.64839E+002  2.60959E-003  5.35919E-005  1.11647E-005 -2.16080E-003 -9.21798E-005  4.94972E-003 -1.70445E-001  0.00000E+000  0.00000E+000  9.25687E-002
   244 1.000000E+01 7.154353E+02     2  1.64837E+002  2.70444E-003  6.12035E-005  1.64105E-005 -2.15800E-003 -9.29449E-005  5.02733E-003 -1.72696E-001  0.00000E+000  0.00000E+000  9.28096E-002
   245 1.000000E+01 7.254353E+02     2  1.64835E+002  2.77235E-003  5.80008E-005  1.43505E-005 -2.15425E-003 -9.26679E-005  5.09968E-003 -1.74943E-001  0.00000E+000  0.00000E+000  9.30582E-002
   246 1.000000E+01 7.354353E+02     2  1.64833E+002  2.84910E-003  6.15355E-005  1.48558E-005 -2.15117E-003 -9.30781E-005  5.17607E-003 -1.77188E-001  0.00000E+000  0.00000E+000  9.32913E-002
   247 1.000000E+01 7.454353E+02     2  1.64831E+002  2.92355E-003  6.28216E-005  1.33796E-005 -2.14786E-003 -9.33178E-005  5.25228E-003 -1.79429E-001  0.00000E+000  0.00000E+000  9.35201E-002
   248 1.000000E+01 7.554353E+02     2  1.64829E+002  2.99977E-003  6.41632E-005  1.21605E-005 -2.14434E-003 -9.36644E-005  5.32860E-003 -1.81667E-001  0.00000E+000  0.00000E+000  9.37378E-002
   249 1.000000E+01 7.654353E+02     2  1.64827E+002  3.07735E-003  6.54947E-005  1.11428E-005 -2.14092E-003 -9.39329E-005  5.40524E-003 -1.83902E-001  0.00000E+000  0.00000E+000  9.39449E-002
   250 1.000000E+01 7.754353E+02     2  1.64825E+002  3.15190E-003  6.21323E-005  9.80316E-006 -2.13699E-003 -9.33198E-005  5.47717E-003 -1.86132E-001  0.00000E+000  0.00000E+000  9.41393E-002
   251 1.000000E+01 7.854353E+02     2  1.64823E+002  3.23740E-003  6.78039E-005  9.48480E-006 -2.13356E-003 -9.42948E-005  5.55446E-003 -1.88360E-001  0.00000E+000  0.00000E+000  9.43209E-002
   252 1.000000E+01 7.954353E+02     2  1.64821E+002  3.31874E-003  6.85634E-005  8.59438E-006 -2.13033E-003 -9.46135E-005  5.63162E-003 -1.90585E-001  0.00000E+000  0.00000E+000  9.44990E-002
   253 1.000000E+01 8.054353E+02     2  1.64818E+002  3.40132E-003  6.93057E-005  7.88171E-006 -2.12697E-003 -9.49167E-005  5.70881E-003 -1.92807E-001  0.00000E+000  0.00000E+000  9.46676E-002
   254 1.000000E+01 8.154353E+02     2  1.64816E+002  3.48395E-003  6.92089E-005  8.10087E-006 -2.12364E-003 -9.51455E-005  5.78612E-003 -1.95025E-001  0.00000E+000  0.00000E+000  9.48271E-002
   255 1.000000E+01 8.254353E+02     2  1.64814E+002  3.56647E-003  6.92306E-005  8.26231E-006 -2.12041E-003 -9.52880E-005  5.86361E-003 -1.97241E-001  0.00000E+000  0.00000E+000  9.49778E-002
   256 1.000000E+01 8.354353E+02     2  1.64812E+002  3.64366E-003  6.38699E-005  9.34813E-006 -2.11657E-003 -9.47530E-005  5.93683E-003 -1.99452E-001  0.00000E+000  0.00000E+000  9.51165E-002
   257 1.000000E+01 8.454353E+02     2  1.64810E+002  3.72381E-003  6.33859E-005  1.51406E-005 -2.11333E-003 -9.55729E-005  6.01535E-003 -2.01661E-001  0.00000E+000  0.00000E+000  9.52416E-002
   258 1.000000E+01 8.554353E+02     2  1.64808E+002  3.80025E-003  6.44756E-005  1.44455E-005 -2.11027E-003 -9.58292E-005  6.09427E-003 -2.03867E-001  0.00000E+000  0.00000E+000  9.53712E-002
   259 1.000000E+01 8.654353E+02     2  1.64806E+002  3.87758E-003  6.56853E-005  1.37706E-005 -2.10712E-003 -9.60365E-005  6.17373E-003 -2.06070E-001  0.00000E+000  0.00000E+000  9.54933E-002
   260 1.000000E+01 8.754353E+02     2  1.64804E+002  3.95532E-003  6.67476E-005  1.32819E-005 -2.10399E-003 -9.62195E-005  6.25376E-003 -2.08271E-001  0.00000E+000  0.00000E+000  9.56082E-002
   261 1.000000E+01 8.854353E+02     2  1.64802E+002  4.03175E-003  6.61859E-005  1.44277E-005 -2.10094E-003 -9.63454E-005  6.33437E-003 -2.10468E-001  0.00000E+000  0.00000E+000  9.57160E-002
   262 1.000000E+01 8.954353E+02     2  1.64800E+002  4.10809E-003  6.69491E-005  1.42541E-005 -2.09796E-003 -9.64072E-005  6.41558E-003 -2.12662E-001  0.00000E+000  0.00000E+000  9.58171E-002
   263 1.000000E+01 9.054353E+02     2  1.64798E+002  4.18453E-003  6.79614E-005  1.39593E-005 -2.09504E-003 -9.65928E-005  6.49750E-003 -2.14854E-001  0.00000E+000  0.00000E+000  9.59116E-002
   264 1.000000E+01 9.154353E+02     2  1.64796E+002  4.26604E-003  6.64086E-005  1.62993E-005 -2.09221E-003 -9.67975E-005  6.58021E-003 -2.17043E-001  0.00000E+000  0.00000E+000  9.59977E-002
   265 1.000000E+01 9.254353E+02     2  1.64794E+002  4.33978E-003  6.75815E-005  1.61238E-005 -2.08947E-003 -9.69622E-005  6.66391E-003 -2.19229E-001  0.00000E+000  0.00000E+000  9.60805E-002
   266 1.000000E+01 9.354353E+02     2  1.64792E+002  4.41334E-003  6.86854E-005  1.59852E-005 -2.08680E-003 -9.71113E-005  6.74858E-003 -2.21413E-001  0.00000E+000  0.00000E+000  9.61576E-002
   267 1.000000E+01 9.454353E+02     2  1.64790E+002  4.48168E-003  6.42071E-005  1.56695E-005 -2.08357E-003 -9.63789E-005  6.82846E-003 -2.23593E-001  0.00000E+000  0.00000E+000  9.62271E-002
   268 1.000000E+01 9.554353E+02     2  1.64788E+002  4.56207E-003  7.06276E-005  1.56534E-005 -2.08078E-003 -9.74679E-005  6.91474E-003 -2.25772E-001  0.00000E+000  0.00000E+000  9.62874E-002
   269 1.000000E+01 9.654353E+02     2  1.64786E+002  4.64046E-003  6.89573E-005  1.77473E-005 -2.07837E-003 -9.77697E-005  7.00144E-003 -2.27948E-001  0.00000E+000  0.00000E+000  9.63480E-002
   270 1.000000E+01 9.754353E+02     2  1.64784E+002  4.70771E-003  6.42213E-005  1.80124E-005 -2.07530E-003 -9.76314E-005  7.08368E-003 -2.30121E-001  0.00000E+000  0.00000E+000  9.64035E-002
   271 1.000000E+01 9.854353E+02     2  1.64782E+002  4.78369E-003  6.62307E-005  1.73828E-005 -2.07205E-003 -9.79726E-005  7.16729E-003 -2.32291E-001  0.00000E+000  0.00000E+000  9.64481E-002
   272 1.000000E+01 9.954353E+02     2  1.64780E+002  4.86117E-003  6.77366E-005  1.58784E-005 -2.06891E-003 -9.78742E-005  7.25091E-003 -2.34457E-001  0.00000E+000  0.00000E+000  9.64905E-002
   273 1.000000E+01 1.005435E+03     2  1.64778E+002  4.94364E-003  7.26939E-005  1.49111E-005 -2.06655E-003 -9.86083E-005  7.33851E-003 -2.36623E-001  0.00000E+000  0.00000E+000  9.65322E-002
   274 1.000000E+01 1.015435E+03     2  1.64776E+002  5.02298E-003  7.30939E-005  1.39678E-005 -2.06407E-003 -9.88774E-005  7.42557E-003 -2.38785E-001  0.00000E+000  0.00000E+000  9.65747E-002
   275 1.000000E+01 1.025435E+03     2  1.64774E+002  5.09802E-003  6.74563E-005  1.26889E-005 -2.06077E-003 -9.77364E-005  7.50572E-003 -2.40944E-001  0.00000E+000  0.00000E+000  9.66094E-002
   276 1.000000E+01 1.035435E+03     2  1.64772E+002  5.18408E-003  6.92983E-005  7.19819E-006 -2.05735E-003 -9.74106E-005  7.58221E-003 -2.43099E-001  0.00000E+000  0.00000E+000  9.66325E-002
   277 1.000000E+01 1.045435E+03     2  1.64770E+002  5.27916E-003  7.54742E-005  8.40720E-006 -2.05447E-003 -9.86174E-005  7.66610E-003 -2.45252E-001  0.00000E+000  0.00000E+000  9.66576E-002
   278 1.000000E+01 1.055435E+03     2  1.64768E+002  5.36838E-003  7.60252E-005  5.88082E-006 -2.05180E-003 -9.87727E-005  7.74800E-003 -2.47402E-001  0.00000E+000  0.00000E+000  9.66854E-002
   279 1.000000E+01 1.065435E+03     2  1.64766E+002  5.45580E-003  7.16278E-005  3.55621E-006 -2.04836E-003 -9.78934E-005  7.82319E-003 -2.49549E-001  0.00000E+000  0.00000E+000  9.67066E-002
   280 1.000000E+01 1.075435E+03     2  1.64764E+002  5.55535E-003  7.67712E-005  1.82048E-006 -2.04532E-003 -9.85043E-005  7.90178E-003 -2.51692E-001  0.00000E+000  0.00000E+000  9.67201E-002
   281 1.000000E+01 1.085435E+03     2  1.64762E+002  5.65156E-003  7.69114E-005  1.08970E-007 -2.04251E-003 -9.85487E-005  7.97880E-003 -2.53834E-001  0.00000E+000  0.00000E+000  9.67351E-002
   282 1.000000E+01 1.095435E+03     2  1.64760E+002  5.74915E-003  7.68520E-005 -1.01619E-006 -2.03958E-003 -9.85663E-005  8.05463E-003 -2.55972E-001  0.00000E+000  0.00000E+000  9.67454E-002
   283 1.000000E+01 1.105435E+03     2  1.64758E+002  5.84364E-003  7.22067E-005 -2.04746E-006 -2.03601E-003 -9.79263E-005  8.12479E-003 -2.58106E-001  0.00000E+000  0.00000E+000  9.67490E-002
   284 1.000000E+01 1.115435E+03     2  1.64756E+002  5.94386E-003  7.14620E-005 -2.63855E-006 -2.03226E-003 -9.80233E-005  8.19362E-003 -2.60236E-001  0.00000E+000  0.00000E+000  9.67440E-002
   285 1.000000E+01 1.125435E+03     2  1.64754E+002  6.04597E-003  7.18108E-005 -2.07669E-008 -2.02958E-003 -9.83493E-005  8.26541E-003 -2.62364E-001  0.00000E+000  0.00000E+000  9.67348E-002
   286 1.000000E+01 1.135435E+03     2  1.64752E+002  6.13574E-003  6.38576E-005  7.06058E-006 -2.02686E-003 -9.84901E-005  8.33632E-003 -2.64489E-001  0.00000E+000  0.00000E+000  9.67240E-002
   287 1.000000E+01 1.145435E+03     2  1.64750E+002  6.22662E-003  6.40412E-005  6.42058E-006 -2.02405E-003 -9.86376E-005  8.40679E-003 -2.66612E-001  0.00000E+000  0.00000E+000  9.67174E-002
   288 1.000000E+01 1.155435E+03     2  1.64748E+002  6.31384E-003  6.06806E-005  9.64258E-006 -2.02127E-003 -9.88043E-005  8.47711E-003 -2.68732E-001  0.00000E+000  0.00000E+000  9.67063E-002
   289 1.000000E+01 1.165435E+03     2  1.64746E+002  6.40148E-003  6.12765E-005  9.14534E-006 -2.01853E-003 -9.90007E-005  8.54753E-003 -2.70849E-001  0.00000E+000  0.00000E+000  9.66928E-002
   290 1.000000E+01 1.175435E+03     2  1.64744E+002  6.48920E-003  6.17227E-005  8.80186E-006 -2.01586E-003 -9.92056E-005  8.61806E-003 -2.72965E-001  0.00000E+000  0.00000E+000  9.66759E-002
   291 1.000000E+01 1.185435E+03     2  1.64742E+002  6.56849E-003  5.27958E-005  9.87942E-006 -2.01230E-003 -9.90750E-005  8.68073E-003 -2.75076E-001  0.00000E+000  0.00000E+000  9.66527E-002
   292 1.000000E+01 1.195435E+03     2  1.64740E+002  6.66839E-003  6.24852E-005  8.28201E-006 -2.00977E-003 -9.96357E-005  8.75150E-003 -2.77185E-001  0.00000E+000  0.00000E+000  9.66202E-002
   293 1.000000E+01 1.205435E+03     2  1.64738E+002  6.76301E-003  5.93736E-005  1.04571E-005 -2.00739E-003 -9.98583E-005  8.82133E-003 -2.79293E-001  0.00000E+000  0.00000E+000  9.65945E-002
   294 1.000000E+01 1.215435E+03     2  1.64736E+002  6.85127E-003  5.94595E-005  1.01537E-005 -2.00485E-003 -1.00170E-004  8.89094E-003 -2.81398E-001  0.00000E+000  0.00000E+000  9.65683E-002
   295 1.000000E+01 1.225435E+03     2  1.64734E+002  6.93431E-003  5.43446E-005  1.54214E-005 -2.00232E-003 -1.00563E-004  8.96071E-003 -2.83500E-001  0.00000E+000  0.00000E+000  9.65322E-002
   296 1.000000E+01 1.235435E+03     2  1.64732E+002  7.01763E-003  5.46161E-005  1.55044E-005 -1.99985E-003 -1.01003E-004  9.03083E-003 -2.85601E-001  0.00000E+000  0.00000E+000  9.65007E-002
   297 1.000000E+01 1.245435E+03     2  1.64730E+002  7.09660E-003  5.13578E-005  1.94296E-005 -1.99746E-003 -1.01417E-004  9.10162E-003 -2.87700E-001  0.00000E+000  0.00000E+000  9.64631E-002
   298 1.000000E+01 1.255435E+03     2  1.64728E+002  7.17580E-003  5.21014E-005  1.95245E-005 -1.99516E-003 -1.01787E-004  9.17324E-003 -2.89797E-001  0.00000E+000  0.00000E+000  9.64276E-002
   299 1.000000E+01 1.265435E+03     2  1.64726E+002  7.25461E-003  5.27460E-005  1.96707E-005 -1.99294E-003 -1.02132E-004  9.24566E-003 -2.91892E-001  0.00000E+000  0.00000E+000  9.63899E-002
   300 1.000000E+01 1.275435E+03     2  1.64724E+002  7.33240E-003  5.26474E-005  2.05337E-005 -1.99079E-003 -1.02456E-004  9.31884E-003 -2.93985E-001  0.00000E+000  0.00000E+000  9.63501E-002
   301 1.000000E+01 1.285435E+03     2  1.64722E+002  7.40883E-003  5.22530E-005  2.16773E-005 -1.98874E-003 -1.02708E-004  9.39277E-003 -2.96077E-001  0.00000E+000  0.00000E+000  9.63083E-002
   302 1.000000E+01 1.295435E+03     2  1.64720E+002  7.49669E-003  4.88357E-005  2.58238E-005 -1.98683E-003 -1.02873E-004  9.46743E-003 -2.98167E-001  0.00000E+000  0.00000E+000  9.62598E-002
   303 1.000000E+01 1.305435E+03     2  1.64719E+002  7.56815E-003  4.95870E-005  2.58853E-005 -1.98489E-003 -1.03054E-004  9.54290E-003 -3.00255E-001  0.00000E+000  0.00000E+000  9.62150E-002
   304 1.000000E+01 1.315435E+03     2  1.64717E+002  7.63918E-003  5.02963E-005  2.59818E-005 -1.98300E-003 -1.03219E-004  9.61918E-003 -3.02341E-001  0.00000E+000  0.00000E+000  9.61684E-002
   305 1.000000E+01 1.325435E+03     2  1.64715E+002  7.70977E-003  5.09955E-005  2.60839E-005 -1.98112E-003 -1.03395E-004  9.69626E-003 -3.04425E-001  0.00000E+000  0.00000E+000  9.61202E-002
   306 1.000000E+01 1.335435E+03     2  1.64713E+002  7.77987E-003  5.16617E-005  2.62136E-005 -1.97923E-003 -1.03583E-004  9.77413E-003 -3.06508E-001  0.00000E+000  0.00000E+000  9.60705E-002
   307 1.000000E+01 1.345435E+03     2  1.64711E+002  7.83992E-003  4.27372E-005  3.04366E-005 -1.97672E-003 -1.02865E-004  9.84731E-003 -3.08588E-001  0.00000E+000  0.00000E+000  9.60134E-002
   308 1.000000E+01 1.355435E+03     2  1.64709E+002  7.91152E-003  4.89535E-005  3.07246E-005 -1.97468E-003 -1.03873E-004  9.92699E-003 -3.10666E-001  0.00000E+000  0.00000E+000  9.59559E-002
   309 1.000000E+01 1.365435E+03     2  1.64707E+002  7.96943E-003  4.06548E-005  2.93434E-005 -1.97167E-003 -1.02515E-004  9.99698E-003 -3.12740E-001  0.00000E+000  0.00000E+000  9.58999E-002
   310 1.000000E+01 1.375435E+03     2  1.64705E+002  8.04785E-003  5.10128E-005  2.90462E-005 -1.96976E-003 -1.03908E-004  1.00770E-002 -3.14814E-001  0.00000E+000  0.00000E+000  9.58369E-002
   311 1.000000E+01 1.385435E+03     2  1.64703E+002  8.11692E-003  5.13540E-005  2.80280E-005 -1.96815E-003 -1.04023E-004  1.01564E-002 -3.16886E-001  0.00000E+000  0.00000E+000  9.57846E-002
   312 1.000000E+01 1.395435E+03     2  1.64701E+002  8.18741E-003  5.21023E-005  2.70466E-005 -1.96624E-003 -1.03998E-004  1.02356E-002 -3.18957E-001  0.00000E+000  0.00000E+000  9.57307E-002
   313 1.000000E+01 1.405435E+03     2  1.64699E+002  8.25860E-003  5.29341E-005  2.61698E-005 -1.96423E-003 -1.03927E-004  1.03147E-002 -3.21025E-001  0.00000E+000  0.00000E+000  9.56751E-002
   314 1.000000E+01 1.415435E+03     2  1.64697E+002  8.33012E-003  5.37531E-005  2.54078E-005 -1.96227E-003 -1.03767E-004  1.03938E-002 -3.23091E-001  0.00000E+000  0.00000E+000  9.56179E-002
   315 1.000000E+01 1.425435E+03     2  1.64695E+002  8.39766E-003  4.97387E-005  2.46312E-005 -1.95962E-003 -1.02849E-004  1.04682E-002 -3.25153E-001  0.00000E+000  0.00000E+000  9.55573E-002
   316 1.000000E+01 1.435435E+03     2  1.64693E+002  8.47482E-003  5.48710E-005  2.41256E-005 -1.95754E-003 -1.03358E-004  1.05472E-002 -3.27214E-001  0.00000E+000  0.00000E+000  9.54924E-002
   317 1.000000E+01 1.445435E+03     2  1.64691E+002  8.54769E-003  5.52564E-005  2.32608E-005 -1.95552E-003 -1.03402E-004  1.06257E-002 -3.29273E-001  0.00000E+000  0.00000E+000  9.54318E-002
   318 1.000000E+01 1.455435E+03     2  1.64690E+002  8.62123E-003  5.55303E-005  2.27237E-005 -1.95334E-003 -1.03411E-004  1.07040E-002 -3.31330E-001  0.00000E+000  0.00000E+000  9.53696E-002
   319 1.000000E+01 1.465435E+03     2  1.64688E+002  8.69482E-003  5.57835E-005  2.23473E-005 -1.95116E-003 -1.03401E-004  1.07821E-002 -3.33384E-001  0.00000E+000  0.00000E+000  9.53060E-002
   320 1.000000E+01 1.475435E+03     2  1.64686E+002  8.76852E-003  5.61712E-005  2.19675E-005 -1.94899E-003 -1.03465E-004  1.08602E-002 -3.35437E-001  0.00000E+000  0.00000E+000  9.52409E-002
   321 1.000000E+01 1.485435E+03     2  1.64684E+002  8.84217E-003  5.64759E-005  2.17077E-005 -1.94684E-003 -1.03529E-004  1.09384E-002 -3.37487E-001  0.00000E+000  0.00000E+000  9.51745E-002
   322 1.000000E+01 1.495435E+03     2  1.64682E+002  8.91513E-003  5.61447E-005  2.21187E-005 -1.94469E-003 -1.03586E-004  1.10167E-002 -3.39535E-001  0.00000E+000  0.00000E+000  9.51068E-002
   323 1.000000E+01 1.505435E+03     2  1.64680E+002  8.98738E-003  5.59720E-005  2.23904E-005 -1.94261E-003 -1.03606E-004  1.10951E-002 -3.41582E-001  0.00000E+000  0.00000E+000  9.50379E-002
   324 1.000000E+01 1.515435E+03     2  1.64678E+002  9.05924E-003  5.61649E-005  2.23176E-005 -1.94061E-003 -1.03541E-004  1.11735E-002 -3.43626E-001  0.00000E+000  0.00000E+000  9.49678E-002
   325 1.000000E+01 1.525435E+03     2  1.64676E+002  9.12577E-003  5.22597E-005  2.67189E-005 -1.93875E-003 -1.03413E-004  1.12525E-002 -3.45668E-001  0.00000E+000  0.00000E+000  9.48928E-002
   326 1.000000E+01 1.535435E+03     2  1.64674E+002  9.18909E-003  5.03679E-005  2.92882E-005 -1.93694E-003 -1.03326E-004  1.13322E-002 -3.47708E-001  0.00000E+000  0.00000E+000  9.48195E-002
   327 1.000000E+01 1.545435E+03     2  1.64672E+002  9.25195E-003  5.09985E-005  2.93035E-005 -1.93514E-003 -1.03274E-004  1.14125E-002 -3.49747E-001  0.00000E+000  0.00000E+000  9.47483E-002
   328 1.000000E+01 1.555435E+03     2  1.64671E+002  9.31412E-003  5.15694E-005  2.93485E-005 -1.93334E-003 -1.03245E-004  1.14934E-002 -3.51783E-001  0.00000E+000  0.00000E+000  9.46766E-002
