#TIME      <--- WTDEPTH(NODVP(I)), I=1,2,...,NUMVP --->
   1.000000E-02   3.350001E-01
   1.500000E-02   3.350001E-01
   2.050000E-02   3.350002E-01
   2.655000E-02   3.350002E-01
   3.320500E-02   3.350003E-01
   3.653250E-02   3.350003E-01
   4.019275E-02   3.350004E-01
   4.385300E-02   3.350004E-01
   4.787928E-02   3.350005E-01
   5.190555E-02   3.350005E-01
   5.593183E-02   3.350006E-01
   5.794496E-02   3.350006E-01
   6.015941E-02   3.350006E-01
   6.259531E-02   3.350007E-01
   6.527480E-02   3.350007E-01
   6.795428E-02   3.350008E-01
   7.063377E-02   3.350008E-01
   7.331325E-02   3.350008E-01
   7.599274E-02   3.350009E-01
   7.867223E-02   3.350009E-01
   8.135171E-02   3.350010E-01
   8.403120E-02   3.350010E-01
   8.671068E-02   3.350011E-01
   8.939017E-02   3.350011E-01
   9.206966E-02   3.350011E-01
   9.501709E-02   3.350012E-01
   9.796453E-02   3.350013E-01
   1.012067E-01   3.350013E-01
   1.044489E-01   3.350014E-01
   1.076911E-01   3.350014E-01
   1.112575E-01   3.350015E-01
   1.148239E-01   3.350016E-01
   1.183902E-01   3.350016E-01
   1.219566E-01   3.350017E-01
   1.255230E-01   3.350018E-01
   1.290894E-01   3.350018E-01
   1.326558E-01   3.350019E-01
   1.365789E-01   3.350020E-01
   1.405019E-01   3.350020E-01
   1.444249E-01   3.350021E-01
   1.483480E-01   3.350022E-01
   1.522710E-01   3.350023E-01
   1.561940E-01   3.350023E-01
   1.601171E-01   3.350024E-01
   1.640401E-01   3.350025E-01
   1.683555E-01   3.350026E-01
   1.726708E-01   3.350027E-01
   1.769861E-01   3.350027E-01
   1.817330E-01   3.350028E-01
   1.864799E-01   3.350029E-01
   1.912268E-01   3.350030E-01
   1.959736E-01   3.350031E-01
   2.011952E-01   3.350032E-01
   2.064167E-01   3.350033E-01
   2.116383E-01   3.350034E-01
   2.168599E-01   3.350036E-01
   2.220814E-01   3.350037E-01
   2.278251E-01   3.350038E-01
   2.335689E-01   3.350039E-01
   2.393126E-01   3.350040E-01
   2.456307E-01   3.350042E-01
   2.519487E-01   3.350043E-01
   2.582668E-01   3.350044E-01
   2.652167E-01   3.350046E-01
   2.721666E-01   3.350047E-01
   2.791165E-01   3.350049E-01
   2.867614E-01   3.350051E-01
   2.944063E-01   3.350052E-01
   3.020512E-01   3.350054E-01
   3.104606E-01   3.350056E-01
   3.188699E-01   3.350058E-01
   3.272793E-01   3.350059E-01
   3.356887E-01   3.350061E-01
   3.449390E-01   3.350063E-01
   3.551143E-01   3.350066E-01
   3.663072E-01   3.350068E-01
   3.775001E-01   3.350071E-01
   3.886930E-01   3.350073E-01
   3.998859E-01   3.350076E-01
   4.121980E-01   3.350079E-01
   4.257414E-01   3.350082E-01
   4.406391E-01   3.350085E-01
   4.555368E-01   3.350089E-01
   4.704346E-01   3.350092E-01
   4.868221E-01   3.350096E-01
   5.048483E-01   3.350100E-01
   5.246772E-01   3.350105E-01
   5.445060E-01   3.350110E-01
   5.663178E-01   3.350115E-01
   5.903107E-01   3.350121E-01
   6.143036E-01   3.350126E-01
   6.382966E-01   3.350131E-01
   6.622895E-01   3.350137E-01
   6.886817E-01   3.350143E-01
   7.150739E-01   3.350149E-01
   7.441054E-01   3.350156E-01
   7.760400E-01   3.350164E-01
   8.079746E-01   3.350171E-01
   8.431026E-01   3.350180E-01
   8.817435E-01   3.350189E-01
   9.242484E-01   3.350200E-01
   9.710038E-01   3.350211E-01
   1.022435E+00   3.350224E-01
   1.079009E+00   3.350238E-01
   1.141240E+00   3.350253E-01
   1.203472E+00   3.350267E-01
   1.265703E+00   3.350281E-01
   1.327935E+00   3.350295E-01
   1.396389E+00   3.350312E-01
   1.471689E+00   3.350330E-01
   1.546990E+00   3.350347E-01
   1.629820E+00   3.350368E-01
   1.720933E+00   3.350390E-01
   1.812046E+00   3.350410E-01
   1.912270E+00   3.350435E-01
   2.012495E+00   3.350457E-01
   2.112719E+00   3.350480E-01
   2.212944E+00   3.350502E-01
   2.323190E+00   3.350529E-01
   2.444462E+00   3.350559E-01
   2.577861E+00   3.350592E-01
   2.711259E+00   3.350622E-01
   2.857998E+00   3.350658E-01
   3.004736E+00   3.350690E-01
   3.166149E+00   3.350730E-01
   3.343703E+00   3.350774E-01
   3.521256E+00   3.350813E-01
   3.716565E+00   3.350862E-01
   3.931405E+00   3.350914E-01
   4.167729E+00   3.350973E-01
   4.404053E+00   3.351025E-01
