north:     0
south:           0.00000000
east:      0
west:            0.00000000
rows:     35
cols:     61
   0.000000000000E+00   0.000000000000E+00   0.000000000000E+00   0.000000000000E+00   0.000000000000E+00   0.000000000000E+00   0.000000000000E+00   0.000000000000E+00   0.000000000000E+00   0.000000000000E+00   0.000000000000E+00   0.000000000000E+00   0.000000000000E+00   0.000000000000E+00   0.000000000000E+00   0.000000000000E+00   0.000000000000E+00   0.000000000000E+00   0.000000000000E+00   0.000000000000E+00   0.000000000000E+00   0.000000000000E+00   0.000000000000E+00   0.000000000000E+00   0.000000000000E+00   0.000000000000E+00   0.000000000000E+00   0.000000000000E+00   0.000000000000E+00   0.000000000000E+00   0.000000000000E+00   0.000000000000E+00   0.000000000000E+00   0.000000000000E+00   0.000000000000E+00   0.000000000000E+00   0.000000000000E+00   0.000000000000E+00   0.000000000000E+00   0.000000000000E+00   0.000000000000E+00   0.000000000000E+00   0.000000000000E+00   0.000000000000E+00   0.000000000000E+00   0.000000000000E+00   0.000000000000E+00   0.000000000000E+00   0.000000000000E+00   0.100000000000E+02   0.100000000000E+02   0.000000000000E+00   0.000000000000E+00   0.000000000000E+00   0.000000000000E+00   0.000000000000E+00   0.000000000000E+00   0.000000000000E+00   0.000000000000E+00   0.000000000000E+00   0.000000000000E+00
   0.000000000000E+00   0.000000000000E+00   0.000000000000E+00   0.000000000000E+00   0.000000000000E+00   0.000000000000E+00   0.000000000000E+00   0.000000000000E+00   0.000000000000E+00   0.000000000000E+00   0.000000000000E+00   0.000000000000E+00   0.000000000000E+00   0.000000000000E+00   0.000000000000E+00   0.000000000000E+00   0.000000000000E+00   0.000000000000E+00   0.000000000000E+00   0.000000000000E+00   0.000000000000E+00   0.000000000000E+00   0.000000000000E+00   0.000000000000E+00   0.000000000000E+00   0.000000000000E+00   0.000000000000E+00   0.000000000000E+00   0.000000000000E+00   0.000000000000E+00   0.000000000000E+00   0.000000000000E+00   0.000000000000E+00   0.000000000000E+00   0.000000000000E+00   0.000000000000E+00   0.000000000000E+00   0.000000000000E+00   0.000000000000E+00   0.000000000000E+00   0.000000000000E+00   0.000000000000E+00   0.000000000000E+00   0.000000000000E+00   0.000000000000E+00   0.000000000000E+00   0.000000000000E+00   0.000000000000E+00   0.100000000000E+02   0.100000000000E+02   0.100000000000E+02   0.100000000000E+02   0.000000000000E+00   0.000000000000E+00   0.000000000000E+00   0.000000000000E+00   0.000000000000E+00   0.000000000000E+00   0.000000000000E+00   0.000000000000E+00   0.000000000000E+00
   0.000000000000E+00   0.000000000000E+00   0.000000000000E+00   0.000000000000E+00   0.000000000000E+00   0.000000000000E+00   0.000000000000E+00   0.000000000000E+00   0.000000000000E+00   0.000000000000E+00   0.000000000000E+00   0.000000000000E+00   0.000000000000E+00   0.000000000000E+00   0.000000000000E+00   0.000000000000E+00   0.000000000000E+00   0.000000000000E+00   0.000000000000E+00   0.000000000000E+00   0.000000000000E+00   0.000000000000E+00   0.000000000000E+00   0.000000000000E+00   0.000000000000E+00   0.000000000000E+00   0.000000000000E+00   0.000000000000E+00   0.000000000000E+00   0.000000000000E+00   0.000000000000E+00   0.000000000000E+00   0.000000000000E+00   0.000000000000E+00   0.000000000000E+00   0.000000000000E+00   0.000000000000E+00   0.000000000000E+00   0.000000000000E+00   0.000000000000E+00   0.000000000000E+00   0.000000000000E+00   0.000000000000E+00   0.000000000000E+00   0.000000000000E+00   0.000000000000E+00   0.100000000000E+02   0.100000000000E+02   0.100000000000E+02   0.100000000000E+02   0.100000000000E+02   0.100000000000E+02   0.100000000000E+02   0.000000000000E+00   0.000000000000E+00   0.000000000000E+00   0.000000000000E+00   0.000000000000E+00   0.000000000000E+00   0.000000000000E+00   0.000000000000E+00
   0.000000000000E+00   0.000000000000E+00   0.000000000000E+00   0.000000000000E+00   0.000000000000E+00   0.000000000000E+00   0.000000000000E+00   0.000000000000E+00   0.000000000000E+00   0.000000000000E+00   0.000000000000E+00   0.000000000000E+00   0.000000000000E+00   0.000000000000E+00   0.000000000000E+00   0.000000000000E+00   0.000000000000E+00   0.000000000000E+00   0.000000000000E+00   0.000000000000E+00   0.000000000000E+00   0.000000000000E+00   0.000000000000E+00   0.000000000000E+00   0.000000000000E+00   0.000000000000E+00   0.000000000000E+00   0.000000000000E+00   0.000000000000E+00   0.000000000000E+00   0.000000000000E+00   0.000000000000E+00   0.000000000000E+00   0.000000000000E+00   0.000000000000E+00   0.000000000000E+00   0.000000000000E+00   0.000000000000E+00   0.000000000000E+00   0.000000000000E+00   0.000000000000E+00   0.000000000000E+00   0.000000000000E+00   0.000000000000E+00   0.000000000000E+00   0.000000000000E+00   0.100000000000E+02   0.100000000000E+02   0.100000000000E+02   0.100000000000E+02   0.100000000000E+02   0.100000000000E+02   0.100000000000E+02   0.100000000000E+02   0.000000000000E+00   0.000000000000E+00   0.000000000000E+00   0.000000000000E+00   0.000000000000E+00   0.000000000000E+00   0.000000000000E+00
   0.000000000000E+00   0.000000000000E+00   0.000000000000E+00   0.000000000000E+00   0.000000000000E+00   0.000000000000E+00   0.000000000000E+00   0.000000000000E+00   0.000000000000E+00   0.000000000000E+00   0.000000000000E+00   0.000000000000E+00   0.000000000000E+00   0.000000000000E+00   0.000000000000E+00   0.000000000000E+00   0.000000000000E+00   0.000000000000E+00   0.000000000000E+00   0.000000000000E+00   0.000000000000E+00   0.000000000000E+00   0.000000000000E+00   0.000000000000E+00   0.000000000000E+00   0.000000000000E+00   0.000000000000E+00   0.000000000000E+00   0.000000000000E+00   0.000000000000E+00   0.000000000000E+00   0.000000000000E+00   0.000000000000E+00   0.000000000000E+00   0.000000000000E+00   0.000000000000E+00   0.000000000000E+00   0.000000000000E+00   0.000000000000E+00   0.000000000000E+00   0.000000000000E+00   0.000000000000E+00   0.000000000000E+00   0.000000000000E+00   0.000000000000E+00   0.100000000000E+02   0.100000000000E+02   0.100000000000E+02   0.100000000000E+02   0.100000000000E+02   0.100000000000E+02   0.100000000000E+02   0.100000000000E+02   0.100000000000E+02   0.000000000000E+00   0.000000000000E+00   0.000000000000E+00   0.000000000000E+00   0.000000000000E+00   0.000000000000E+00   0.000000000000E+00
   0.000000000000E+00   0.000000000000E+00   0.000000000000E+00   0.000000000000E+00   0.000000000000E+00   0.000000000000E+00   0.000000000000E+00   0.000000000000E+00   0.000000000000E+00   0.000000000000E+00   0.000000000000E+00   0.000000000000E+00   0.000000000000E+00   0.000000000000E+00   0.000000000000E+00   0.000000000000E+00   0.000000000000E+00   0.000000000000E+00   0.000000000000E+00   0.000000000000E+00   0.000000000000E+00   0.000000000000E+00   0.000000000000E+00   0.000000000000E+00   0.000000000000E+00   0.000000000000E+00   0.000000000000E+00   0.000000000000E+00   0.000000000000E+00   0.000000000000E+00   0.000000000000E+00   0.000000000000E+00   0.000000000000E+00   0.000000000000E+00   0.000000000000E+00   0.000000000000E+00   0.000000000000E+00   0.000000000000E+00   0.000000000000E+00   0.000000000000E+00   0.000000000000E+00   0.000000000000E+00   0.100000000000E+02   0.100000000000E+02   0.100000000000E+02   0.100000000000E+02   0.100000000000E+02   0.100000000000E+02   0.100000000000E+02   0.100000000000E+02   0.100000000000E+02   0.100000000000E+02   0.100000000000E+02   0.100000000000E+02   0.000000000000E+00   0.000000000000E+00   0.000000000000E+00   0.000000000000E+00   0.000000000000E+00   0.000000000000E+00   0.000000000000E+00
   0.000000000000E+00   0.000000000000E+00   0.000000000000E+00   0.000000000000E+00   0.000000000000E+00   0.000000000000E+00   0.000000000000E+00   0.000000000000E+00   0.000000000000E+00   0.000000000000E+00   0.000000000000E+00   0.000000000000E+00   0.000000000000E+00   0.000000000000E+00   0.000000000000E+00   0.000000000000E+00   0.000000000000E+00   0.000000000000E+00   0.000000000000E+00   0.000000000000E+00   0.000000000000E+00   0.000000000000E+00   0.000000000000E+00   0.000000000000E+00   0.000000000000E+00   0.000000000000E+00   0.000000000000E+00   0.000000000000E+00   0.000000000000E+00   0.000000000000E+00   0.000000000000E+00   0.000000000000E+00   0.000000000000E+00   0.000000000000E+00   0.000000000000E+00   0.000000000000E+00   0.000000000000E+00   0.000000000000E+00   0.100000000000E+02   0.100000000000E+02   0.100000000000E+02   0.100000000000E+02   0.100000000000E+02   0.100000000000E+02   0.100000000000E+02   0.100000000000E+02   0.100000000000E+02   0.100000000000E+02   0.100000000000E+02   0.100000000000E+02   0.100000000000E+02   0.100000000000E+02   0.100000000000E+02   0.100000000000E+02   0.100000000000E+02   0.000000000000E+00   0.000000000000E+00   0.000000000000E+00   0.000000000000E+00   0.000000000000E+00   0.000000000000E+00
   0.000000000000E+00   0.000000000000E+00   0.000000000000E+00   0.000000000000E+00   0.000000000000E+00   0.000000000000E+00   0.000000000000E+00   0.000000000000E+00   0.000000000000E+00   0.000000000000E+00   0.000000000000E+00   0.000000000000E+00   0.000000000000E+00   0.000000000000E+00   0.000000000000E+00   0.000000000000E+00   0.000000000000E+00   0.000000000000E+00   0.000000000000E+00   0.000000000000E+00   0.000000000000E+00   0.000000000000E+00   0.000000000000E+00   0.000000000000E+00   0.000000000000E+00   0.000000000000E+00   0.000000000000E+00   0.000000000000E+00   0.000000000000E+00   0.000000000000E+00   0.000000000000E+00   0.000000000000E+00   0.000000000000E+00   0.100000000000E+02   0.100000000000E+02   0.100000000000E+02   0.100000000000E+02   0.100000000000E+02   0.100000000000E+02   0.100000000000E+02   0.100000000000E+02   0.100000000000E+02   0.100000000000E+02   0.100000000000E+02   0.100000000000E+02   0.100000000000E+02   0.100000000000E+02   0.100000000000E+02   0.100000000000E+02   0.100000000000E+02   0.100000000000E+02   0.100000000000E+02   0.100000000000E+02   0.100000000000E+02   0.100000000000E+02   0.100000000000E+02   0.000000000000E+00   0.000000000000E+00   0.000000000000E+00   0.000000000000E+00   0.000000000000E+00
   0.000000000000E+00   0.000000000000E+00   0.000000000000E+00   0.000000000000E+00   0.000000000000E+00   0.000000000000E+00   0.000000000000E+00   0.000000000000E+00   0.000000000000E+00   0.000000000000E+00   0.000000000000E+00   0.000000000000E+00   0.000000000000E+00   0.000000000000E+00   0.000000000000E+00   0.000000000000E+00   0.000000000000E+00   0.000000000000E+00   0.000000000000E+00   0.000000000000E+00   0.000000000000E+00   0.000000000000E+00   0.000000000000E+00   0.000000000000E+00   0.000000000000E+00   0.000000000000E+00   0.000000000000E+00   0.000000000000E+00   0.000000000000E+00   0.000000000000E+00   0.000000000000E+00   0.100000000000E+02   0.100000000000E+02   0.100000000000E+02   0.100000000000E+02   0.100000000000E+02   0.100000000000E+02   0.100000000000E+02   0.100000000000E+02   0.100000000000E+02   0.100000000000E+02   0.100000000000E+02   0.100000000000E+02   0.100000000000E+02   0.100000000000E+02   0.100000000000E+02   0.100000000000E+02   0.100000000000E+02   0.100000000000E+02   0.100000000000E+02   0.100000000000E+02   0.100000000000E+02   0.100000000000E+02   0.100000000000E+02   0.100000000000E+02   0.100000000000E+02   0.100000000000E+02   0.000000000000E+00   0.000000000000E+00   0.000000000000E+00   0.000000000000E+00
   0.000000000000E+00   0.000000000000E+00   0.000000000000E+00   0.000000000000E+00   0.000000000000E+00   0.000000000000E+00   0.000000000000E+00   0.000000000000E+00   0.000000000000E+00   0.000000000000E+00   0.000000000000E+00   0.000000000000E+00   0.000000000000E+00   0.000000000000E+00   0.000000000000E+00   0.000000000000E+00   0.000000000000E+00   0.000000000000E+00   0.000000000000E+00   0.000000000000E+00   0.000000000000E+00   0.000000000000E+00   0.000000000000E+00   0.000000000000E+00   0.000000000000E+00   0.000000000000E+00   0.000000000000E+00   0.000000000000E+00   0.100000000000E+02   0.100000000000E+02   0.100000000000E+02   0.100000000000E+02   0.100000000000E+02   0.100000000000E+02   0.100000000000E+02   0.100000000000E+02   0.100000000000E+02   0.100000000000E+02   0.100000000000E+02   0.100000000000E+02   0.100000000000E+02   0.100000000000E+02   0.100000000000E+02   0.100000000000E+02   0.100000000000E+02   0.100000000000E+02   0.100000000000E+02   0.100000000000E+02   0.100000000000E+02   0.100000000000E+02   0.100000000000E+02   0.100000000000E+02   0.100000000000E+02   0.100000000000E+02   0.100000000000E+02   0.100000000000E+02   0.100000000000E+02   0.000000000000E+00   0.000000000000E+00   0.000000000000E+00   0.000000000000E+00
   0.000000000000E+00   0.000000000000E+00   0.000000000000E+00   0.000000000000E+00   0.000000000000E+00   0.000000000000E+00   0.000000000000E+00   0.000000000000E+00   0.000000000000E+00   0.000000000000E+00   0.000000000000E+00   0.000000000000E+00   0.000000000000E+00   0.000000000000E+00   0.000000000000E+00   0.000000000000E+00   0.000000000000E+00   0.000000000000E+00   0.000000000000E+00   0.000000000000E+00   0.000000000000E+00   0.000000000000E+00   0.000000000000E+00   0.000000000000E+00   0.100000000000E+02   0.100000000000E+02   0.100000000000E+02   0.100000000000E+02   0.100000000000E+02   0.100000000000E+02   0.100000000000E+02   0.100000000000E+02   0.100000000000E+02   0.100000000000E+02   0.100000000000E+02   0.100000000000E+02   0.100000000000E+02   0.100000000000E+02   0.100000000000E+02   0.100000000000E+02   0.100000000000E+02   0.100000000000E+02   0.100000000000E+02   0.100000000000E+02   0.100000000000E+02   0.100000000000E+02   0.100000000000E+02   0.100000000000E+02   0.100000000000E+02   0.100000000000E+02   0.100000000000E+02   0.100000000000E+02   0.100000000000E+02   0.100000000000E+02   0.100000000000E+02   0.100000000000E+02   0.100000000000E+02   0.000000000000E+00   0.000000000000E+00   0.000000000000E+00   0.000000000000E+00
   0.000000000000E+00   0.000000000000E+00   0.000000000000E+00   0.000000000000E+00   0.000000000000E+00   0.000000000000E+00   0.000000000000E+00   0.000000000000E+00   0.000000000000E+00   0.000000000000E+00   0.000000000000E+00   0.000000000000E+00   0.000000000000E+00   0.000000000000E+00   0.000000000000E+00   0.000000000000E+00   0.000000000000E+00   0.000000000000E+00   0.000000000000E+00   0.100000000000E+02   0.100000000000E+02   0.100000000000E+02   0.100000000000E+02   0.100000000000E+02   0.100000000000E+02   0.100000000000E+02   0.100000000000E+02   0.100000000000E+02   0.100000000000E+02   0.100000000000E+02   0.100000000000E+02   0.100000000000E+02   0.100000000000E+02   0.100000000000E+02   0.100000000000E+02   0.100000000000E+02   0.100000000000E+02   0.100000000000E+02   0.100000000000E+02   0.100000000000E+02   0.100000000000E+02   0.100000000000E+02   0.100000000000E+02   0.100000000000E+02   0.100000000000E+02   0.100000000000E+02   0.100000000000E+02   0.100000000000E+02   0.100000000000E+02   0.100000000000E+02   0.100000000000E+02   0.100000000000E+02   0.100000000000E+02   0.100000000000E+02   0.100000000000E+02   0.100000000000E+02   0.100000000000E+02   0.000000000000E+00   0.000000000000E+00   0.000000000000E+00   0.000000000000E+00
   0.000000000000E+00   0.000000000000E+00   0.000000000000E+00   0.000000000000E+00   0.000000000000E+00   0.000000000000E+00   0.000000000000E+00   0.000000000000E+00   0.000000000000E+00   0.000000000000E+00   0.000000000000E+00   0.000000000000E+00   0.000000000000E+00   0.000000000000E+00   0.000000000000E+00   0.000000000000E+00   0.000000000000E+00   0.000000000000E+00   0.100000000000E+02   0.100000000000E+02   0.100000000000E+02   0.100000000000E+02   0.100000000000E+02   0.100000000000E+02   0.100000000000E+02   0.100000000000E+02   0.100000000000E+02   0.100000000000E+02   0.100000000000E+02   0.100000000000E+02   0.100000000000E+02   0.100000000000E+02   0.100000000000E+02   0.100000000000E+02   0.100000000000E+02   0.100000000000E+02   0.100000000000E+02   0.100000000000E+02   0.100000000000E+02   0.100000000000E+02   0.100000000000E+02   0.100000000000E+02   0.100000000000E+02   0.100000000000E+02   0.100000000000E+02   0.100000000000E+02   0.100000000000E+02   0.100000000000E+02   0.100000000000E+02   0.100000000000E+02   0.100000000000E+02   0.100000000000E+02   0.100000000000E+02   0.100000000000E+02   0.100000000000E+02   0.100000000000E+02   0.100000000000E+02   0.100000000000E+02   0.000000000000E+00   0.000000000000E+00   0.000000000000E+00
   0.000000000000E+00   0.000000000000E+00   0.000000000000E+00   0.000000000000E+00   0.000000000000E+00   0.000000000000E+00   0.000000000000E+00   0.000000000000E+00   0.000000000000E+00   0.000000000000E+00   0.100000000000E+02   0.100000000000E+02   0.100000000000E+02   0.100000000000E+02   0.100000000000E+02   0.100000000000E+02   0.100000000000E+02   0.100000000000E+02   0.100000000000E+02   0.100000000000E+02   0.100000000000E+02   0.100000000000E+02   0.100000000000E+02   0.100000000000E+02   0.100000000000E+02   0.100000000000E+02   0.100000000000E+02   0.100000000000E+02   0.100000000000E+02   0.100000000000E+02   0.100000000000E+02   0.100000000000E+02   0.100000000000E+02   0.100000000000E+02   0.100000000000E+02   0.100000000000E+02   0.100000000000E+02   0.100000000000E+02   0.100000000000E+02   0.100000000000E+02   0.100000000000E+02   0.100000000000E+02   0.100000000000E+02   0.100000000000E+02   0.100000000000E+02   0.100000000000E+02   0.100000000000E+02   0.100000000000E+02   0.100000000000E+02   0.100000000000E+02   0.100000000000E+02   0.100000000000E+02   0.100000000000E+02   0.100000000000E+02   0.100000000000E+02   0.100000000000E+02   0.100000000000E+02   0.100000000000E+02   0.000000000000E+00   0.000000000000E+00   0.000000000000E+00
   0.000000000000E+00   0.000000000000E+00   0.000000000000E+00   0.000000000000E+00   0.000000000000E+00   0.000000000000E+00   0.000000000000E+00   0.000000000000E+00   0.000000000000E+00   0.100000000000E+02   0.100000000000E+02   0.100000000000E+02   0.100000000000E+02   0.100000000000E+02   0.100000000000E+02   0.100000000000E+02   0.100000000000E+02   0.100000000000E+02   0.100000000000E+02   0.100000000000E+02   0.100000000000E+02   0.100000000000E+02   0.100000000000E+02   0.100000000000E+02   0.100000000000E+02   0.100000000000E+02   0.100000000000E+02   0.100000000000E+02   0.100000000000E+02   0.100000000000E+02   0.100000000000E+02   0.100000000000E+02   0.100000000000E+02   0.100000000000E+02   0.100000000000E+02   0.100000000000E+02   0.100000000000E+02   0.100000000000E+02   0.100000000000E+02   0.100000000000E+02   0.100000000000E+02   0.100000000000E+02   0.100000000000E+02   0.100000000000E+02   0.100000000000E+02   0.100000000000E+02   0.100000000000E+02   0.100000000000E+02   0.100000000000E+02   0.100000000000E+02   0.100000000000E+02   0.100000000000E+02   0.100000000000E+02   0.100000000000E+02   0.100000000000E+02   0.100000000000E+02   0.100000000000E+02   0.100000000000E+02   0.100000000000E+02   0.000000000000E+00   0.000000000000E+00
   0.000000000000E+00   0.000000000000E+00   0.000000000000E+00   0.000000000000E+00   0.000000000000E+00   0.000000000000E+00   0.000000000000E+00   0.100000000000E+02   0.100000000000E+02   0.100000000000E+02   0.100000000000E+02   0.100000000000E+02   0.100000000000E+02   0.100000000000E+02   0.100000000000E+02   0.100000000000E+02   0.100000000000E+02   0.100000000000E+02   0.100000000000E+02   0.100000000000E+02   0.100000000000E+02   0.100000000000E+02   0.100000000000E+02   0.100000000000E+02   0.100000000000E+02   0.100000000000E+02   0.100000000000E+02   0.100000000000E+02   0.100000000000E+02   0.100000000000E+02   0.100000000000E+02   0.100000000000E+02   0.100000000000E+02   0.100000000000E+02   0.100000000000E+02   0.100000000000E+02   0.100000000000E+02   0.100000000000E+02   0.100000000000E+02   0.100000000000E+02   0.100000000000E+02   0.100000000000E+02   0.100000000000E+02   0.100000000000E+02   0.100000000000E+02   0.100000000000E+02   0.100000000000E+02   0.100000000000E+02   0.100000000000E+02   0.100000000000E+02   0.100000000000E+02   0.100000000000E+02   0.100000000000E+02   0.100000000000E+02   0.100000000000E+02   0.100000000000E+02   0.100000000000E+02   0.100000000000E+02   0.100000000000E+02   0.000000000000E+00   0.000000000000E+00
   0.000000000000E+00   0.000000000000E+00   0.000000000000E+00   0.000000000000E+00   0.000000000000E+00   0.000000000000E+00   0.100000000000E+02   0.100000000000E+02   0.100000000000E+02   0.100000000000E+02   0.100000000000E+02   0.100000000000E+02   0.100000000000E+02   0.100000000000E+02   0.100000000000E+02   0.100000000000E+02   0.100000000000E+02   0.100000000000E+02   0.100000000000E+02   0.100000000000E+02   0.100000000000E+02   0.100000000000E+02   0.100000000000E+02   0.100000000000E+02   0.100000000000E+01   0.100000000000E+02   0.100000000000E+02   0.100000000000E+02   0.100000000000E+02   0.100000000000E+02   0.100000000000E+02   0.100000000000E+02   0.100000000000E+02   0.100000000000E+02   0.100000000000E+02   0.100000000000E+02   0.100000000000E+02   0.100000000000E+02   0.100000000000E+02   0.100000000000E+02   0.100000000000E+02   0.100000000000E+02   0.100000000000E+02   0.100000000000E+02   0.100000000000E+02   0.100000000000E+02   0.100000000000E+02   0.100000000000E+02   0.100000000000E+02   0.100000000000E+02   0.100000000000E+02   0.100000000000E+02   0.100000000000E+02   0.100000000000E+02   0.100000000000E+02   0.100000000000E+02   0.100000000000E+02   0.100000000000E+02   0.100000000000E+02   0.000000000000E+00   0.000000000000E+00
   0.000000000000E+00   0.000000000000E+00   0.000000000000E+00   0.100000000000E+02   0.100000000000E+02   0.100000000000E+02   0.100000000000E+02   0.100000000000E+02   0.100000000000E+02   0.100000000000E+02   0.100000000000E+02   0.100000000000E+02   0.100000000000E+02   0.100000000000E+02   0.100000000000E+02   0.100000000000E+02   0.100000000000E+02   0.100000000000E+01   0.100000000000E+01   0.100000000000E+01   0.100000000000E+01   0.100000000000E+01   0.100000000000E+01   0.100000000000E+01   0.100000000000E+01   0.100000000000E+02   0.100000000000E+02   0.100000000000E+02   0.100000000000E+02   0.100000000000E+02   0.100000000000E+02   0.100000000000E+02   0.100000000000E+02   0.100000000000E+02   0.100000000000E+02   0.100000000000E+02   0.100000000000E+02   0.100000000000E+02   0.100000000000E+02   0.100000000000E+02   0.100000000000E+02   0.100000000000E+02   0.100000000000E+02   0.100000000000E+02   0.100000000000E+02   0.100000000000E+02   0.100000000000E+02   0.100000000000E+02   0.100000000000E+02   0.100000000000E+02   0.100000000000E+02   0.100000000000E+02   0.100000000000E+02   0.100000000000E+02   0.100000000000E+02   0.100000000000E+02   0.100000000000E+02   0.100000000000E+02   0.100000000000E+02   0.000000000000E+00   0.000000000000E+00
   0.000000000000E+00   0.000000000000E+00   0.100000000000E+02   0.100000000000E+02   0.100000000000E+02   0.100000000000E+02   0.100000000000E+02   0.100000000000E+02   0.100000000000E+02   0.100000000000E+02   0.100000000000E+02   0.100000000000E+02   0.100000000000E+01   0.100000000000E+01   0.100000000000E+01   0.100000000000E+01   0.100000000000E+01   0.100000000000E+01   0.100000000000E+01   0.100000000000E+01   0.100000000000E+01   0.100000000000E+01   0.100000000000E+01   0.100000000000E+01   0.100000000000E+02   0.100000000000E+02   0.100000000000E+02   0.100000000000E+02   0.100000000000E+02   0.100000000000E+02   0.100000000000E+02   0.100000000000E+02   0.100000000000E+02   0.100000000000E+02   0.100000000000E+02   0.100000000000E+02   0.100000000000E+02   0.100000000000E+02   0.100000000000E+02   0.100000000000E+02   0.100000000000E+02   0.100000000000E+02   0.100000000000E+02   0.100000000000E+02   0.100000000000E+02   0.100000000000E+02   0.100000000000E+02   0.100000000000E+02   0.100000000000E+02   0.100000000000E+02   0.100000000000E+02   0.100000000000E+02   0.100000000000E+02   0.100000000000E+02   0.100000000000E+02   0.100000000000E+02   0.100000000000E+02   0.100000000000E+02   0.100000000000E+02   0.100000000000E+02   0.000000000000E+00
   0.000000000000E+00   0.000000000000E+00   0.100000000000E+02   0.100000000000E+02   0.100000000000E+02   0.100000000000E+02   0.100000000000E+02   0.100000000000E+02   0.100000000000E+02   0.100000000000E+02   0.100000000000E+02   0.100000000000E+01   0.100000000000E+01   0.100000000000E+01   0.100000000000E+01   0.100000000000E+01   0.100000000000E+01   0.100000000000E+01   0.100000000000E+01   0.100000000000E+01   0.100000000000E+01   0.100000000000E+01   0.100000000000E+02   0.100000000000E+02   0.100000000000E+02   0.100000000000E+02   0.100000000000E+02   0.100000000000E+02   0.100000000000E+02   0.100000000000E+02   0.100000000000E+02   0.100000000000E+02   0.100000000000E+02   0.100000000000E+02   0.100000000000E+02   0.100000000000E+02   0.100000000000E+02   0.100000000000E+02   0.100000000000E+02   0.100000000000E+02   0.100000000000E+02   0.100000000000E+02   0.100000000000E+02   0.100000000000E+02   0.100000000000E+02   0.100000000000E+02   0.100000000000E+02   0.100000000000E+02   0.100000000000E+02   0.100000000000E+02   0.100000000000E+02   0.100000000000E+02   0.100000000000E+02   0.100000000000E+02   0.100000000000E+02   0.100000000000E+02   0.100000000000E+02   0.100000000000E+02   0.100000000000E+02   0.100000000000E+02   0.100000000000E+02
   0.000000000000E+00   0.000000000000E+00   0.100000000000E+02   0.100000000000E+02   0.100000000000E+02   0.100000000000E+02   0.100000000000E+02   0.100000000000E+02   0.100000000000E+01   0.100000000000E+01   0.100000000000E+01   0.100000000000E+01   0.100000000000E+01   0.100000000000E+01   0.100000000000E+01   0.100000000000E+01   0.100000000000E+01   0.100000000000E+01   0.100000000000E+01   0.100000000000E+01   0.100000000000E+02   0.100000000000E+02   0.100000000000E+02   0.100000000000E+02   0.100000000000E+02   0.100000000000E+02   0.100000000000E+02   0.100000000000E+02   0.100000000000E+02   0.100000000000E+02   0.100000000000E+02   0.100000000000E+02   0.100000000000E+02   0.100000000000E+02   0.100000000000E+02   0.100000000000E+02   0.100000000000E+02   0.100000000000E+02   0.100000000000E+02   0.100000000000E+02   0.100000000000E+02   0.100000000000E+02   0.100000000000E+02   0.100000000000E+02   0.100000000000E+02   0.100000000000E+02   0.100000000000E+02   0.100000000000E+02   0.100000000000E+02   0.100000000000E+02   0.100000000000E+02   0.100000000000E+02   0.100000000000E+02   0.100000000000E+02   0.100000000000E+02   0.000000000000E+00   0.000000000000E+00   0.000000000000E+00   0.000000000000E+00   0.000000000000E+00   0.000000000000E+00
   0.000000000000E+00   0.000000000000E+00   0.100000000000E+02   0.100000000000E+02   0.100000000000E+02   0.100000000000E+02   0.100000000000E+02   0.100000000000E+01   0.100000000000E+01   0.100000000000E+01   0.100000000000E+01   0.100000000000E+02   0.100000000000E+01   0.100000000000E+01   0.100000000000E+01   0.100000000000E+01   0.100000000000E+01   0.100000000000E+01   0.100000000000E+01   0.100000000000E+02   0.100000000000E+02   0.100000000000E+02   0.100000000000E+02   0.100000000000E+02   0.100000000000E+02   0.100000000000E+02   0.100000000000E+02   0.100000000000E+02   0.100000000000E+02   0.100000000000E+02   0.100000000000E+02   0.100000000000E+02   0.100000000000E+02   0.100000000000E+02   0.100000000000E+02   0.100000000000E+02   0.100000000000E+02   0.100000000000E+02   0.100000000000E+02   0.100000000000E+02   0.100000000000E+02   0.100000000000E+02   0.100000000000E+02   0.100000000000E+02   0.100000000000E+02   0.100000000000E+02   0.100000000000E+02   0.100000000000E+02   0.100000000000E+02   0.100000000000E+02   0.100000000000E+02   0.100000000000E+02   0.100000000000E+02   0.000000000000E+00   0.000000000000E+00   0.000000000000E+00   0.000000000000E+00   0.000000000000E+00   0.000000000000E+00   0.000000000000E+00   0.000000000000E+00
   0.000000000000E+00   0.100000000000E+02   0.100000000000E+02   0.100000000000E+02   0.100000000000E+02   0.100000000000E+02   0.100000000000E+01   0.100000000000E+01   0.100000000000E+01   0.100000000000E+01   0.100000000000E+01   0.100000000000E+01   0.100000000000E+01   0.100000000000E+01   0.100000000000E+01   0.100000000000E+01   0.100000000000E+01   0.100000000000E+01   0.100000000000E+02   0.100000000000E+02   0.100000000000E+02   0.100000000000E+02   0.100000000000E+02   0.100000000000E+02   0.100000000000E+02   0.100000000000E+02   0.100000000000E+02   0.100000000000E+02   0.100000000000E+02   0.100000000000E+02   0.100000000000E+02   0.100000000000E+02   0.100000000000E+02   0.100000000000E+02   0.100000000000E+02   0.100000000000E+02   0.100000000000E+02   0.100000000000E+02   0.100000000000E+02   0.100000000000E+02   0.100000000000E+02   0.100000000000E+02   0.100000000000E+02   0.100000000000E+02   0.100000000000E+02   0.100000000000E+02   0.100000000000E+02   0.100000000000E+02   0.100000000000E+02   0.100000000000E+02   0.100000000000E+02   0.100000000000E+02   0.000000000000E+00   0.000000000000E+00   0.000000000000E+00   0.000000000000E+00   0.000000000000E+00   0.000000000000E+00   0.000000000000E+00   0.000000000000E+00   0.000000000000E+00
   0.100000000000E+01   0.100000000000E+01   0.100000000000E+01   0.100000000000E+01   0.100000000000E+01   0.100000000000E+01   0.100000000000E+01   0.100000000000E+01   0.100000000000E+01   0.100000000000E+01   0.100000000000E+01   0.100000000000E+01   0.100000000000E+01   0.100000000000E+01   0.100000000000E+01   0.100000000000E+01   0.100000000000E+01   0.100000000000E+01   0.100000000000E+02   0.100000000000E+02   0.100000000000E+02   0.100000000000E+02   0.100000000000E+02   0.100000000000E+02   0.100000000000E+02   0.100000000000E+02   0.100000000000E+02   0.100000000000E+02   0.100000000000E+02   0.100000000000E+02   0.100000000000E+02   0.100000000000E+02   0.100000000000E+02   0.100000000000E+02   0.100000000000E+02   0.100000000000E+02   0.100000000000E+02   0.100000000000E+02   0.100000000000E+02   0.100000000000E+02   0.100000000000E+02   0.100000000000E+02   0.100000000000E+02   0.100000000000E+02   0.100000000000E+02   0.100000000000E+02   0.100000000000E+02   0.100000000000E+02   0.100000000000E+02   0.100000000000E+02   0.100000000000E+02   0.000000000000E+00   0.000000000000E+00   0.000000000000E+00   0.000000000000E+00   0.000000000000E+00   0.000000000000E+00   0.000000000000E+00   0.000000000000E+00   0.000000000000E+00   0.000000000000E+00
   0.100000000000E+01   0.100000000000E+01   0.100000000000E+01   0.100000000000E+01   0.100000000000E+01   0.100000000000E+01   0.100000000000E+01   0.100000000000E+01   0.100000000000E+01   0.100000000000E+01   0.100000000000E+01   0.100000000000E+01   0.100000000000E+01   0.100000000000E+01   0.100000000000E+01   0.100000000000E+01   0.100000000000E+01   0.100000000000E+01   0.100000000000E+01   0.100000000000E+02   0.100000000000E+02   0.100000000000E+02   0.100000000000E+02   0.100000000000E+02   0.100000000000E+02   0.100000000000E+02   0.100000000000E+02   0.100000000000E+02   0.100000000000E+02   0.100000000000E+02   0.100000000000E+02   0.100000000000E+02   0.100000000000E+02   0.100000000000E+02   0.100000000000E+02   0.100000000000E+02   0.100000000000E+02   0.100000000000E+02   0.100000000000E+02   0.100000000000E+02   0.100000000000E+02   0.100000000000E+02   0.100000000000E+02   0.100000000000E+02   0.100000000000E+02   0.100000000000E+02   0.100000000000E+02   0.100000000000E+02   0.100000000000E+02   0.100000000000E+02   0.000000000000E+00   0.000000000000E+00   0.000000000000E+00   0.000000000000E+00   0.000000000000E+00   0.000000000000E+00   0.000000000000E+00   0.000000000000E+00   0.000000000000E+00   0.000000000000E+00   0.000000000000E+00
   0.000000000000E+00   0.000000000000E+00   0.100000000000E+01   0.100000000000E+01   0.100000000000E+01   0.100000000000E+01   0.100000000000E+01   0.100000000000E+01   0.100000000000E+01   0.100000000000E+01   0.100000000000E+01   0.100000000000E+01   0.100000000000E+01   0.100000000000E+01   0.100000000000E+02   0.100000000000E+02   0.100000000000E+01   0.100000000000E+01   0.100000000000E+01   0.100000000000E+01   0.100000000000E+01   0.100000000000E+01   0.100000000000E+02   0.100000000000E+02   0.100000000000E+02   0.100000000000E+02   0.100000000000E+02   0.100000000000E+02   0.100000000000E+02   0.100000000000E+02   0.100000000000E+02   0.100000000000E+02   0.100000000000E+02   0.100000000000E+02   0.100000000000E+02   0.100000000000E+02   0.100000000000E+02   0.100000000000E+02   0.100000000000E+02   0.100000000000E+02   0.100000000000E+02   0.100000000000E+02   0.100000000000E+02   0.100000000000E+02   0.100000000000E+02   0.100000000000E+02   0.100000000000E+02   0.100000000000E+02   0.000000000000E+00   0.000000000000E+00   0.000000000000E+00   0.000000000000E+00   0.000000000000E+00   0.000000000000E+00   0.000000000000E+00   0.000000000000E+00   0.000000000000E+00   0.000000000000E+00   0.000000000000E+00   0.000000000000E+00   0.000000000000E+00
   0.000000000000E+00   0.000000000000E+00   0.100000000000E+02   0.100000000000E+02   0.100000000000E+02   0.100000000000E+01   0.100000000000E+01   0.100000000000E+01   0.100000000000E+01   0.100000000000E+01   0.100000000000E+01   0.100000000000E+01   0.100000000000E+01   0.100000000000E+01   0.100000000000E+01   0.100000000000E+02   0.100000000000E+02   0.100000000000E+01   0.100000000000E+01   0.100000000000E+01   0.100000000000E+01   0.100000000000E+01   0.100000000000E+01   0.100000000000E+01   0.100000000000E+02   0.100000000000E+01   0.100000000000E+01   0.100000000000E+01   0.100000000000E+01   0.100000000000E+01   0.100000000000E+01   0.100000000000E+02   0.100000000000E+02   0.100000000000E+02   0.100000000000E+02   0.100000000000E+02   0.100000000000E+02   0.100000000000E+02   0.100000000000E+02   0.100000000000E+02   0.100000000000E+02   0.100000000000E+02   0.100000000000E+02   0.100000000000E+02   0.100000000000E+02   0.100000000000E+02   0.100000000000E+02   0.000000000000E+00   0.000000000000E+00   0.000000000000E+00   0.000000000000E+00   0.000000000000E+00   0.000000000000E+00   0.000000000000E+00   0.000000000000E+00   0.000000000000E+00   0.000000000000E+00   0.000000000000E+00   0.000000000000E+00   0.000000000000E+00   0.000000000000E+00
   0.000000000000E+00   0.000000000000E+00   0.000000000000E+00   0.100000000000E+02   0.100000000000E+02   0.100000000000E+02   0.100000000000E+01   0.100000000000E+01   0.100000000000E+01   0.100000000000E+01   0.100000000000E+01   0.100000000000E+01   0.100000000000E+01   0.100000000000E+01   0.100000000000E+01   0.100000000000E+01   0.100000000000E+02   0.100000000000E+02   0.100000000000E+02   0.100000000000E+02   0.100000000000E+01   0.100000000000E+01   0.100000000000E+01   0.100000000000E+01   0.100000000000E+01   0.100000000000E+01   0.100000000000E+01   0.100000000000E+01   0.100000000000E+01   0.100000000000E+01   0.100000000000E+02   0.100000000000E+02   0.100000000000E+02   0.100000000000E+02   0.100000000000E+02   0.100000000000E+02   0.100000000000E+02   0.100000000000E+02   0.100000000000E+02   0.100000000000E+02   0.100000000000E+02   0.100000000000E+02   0.100000000000E+02   0.100000000000E+02   0.100000000000E+02   0.000000000000E+00   0.000000000000E+00   0.000000000000E+00   0.000000000000E+00   0.000000000000E+00   0.000000000000E+00   0.000000000000E+00   0.000000000000E+00   0.000000000000E+00   0.000000000000E+00   0.000000000000E+00   0.000000000000E+00   0.000000000000E+00   0.000000000000E+00   0.000000000000E+00   0.000000000000E+00
   0.000000000000E+00   0.000000000000E+00   0.000000000000E+00   0.000000000000E+00   0.000000000000E+00   0.100000000000E+02   0.100000000000E+02   0.100000000000E+01   0.100000000000E+01   0.100000000000E+01   0.100000000000E+01   0.100000000000E+01   0.100000000000E+01   0.100000000000E+01   0.100000000000E+01   0.100000000000E+01   0.100000000000E+01   0.100000000000E+02   0.100000000000E+02   0.100000000000E+02   0.100000000000E+02   0.100000000000E+01   0.100000000000E+01   0.100000000000E+01   0.100000000000E+01   0.100000000000E+01   0.100000000000E+01   0.100000000000E+01   0.100000000000E+02   0.100000000000E+02   0.100000000000E+02   0.100000000000E+02   0.100000000000E+02   0.100000000000E+02   0.100000000000E+02   0.100000000000E+02   0.100000000000E+02   0.100000000000E+02   0.100000000000E+02   0.100000000000E+02   0.100000000000E+02   0.100000000000E+02   0.000000000000E+00   0.000000000000E+00   0.000000000000E+00   0.000000000000E+00   0.000000000000E+00   0.000000000000E+00   0.000000000000E+00   0.000000000000E+00   0.000000000000E+00   0.000000000000E+00   0.000000000000E+00   0.000000000000E+00   0.000000000000E+00   0.000000000000E+00   0.000000000000E+00   0.000000000000E+00   0.000000000000E+00   0.000000000000E+00   0.000000000000E+00
   0.000000000000E+00   0.000000000000E+00   0.000000000000E+00   0.000000000000E+00   0.000000000000E+00   0.000000000000E+00   0.100000000000E+02   0.100000000000E+02   0.100000000000E+02   0.100000000000E+02   0.100000000000E+01   0.100000000000E+01   0.100000000000E+01   0.100000000000E+01   0.100000000000E+01   0.100000000000E+01   0.100000000000E+01   0.100000000000E+01   0.100000000000E+02   0.100000000000E+02   0.100000000000E+02   0.100000000000E+02   0.100000000000E+01   0.100000000000E+01   0.100000000000E+01   0.100000000000E+01   0.100000000000E+01   0.100000000000E+01   0.100000000000E+02   0.100000000000E+02   0.100000000000E+02   0.100000000000E+02   0.100000000000E+02   0.100000000000E+02   0.100000000000E+02   0.100000000000E+02   0.100000000000E+02   0.100000000000E+02   0.100000000000E+02   0.000000000000E+00   0.000000000000E+00   0.000000000000E+00   0.000000000000E+00   0.000000000000E+00   0.000000000000E+00   0.000000000000E+00   0.000000000000E+00   0.000000000000E+00   0.000000000000E+00   0.000000000000E+00   0.000000000000E+00   0.000000000000E+00   0.000000000000E+00   0.000000000000E+00   0.000000000000E+00   0.000000000000E+00   0.000000000000E+00   0.000000000000E+00   0.000000000000E+00   0.000000000000E+00   0.000000000000E+00
   0.000000000000E+00   0.000000000000E+00   0.000000000000E+00   0.000000000000E+00   0.000000000000E+00   0.000000000000E+00   0.000000000000E+00   0.100000000000E+02   0.100000000000E+02   0.100000000000E+02   0.100000000000E+02   0.100000000000E+01   0.100000000000E+01   0.100000000000E+01   0.100000000000E+01   0.100000000000E+01   0.100000000000E+01   0.100000000000E+01   0.100000000000E+01   0.100000000000E+02   0.100000000000E+02   0.100000000000E+02   0.100000000000E+01   0.100000000000E+01   0.100000000000E+01   0.100000000000E+01   0.100000000000E+01   0.100000000000E+01   0.100000000000E+01   0.100000000000E+02   0.100000000000E+02   0.100000000000E+02   0.100000000000E+02   0.100000000000E+02   0.100000000000E+02   0.100000000000E+02   0.000000000000E+00   0.000000000000E+00   0.000000000000E+00   0.000000000000E+00   0.000000000000E+00   0.000000000000E+00   0.000000000000E+00   0.000000000000E+00   0.000000000000E+00   0.000000000000E+00   0.000000000000E+00   0.000000000000E+00   0.000000000000E+00   0.000000000000E+00   0.000000000000E+00   0.000000000000E+00   0.000000000000E+00   0.000000000000E+00   0.000000000000E+00   0.000000000000E+00   0.000000000000E+00   0.000000000000E+00   0.000000000000E+00   0.000000000000E+00   0.000000000000E+00
   0.000000000000E+00   0.000000000000E+00   0.000000000000E+00   0.000000000000E+00   0.000000000000E+00   0.000000000000E+00   0.000000000000E+00   0.100000000000E+02   0.100000000000E+02   0.100000000000E+02   0.100000000000E+02   0.100000000000E+02   0.100000000000E+01   0.100000000000E+01   0.100000000000E+01   0.100000000000E+01   0.100000000000E+01   0.100000000000E+01   0.100000000000E+01   0.100000000000E+01   0.100000000000E+01   0.100000000000E+01   0.100000000000E+01   0.100000000000E+01   0.100000000000E+01   0.100000000000E+01   0.100000000000E+01   0.100000000000E+02   0.100000000000E+02   0.100000000000E+02   0.100000000000E+02   0.100000000000E+02   0.100000000000E+02   0.000000000000E+00   0.000000000000E+00   0.000000000000E+00   0.000000000000E+00   0.000000000000E+00   0.000000000000E+00   0.000000000000E+00   0.000000000000E+00   0.000000000000E+00   0.000000000000E+00   0.000000000000E+00   0.000000000000E+00   0.000000000000E+00   0.000000000000E+00   0.000000000000E+00   0.000000000000E+00   0.000000000000E+00   0.000000000000E+00   0.000000000000E+00   0.000000000000E+00   0.000000000000E+00   0.000000000000E+00   0.000000000000E+00   0.000000000000E+00   0.000000000000E+00   0.000000000000E+00   0.000000000000E+00   0.000000000000E+00
   0.000000000000E+00   0.000000000000E+00   0.000000000000E+00   0.000000000000E+00   0.000000000000E+00   0.000000000000E+00   0.000000000000E+00   0.000000000000E+00   0.000000000000E+00   0.100000000000E+02   0.100000000000E+02   0.100000000000E+02   0.100000000000E+02   0.100000000000E+01   0.100000000000E+01   0.100000000000E+01   0.100000000000E+01   0.100000000000E+01   0.100000000000E+01   0.100000000000E+01   0.100000000000E+01   0.100000000000E+01   0.100000000000E+01   0.100000000000E+01   0.100000000000E+01   0.100000000000E+01   0.100000000000E+02   0.100000000000E+02   0.100000000000E+02   0.000000000000E+00   0.000000000000E+00   0.000000000000E+00   0.000000000000E+00   0.000000000000E+00   0.000000000000E+00   0.000000000000E+00   0.000000000000E+00   0.000000000000E+00   0.000000000000E+00   0.000000000000E+00   0.000000000000E+00   0.000000000000E+00   0.000000000000E+00   0.000000000000E+00   0.000000000000E+00   0.000000000000E+00   0.000000000000E+00   0.000000000000E+00   0.000000000000E+00   0.000000000000E+00   0.000000000000E+00   0.000000000000E+00   0.000000000000E+00   0.000000000000E+00   0.000000000000E+00   0.000000000000E+00   0.000000000000E+00   0.000000000000E+00   0.000000000000E+00   0.000000000000E+00   0.000000000000E+00
   0.000000000000E+00   0.000000000000E+00   0.000000000000E+00   0.000000000000E+00   0.000000000000E+00   0.000000000000E+00   0.000000000000E+00   0.000000000000E+00   0.000000000000E+00   0.000000000000E+00   0.000000000000E+00   0.000000000000E+00   0.100000000000E+02   0.100000000000E+02   0.100000000000E+02   0.100000000000E+02   0.100000000000E+02   0.100000000000E+02   0.100000000000E+01   0.100000000000E+01   0.100000000000E+01   0.100000000000E+01   0.100000000000E+02   0.100000000000E+02   0.000000000000E+00   0.000000000000E+00   0.000000000000E+00   0.000000000000E+00   0.000000000000E+00   0.000000000000E+00   0.000000000000E+00   0.000000000000E+00   0.000000000000E+00   0.000000000000E+00   0.000000000000E+00   0.000000000000E+00   0.000000000000E+00   0.000000000000E+00   0.000000000000E+00   0.000000000000E+00   0.000000000000E+00   0.000000000000E+00   0.000000000000E+00   0.000000000000E+00   0.000000000000E+00   0.000000000000E+00   0.000000000000E+00   0.000000000000E+00   0.000000000000E+00   0.000000000000E+00   0.000000000000E+00   0.000000000000E+00   0.000000000000E+00   0.000000000000E+00   0.000000000000E+00   0.000000000000E+00   0.000000000000E+00   0.000000000000E+00   0.000000000000E+00   0.000000000000E+00   0.000000000000E+00
   0.000000000000E+00   0.000000000000E+00   0.000000000000E+00   0.000000000000E+00   0.000000000000E+00   0.000000000000E+00   0.000000000000E+00   0.000000000000E+00   0.000000000000E+00   0.000000000000E+00   0.000000000000E+00   0.000000000000E+00   0.000000000000E+00   0.000000000000E+00   0.000000000000E+00   0.100000000000E+02   0.100000000000E+02   0.100000000000E+02   0.100000000000E+02   0.000000000000E+00   0.000000000000E+00   0.000000000000E+00   0.000000000000E+00   0.000000000000E+00   0.000000000000E+00   0.000000000000E+00   0.000000000000E+00   0.000000000000E+00   0.000000000000E+00   0.000000000000E+00   0.000000000000E+00   0.000000000000E+00   0.000000000000E+00   0.000000000000E+00   0.000000000000E+00   0.000000000000E+00   0.000000000000E+00   0.000000000000E+00   0.000000000000E+00   0.000000000000E+00   0.000000000000E+00   0.000000000000E+00   0.000000000000E+00   0.000000000000E+00   0.000000000000E+00   0.000000000000E+00   0.000000000000E+00   0.000000000000E+00   0.000000000000E+00   0.000000000000E+00   0.000000000000E+00   0.000000000000E+00   0.000000000000E+00   0.000000000000E+00   0.000000000000E+00   0.000000000000E+00   0.000000000000E+00   0.000000000000E+00   0.000000000000E+00   0.000000000000E+00   0.000000000000E+00
