21
# x y z
-15	0	0
-13.5	0	0
-12	0	0
-10.5	0	0
-9	0	0
-7.5	0	0
-6	0	0
-4.5	0	0
-3	0	0
-1.5	0	0
0	0	0
1.5	0	0
3	0	0
4.5	0	0
6	0	0
7.5	0	0
9	0	0
10.5	0	0
12	0	0
13.5	0	0
15	0	0
171
# a b m n err i ip iperr k r rhoa u valid 
1	2	3	4	1.00003016623169e-02	0.00000000000000e+00	0.00000000000000e+00	0.00000000000000e+00	-2.82743338823081e+01	0.00000000000000e+00	9.30693188518525e+01	0.00000000000000e+00	1
2	3	4	5	1.00003022248619e-02	0.00000000000000e+00	0.00000000000000e+00	0.00000000000000e+00	-2.82743338823081e+01	0.00000000000000e+00	9.30952716651078e+01	0.00000000000000e+00	1
3	4	5	6	1.00003025910744e-02	0.00000000000000e+00	0.00000000000000e+00	0.00000000000000e+00	-2.82743338823081e+01	0.00000000000000e+00	9.31400251181993e+01	0.00000000000000e+00	1
4	5	6	7	1.00003005021080e-02	0.00000000000000e+00	0.00000000000000e+00	0.00000000000000e+00	-2.82743338823081e+01	0.00000000000000e+00	9.24388928067955e+01	0.00000000000000e+00	1
5	6	7	8	1.00002966309130e-02	0.00000000000000e+00	0.00000000000000e+00	0.00000000000000e+00	-2.82743338823081e+01	0.00000000000000e+00	9.55152257397493e+01	0.00000000000000e+00	1
6	7	8	9	1.00002948382861e-02	0.00000000000000e+00	0.00000000000000e+00	0.00000000000000e+00	-2.82743338823081e+01	0.00000000000000e+00	9.39689543702171e+01	0.00000000000000e+00	1
7	8	9	10	1.00002951087006e-02	0.00000000000000e+00	0.00000000000000e+00	0.00000000000000e+00	-2.82743338823081e+01	0.00000000000000e+00	9.52759788165245e+01	0.00000000000000e+00	1
8	9	10	11	1.00002967803031e-02	0.00000000000000e+00	0.00000000000000e+00	0.00000000000000e+00	-2.82743338823081e+01	0.00000000000000e+00	9.55915277389682e+01	0.00000000000000e+00	1
9	10	11	12	1.00002982894698e-02	0.00000000000000e+00	0.00000000000000e+00	0.00000000000000e+00	-2.82743338823081e+01	0.00000000000000e+00	9.62563982598536e+01	0.00000000000000e+00	1
10	11	12	13	1.00003073965449e-02	0.00000000000000e+00	0.00000000000000e+00	0.00000000000000e+00	-2.82743338823081e+01	0.00000000000000e+00	9.07191567287770e+01	0.00000000000000e+00	1
11	12	13	14	1.00003227409940e-02	0.00000000000000e+00	0.00000000000000e+00	0.00000000000000e+00	-2.82743338823081e+01	0.00000000000000e+00	8.88555810131491e+01	0.00000000000000e+00	1
12	13	14	15	1.00003127104806e-02	0.00000000000000e+00	0.00000000000000e+00	0.00000000000000e+00	-2.82743338823081e+01	0.00000000000000e+00	9.01642784788633e+01	0.00000000000000e+00	1
13	14	15	16	1.00003058620733e-02	0.00000000000000e+00	0.00000000000000e+00	0.00000000000000e+00	-2.82743338823081e+01	0.00000000000000e+00	9.19241070765376e+01	0.00000000000000e+00	1
14	15	16	17	1.00003021462014e-02	0.00000000000000e+00	0.00000000000000e+00	0.00000000000000e+00	-2.82743338823081e+01	0.00000000000000e+00	9.46885510339018e+01	0.00000000000000e+00	1
15	16	17	18	1.00002995283225e-02	0.00000000000000e+00	0.00000000000000e+00	0.00000000000000e+00	-2.82743338823081e+01	0.00000000000000e+00	9.59995800398930e+01	0.00000000000000e+00	1
16	17	18	19	1.00002990117829e-02	0.00000000000000e+00	0.00000000000000e+00	0.00000000000000e+00	-2.82743338823081e+01	0.00000000000000e+00	9.29600100583908e+01	0.00000000000000e+00	1
17	18	19	20	1.00003000044109e-02	0.00000000000000e+00	0.00000000000000e+00	0.00000000000000e+00	-2.82743338823081e+01	0.00000000000000e+00	9.35870990761711e+01	0.00000000000000e+00	1
18	19	20	21	1.00003001686343e-02	0.00000000000000e+00	0.00000000000000e+00	0.00000000000000e+00	-2.82743338823081e+01	0.00000000000000e+00	9.47439686907579e+01	0.00000000000000e+00	1
1	2	4	5	1.00013301741252e-02	0.00000000000000e+00	0.00000000000000e+00	0.00000000000000e+00	-1.13097335529233e+02	0.00000000000000e+00	8.58562982505169e+01	0.00000000000000e+00	1
2	3	5	6	1.00013278039679e-02	0.00000000000000e+00	0.00000000000000e+00	0.00000000000000e+00	-1.13097335529233e+02	0.00000000000000e+00	8.41391801838979e+01	0.00000000000000e+00	1
3	4	6	7	1.00012934677668e-02	0.00000000000000e+00	0.00000000000000e+00	0.00000000000000e+00	-1.13097335529233e+02	0.00000000000000e+00	8.62747670172358e+01	0.00000000000000e+00	1
4	5	7	8	1.00012327519153e-02	0.00000000000000e+00	0.00000000000000e+00	0.00000000000000e+00	-1.13097335529233e+02	0.00000000000000e+00	9.17424573799112e+01	0.00000000000000e+00	1
5	6	8	9	1.00011837499682e-02	0.00000000000000e+00	0.00000000000000e+00	0.00000000000000e+00	-1.13097335529233e+02	0.00000000000000e+00	9.42853857337168e+01	0.00000000000000e+00	1
6	7	9	10	1.00011700306186e-02	0.00000000000000e+00	0.00000000000000e+00	0.00000000000000e+00	-1.13097335529233e+02	0.00000000000000e+00	9.62948770202736e+01	0.00000000000000e+00	1
7	8	10	11	1.00011914928811e-02	0.00000000000000e+00	0.00000000000000e+00	0.00000000000000e+00	-1.13097335529233e+02	0.00000000000000e+00	9.61217875202385e+01	0.00000000000000e+00	1
8	9	11	12	1.00012469927145e-02	0.00000000000000e+00	0.00000000000000e+00	0.00000000000000e+00	-1.13097335529233e+02	0.00000000000000e+00	9.08055221416712e+01	0.00000000000000e+00	1
9	10	12	13	1.00014033059928e-02	0.00000000000000e+00	0.00000000000000e+00	0.00000000000000e+00	-1.13097335529233e+02	0.00000000000000e+00	8.07127439084914e+01	0.00000000000000e+00	1
10	11	13	14	1.00016330631829e-02	0.00000000000000e+00	0.00000000000000e+00	0.00000000000000e+00	-1.13097335529233e+02	0.00000000000000e+00	6.73473246982878e+01	0.00000000000000e+00	1
11	12	14	15	1.00017053100326e-02	0.00000000000000e+00	0.00000000000000e+00	0.00000000000000e+00	-1.13097335529233e+02	0.00000000000000e+00	6.60839520728119e+01	0.00000000000000e+00	1
12	13	15	16	1.00015985171007e-02	0.00000000000000e+00	0.00000000000000e+00	0.00000000000000e+00	-1.13097335529233e+02	0.00000000000000e+00	7.07568693138959e+01	0.00000000000000e+00	1
13	14	16	17	1.00014697145682e-02	0.00000000000000e+00	0.00000000000000e+00	0.00000000000000e+00	-1.13097335529233e+02	0.00000000000000e+00	7.80896344197683e+01	0.00000000000000e+00	1
14	15	17	18	1.00013754468345e-02	0.00000000000000e+00	0.00000000000000e+00	0.00000000000000e+00	-1.13097335529233e+02	0.00000000000000e+00	8.14383712415392e+01	0.00000000000000e+00	1
15	16	18	19	1.00013155463321e-02	0.00000000000000e+00	0.00000000000000e+00	0.00000000000000e+00	-1.13097335529233e+02	0.00000000000000e+00	8.71125578986483e+01	0.00000000000000e+00	1
16	17	19	20	1.00012992005682e-02	0.00000000000000e+00	0.00000000000000e+00	0.00000000000000e+00	-1.13097335529233e+02	0.00000000000000e+00	8.61931742888573e+01	0.00000000000000e+00	1
17	18	20	21	1.00013039246277e-02	0.00000000000000e+00	0.00000000000000e+00	0.00000000000000e+00	-1.13097335529233e+02	0.00000000000000e+00	8.71451626046596e+01	0.00000000000000e+00	1
1	2	5	6	1.00035075796122e-02	0.00000000000000e+00	0.00000000000000e+00	0.00000000000000e+00	-2.82743338823081e+02	0.00000000000000e+00	8.06021904504126e+01	0.00000000000000e+00	1
2	3	6	7	1.00033697335433e-02	0.00000000000000e+00	0.00000000000000e+00	0.00000000000000e+00	-2.82743338823081e+02	0.00000000000000e+00	8.42147919872141e+01	0.00000000000000e+00	1
3	4	7	8	1.00031506160371e-02	0.00000000000000e+00	0.00000000000000e+00	0.00000000000000e+00	-2.82743338823081e+02	0.00000000000000e+00	9.07463717923549e+01	0.00000000000000e+00	1
4	5	8	9	1.00029303778413e-02	0.00000000000000e+00	0.00000000000000e+00	0.00000000000000e+00	-2.82743338823081e+02	0.00000000000000e+00	9.64788928936187e+01	0.00000000000000e+00	1
5	6	9	10	1.00027994031363e-02	0.00000000000000e+00	0.00000000000000e+00	0.00000000000000e+00	-2.82743338823081e+02	0.00000000000000e+00	1.01472410282448e+02	0.00000000000000e+00	1
6	7	10	11	1.00028145458921e-02	0.00000000000000e+00	0.00000000000000e+00	0.00000000000000e+00	-2.82743338823081e+02	0.00000000000000e+00	1.01727299253116e+02	0.00000000000000e+00	1
7	8	11	12	1.00030043579050e-02	0.00000000000000e+00	0.00000000000000e+00	0.00000000000000e+00	-2.82743338823081e+02	0.00000000000000e+00	9.32622587875382e+01	0.00000000000000e+00	1
8	9	12	13	1.00036569737037e-02	0.00000000000000e+00	0.00000000000000e+00	0.00000000000000e+00	-2.82743338823081e+02	0.00000000000000e+00	7.65204547559955e+01	0.00000000000000e+00	1
9	10	13	14	1.00046330740010e-02	0.00000000000000e+00	0.00000000000000e+00	0.00000000000000e+00	-2.82743338823081e+02	0.00000000000000e+00	6.13749775656853e+01	0.00000000000000e+00	1
10	11	14	15	1.00051390054548e-02	0.00000000000000e+00	0.00000000000000e+00	0.00000000000000e+00	-2.82743338823081e+02	0.00000000000000e+00	5.53722968574347e+01	0.00000000000000e+00	1
11	12	15	16	1.00052758449566e-02	0.00000000000000e+00	0.00000000000000e+00	0.00000000000000e+00	-2.82743338823081e+02	0.00000000000000e+00	5.37313605011049e+01	0.00000000000000e+00	1
12	13	16	17	1.00048484197113e-02	0.00000000000000e+00	0.00000000000000e+00	0.00000000000000e+00	-2.82743338823081e+02	0.00000000000000e+00	5.90127553397880e+01	0.00000000000000e+00	1
13	14	17	18	1.00041938611907e-02	0.00000000000000e+00	0.00000000000000e+00	0.00000000000000e+00	-2.82743338823081e+02	0.00000000000000e+00	6.67126881018734e+01	0.00000000000000e+00	1
14	15	18	19	1.00037643767494e-02	0.00000000000000e+00	0.00000000000000e+00	0.00000000000000e+00	-2.82743338823081e+02	0.00000000000000e+00	7.52153764539681e+01	0.00000000000000e+00	1
15	16	19	20	1.00035008639803e-02	0.00000000000000e+00	0.00000000000000e+00	0.00000000000000e+00	-2.82743338823081e+02	0.00000000000000e+00	7.93656403665342e+01	0.00000000000000e+00	1
16	17	20	21	1.00034107454229e-02	0.00000000000000e+00	0.00000000000000e+00	0.00000000000000e+00	-2.82743338823081e+02	0.00000000000000e+00	8.27894931121128e+01	0.00000000000000e+00	1
1	2	6	7	1.00069514630701e-02	0.00000000000000e+00	0.00000000000000e+00	0.00000000000000e+00	-5.65486677646163e+02	0.00000000000000e+00	8.02812552685934e+01	0.00000000000000e+00	1
2	3	7	8	1.00064846822993e-02	0.00000000000000e+00	0.00000000000000e+00	0.00000000000000e+00	-5.65486677646163e+02	0.00000000000000e+00	8.53087641697109e+01	0.00000000000000e+00	1
3	4	8	9	1.00060279667041e-02	0.00000000000000e+00	0.00000000000000e+00	0.00000000000000e+00	-5.65486677646163e+02	0.00000000000000e+00	9.28097245662146e+01	0.00000000000000e+00	1
4	5	9	10	1.00056529149543e-02	0.00000000000000e+00	0.00000000000000e+00	0.00000000000000e+00	-5.65486677646163e+02	0.00000000000000e+00	1.00001335663823e+02	0.00000000000000e+00	1
5	6	10	11	1.00055066172557e-02	0.00000000000000e+00	0.00000000000000e+00	0.00000000000000e+00	-5.65486677646163e+02	0.00000000000000e+00	1.04198910117230e+02	0.00000000000000e+00	1
6	7	11	12	1.00058016378660e-02	0.00000000000000e+00	0.00000000000000e+00	0.00000000000000e+00	-5.65486677646163e+02	0.00000000000000e+00	9.83251396901370e+01	0.00000000000000e+00	1
7	8	12	13	1.00072223622489e-02	0.00000000000000e+00	0.00000000000000e+00	0.00000000000000e+00	-5.65486677646163e+02	0.00000000000000e+00	7.88215955089798e+01	0.00000000000000e+00	1
8	9	13	14	1.00094320624182e-02	0.00000000000000e+00	0.00000000000000e+00	0.00000000000000e+00	-5.65486677646163e+02	0.00000000000000e+00	6.03722024363211e+01	0.00000000000000e+00	1
9	10	14	15	1.00106999771358e-02	0.00000000000000e+00	0.00000000000000e+00	0.00000000000000e+00	-5.65486677646163e+02	0.00000000000000e+00	5.27155967725068e+01	0.00000000000000e+00	1
10	11	15	16	1.00111447889743e-02	0.00000000000000e+00	0.00000000000000e+00	0.00000000000000e+00	-5.65486677646163e+02	0.00000000000000e+00	5.10285255253583e+01	0.00000000000000e+00	1
11	12	16	17	1.00111894497893e-02	0.00000000000000e+00	0.00000000000000e+00	0.00000000000000e+00	-5.65486677646163e+02	0.00000000000000e+00	5.06914894940308e+01	0.00000000000000e+00	1
12	13	17	18	1.00105006159976e-02	0.00000000000000e+00	0.00000000000000e+00	0.00000000000000e+00	-5.65486677646163e+02	0.00000000000000e+00	5.33136061254831e+01	0.00000000000000e+00	1
13	14	18	19	1.00090444620316e-02	0.00000000000000e+00	0.00000000000000e+00	0.00000000000000e+00	-5.65486677646163e+02	0.00000000000000e+00	6.09857608726742e+01	0.00000000000000e+00	1
14	15	19	20	1.00080191495793e-02	0.00000000000000e+00	0.00000000000000e+00	0.00000000000000e+00	-5.65486677646163e+02	0.00000000000000e+00	7.06951003692246e+01	0.00000000000000e+00	1
15	16	20	21	1.00073344264238e-02	0.00000000000000e+00	0.00000000000000e+00	0.00000000000000e+00	-5.65486677646163e+02	0.00000000000000e+00	7.76891271531902e+01	0.00000000000000e+00	1
1	2	7	8	1.00117135545456e-02	0.00000000000000e+00	0.00000000000000e+00	0.00000000000000e+00	-9.89601685880783e+02	0.00000000000000e+00	8.31441415263248e+01	0.00000000000000e+00	1
2	3	8	9	1.00110005203980e-02	0.00000000000000e+00	0.00000000000000e+00	0.00000000000000e+00	-9.89601685880783e+02	0.00000000000000e+00	9.01378876339525e+01	0.00000000000000e+00	1
3	4	9	10	1.00104319043492e-02	0.00000000000000e+00	0.00000000000000e+00	0.00000000000000e+00	-9.89601685880783e+02	0.00000000000000e+00	9.49439517780289e+01	0.00000000000000e+00	1
4	5	10	11	1.00100587762545e-02	0.00000000000000e+00	0.00000000000000e+00	0.00000000000000e+00	-9.89601685880783e+02	0.00000000000000e+00	9.90126941798246e+01	0.00000000000000e+00	1
5	6	11	12	1.00103022267802e-02	0.00000000000000e+00	0.00000000000000e+00	0.00000000000000e+00	-9.89601685880783e+02	0.00000000000000e+00	9.52968013188474e+01	0.00000000000000e+00	1
6	7	12	13	1.00126479791348e-02	0.00000000000000e+00	0.00000000000000e+00	0.00000000000000e+00	-9.89601685880783e+02	0.00000000000000e+00	7.88460323750100e+01	0.00000000000000e+00	1
7	8	13	14	1.00162247388577e-02	0.00000000000000e+00	0.00000000000000e+00	0.00000000000000e+00	-9.89601685880783e+02	0.00000000000000e+00	5.98016667133486e+01	0.00000000000000e+00	1
8	9	14	15	1.00180711223175e-02	0.00000000000000e+00	0.00000000000000e+00	0.00000000000000e+00	-9.89601685880783e+02	0.00000000000000e+00	5.40515957314660e+01	0.00000000000000e+00	1
9	10	15	16	1.00186178283581e-02	0.00000000000000e+00	0.00000000000000e+00	0.00000000000000e+00	-9.89601685880783e+02	0.00000000000000e+00	5.25817661926205e+01	0.00000000000000e+00	1
10	11	16	17	1.00184187897326e-02	0.00000000000000e+00	0.00000000000000e+00	0.00000000000000e+00	-9.89601685880783e+02	0.00000000000000e+00	5.37443545003463e+01	0.00000000000000e+00	1
11	12	17	18	1.00189909659086e-02	0.00000000000000e+00	0.00000000000000e+00	0.00000000000000e+00	-9.89601685880783e+02	0.00000000000000e+00	5.25132232887312e+01	0.00000000000000e+00	1
12	13	18	19	1.00190286941579e-02	0.00000000000000e+00	0.00000000000000e+00	0.00000000000000e+00	-9.89601685880783e+02	0.00000000000000e+00	5.15517205816486e+01	0.00000000000000e+00	1
13	14	19	20	1.00166914562356e-02	0.00000000000000e+00	0.00000000000000e+00	0.00000000000000e+00	-9.89601685880783e+02	0.00000000000000e+00	5.93867043538785e+01	0.00000000000000e+00	1
14	15	20	21	1.00147615415706e-02	0.00000000000000e+00	0.00000000000000e+00	0.00000000000000e+00	-9.89601685880783e+02	0.00000000000000e+00	6.74660403942676e+01	0.00000000000000e+00	1
1	2	8	9	1.00183646572743e-02	0.00000000000000e+00	0.00000000000000e+00	0.00000000000000e+00	-1.58336269740926e+03	0.00000000000000e+00	8.71522357757241e+01	0.00000000000000e+00	1
2	3	9	10	1.00176918705731e-02	0.00000000000000e+00	0.00000000000000e+00	0.00000000000000e+00	-1.58336269740926e+03	0.00000000000000e+00	8.92431038859027e+01	0.00000000000000e+00	1
3	4	10	11	1.00173517469531e-02	0.00000000000000e+00	0.00000000000000e+00	0.00000000000000e+00	-1.58336269740926e+03	0.00000000000000e+00	9.26721298120445e+01	0.00000000000000e+00	1
4	5	11	12	1.00177159852376e-02	0.00000000000000e+00	0.00000000000000e+00	0.00000000000000e+00	-1.58336269740926e+03	0.00000000000000e+00	8.86063331649699e+01	0.00000000000000e+00	1
5	6	12	13	1.00211694255200e-02	0.00000000000000e+00	0.00000000000000e+00	0.00000000000000e+00	-1.58336269740926e+03	0.00000000000000e+00	7.45851814318474e+01	0.00000000000000e+00	1
6	7	13	14	1.00260767740945e-02	0.00000000000000e+00	0.00000000000000e+00	0.00000000000000e+00	-1.58336269740926e+03	0.00000000000000e+00	6.06672666588534e+01	0.00000000000000e+00	1
7	8	14	15	1.00278552152462e-02	0.00000000000000e+00	0.00000000000000e+00	0.00000000000000e+00	-1.58336269740926e+03	0.00000000000000e+00	5.67174215273224e+01	0.00000000000000e+00	1
8	9	15	16	1.00277128035675e-02	0.00000000000000e+00	0.00000000000000e+00	0.00000000000000e+00	-1.58336269740926e+03	0.00000000000000e+00	5.58893784823339e+01	0.00000000000000e+00	1
9	10	16	17	1.00268897417620e-02	0.00000000000000e+00	0.00000000000000e+00	0.00000000000000e+00	-1.58336269740926e+03	0.00000000000000e+00	5.94186373867836e+01	0.00000000000000e+00	1
10	11	17	18	1.00271885095811e-02	0.00000000000000e+00	0.00000000000000e+00	0.00000000000000e+00	-1.58336269740926e+03	0.00000000000000e+00	5.86746241195595e+01	0.00000000000000e+00	1
11	12	18	19	1.00297564670508e-02	0.00000000000000e+00	0.00000000000000e+00	0.00000000000000e+00	-1.58336269740926e+03	0.00000000000000e+00	5.29036979795568e+01	0.00000000000000e+00	1
12	13	19	20	1.00313814817500e-02	0.00000000000000e+00	0.00000000000000e+00	0.00000000000000e+00	-1.58336269740926e+03	0.00000000000000e+00	5.02685790813740e+01	0.00000000000000e+00	1
13	14	20	21	1.00279870965803e-02	0.00000000000000e+00	0.00000000000000e+00	0.00000000000000e+00	-1.58336269740926e+03	0.00000000000000e+00	5.70091719969326e+01	0.00000000000000e+00	1
1	2	9	10	1.00279702866962e-02	0.00000000000000e+00	0.00000000000000e+00	0.00000000000000e+00	-2.37504404611388e+03	0.00000000000000e+00	8.39758904317946e+01	0.00000000000000e+00	1
2	3	10	11	1.00279262890086e-02	0.00000000000000e+00	0.00000000000000e+00	0.00000000000000e+00	-2.37504404611388e+03	0.00000000000000e+00	8.56727327838395e+01	0.00000000000000e+00	1
3	4	11	12	1.00291411648440e-02	0.00000000000000e+00	0.00000000000000e+00	0.00000000000000e+00	-2.37504404611388e+03	0.00000000000000e+00	8.14755338917687e+01	0.00000000000000e+00	1
4	5	12	13	1.00348007025895e-02	0.00000000000000e+00	0.00000000000000e+00	0.00000000000000e+00	-2.37504404611388e+03	0.00000000000000e+00	6.73745613150409e+01	0.00000000000000e+00	1
5	6	13	14	1.00410112000761e-02	0.00000000000000e+00	0.00000000000000e+00	0.00000000000000e+00	-2.37504404611388e+03	0.00000000000000e+00	5.81041857644962e+01	0.00000000000000e+00	1
6	7	14	15	1.00416321221957e-02	0.00000000000000e+00	0.00000000000000e+00	0.00000000000000e+00	-2.37504404611388e+03	0.00000000000000e+00	5.67375695542032e+01	0.00000000000000e+00	1
7	8	15	16	1.00396053092430e-02	0.00000000000000e+00	0.00000000000000e+00	0.00000000000000e+00	-2.37504404611388e+03	0.00000000000000e+00	5.93344425484122e+01	0.00000000000000e+00	1
8	9	16	17	1.00371217236741e-02	0.00000000000000e+00	0.00000000000000e+00	0.00000000000000e+00	-2.37504404611388e+03	0.00000000000000e+00	6.34817490602104e+01	0.00000000000000e+00	1
9	10	17	18	1.00369207488949e-02	0.00000000000000e+00	0.00000000000000e+00	0.00000000000000e+00	-2.37504404611388e+03	0.00000000000000e+00	6.42486024320505e+01	0.00000000000000e+00	1
10	11	18	19	1.00393657035629e-02	0.00000000000000e+00	0.00000000000000e+00	0.00000000000000e+00	-2.37504404611388e+03	0.00000000000000e+00	6.00076024962624e+01	0.00000000000000e+00	1
11	12	19	20	1.00446612587381e-02	0.00000000000000e+00	0.00000000000000e+00	0.00000000000000e+00	-2.37504404611388e+03	0.00000000000000e+00	5.32674032513864e+01	0.00000000000000e+00	1
12	13	20	21	1.00486428588015e-02	0.00000000000000e+00	0.00000000000000e+00	0.00000000000000e+00	-2.37504404611388e+03	0.00000000000000e+00	4.92676630085801e+01	0.00000000000000e+00	1
1	2	10	11	1.00423230136487e-02	0.00000000000000e+00	0.00000000000000e+00	0.00000000000000e+00	-3.39292006587699e+03	0.00000000000000e+00	8.11793857833489e+01	0.00000000000000e+00	1
2	3	11	12	1.00450539078365e-02	0.00000000000000e+00	0.00000000000000e+00	0.00000000000000e+00	-3.39292006587699e+03	0.00000000000000e+00	7.61810300577221e+01	0.00000000000000e+00	1
3	4	12	13	1.00549772311213e-02	0.00000000000000e+00	0.00000000000000e+00	0.00000000000000e+00	-3.39292006587699e+03	0.00000000000000e+00	6.12966184192823e+01	0.00000000000000e+00	1
4	5	13	14	1.00638545373642e-02	0.00000000000000e+00	0.00000000000000e+00	0.00000000000000e+00	-3.39292006587699e+03	0.00000000000000e+00	5.36074663128985e+01	0.00000000000000e+00	1
5	6	14	15	1.00619464600509e-02	0.00000000000000e+00	0.00000000000000e+00	0.00000000000000e+00	-3.39292006587699e+03	0.00000000000000e+00	5.37794069558576e+01	0.00000000000000e+00	1
6	7	15	16	1.00561491385966e-02	0.00000000000000e+00	0.00000000000000e+00	0.00000000000000e+00	-3.39292006587699e+03	0.00000000000000e+00	6.06186619976117e+01	0.00000000000000e+00	1
7	8	16	17	1.00505792281492e-02	0.00000000000000e+00	0.00000000000000e+00	0.00000000000000e+00	-3.39292006587699e+03	0.00000000000000e+00	6.68797451041821e+01	0.00000000000000e+00	1
8	9	17	18	1.00487997635114e-02	0.00000000000000e+00	0.00000000000000e+00	0.00000000000000e+00	-3.39292006587699e+03	0.00000000000000e+00	7.01724432556021e+01	0.00000000000000e+00	1
9	10	18	19	1.00510916528145e-02	0.00000000000000e+00	0.00000000000000e+00	0.00000000000000e+00	-3.39292006587699e+03	0.00000000000000e+00	6.58313924082181e+01	0.00000000000000e+00	1
10	11	19	20	1.00560287334171e-02	0.00000000000000e+00	0.00000000000000e+00	0.00000000000000e+00	-3.39292006587699e+03	0.00000000000000e+00	6.11087025438350e+01	0.00000000000000e+00	1
11	12	20	21	1.00646270582377e-02	0.00000000000000e+00	0.00000000000000e+00	0.00000000000000e+00	-3.39292006587699e+03	0.00000000000000e+00	5.25759041441872e+01	0.00000000000000e+00	1
1	2	11	12	1.00660024927802e-02	0.00000000000000e+00	0.00000000000000e+00	0.00000000000000e+00	-4.66526509058082e+03	0.00000000000000e+00	7.03780865250354e+01	0.00000000000000e+00	1
2	3	12	13	1.00819411615091e-02	0.00000000000000e+00	0.00000000000000e+00	0.00000000000000e+00	-4.66526509058082e+03	0.00000000000000e+00	5.69593755140282e+01	0.00000000000000e+00	1
3	4	13	14	1.00957292214715e-02	0.00000000000000e+00	0.00000000000000e+00	0.00000000000000e+00	-4.66526509058082e+03	0.00000000000000e+00	4.81634270801209e+01	0.00000000000000e+00	1
4	5	14	15	1.00918177982398e-02	0.00000000000000e+00	0.00000000000000e+00	0.00000000000000e+00	-4.66526509058082e+03	0.00000000000000e+00	5.07358935559004e+01	0.00000000000000e+00	1
5	6	15	16	1.00801384606676e-02	0.00000000000000e+00	0.00000000000000e+00	0.00000000000000e+00	-4.66526509058082e+03	0.00000000000000e+00	5.88386649889875e+01	0.00000000000000e+00	1
6	7	16	17	1.00692244192668e-02	0.00000000000000e+00	0.00000000000000e+00	0.00000000000000e+00	-4.66526509058082e+03	0.00000000000000e+00	6.84136045715318e+01	0.00000000000000e+00	1
7	8	17	18	1.00644985231854e-02	0.00000000000000e+00	0.00000000000000e+00	0.00000000000000e+00	-4.66526509058082e+03	0.00000000000000e+00	7.29795959998281e+01	0.00000000000000e+00	1
8	9	18	19	1.00654867339863e-02	0.00000000000000e+00	0.00000000000000e+00	0.00000000000000e+00	-4.66526509058082e+03	0.00000000000000e+00	7.13188592386731e+01	0.00000000000000e+00	1
9	10	19	20	1.00702876554412e-02	0.00000000000000e+00	0.00000000000000e+00	0.00000000000000e+00	-4.66526509058082e+03	0.00000000000000e+00	6.61861494466215e+01	0.00000000000000e+00	1
10	11	20	21	1.00778403469895e-02	0.00000000000000e+00	0.00000000000000e+00	0.00000000000000e+00	-4.66526509058082e+03	0.00000000000000e+00	6.02181762901963e+01	0.00000000000000e+00	1
1	2	12	13	1.01162262510638e-02	0.00000000000000e+00	0.00000000000000e+00	0.00000000000000e+00	-6.22035345410788e+03	0.00000000000000e+00	5.34529433657817e+01	0.00000000000000e+00	1
2	3	13	14	1.01359447667750e-02	0.00000000000000e+00	0.00000000000000e+00	0.00000000000000e+00	-6.22035345410788e+03	0.00000000000000e+00	4.65957953662030e+01	0.00000000000000e+00	1
3	4	14	15	1.01313119424726e-02	0.00000000000000e+00	0.00000000000000e+00	0.00000000000000e+00	-6.22035345410788e+03	0.00000000000000e+00	4.72693060571183e+01	0.00000000000000e+00	1
4	5	15	16	1.01144296177099e-02	0.00000000000000e+00	0.00000000000000e+00	0.00000000000000e+00	-6.22035345410788e+03	0.00000000000000e+00	5.43019606960496e+01	0.00000000000000e+00	1
5	6	16	17	1.00960095826179e-02	0.00000000000000e+00	0.00000000000000e+00	0.00000000000000e+00	-6.22035345410788e+03	0.00000000000000e+00	6.51551885389866e+01	0.00000000000000e+00	1
6	7	17	18	1.00861772307491e-02	0.00000000000000e+00	0.00000000000000e+00	0.00000000000000e+00	-6.22035345410788e+03	0.00000000000000e+00	7.13222598658567e+01	0.00000000000000e+00	1
7	8	18	19	1.00845401149928e-02	0.00000000000000e+00	0.00000000000000e+00	0.00000000000000e+00	-6.22035345410788e+03	0.00000000000000e+00	7.32316061112481e+01	0.00000000000000e+00	1
8	9	19	20	1.00878541702034e-02	0.00000000000000e+00	0.00000000000000e+00	0.00000000000000e+00	-6.22035345410788e+03	0.00000000000000e+00	6.95586445110673e+01	0.00000000000000e+00	1
9	10	20	21	1.00949479017312e-02	0.00000000000000e+00	0.00000000000000e+00	0.00000000000000e+00	-6.22035345410788e+03	0.00000000000000e+00	6.55108833361494e+01	0.00000000000000e+00	1
1	2	13	14	1.01847925652280e-02	0.00000000000000e+00	0.00000000000000e+00	0.00000000000000e+00	-8.08645949033998e+03	0.00000000000000e+00	4.27924960442110e+01	0.00000000000000e+00	1
2	3	14	15	1.01787674316256e-02	0.00000000000000e+00	0.00000000000000e+00	0.00000000000000e+00	-8.08645949033998e+03	0.00000000000000e+00	4.54299808387798e+01	0.00000000000000e+00	1
3	4	15	16	1.01579367746590e-02	0.00000000000000e+00	0.00000000000000e+00	0.00000000000000e+00	-8.08645949033998e+03	0.00000000000000e+00	5.12767942659941e+01	0.00000000000000e+00	1
4	5	16	17	1.01335768037730e-02	0.00000000000000e+00	0.00000000000000e+00	0.00000000000000e+00	-8.08645949033998e+03	0.00000000000000e+00	6.05742650783094e+01	0.00000000000000e+00	1
5	6	17	18	1.01171075039039e-02	0.00000000000000e+00	0.00000000000000e+00	0.00000000000000e+00	-8.08645949033998e+03	0.00000000000000e+00	6.87084000785010e+01	0.00000000000000e+00	1
6	7	18	19	1.01107606405032e-02	0.00000000000000e+00	0.00000000000000e+00	0.00000000000000e+00	-8.08645949033998e+03	0.00000000000000e+00	7.22575738280751e+01	0.00000000000000e+00	1
7	8	19	20	1.01111332047858e-02	0.00000000000000e+00	0.00000000000000e+00	0.00000000000000e+00	-8.08645949033998e+03	0.00000000000000e+00	7.30721608640224e+01	0.00000000000000e+00	1
8	9	20	21	1.01161264758301e-02	0.00000000000000e+00	0.00000000000000e+00	0.00000000000000e+00	-8.08645949033998e+03	0.00000000000000e+00	6.90915552003298e+01	0.00000000000000e+00	1
1	2	14	15	1.02344152086195e-02	0.00000000000000e+00	0.00000000000000e+00	0.00000000000000e+00	-1.02918575331603e+04	0.00000000000000e+00	4.45504872537011e+01	0.00000000000000e+00	1
2	3	15	16	1.02083905012868e-02	0.00000000000000e+00	0.00000000000000e+00	0.00000000000000e+00	-1.02918575331603e+04	0.00000000000000e+00	5.07419392437355e+01	0.00000000000000e+00	1
3	4	16	17	1.01798451271024e-02	0.00000000000000e+00	0.00000000000000e+00	0.00000000000000e+00	-1.02918575331603e+04	0.00000000000000e+00	5.74573423898199e+01	0.00000000000000e+00	1
4	5	17	18	1.01598483870346e-02	0.00000000000000e+00	0.00000000000000e+00	0.00000000000000e+00	-1.02918575331603e+04	0.00000000000000e+00	6.46970961968629e+01	0.00000000000000e+00	1
5	6	18	19	1.01479413870071e-02	0.00000000000000e+00	0.00000000000000e+00	0.00000000000000e+00	-1.02918575331603e+04	0.00000000000000e+00	7.01431253857657e+01	0.00000000000000e+00	1
6	7	19	20	1.01430780676350e-02	0.00000000000000e+00	0.00000000000000e+00	0.00000000000000e+00	-1.02918575331603e+04	0.00000000000000e+00	7.15647013210848e+01	0.00000000000000e+00	1
7	8	20	21	1.01442691660144e-02	0.00000000000000e+00	0.00000000000000e+00	0.00000000000000e+00	-1.02918575331603e+04	0.00000000000000e+00	7.14427214670766e+01	0.00000000000000e+00	1
1	2	15	16	1.02661540623140e-02	0.00000000000000e+00	0.00000000000000e+00	0.00000000000000e+00	-1.28648219164500e+04	0.00000000000000e+00	4.83554282387598e+01	0.00000000000000e+00	1
2	3	16	17	1.02321737054708e-02	0.00000000000000e+00	0.00000000000000e+00	0.00000000000000e+00	-1.28648219164500e+04	0.00000000000000e+00	5.50628727495668e+01	0.00000000000000e+00	1
3	4	17	18	1.02112777288628e-02	0.00000000000000e+00	0.00000000000000e+00	0.00000000000000e+00	-1.28648219164500e+04	0.00000000000000e+00	6.13263605873520e+01	0.00000000000000e+00	1
4	5	18	19	1.01986066417561e-02	0.00000000000000e+00	0.00000000000000e+00	0.00000000000000e+00	-1.28648219164500e+04	0.00000000000000e+00	6.54207213438936e+01	0.00000000000000e+00	1
5	6	19	20	1.01881274821462e-02	0.00000000000000e+00	0.00000000000000e+00	0.00000000000000e+00	-1.28648219164500e+04	0.00000000000000e+00	6.79439561191829e+01	0.00000000000000e+00	1
6	7	20	21	1.01828336060481e-02	0.00000000000000e+00	0.00000000000000e+00	0.00000000000000e+00	-1.28648219164500e+04	0.00000000000000e+00	6.97626927012941e+01	0.00000000000000e+00	1
1	2	16	17	1.02911099807127e-02	0.00000000000000e+00	0.00000000000000e+00	0.00000000000000e+00	-1.58336269740931e+04	0.00000000000000e+00	5.41446934683402e+01	0.00000000000000e+00	1
2	3	17	18	1.02683166804951e-02	0.00000000000000e+00	0.00000000000000e+00	0.00000000000000e+00	-1.58336269740931e+04	0.00000000000000e+00	5.81841418578668e+01	0.00000000000000e+00	1
3	4	18	19	1.02582709162504e-02	0.00000000000000e+00	0.00000000000000e+00	0.00000000000000e+00	-1.58336269740931e+04	0.00000000000000e+00	6.05060821796186e+01	0.00000000000000e+00	1
4	5	19	20	1.02486850009864e-02	0.00000000000000e+00	0.00000000000000e+00	0.00000000000000e+00	-1.58336269740931e+04	0.00000000000000e+00	6.42307071289469e+01	0.00000000000000e+00	1
5	6	20	21	1.02369799334376e-02	0.00000000000000e+00	0.00000000000000e+00	0.00000000000000e+00	-1.58336269740931e+04	0.00000000000000e+00	6.74399520718216e+01	0.00000000000000e+00	1
1	2	17	18	1.03317451818572e-02	0.00000000000000e+00	0.00000000000000e+00	0.00000000000000e+00	-1.92265470399687e+04	0.00000000000000e+00	5.75289193228547e+01	0.00000000000000e+00	1
2	3	18	19	1.03232533660394e-02	0.00000000000000e+00	0.00000000000000e+00	0.00000000000000e+00	-1.92265470399687e+04	0.00000000000000e+00	5.95740908930089e+01	0.00000000000000e+00	1
3	4	19	20	1.03185213880496e-02	0.00000000000000e+00	0.00000000000000e+00	0.00000000000000e+00	-1.92265470399687e+04	0.00000000000000e+00	6.10834725694671e+01	0.00000000000000e+00	1
4	5	20	21	1.03088426851116e-02	0.00000000000000e+00	0.00000000000000e+00	0.00000000000000e+00	-1.92265470399687e+04	0.00000000000000e+00	6.19337967096548e+01	0.00000000000000e+00	1
1	2	18	19	1.03946729246731e-02	0.00000000000000e+00	0.00000000000000e+00	0.00000000000000e+00	-2.30718564479642e+04	0.00000000000000e+00	5.94733701414136e+01	0.00000000000000e+00	1
2	3	19	20	1.03932699077864e-02	0.00000000000000e+00	0.00000000000000e+00	0.00000000000000e+00	-2.30718564479642e+04	0.00000000000000e+00	5.89299864106020e+01	0.00000000000000e+00	1
3	4	20	21	1.03900759544746e-02	0.00000000000000e+00	0.00000000000000e+00	0.00000000000000e+00	-2.30718564479642e+04	0.00000000000000e+00	5.94093198674901e+01	0.00000000000000e+00	1
1	2	19	20	1.04745194613935e-02	0.00000000000000e+00	0.00000000000000e+00	0.00000000000000e+00	-2.73978295319560e+04	0.00000000000000e+00	5.83348150238503e+01	0.00000000000000e+00	1
2	3	20	21	1.04755983731318e-02	0.00000000000000e+00	0.00000000000000e+00	0.00000000000000e+00	-2.73978295319560e+04	0.00000000000000e+00	5.81970710873730e+01	0.00000000000000e+00	1
1	2	20	21	1.05676191755252e-02	0.00000000000000e+00	0.00000000000000e+00	0.00000000000000e+00	-3.22327406258317e+04	0.00000000000000e+00	5.61469576331200e+01	0.00000000000000e+00	1
0
