                     #***** Cumulative flow volumes ***** 
# Nstep    Deltat      Time  SeepageF  nansfDir  nansfNeu   Nudging  net (VTOT)
      1  1.32E-02  1.32E-02  0.00E+00  0.00E+00  0.00E+00  0.00E+00 -6.4551E-07
      2  6.59E-03  1.98E-02  0.00E+00  0.00E+00  0.00E+00  0.00E+00 -1.3170E-06
      3  7.25E-03  2.70E-02  0.00E+00  0.00E+00  0.00E+00  0.00E+00 -2.1386E-06
      4  7.25E-03  3.43E-02  0.00E+00  0.00E+00  0.00E+00  0.00E+00 -3.0474E-06
      5  7.98E-03  4.23E-02  0.00E+00  0.00E+00  0.00E+00  0.00E+00 -4.1230E-06
      6  7.98E-03  5.02E-02  0.00E+00  0.00E+00  0.00E+00  0.00E+00 -5.2662E-06
      7  7.98E-03  5.82E-02  0.00E+00  0.00E+00  0.00E+00  0.00E+00 -6.4653E-06
      8  7.98E-03  6.62E-02  0.00E+00  0.00E+00  0.00E+00  0.00E+00 -7.7226E-06
      9  7.98E-03  7.42E-02  0.00E+00  0.00E+00  0.00E+00  0.00E+00 -9.0338E-06
     10  3.99E-03  7.81E-02  0.00E+00  0.00E+00  0.00E+00  0.00E+00 -9.7006E-06
     11  4.39E-03  8.25E-02  0.00E+00  0.00E+00  0.00E+00  0.00E+00 -1.0443E-05
     12  4.83E-03  8.74E-02  0.00E+00  0.00E+00  0.00E+00  0.00E+00 -1.1280E-05
     13  4.83E-03  9.22E-02  0.00E+00  0.00E+00  0.00E+00  0.00E+00 -1.2136E-05
     14  4.83E-03  9.70E-02  0.00E+00  0.00E+00  0.00E+00  0.00E+00 -1.3010E-05
     15  4.83E-03  1.02E-01  0.00E+00  0.00E+00  0.00E+00  0.00E+00 -1.3900E-05
     16  4.83E-03  1.07E-01  0.00E+00  0.00E+00  0.00E+00  0.00E+00 -1.4804E-05
     17  4.83E-03  1.11E-01  0.00E+00  0.00E+00  0.00E+00  0.00E+00 -1.5721E-05
     18  5.31E-03  1.17E-01  0.00E+00  0.00E+00  0.00E+00  0.00E+00 -1.6745E-05
     19  5.31E-03  1.22E-01  0.00E+00  0.00E+00  0.00E+00  0.00E+00 -1.7791E-05
     20  2.65E-03  1.25E-01  0.00E+00  0.00E+00  0.00E+00  0.00E+00 -1.8316E-05
     21  2.92E-03  1.28E-01  0.00E+00  0.00E+00  0.00E+00  0.00E+00 -1.8894E-05
     22  3.21E-03  1.31E-01  0.00E+00  0.00E+00  0.00E+00  0.00E+00 -1.9537E-05
     23  3.53E-03  1.34E-01  0.00E+00  0.00E+00  0.00E+00  0.00E+00 -2.0255E-05
     24  3.53E-03  1.38E-01  0.00E+00  0.00E+00  0.00E+00  0.00E+00 -2.0980E-05
     25  3.53E-03  1.41E-01  0.00E+00  0.00E+00  0.00E+00  0.00E+00 -2.1714E-05
     26  3.53E-03  1.45E-01  0.00E+00  0.00E+00  0.00E+00  0.00E+00 -2.2454E-05
     27  3.89E-03  1.49E-01  0.00E+00  0.00E+00  0.00E+00  0.00E+00 -2.3276E-05
     28  3.89E-03  1.53E-01  0.00E+00  0.00E+00  0.00E+00  0.00E+00 -2.4114E-05
     29  1.94E-03  1.55E-01  0.00E+00  0.00E+00  0.00E+00  0.00E+00 -2.4533E-05
     30  2.14E-03  1.57E-01  0.00E+00  0.00E+00  0.00E+00  0.00E+00 -2.4993E-05
     31  2.35E-03  1.59E-01  0.00E+00  0.00E+00  0.00E+00  0.00E+00 -2.5505E-05
     32  2.59E-03  1.62E-01  0.00E+00  0.00E+00  0.00E+00  0.00E+00 -2.6073E-05
     33  2.59E-03  1.64E-01  0.00E+00  0.00E+00  0.00E+00  0.00E+00 -2.6647E-05
     34  2.59E-03  1.67E-01  0.00E+00  0.00E+00  0.00E+00  0.00E+00 -2.7225E-05
     35  2.59E-03  1.70E-01  0.00E+00  0.00E+00  0.00E+00  0.00E+00 -2.7807E-05
     36  2.84E-03  1.72E-01  0.00E+00  0.00E+00  0.00E+00  0.00E+00 -2.8451E-05
     37  2.84E-03  1.75E-01  0.00E+00  0.00E+00  0.00E+00  0.00E+00 -2.9100E-05
     38  2.84E-03  1.78E-01  0.00E+00  0.00E+00  0.00E+00  0.00E+00 -2.9752E-05
     39  3.13E-03  1.81E-01  0.00E+00  0.00E+00  0.00E+00  0.00E+00 -3.0473E-05
     40  3.13E-03  1.84E-01  0.00E+00  0.00E+00  0.00E+00  0.00E+00 -3.1199E-05
     41  3.13E-03  1.87E-01  0.00E+00  0.00E+00  0.00E+00  0.00E+00 -3.1929E-05
     42  3.44E-03  1.91E-01  0.00E+00  0.00E+00  0.00E+00  0.00E+00 -3.2739E-05
     43  3.44E-03  1.94E-01  0.00E+00  0.00E+00  0.00E+00  0.00E+00 -3.3556E-05
     44  3.44E-03  1.98E-01  0.00E+00  0.00E+00  0.00E+00  0.00E+00 -3.4376E-05
     45  3.79E-03  2.02E-01  0.00E+00  0.00E+00  0.00E+00  0.00E+00 -3.5287E-05
     46  3.79E-03  2.05E-01  0.00E+00  0.00E+00  0.00E+00  0.00E+00 -3.6209E-05
     47  1.89E-03  2.07E-01  0.00E+00  0.00E+00  0.00E+00  0.00E+00 -3.6669E-05
     48  2.08E-03  2.09E-01  0.00E+00  0.00E+00  0.00E+00  0.00E+00 -3.7175E-05
     49  2.29E-03  2.12E-01  0.00E+00  0.00E+00  0.00E+00  0.00E+00 -3.7738E-05
     50  1.15E-03  2.13E-01  0.00E+00  0.00E+00  0.00E+00  0.00E+00 -3.8020E-05
     51  1.26E-03  2.14E-01  0.00E+00  0.00E+00  0.00E+00  0.00E+00 -3.8329E-05
     52  1.39E-03  2.15E-01  0.00E+00  0.00E+00  0.00E+00  0.00E+00 -3.8671E-05
     53  1.52E-03  2.17E-01  0.00E+00  0.00E+00  0.00E+00  0.00E+00 -3.9051E-05
     54  1.52E-03  2.18E-01  0.00E+00  0.00E+00  0.00E+00  0.00E+00 -3.9433E-05
     55  1.68E-03  2.20E-01  0.00E+00  0.00E+00  0.00E+00  0.00E+00 -3.9855E-05
     56  1.84E-03  2.22E-01  0.00E+00  0.00E+00  0.00E+00  0.00E+00 -4.0321E-05
     57  1.84E-03  2.24E-01  0.00E+00  0.00E+00  0.00E+00  0.00E+00 -4.0789E-05
     58  2.03E-03  2.26E-01  0.00E+00  0.00E+00  0.00E+00  0.00E+00 -4.1306E-05
     59  2.23E-03  2.28E-01  0.00E+00  0.00E+00  0.00E+00  0.00E+00 -4.1876E-05
     60  2.23E-03  2.30E-01  0.00E+00  0.00E+00  0.00E+00  0.00E+00 -4.2449E-05
     61  2.46E-03  2.33E-01  0.00E+00  0.00E+00  0.00E+00  0.00E+00 -4.3082E-05
     62  2.46E-03  2.35E-01  0.00E+00  0.00E+00  0.00E+00  0.00E+00 -4.3716E-05
     63  2.70E-03  2.38E-01  0.00E+00  0.00E+00  0.00E+00  0.00E+00 -4.4417E-05
     64  2.70E-03  2.41E-01  0.00E+00  0.00E+00  0.00E+00  0.00E+00 -4.5121E-05
     65  2.70E-03  2.43E-01  0.00E+00  0.00E+00  0.00E+00  0.00E+00 -4.5827E-05
     66  2.70E-03  2.46E-01  0.00E+00  0.00E+00  0.00E+00  0.00E+00 -4.6536E-05
     67  2.97E-03  2.49E-01  0.00E+00  0.00E+00  0.00E+00  0.00E+00 -4.7320E-05
     68  2.97E-03  2.52E-01  0.00E+00  0.00E+00  0.00E+00  0.00E+00 -4.8106E-05
     69  3.27E-03  2.55E-01  0.00E+00  0.00E+00  0.00E+00  0.00E+00 -4.8975E-05
     70  3.27E-03  2.59E-01  0.00E+00  0.00E+00  0.00E+00  0.00E+00 -4.9848E-05
     71  3.27E-03  2.62E-01  0.00E+00  0.00E+00  0.00E+00  0.00E+00 -5.0726E-05
     72  3.27E-03  2.65E-01  0.00E+00  0.00E+00  0.00E+00  0.00E+00 -5.1607E-05
     73  3.59E-03  2.69E-01  0.00E+00  0.00E+00  0.00E+00  0.00E+00 -5.2579E-05
     74  3.95E-03  2.73E-01  0.00E+00  0.00E+00  0.00E+00  0.00E+00 -5.3654E-05
     75  4.35E-03  2.77E-01  0.00E+00  0.00E+00  0.00E+00  0.00E+00 -5.4843E-05
     76  4.35E-03  2.81E-01  0.00E+00  0.00E+00  0.00E+00  0.00E+00 -5.6039E-05
     77  4.35E-03  2.86E-01  0.00E+00  0.00E+00  0.00E+00  0.00E+00 -5.7239E-05
     78  4.78E-03  2.90E-01  0.00E+00  0.00E+00  0.00E+00  0.00E+00 -5.8566E-05
     79  5.26E-03  2.96E-01  0.00E+00  0.00E+00  0.00E+00  0.00E+00 -6.0034E-05
     80  5.26E-03  3.01E-01  0.00E+00  0.00E+00  0.00E+00  0.00E+00 -6.1511E-05
     81  5.79E-03  3.07E-01  0.00E+00  0.00E+00  0.00E+00  0.00E+00 -6.3144E-05
     82  5.79E-03  3.13E-01  0.00E+00  0.00E+00  0.00E+00  0.00E+00 -6.4787E-05
     83  6.37E-03  3.19E-01  0.00E+00  0.00E+00  0.00E+00  0.00E+00 -6.6604E-05
     84  6.37E-03  3.25E-01  0.00E+00  0.00E+00  0.00E+00  0.00E+00 -6.8432E-05
     85  7.00E-03  3.32E-01  0.00E+00  0.00E+00  0.00E+00  0.00E+00 -7.0456E-05
     86  7.00E-03  3.39E-01  0.00E+00  0.00E+00  0.00E+00  0.00E+00 -7.2492E-05
     87  7.71E-03  3.47E-01  0.00E+00  0.00E+00  0.00E+00  0.00E+00 -7.4745E-05
     88  8.48E-03  3.55E-01  0.00E+00  0.00E+00  0.00E+00  0.00E+00 -7.7240E-05
     89  8.48E-03  3.64E-01  0.00E+00  0.00E+00  0.00E+00  0.00E+00 -7.9752E-05
     90  8.48E-03  3.72E-01  0.00E+00  0.00E+00  0.00E+00  0.00E+00 -8.2279E-05
     91  9.32E-03  3.82E-01  0.00E+00  0.00E+00  0.00E+00  0.00E+00 -8.5079E-05
     92  9.32E-03  3.91E-01  0.00E+00  0.00E+00  0.00E+00  0.00E+00 -8.7898E-05
     93  1.03E-02  4.01E-01  0.00E+00  0.00E+00  0.00E+00  0.00E+00 -9.1017E-05
     94  1.13E-02  4.13E-01  0.00E+00  0.00E+00  0.00E+00  0.00E+00 -9.4476E-05
     95  1.13E-02  4.24E-01  0.00E+00  0.00E+00  0.00E+00  0.00E+00 -9.7960E-05
     96  1.13E-02  4.35E-01  0.00E+00  0.00E+00  0.00E+00  0.00E+00 -1.0147E-04
     97  1.24E-02  4.48E-01  0.00E+00  0.00E+00  0.00E+00  0.00E+00 -1.0535E-04
     98  1.24E-02  4.60E-01  0.00E+00  0.00E+00  0.00E+00  0.00E+00 -1.0926E-04
     99  1.36E-02  4.74E-01  0.00E+00  0.00E+00  0.00E+00  0.00E+00 -1.1359E-04
    100  1.36E-02  4.87E-01  0.00E+00  0.00E+00  0.00E+00  0.00E+00 -1.1796E-04
    101  1.50E-02  5.02E-01  0.00E+00  0.00E+00  0.00E+00  0.00E+00 -1.2279E-04
    102  1.65E-02  5.19E-01  0.00E+00  0.00E+00  0.00E+00  0.00E+00 -1.2814E-04
    103  1.65E-02  5.35E-01  0.00E+00  0.00E+00  0.00E+00  0.00E+00 -1.3354E-04
    104  1.65E-02  5.52E-01  0.00E+00  0.00E+00  0.00E+00  0.00E+00 -1.3897E-04
    105  1.82E-02  5.70E-01  0.00E+00  0.00E+00  0.00E+00  0.00E+00 -1.4498E-04
    106  1.82E-02  5.88E-01  0.00E+00  0.00E+00  0.00E+00  0.00E+00 -1.5104E-04
    107  2.00E-02  6.08E-01  0.00E+00  0.00E+00  0.00E+00  0.00E+00 -1.5774E-04
    108  2.20E-02  6.30E-01  0.00E+00  0.00E+00  0.00E+00  0.00E+00 -1.6517E-04
    109  2.20E-02  6.52E-01  0.00E+00  0.00E+00  0.00E+00  0.00E+00 -1.7264E-04
    110  2.42E-02  6.76E-01  0.00E+00  0.00E+00  0.00E+00  0.00E+00 -1.8092E-04
    111  2.42E-02  7.01E-01  0.00E+00  0.00E+00  0.00E+00  0.00E+00 -1.8925E-04
    112  2.42E-02  7.25E-01  0.00E+00  0.00E+00  0.00E+00  0.00E+00 -1.9763E-04
    113  2.66E-02  7.51E-01  0.00E+00  0.00E+00  0.00E+00  0.00E+00 -2.0689E-04
    114  2.93E-02  7.81E-01  0.00E+00  0.00E+00  0.00E+00  0.00E+00 -2.1715E-04
    115  2.93E-02  8.10E-01  0.00E+00  0.00E+00  0.00E+00  0.00E+00 -2.2747E-04
    116  3.22E-02  8.42E-01  0.00E+00  0.00E+00  0.00E+00  0.00E+00 -2.3889E-04
    117  3.54E-02  8.77E-01  0.00E+00  0.00E+00  0.00E+00  0.00E+00 -2.5152E-04
    118  3.89E-02  9.16E-01  0.00E+00  0.00E+00  0.00E+00  0.00E+00 -2.6548E-04
    119  4.28E-02  9.59E-01  0.00E+00  0.00E+00  0.00E+00  0.00E+00 -2.8093E-04
    120  4.71E-02  1.01E+00  0.00E+00  0.00E+00  0.00E+00  0.00E+00 -2.9800E-04
    121  4.71E-02  1.05E+00  0.00E+00  0.00E+00  0.00E+00  0.00E+00 -3.1517E-04
    122  4.71E-02  1.10E+00  0.00E+00  0.00E+00  0.00E+00  0.00E+00 -3.3241E-04
    123  5.18E-02  1.15E+00  0.00E+00  0.00E+00  0.00E+00  0.00E+00 -3.5142E-04
    124  5.70E-02  1.21E+00  0.00E+00  0.00E+00  0.00E+00  0.00E+00 -3.7245E-04
    125  5.70E-02  1.27E+00  0.00E+00  0.00E+00  0.00E+00  0.00E+00 -3.9354E-04
    126  6.27E-02  1.33E+00  0.00E+00  0.00E+00  0.00E+00  0.00E+00 -4.1680E-04
    127  6.90E-02  1.40E+00  0.00E+00  0.00E+00  0.00E+00  0.00E+00 -4.4248E-04
    128  6.90E-02  1.47E+00  0.00E+00  0.00E+00  0.00E+00  0.00E+00 -4.6823E-04
    129  7.59E-02  1.54E+00  0.00E+00  0.00E+00  0.00E+00  0.00E+00 -4.9632E-04
    130  8.35E-02  1.63E+00  0.00E+00  0.00E+00  0.00E+00  0.00E+00 -5.2719E-04
    131  9.18E-02  1.72E+00  0.00E+00  0.00E+00  0.00E+00  0.00E+00 -5.6146E-04
    132  9.18E-02  1.81E+00  0.00E+00  0.00E+00  0.00E+00  0.00E+00 -5.9580E-04
    133  1.01E-01  1.91E+00  0.00E+00  0.00E+00  0.00E+00  0.00E+00 -6.3363E-04
    134  1.11E-01  2.02E+00  0.00E+00  0.00E+00  0.00E+00  0.00E+00 -6.7519E-04
    135  1.22E-01  2.14E+00  0.00E+00  0.00E+00  0.00E+00  0.00E+00 -7.2098E-04
    136  1.22E-01  2.27E+00  0.00E+00  0.00E+00  0.00E+00  0.00E+00 -7.6691E-04
    137  1.34E-01  2.40E+00  0.00E+00  0.00E+00  0.00E+00  0.00E+00 -8.1747E-04
    138  1.48E-01  2.55E+00  0.00E+00  0.00E+00  0.00E+00  0.00E+00 -8.7318E-04
    139  1.48E-01  2.70E+00  0.00E+00  0.00E+00  0.00E+00  0.00E+00 -9.2891E-04
    140  1.63E-01  2.86E+00  0.00E+00  0.00E+00  0.00E+00  0.00E+00 -9.9021E-04
    141  1.79E-01  3.04E+00  0.00E+00  0.00E+00  0.00E+00  0.00E+00 -1.0577E-03
    142  1.79E-01  3.22E+00  0.00E+00  0.00E+00  0.00E+00  0.00E+00 -1.1251E-03
    143  1.97E-01  3.41E+00  0.00E+00  0.00E+00  0.00E+00  0.00E+00 -1.1992E-03
    144  2.17E-01  3.63E+00  0.00E+00  0.00E+00  0.00E+00  0.00E+00 -1.2807E-03
    145  2.38E-01  3.87E+00  0.00E+00  0.00E+00  0.00E+00  0.00E+00 -1.3703E-03
    146  2.62E-01  4.13E+00  0.00E+00  0.00E+00  0.00E+00  0.00E+00 -1.4688E-03
    147  2.88E-01  4.42E+00  0.00E+00  0.00E+00  0.00E+00  0.00E+00 -1.5770E-03
    148  3.17E-01  4.74E+00  0.00E+00  0.00E+00  0.00E+00  0.00E+00 -1.6961E-03
    149  3.17E-01  5.05E+00  0.00E+00  0.00E+00  0.00E+00  0.00E+00 -1.8152E-03
    150  3.49E-01  5.40E+00  0.00E+00  0.00E+00  0.00E+00  0.00E+00 -1.9459E-03
    151  3.84E-01  5.79E+00  0.00E+00  0.00E+00  0.00E+00  0.00E+00 -2.0897E-03
    152  4.22E-01  6.21E+00  0.00E+00  0.00E+00  0.00E+00  0.00E+00 -2.2478E-03
    153  4.22E-01  6.63E+00  0.00E+00  0.00E+00  0.00E+00  0.00E+00 -2.4058E-03
    154  4.22E-01  7.05E+00  0.00E+00  0.00E+00  0.00E+00  0.00E+00 -2.5638E-03
    155  4.64E-01  7.52E+00  0.00E+00  0.00E+00  0.00E+00  0.00E+00 -2.7374E-03
    156  5.11E-01  8.03E+00  0.00E+00  0.00E+00  0.00E+00  0.00E+00 -2.9283E-03
    157  5.62E-01  8.59E+00  0.00E+00  0.00E+00  0.00E+00  0.00E+00 -3.1382E-03
    158  6.18E-01  9.21E+00  0.00E+00  0.00E+00  0.00E+00  0.00E+00 -3.3690E-03
    159  6.80E-01  9.89E+00  0.00E+00  0.00E+00  0.00E+00  0.00E+00 -3.6228E-03
    160  6.80E-01  1.06E+01  0.00E+00  0.00E+00  0.00E+00  0.00E+00 -3.8764E-03
    161  7.48E-01  1.13E+01  0.00E+00  0.00E+00  0.00E+00  0.00E+00 -4.1550E-03
    162  8.22E-01  1.21E+01  0.00E+00  0.00E+00  0.00E+00  0.00E+00 -4.4614E-03
    163  9.05E-01  1.30E+01  0.00E+00  0.00E+00  0.00E+00  0.00E+00 -4.7982E-03
    164  9.95E-01  1.40E+01  0.00E+00  0.00E+00  0.00E+00  0.00E+00 -5.1684E-03
    165  1.09E+00  1.51E+01  0.00E+00  0.00E+00  0.00E+00  0.00E+00 -5.5754E-03
    166  1.09E+00  1.62E+01  0.00E+00  0.00E+00  0.00E+00  0.00E+00 -5.9822E-03
    167  1.20E+00  1.74E+01  0.00E+00  0.00E+00  0.00E+00  0.00E+00 -6.4293E-03
    168  1.20E+00  1.86E+01  0.00E+00  0.00E+00  0.00E+00  0.00E+00 -6.8760E-03
    169  1.32E+00  2.00E+01  0.00E+00  0.00E+00  0.00E+00  0.00E+00 -7.3671E-03
    170  1.32E+00  2.13E+01  0.00E+00  0.00E+00  0.00E+00  0.00E+00 -7.8578E-03
    171  1.46E+00  2.27E+01  0.00E+00  0.00E+00  0.00E+00  0.00E+00 -8.3972E-03
    172  1.46E+00  2.42E+01  0.00E+00  0.00E+00  0.00E+00  0.00E+00 -8.9361E-03
    173  1.60E+00  2.58E+01  0.00E+00  0.00E+00  0.00E+00  0.00E+00 -9.5286E-03
    174  1.60E+00  2.74E+01  0.00E+00  0.00E+00  0.00E+00  0.00E+00 -1.0121E-02
    175  1.76E+00  2.92E+01  0.00E+00  0.00E+00  0.00E+00  0.00E+00 -1.0771E-02
    176  1.94E+00  3.11E+01  0.00E+00  0.00E+00  0.00E+00  0.00E+00 -1.1486E-02
    177  2.13E+00  3.32E+01  0.00E+00  0.00E+00  0.00E+00  0.00E+00 -1.2272E-02
    178  2.35E+00  3.56E+01  0.00E+00  0.00E+00  0.00E+00  0.00E+00 -1.3137E-02
    179  2.35E+00  3.79E+01  0.00E+00  0.00E+00  0.00E+00  0.00E+00 -1.4000E-02
    180  2.58E+00  4.05E+01  0.00E+00  0.00E+00  0.00E+00  0.00E+00 -1.4949E-02
    181  2.84E+00  4.33E+01  0.00E+00  0.00E+00  0.00E+00  0.00E+00 -1.5991E-02
    182  3.12E+00  4.65E+01  0.00E+00  0.00E+00  0.00E+00  0.00E+00 -1.7137E-02
    183  3.12E+00  4.96E+01  0.00E+00  0.00E+00  0.00E+00  0.00E+00 -1.8282E-02
    184  3.43E+00  5.30E+01  0.00E+00  0.00E+00  0.00E+00  0.00E+00 -1.9539E-02
    185  3.78E+00  5.68E+01  0.00E+00  0.00E+00  0.00E+00  0.00E+00 -2.0920E-02
    186  3.78E+00  6.06E+01  0.00E+00  0.00E+00  0.00E+00  0.00E+00 -2.2300E-02
    187  4.16E+00  6.47E+01  0.00E+00  0.00E+00  0.00E+00  0.00E+00 -2.3815E-02
    188  4.57E+00  6.93E+01  0.00E+00  0.00E+00  0.00E+00  0.00E+00 -2.5479E-02
    189  5.03E+00  7.43E+01  0.00E+00  0.00E+00  0.00E+00  0.00E+00 -2.7308E-02
    190  5.53E+00  7.99E+01  0.00E+00  0.00E+00  0.00E+00  0.00E+00 -2.9317E-02
    191  5.53E+00  8.54E+01  0.00E+00  0.00E+00  0.00E+00  0.00E+00 -3.1322E-02
    192  6.09E+00  9.15E+01  0.00E+00  0.00E+00  0.00E+00  0.00E+00 -3.3523E-02
    193  6.69E+00  9.82E+01  0.00E+00  0.00E+00  0.00E+00  0.00E+00 -3.5939E-02
    194  7.36E+00  1.06E+02  0.00E+00  0.00E+00  0.00E+00  0.00E+00 -3.8592E-02
    195  7.36E+00  1.13E+02  0.00E+00  0.00E+00  0.00E+00  0.00E+00 -4.1240E-02
    196  8.10E+00  1.21E+02  0.00E+00  0.00E+00  0.00E+00  0.00E+00 -4.4144E-02
    197  8.91E+00  1.30E+02  0.00E+00  0.00E+00  0.00E+00  0.00E+00 -4.7333E-02
    198  8.91E+00  1.39E+02  0.00E+00  0.00E+00  0.00E+00  0.00E+00 -5.0515E-02
    199  8.91E+00  1.48E+02  0.00E+00  0.00E+00  0.00E+00  0.00E+00 -5.3688E-02
    200  8.91E+00  1.57E+02  0.00E+00  0.00E+00  0.00E+00  0.00E+00 -5.6852E-02
    201  9.80E+00  1.66E+02  0.00E+00  0.00E+00  0.00E+00  0.00E+00 -6.0324E-02
    202  9.80E+00  1.76E+02  0.00E+00  0.00E+00  0.00E+00  0.00E+00 -6.3787E-02
    203  1.08E+01  1.87E+02  0.00E+00  0.00E+00  0.00E+00  0.00E+00 -6.7586E-02
    204  1.08E+01  1.98E+02  0.00E+00  0.00E+00  0.00E+00  0.00E+00 -7.1376E-02
    205  1.08E+01  2.09E+02  0.00E+00  0.00E+00  0.00E+00  0.00E+00 -7.5155E-02
    206  1.19E+01  2.20E+02  0.00E+00  0.00E+00  0.00E+00  0.00E+00 -7.9299E-02
    207  1.30E+01  2.33E+02  0.00E+00  0.00E+00  0.00E+00  0.00E+00 -8.3844E-02
    208  1.43E+01  2.48E+02  0.00E+00  0.00E+00  0.00E+00  0.00E+00 -8.8827E-02
    209  1.58E+01  2.64E+02  0.00E+00  0.00E+00  0.00E+00  0.00E+00 -9.4287E-02
    210  1.74E+01  2.81E+02  0.00E+00  0.00E+00  0.00E+00  0.00E+00 -1.0027E-01
    211  1.74E+01  2.98E+02  0.00E+00  0.00E+00  0.00E+00  0.00E+00 -1.0623E-01
    212  1.74E+01  3.16E+02  0.00E+00  0.00E+00  0.00E+00  0.00E+00 -1.1216E-01
    213  1.74E+01  3.33E+02  0.00E+00  0.00E+00  0.00E+00  0.00E+00 -1.1807E-01
    214  1.74E+01  3.50E+02  0.00E+00  0.00E+00  0.00E+00  0.00E+00 -1.2395E-01
    215  1.74E+01  3.68E+02  0.00E+00  0.00E+00  0.00E+00  0.00E+00 -1.2980E-01
    216  1.74E+01  3.85E+02  0.00E+00  0.00E+00  0.00E+00  0.00E+00 -1.3563E-01
    217  1.74E+01  4.03E+02  0.00E+00  0.00E+00  0.00E+00  0.00E+00 -1.4143E-01
    218  1.74E+01  4.20E+02  0.00E+00  0.00E+00  0.00E+00  0.00E+00 -1.4721E-01
    219  1.74E+01  4.37E+02  0.00E+00  0.00E+00  0.00E+00  0.00E+00 -1.5296E-01
    220  1.91E+01  4.56E+02  0.00E+00  0.00E+00  0.00E+00  0.00E+00 -1.5929E-01
    221  1.91E+01  4.75E+02  0.00E+00  0.00E+00  0.00E+00  0.00E+00 -1.6558E-01
    222  2.10E+01  4.96E+02  0.00E+00  0.00E+00  0.00E+00  0.00E+00 -1.7246E-01
    223  2.10E+01  5.17E+02  0.00E+00  0.00E+00  0.00E+00  0.00E+00 -1.7931E-01
    224  2.31E+01  5.41E+02  0.00E+00  0.00E+00  0.00E+00  0.00E+00 -1.8680E-01
    225  2.31E+01  5.64E+02  0.00E+00  0.00E+00  0.00E+00  0.00E+00 -1.9426E-01
    226  2.31E+01  5.87E+02  0.00E+00  0.00E+00  0.00E+00  0.00E+00 -2.0168E-01
    227  2.31E+01  6.10E+02  0.00E+00  0.00E+00  0.00E+00  0.00E+00 -2.0906E-01
    228  2.31E+01  6.33E+02  0.00E+00  0.00E+00  0.00E+00  0.00E+00 -2.1640E-01
    229  2.31E+01  6.56E+02  0.00E+00  0.00E+00  0.00E+00  0.00E+00 -2.2369E-01
    230  2.54E+01  6.82E+02  0.00E+00  0.00E+00  0.00E+00  0.00E+00 -2.3169E-01
    231  2.54E+01  7.07E+02  0.00E+00  0.00E+00  0.00E+00  0.00E+00 -2.3963E-01
    232  2.80E+01  7.35E+02  0.00E+00  0.00E+00  0.00E+00  0.00E+00 -2.4831E-01
    233  2.80E+01  7.63E+02  0.00E+00  0.00E+00  0.00E+00  0.00E+00 -2.5694E-01
    234  3.08E+01  7.94E+02  0.00E+00  0.00E+00  0.00E+00  0.00E+00 -2.6638E-01
    235  3.08E+01  8.24E+02  0.00E+00  0.00E+00  0.00E+00  0.00E+00 -2.7576E-01
    236  3.38E+01  8.58E+02  0.00E+00  0.00E+00  0.00E+00  0.00E+00 -2.8601E-01
    237  3.38E+01  8.92E+02  0.00E+00  0.00E+00  0.00E+00  0.00E+00 -2.9620E-01
    238  3.38E+01  9.26E+02  0.00E+00  0.00E+00  0.00E+00  0.00E+00 -3.0631E-01
    239  3.38E+01  9.60E+02  0.00E+00  0.00E+00  0.00E+00  0.00E+00 -3.1636E-01
    240  3.38E+01  9.94E+02  0.00E+00  0.00E+00  0.00E+00  0.00E+00 -3.2632E-01
    241  3.72E+01  1.03E+03  0.00E+00  0.00E+00  0.00E+00  0.00E+00 -3.3721E-01
    242  3.72E+01  1.07E+03  0.00E+00  0.00E+00  0.00E+00  0.00E+00 -3.4802E-01
    243  3.72E+01  1.11E+03  0.00E+00  0.00E+00  0.00E+00  0.00E+00 -3.5875E-01
    244  3.72E+01  1.14E+03  0.00E+00  0.00E+00  0.00E+00  0.00E+00 -3.6941E-01
    245  3.72E+01  1.18E+03  0.00E+00  0.00E+00  0.00E+00  0.00E+00 -3.8000E-01
    246  3.72E+01  1.22E+03  0.00E+00  0.00E+00  0.00E+00  0.00E+00 -3.9050E-01
    247  4.09E+01  1.26E+03  0.00E+00  0.00E+00  0.00E+00  0.00E+00 -4.0198E-01
    248  4.09E+01  1.30E+03  0.00E+00  0.00E+00  0.00E+00  0.00E+00 -4.1340E-01
    249  4.09E+01  1.34E+03  0.00E+00  0.00E+00  0.00E+00  0.00E+00 -4.2472E-01
    250  4.09E+01  1.38E+03  0.00E+00  0.00E+00  0.00E+00  0.00E+00 -4.3594E-01
    251  4.09E+01  1.42E+03  0.00E+00  0.00E+00  0.00E+00  0.00E+00 -4.4709E-01
    252  4.09E+01  1.46E+03  0.00E+00  0.00E+00  0.00E+00  0.00E+00 -4.5816E-01
    253  4.09E+01  1.50E+03  0.00E+00  0.00E+00  0.00E+00  0.00E+00 -4.6916E-01
    254  4.09E+01  1.54E+03  0.00E+00  0.00E+00  0.00E+00  0.00E+00 -4.8009E-01
    255  4.09E+01  1.59E+03  0.00E+00  0.00E+00  0.00E+00  0.00E+00 -4.9092E-01
    256  4.50E+01  1.63E+03  0.00E+00  0.00E+00  0.00E+00  0.00E+00 -5.0278E-01
    257  4.50E+01  1.68E+03  0.00E+00  0.00E+00  0.00E+00  0.00E+00 -5.1455E-01
    258  4.50E+01  1.72E+03  0.00E+00  0.00E+00  0.00E+00  0.00E+00 -5.2623E-01
    259  4.50E+01  1.77E+03  0.00E+00  0.00E+00  0.00E+00  0.00E+00 -5.3784E-01
    260  4.50E+01  1.81E+03  0.00E+00  0.00E+00  0.00E+00  0.00E+00 -5.4936E-01
    261  4.50E+01  1.86E+03  0.00E+00  0.00E+00  0.00E+00  0.00E+00 -5.6081E-01
    262  4.50E+01  1.90E+03  0.00E+00  0.00E+00  0.00E+00  0.00E+00 -5.7217E-01
    263  4.50E+01  1.95E+03  0.00E+00  0.00E+00  0.00E+00  0.00E+00 -5.8346E-01
    264  4.50E+01  1.99E+03  0.00E+00  0.00E+00  0.00E+00  0.00E+00 -5.9465E-01
    265  4.95E+01  2.04E+03  0.00E+00  0.00E+00  0.00E+00  0.00E+00 -6.0687E-01
    266  5.45E+01  2.09E+03  0.00E+00  0.00E+00  0.00E+00  0.00E+00 -6.2024E-01
    267  5.45E+01  2.15E+03  0.00E+00  0.00E+00  0.00E+00  0.00E+00 -6.3353E-01
    268  5.45E+01  2.20E+03  0.00E+00  0.00E+00  0.00E+00  0.00E+00 -6.4667E-01
    269  5.99E+01  2.26E+03  0.00E+00  0.00E+00  0.00E+00  0.00E+00 -6.6102E-01
    270  5.99E+01  2.32E+03  0.00E+00  0.00E+00  0.00E+00  0.00E+00 -6.7525E-01
    271  5.99E+01  2.38E+03  0.00E+00  0.00E+00  0.00E+00  0.00E+00 -6.8934E-01
    272  5.99E+01  2.44E+03  0.00E+00  0.00E+00  0.00E+00  0.00E+00 -7.0333E-01
    273  5.99E+01  2.50E+03  0.00E+00  0.00E+00  0.00E+00  0.00E+00 -7.1721E-01
    274  5.99E+01  2.56E+03  0.00E+00  0.00E+00  0.00E+00  0.00E+00 -7.3095E-01
    275  5.99E+01  2.62E+03  0.00E+00  0.00E+00  0.00E+00  0.00E+00 -7.4460E-01
    276  5.99E+01  2.68E+03  0.00E+00  0.00E+00  0.00E+00  0.00E+00 -7.5814E-01
    277  5.99E+01  2.74E+03  0.00E+00  0.00E+00  0.00E+00  0.00E+00 -7.7154E-01
    278  5.99E+01  2.80E+03  0.00E+00  0.00E+00  0.00E+00  0.00E+00 -7.8484E-01
    279  5.99E+01  2.86E+03  0.00E+00  0.00E+00  0.00E+00  0.00E+00 -7.9805E-01
    280  5.99E+01  2.92E+03  0.00E+00  0.00E+00  0.00E+00  0.00E+00 -8.1116E-01
    281  5.99E+01  2.98E+03  0.00E+00  0.00E+00  0.00E+00  0.00E+00 -8.2415E-01
    282  6.59E+01  3.05E+03  0.00E+00  0.00E+00  0.00E+00  0.00E+00 -8.3832E-01
    283  7.25E+01  3.12E+03  0.00E+00  0.00E+00  0.00E+00  0.00E+00 -8.5379E-01
    284  7.25E+01  3.19E+03  0.00E+00  0.00E+00  0.00E+00  0.00E+00 -8.6914E-01
    285  7.25E+01  3.27E+03  0.00E+00  0.00E+00  0.00E+00  0.00E+00 -8.8436E-01
    286  7.25E+01  3.34E+03  0.00E+00  0.00E+00  0.00E+00  0.00E+00 -8.9943E-01
    287  7.25E+01  3.41E+03  0.00E+00  0.00E+00  0.00E+00  0.00E+00 -9.1433E-01
    288  7.98E+01  3.49E+03  0.00E+00  0.00E+00  0.00E+00  0.00E+00 -9.3057E-01
    289  8.78E+01  3.58E+03  0.00E+00  0.00E+00  0.00E+00  0.00E+00 -9.4829E-01
    290  8.78E+01  3.67E+03  0.00E+00  0.00E+00  0.00E+00  0.00E+00 -9.6583E-01
    291  9.65E+01  3.76E+03  0.00E+00  0.00E+00  0.00E+00  0.00E+00 -9.8497E-01
    292  9.65E+01  3.86E+03  0.00E+00  0.00E+00  0.00E+00  0.00E+00 -1.0039E+00
    293  9.65E+01  3.96E+03  0.00E+00  0.00E+00  0.00E+00  0.00E+00 -1.0226E+00
    294  1.06E+02  4.06E+03  0.00E+00  0.00E+00  0.00E+00  0.00E+00 -1.0429E+00
    295  1.17E+02  4.18E+03  0.00E+00  0.00E+00  0.00E+00  0.00E+00 -1.0649E+00
    296  1.17E+02  4.30E+03  0.00E+00  0.00E+00  0.00E+00  0.00E+00 -1.0867E+00
    297  1.28E+02  4.42E+03  0.00E+00  0.00E+00  0.00E+00  0.00E+00 -1.1104E+00
    298  1.28E+02  4.55E+03  0.00E+00  0.00E+00  0.00E+00  0.00E+00 -1.1338E+00
    299  1.41E+02  4.69E+03  0.00E+00  0.00E+00  0.00E+00  0.00E+00 -1.1591E+00
    300  1.55E+02  4.85E+03  0.00E+00  0.00E+00  0.00E+00  0.00E+00 -1.1865E+00
    301  1.71E+02  5.02E+03  0.00E+00  0.00E+00  0.00E+00  0.00E+00 -1.2162E+00
    302  1.88E+02  5.21E+03  0.00E+00  0.00E+00  0.00E+00  0.00E+00 -1.2483E+00
    303  2.07E+02  5.42E+03  0.00E+00  0.00E+00  0.00E+00  0.00E+00 -1.2830E+00
    304  2.28E+02  5.64E+03  0.00E+00  0.00E+00  0.00E+00  0.00E+00 -1.3202E+00
    305  2.50E+02  5.89E+03  0.00E+00  0.00E+00  0.00E+00  0.00E+00 -1.3603E+00
    306  2.75E+02  6.17E+03  0.00E+00  0.00E+00  0.00E+00  0.00E+00 -1.4033E+00
    307  3.03E+02  6.47E+03  0.00E+00  0.00E+00  0.00E+00  0.00E+00 -1.4494E+00
    308  3.33E+02  6.81E+03  0.00E+00  0.00E+00  0.00E+00  0.00E+00 -1.4986E+00
    309  3.33E+02  7.14E+03  0.00E+00  0.00E+00  0.00E+00  0.00E+00 -1.5465E+00
    310  3.67E+02  7.51E+03  0.00E+00  0.00E+00  0.00E+00  0.00E+00 -1.5976E+00
    311  4.03E+02  7.91E+03  0.00E+00  0.00E+00  0.00E+00  0.00E+00 -1.6520E+00
    312  4.44E+02  8.35E+03  0.00E+00  0.00E+00  0.00E+00  0.00E+00 -1.7100E+00
    313  4.44E+02  8.80E+03  0.00E+00  0.00E+00  0.00E+00  0.00E+00 -1.7660E+00
    314  4.88E+02  9.28E+03  0.00E+00  0.00E+00  0.00E+00  0.00E+00 -1.8253E+00
    315  5.37E+02  9.82E+03  0.00E+00  0.00E+00  0.00E+00  0.00E+00 -1.8883E+00
    316  5.90E+02  1.04E+04  0.00E+00  0.00E+00  0.00E+00  0.00E+00 -1.9547E+00
    317  5.90E+02  1.10E+04  0.00E+00  0.00E+00  0.00E+00  0.00E+00 -2.0185E+00
    318  6.49E+02  1.16E+04  0.00E+00  0.00E+00  0.00E+00  0.00E+00 -2.0860E+00
    319  7.14E+02  1.24E+04  0.00E+00  0.00E+00  0.00E+00  0.00E+00 -2.1569E+00
    320  7.14E+02  1.31E+04  0.00E+00  0.00E+00  0.00E+00  0.00E+00 -2.2246E+00
    321  7.86E+02  1.39E+04  0.00E+00  0.00E+00  0.00E+00  0.00E+00 -2.2961E+00
    322  7.86E+02  1.47E+04  0.00E+00  0.00E+00  0.00E+00  0.00E+00 -2.3644E+00
    323  8.64E+02  1.55E+04  0.00E+00  0.00E+00  0.00E+00  0.00E+00 -2.4363E+00
    324  8.64E+02  1.64E+04  0.00E+00  0.00E+00  0.00E+00  0.00E+00 -2.5049E+00
    325  9.51E+02  1.73E+04  0.00E+00  0.00E+00  0.00E+00  0.00E+00 -2.5770E+00
    326  4.75E+02  1.78E+04  0.00E+00  0.00E+00  0.00E+00  0.00E+00 -2.6122E+00
    327  4.75E+02  1.83E+04  0.00E+00  0.00E+00  0.00E+00  0.00E+00 -2.6471E+00
    328  5.23E+02  1.88E+04  0.00E+00  0.00E+00  0.00E+00  0.00E+00 -2.6847E+00
    329  5.75E+02  1.94E+04  0.00E+00  0.00E+00  0.00E+00  0.00E+00 -2.7249E+00
    330  6.33E+02  2.00E+04  0.00E+00  0.00E+00  0.00E+00  0.00E+00 -2.7677E+00
    331  6.96E+02  2.07E+04  0.00E+00  0.00E+00  0.00E+00  0.00E+00 -2.8133E+00
    332  7.66E+02  2.15E+04  0.00E+00  0.00E+00  0.00E+00  0.00E+00 -2.8617E+00
    333  7.66E+02  2.22E+04  0.00E+00  0.00E+00  0.00E+00  0.00E+00 -2.9084E+00
    334  8.42E+02  2.31E+04  0.00E+00  0.00E+00  0.00E+00  0.00E+00 -2.9581E+00
    335  9.26E+02  2.40E+04  0.00E+00  0.00E+00  0.00E+00  0.00E+00 -3.0106E+00
    336  9.26E+02  2.49E+04  0.00E+00  0.00E+00  0.00E+00  0.00E+00 -3.0611E+00
    337  9.26E+02  2.59E+04  0.00E+00  0.00E+00  0.00E+00  0.00E+00 -3.1100E+00
    338  1.02E+03  2.69E+04  0.00E+00  0.00E+00  0.00E+00  0.00E+00 -3.1617E+00
    339  5.10E+02  2.74E+04  0.00E+00  0.00E+00  0.00E+00  0.00E+00 -3.1872E+00
    340  5.10E+02  2.79E+04  0.00E+00  0.00E+00  0.00E+00  0.00E+00 -3.2126E+00
    341  5.60E+02  2.85E+04  0.00E+00  0.00E+00  0.00E+00  0.00E+00 -3.2401E+00
    342  6.17E+02  2.91E+04  0.00E+00  0.00E+00  0.00E+00  0.00E+00 -3.2696E+00
    343  6.78E+02  2.98E+04  0.00E+00  0.00E+00  0.00E+00  0.00E+00 -3.3011E+00
    344  7.46E+02  3.05E+04  0.00E+00  0.00E+00  0.00E+00  0.00E+00 -3.3349E+00
    345  8.21E+02  3.13E+04  0.00E+00  0.00E+00  0.00E+00  0.00E+00 -3.3710E+00
    346  9.03E+02  3.22E+04  0.00E+00  0.00E+00  0.00E+00  0.00E+00 -3.4093E+00
    347  9.03E+02  3.31E+04  0.00E+00  0.00E+00  0.00E+00  0.00E+00 -3.4464E+00
    348  9.93E+02  3.41E+04  0.00E+00  0.00E+00  0.00E+00  0.00E+00 -3.4859E+00
    349  4.96E+02  3.46E+04  0.00E+00  0.00E+00  0.00E+00  0.00E+00 -3.5054E+00
    350  4.96E+02  3.51E+04  0.00E+00  0.00E+00  0.00E+00  0.00E+00 -3.5250E+00
    351  5.46E+02  3.57E+04  0.00E+00  0.00E+00  0.00E+00  0.00E+00 -3.5462E+00
    352  6.01E+02  3.63E+04  0.00E+00  0.00E+00  0.00E+00  0.00E+00 -3.5692E+00
    353  6.61E+02  3.69E+04  0.00E+00  0.00E+00  0.00E+00  0.00E+00 -3.5939E+00
    354  7.27E+02  3.76E+04  0.00E+00  0.00E+00  0.00E+00  0.00E+00 -3.6204E+00
    355  8.00E+02  3.84E+04  0.00E+00  0.00E+00  0.00E+00  0.00E+00 -3.6487E+00
    356  8.79E+02  3.93E+04  0.00E+00  0.00E+00  0.00E+00  0.00E+00 -3.6790E+00
    357  8.79E+02  4.02E+04  0.00E+00  0.00E+00  0.00E+00  0.00E+00 -3.7085E+00
    358  9.67E+02  4.12E+04  0.00E+00  0.00E+00  0.00E+00  0.00E+00 -3.7400E+00
    359  9.67E+02  4.21E+04  0.00E+00  0.00E+00  0.00E+00  0.00E+00 -3.7706E+00
    360  5.32E+02  4.27E+04  0.00E+00  0.00E+00  0.00E+00  0.00E+00 -3.7874E+00
    361  5.32E+02  4.32E+04  0.00E+00  0.00E+00  0.00E+00  0.00E+00 -3.8041E+00
    362  5.85E+02  4.38E+04  0.00E+00  0.00E+00  0.00E+00  0.00E+00 -3.8223E+00
    363  6.44E+02  4.44E+04  0.00E+00  0.00E+00  0.00E+00  0.00E+00 -3.8420E+00
    364  7.08E+02  4.51E+04  0.00E+00  0.00E+00  0.00E+00  0.00E+00 -3.8632E+00
    365  7.79E+02  4.59E+04  0.00E+00  0.00E+00  0.00E+00  0.00E+00 -3.8861E+00
    366  8.57E+02  4.68E+04  0.00E+00  0.00E+00  0.00E+00  0.00E+00 -3.9105E+00
    367  9.43E+02  4.77E+04  0.00E+00  0.00E+00  0.00E+00  0.00E+00 -3.9366E+00
    368  9.43E+02  4.87E+04  0.00E+00  0.00E+00  0.00E+00  0.00E+00 -3.9621E+00
    369  5.18E+02  4.92E+04  0.00E+00  0.00E+00  0.00E+00  0.00E+00 -3.9760E+00
    370  5.18E+02  4.97E+04  0.00E+00  0.00E+00  0.00E+00  0.00E+00 -3.9900E+00
    371  5.70E+02  5.03E+04  0.00E+00  0.00E+00  0.00E+00  0.00E+00 -4.0052E+00
    372  6.27E+02  5.09E+04  0.00E+00  0.00E+00  0.00E+00  0.00E+00 -4.0216E+00
    373  6.90E+02  5.16E+04  0.00E+00  0.00E+00  0.00E+00  0.00E+00 -4.0395E+00
    374  7.59E+02  5.23E+04  0.00E+00  0.00E+00  0.00E+00  0.00E+00 -4.0587E+00
    375  8.35E+02  5.32E+04  0.00E+00  0.00E+00  0.00E+00  0.00E+00 -4.0794E+00
    376  9.18E+02  5.41E+04  0.00E+00  0.00E+00  0.00E+00  0.00E+00 -4.1015E+00
    377  9.18E+02  5.50E+04  0.00E+00  0.00E+00  0.00E+00  0.00E+00 -4.1232E+00
    378  1.01E+03  5.60E+04  0.00E+00  0.00E+00  0.00E+00  0.00E+00 -4.1465E+00
    379  1.01E+03  5.70E+04  0.00E+00  0.00E+00  0.00E+00  0.00E+00 -4.1692E+00
    380  5.56E+02  5.76E+04  0.00E+00  0.00E+00  0.00E+00  0.00E+00 -4.1817E+00
    381  5.56E+02  5.81E+04  0.00E+00  0.00E+00  0.00E+00  0.00E+00 -4.1942E+00
    382  6.11E+02  5.88E+04  0.00E+00  0.00E+00  0.00E+00  0.00E+00 -4.2078E+00
    383  6.72E+02  5.94E+04  0.00E+00  0.00E+00  0.00E+00  0.00E+00 -4.2225E+00
    384  7.40E+02  6.02E+04  0.00E+00  0.00E+00  0.00E+00  0.00E+00 -4.2384E+00
    385  8.14E+02  6.10E+04  0.00E+00  0.00E+00  0.00E+00  0.00E+00 -4.2555E+00
    386  8.95E+02  6.19E+04  0.00E+00  0.00E+00  0.00E+00  0.00E+00 -4.2740E+00
    387  8.95E+02  6.28E+04  0.00E+00  0.00E+00  0.00E+00  0.00E+00 -4.2921E+00
    388  9.84E+02  6.38E+04  0.00E+00  0.00E+00  0.00E+00  0.00E+00 -4.3115E+00
    389  9.84E+02  6.47E+04  0.00E+00  0.00E+00  0.00E+00  0.00E+00 -4.3306E+00
    390  5.41E+02  6.53E+04  0.00E+00  0.00E+00  0.00E+00  0.00E+00 -4.3411E+00
    391  5.41E+02  6.58E+04  0.00E+00  0.00E+00  0.00E+00  0.00E+00 -4.3516E+00
    392  5.96E+02  6.64E+04  0.00E+00  0.00E+00  0.00E+00  0.00E+00 -4.3631E+00
    393  6.55E+02  6.71E+04  0.00E+00  0.00E+00  0.00E+00  0.00E+00 -4.3756E+00
    394  7.21E+02  6.78E+04  0.00E+00  0.00E+00  0.00E+00  0.00E+00 -4.3891E+00
    395  7.93E+02  6.86E+04  0.00E+00  0.00E+00  0.00E+00  0.00E+00 -4.4038E+00
    396  8.72E+02  6.95E+04  0.00E+00  0.00E+00  0.00E+00  0.00E+00 -4.4196E+00
    397  8.72E+02  7.03E+04  0.00E+00  0.00E+00  0.00E+00  0.00E+00 -4.4351E+00
    398  9.59E+02  7.13E+04  0.00E+00  0.00E+00  0.00E+00  0.00E+00 -4.4519E+00
    399  9.59E+02  7.23E+04  0.00E+00  0.00E+00  0.00E+00  0.00E+00 -4.4683E+00
    400  5.28E+02  7.28E+04  0.00E+00  0.00E+00  0.00E+00  0.00E+00 -4.4773E+00
    401  5.28E+02  7.33E+04  0.00E+00  0.00E+00  0.00E+00  0.00E+00 -4.4863E+00
    402  5.80E+02  7.39E+04  0.00E+00  0.00E+00  0.00E+00  0.00E+00 -4.4962E+00
    403  6.38E+02  7.45E+04  0.00E+00  0.00E+00  0.00E+00  0.00E+00 -4.5071E+00
    404  7.02E+02  7.52E+04  0.00E+00  0.00E+00  0.00E+00  0.00E+00 -4.5188E+00
    405  7.72E+02  7.60E+04  0.00E+00  0.00E+00  0.00E+00  0.00E+00 -4.5314E+00
    406  8.50E+02  7.69E+04  0.00E+00  0.00E+00  0.00E+00  0.00E+00 -4.5451E+00
    407  9.35E+02  7.78E+04  0.00E+00  0.00E+00  0.00E+00  0.00E+00 -4.5597E+00
    408  9.35E+02  7.87E+04  0.00E+00  0.00E+00  0.00E+00  0.00E+00 -4.5742E+00
    409  1.03E+03  7.97E+04  0.00E+00  0.00E+00  0.00E+00  0.00E+00 -4.5897E+00
    410  5.14E+02  8.03E+04  0.00E+00  0.00E+00  0.00E+00  0.00E+00 -4.5976E+00
    411  5.14E+02  8.08E+04  0.00E+00  0.00E+00  0.00E+00  0.00E+00 -4.6055E+00
    412  5.65E+02  8.13E+04  0.00E+00  0.00E+00  0.00E+00  0.00E+00 -4.6140E+00
    413  6.22E+02  8.20E+04  0.00E+00  0.00E+00  0.00E+00  0.00E+00 -4.6233E+00
    414  6.84E+02  8.26E+04  0.00E+00  0.00E+00  0.00E+00  0.00E+00 -4.6334E+00
    415  7.53E+02  8.34E+04  0.00E+00  0.00E+00  0.00E+00  0.00E+00 -4.6444E+00
    416  8.28E+02  8.42E+04  0.00E+00  0.00E+00  0.00E+00  0.00E+00 -4.6563E+00
    417  9.11E+02  8.51E+04  0.00E+00  0.00E+00  0.00E+00  0.00E+00 -4.6692E+00
    418  6.31E+02  8.58E+04  0.00E+00  0.00E+00  0.00E+00  0.00E+00 -4.6780E+00
    419  6.31E+02  8.64E+04  0.00E+00  0.00E+00  0.00E+00  0.00E+00 -4.6868E+00
