#NSTP            DELTAT         TIME    POT. FLUX    ACT. FLUX    OVL. FLUX    RET. FLUX    SEEP FLUX    REC. FLUX     REC.VOL.
         1  1.31836E-02  1.31836E-02  0.00000E+00 -9.79262E-05  9.79262E-05  9.79262E-05  0.00000E+00  6.67534E-05  8.80051E-09
         2  6.59180E-03  1.97754E-02  0.00000E+00 -1.05816E-04  1.09302E-04  1.13257E-04  0.00000E+00  8.72899E-05  1.45545E-08
         3  7.25098E-03  2.70264E-02  0.00000E+00 -1.20801E-04  1.22597E-04  1.26035E-04  0.00000E+00  1.04288E-04  2.21164E-08
         4  7.25098E-03  3.42773E-02  0.00000E+00 -1.29857E-04  1.31707E-04  1.36496E-04  0.00000E+00  1.18249E-04  3.06906E-08
         5  7.97607E-03  4.22534E-02  0.00000E+00 -1.39857E-04  1.41236E-04  1.46490E-04  0.00000E+00  1.31347E-04  4.11669E-08
         6  7.97607E-03  5.02295E-02  0.00000E+00 -1.46802E-04  1.48662E-04  1.55468E-04  0.00000E+00  1.42813E-04  5.25578E-08
         7  7.97607E-03  5.82056E-02  0.00000E+00 -1.53878E-04  1.55157E-04  1.63491E-04  0.00000E+00  1.53105E-04  6.47695E-08
         8  7.97607E-03  6.61816E-02  0.00000E+00 -1.61390E-04  1.62365E-04  1.70825E-04  0.00000E+00  1.62460E-04  7.77274E-08
         9  7.97607E-03  7.41577E-02  0.00000E+00 -1.67394E-04  1.69141E-04  1.77711E-04  0.00000E+00  1.71052E-04  9.13707E-08
        10  3.98804E-03  7.81458E-02  0.00000E+00 -1.67005E-04  1.71854E-04  1.81048E-04  0.00000E+00  1.75189E-04  9.83573E-08
        11  4.38684E-03  8.25326E-02  0.00000E+00 -1.71383E-04  1.74681E-04  1.84570E-04  0.00000E+00  1.79559E-04  1.06234E-07
        12  4.82552E-03  8.73581E-02  0.00000E+00 -1.75623E-04  1.77772E-04  1.88296E-04  0.00000E+00  1.84156E-04  1.15121E-07
        13  4.82552E-03  9.21836E-02  0.00000E+00 -1.79135E-04  1.80733E-04  1.91915E-04  0.00000E+00  1.88576E-04  1.24221E-07
        14  4.82552E-03  9.70092E-02  0.00000E+00 -1.82949E-04  1.84150E-04  1.95406E-04  0.00000E+00  1.92800E-04  1.33524E-07
        15  4.82552E-03  1.01835E-01  0.00000E+00 -1.86113E-04  1.87459E-04  1.98795E-04  0.00000E+00  1.96858E-04  1.43024E-07
        16  4.82552E-03  1.06660E-01  0.00000E+00 -1.88620E-04  1.90240E-04  2.02073E-04  0.00000E+00  2.00802E-04  1.52713E-07
        17  4.82552E-03  1.11486E-01  0.00000E+00 -1.91227E-04  1.92699E-04  2.05250E-04  0.00000E+00  2.04631E-04  1.62588E-07
        18  5.30808E-03  1.16794E-01  0.00000E+00 -1.94838E-04  1.95903E-04  2.08622E-04  0.00000E+00  2.08673E-04  1.73664E-07
        19  5.30808E-03  1.22102E-01  0.00000E+00 -1.99274E-04  2.00503E-04  2.11895E-04  0.00000E+00  2.12580E-04  1.84948E-07
        20  2.65404E-03  1.24756E-01  0.00000E+00 -1.96389E-04  2.01801E-04  2.13510E-04  0.00000E+00  2.14499E-04  1.90641E-07
        21  2.91944E-03  1.27675E-01  0.00000E+00 -1.99150E-04  2.03193E-04  2.15261E-04  0.00000E+00  2.16586E-04  1.96964E-07
        22  3.21139E-03  1.30887E-01  0.00000E+00 -2.01705E-04  2.04688E-04  2.17152E-04  0.00000E+00  2.18837E-04  2.03992E-07
        23  3.53253E-03  1.34419E-01  0.00000E+00 -2.04367E-04  2.06519E-04  2.19192E-04  0.00000E+00  2.21246E-04  2.11808E-07
        24  3.53253E-03  1.37952E-01  0.00000E+00 -2.06550E-04  2.08321E-04  2.21192E-04  0.00000E+00  2.23603E-04  2.19706E-07
        25  3.53253E-03  1.41484E-01  0.00000E+00 -2.08578E-04  2.10070E-04  2.23161E-04  0.00000E+00  2.25913E-04  2.27687E-07
        26  3.53253E-03  1.45017E-01  0.00000E+00 -2.10343E-04  2.11596E-04  2.25092E-04  0.00000E+00  2.28187E-04  2.35748E-07
        27  3.88578E-03  1.48903E-01  0.00000E+00 -2.13018E-04  2.13832E-04  2.27167E-04  0.00000E+00  2.30604E-04  2.44708E-07
        28  3.88578E-03  1.52788E-01  0.00000E+00 -2.17993E-04  2.18905E-04  2.29208E-04  0.00000E+00  2.32972E-04  2.53761E-07
        29  1.94289E-03  1.54731E-01  0.00000E+00 -2.13714E-04  2.19733E-04  2.30220E-04  0.00000E+00  2.34133E-04  2.58310E-07
        30  2.13718E-03  1.56868E-01  0.00000E+00 -2.16660E-04  2.20626E-04  2.31319E-04  0.00000E+00  2.35424E-04  2.63342E-07
        31  2.35090E-03  1.59219E-01  0.00000E+00 -2.18804E-04  2.21593E-04  2.32513E-04  0.00000E+00  2.36828E-04  2.68909E-07
        32  2.58599E-03  1.61805E-01  0.00000E+00 -2.20985E-04  2.22836E-04  2.33808E-04  0.00000E+00  2.38341E-04  2.75073E-07
        33  2.58599E-03  1.64391E-01  0.00000E+00 -2.22683E-04  2.24111E-04  2.35085E-04  0.00000E+00  2.39831E-04  2.81275E-07
        34  2.58599E-03  1.66977E-01  0.00000E+00 -2.24285E-04  2.25392E-04  2.36349E-04  0.00000E+00  2.41302E-04  2.87515E-07
        35  2.58599E-03  1.69563E-01  0.00000E+00 -2.25652E-04  2.26417E-04  2.37600E-04  0.00000E+00  2.42769E-04  2.93793E-07
        36  2.84458E-03  1.72408E-01  0.00000E+00 -2.27420E-04  2.27858E-04  2.38956E-04  0.00000E+00  2.44346E-04  3.00743E-07
        37  2.84458E-03  1.75252E-01  0.00000E+00 -2.28868E-04  2.29441E-04  2.40300E-04  0.00000E+00  2.45890E-04  3.07738E-07
        38  2.84458E-03  1.78097E-01  0.00000E+00 -2.29688E-04  2.30540E-04  2.41625E-04  0.00000E+00  2.47438E-04  3.14776E-07
        39  3.12904E-03  1.81226E-01  0.00000E+00 -2.31287E-04  2.31900E-04  2.43062E-04  0.00000E+00  2.49109E-04  3.22571E-07
        40  3.12904E-03  1.84355E-01  0.00000E+00 -2.32700E-04  2.33302E-04  2.44481E-04  0.00000E+00  2.50756E-04  3.30417E-07
        41  3.12904E-03  1.87484E-01  0.00000E+00 -2.33848E-04  2.34460E-04  2.45879E-04  0.00000E+00  2.52390E-04  3.38315E-07
        42  3.44195E-03  1.90926E-01  0.00000E+00 -2.36724E-04  2.37133E-04  2.47392E-04  0.00000E+00  2.54134E-04  3.47062E-07
        43  3.44195E-03  1.94368E-01  0.00000E+00 -2.37627E-04  2.38839E-04  2.48880E-04  0.00000E+00  2.55845E-04  3.55868E-07
        44  3.44195E-03  1.97810E-01  0.00000E+00 -2.38903E-04  2.40090E-04  2.50345E-04  0.00000E+00  2.57564E-04  3.64733E-07
        45  3.78614E-03  2.01596E-01  0.00000E+00 -2.42745E-04  2.43541E-04  2.51931E-04  0.00000E+00  2.59391E-04  3.74554E-07
        46  3.78614E-03  2.05382E-01  0.00000E+00 -2.44221E-04  2.46202E-04  2.53494E-04  0.00000E+00  2.61189E-04  3.84443E-07
        47  1.89307E-03  2.07275E-01  0.00000E+00 -2.41469E-04  2.46881E-04  2.54273E-04  0.00000E+00  2.62088E-04  3.89405E-07
        48  2.08238E-03  2.09358E-01  0.00000E+00 -2.44154E-04  2.47621E-04  2.55123E-04  0.00000E+00  2.63077E-04  3.94883E-07
        49  2.29062E-03  2.11648E-01  0.00000E+00 -2.47757E-04  2.49884E-04  2.56048E-04  0.00000E+00  2.64137E-04  4.00933E-07
        50  1.14531E-03  2.12794E-01  0.00000E+00 -2.44199E-04  2.50291E-04  2.56509E-04  0.00000E+00  2.64667E-04  4.03964E-07
        51  1.25984E-03  2.14054E-01  0.00000E+00 -2.46287E-04  2.50734E-04  2.57012E-04  0.00000E+00  2.65254E-04  4.07306E-07
        52  1.38582E-03  2.15439E-01  0.00000E+00 -2.48006E-04  2.51218E-04  2.57562E-04  0.00000E+00  2.65895E-04  4.10991E-07
        53  1.52440E-03  2.16964E-01  0.00000E+00 -2.50437E-04  2.52719E-04  2.58163E-04  0.00000E+00  2.66571E-04  4.15055E-07
        54  1.52440E-03  2.18488E-01  0.00000E+00 -2.50774E-04  2.53250E-04  2.58763E-04  0.00000E+00  2.67263E-04  4.19129E-07
        55  1.67684E-03  2.20165E-01  0.00000E+00 -2.52068E-04  2.53830E-04  2.59417E-04  0.00000E+00  2.68024E-04  4.23623E-07
        56  1.84453E-03  2.22010E-01  0.00000E+00 -2.53433E-04  2.54717E-04  2.60131E-04  0.00000E+00  2.68840E-04  4.28582E-07
        57  1.84453E-03  2.23854E-01  0.00000E+00 -2.54104E-04  2.55352E-04  2.60839E-04  0.00000E+00  2.69663E-04  4.33556E-07
        58  2.02898E-03  2.25883E-01  0.00000E+00 -2.55113E-04  2.56040E-04  2.61613E-04  0.00000E+00  2.70561E-04  4.39046E-07
        59  2.23188E-03  2.28115E-01  0.00000E+00 -2.56333E-04  2.57030E-04  2.62456E-04  0.00000E+00  2.71527E-04  4.45106E-07
        60  2.23188E-03  2.30347E-01  0.00000E+00 -2.57029E-04  2.57779E-04  2.63291E-04  0.00000E+00  2.72496E-04  4.51188E-07
        61  2.45507E-03  2.32802E-01  0.00000E+00 -2.58163E-04  2.58763E-04  2.64199E-04  0.00000E+00  2.73542E-04  4.57903E-07
        62  2.45507E-03  2.35257E-01  0.00000E+00 -2.58875E-04  2.59571E-04  2.65103E-04  0.00000E+00  2.74586E-04  4.64644E-07
        63  2.70058E-03  2.37958E-01  0.00000E+00 -2.60106E-04  2.60665E-04  2.66086E-04  0.00000E+00  2.75712E-04  4.72090E-07
        64  2.70058E-03  2.40658E-01  0.00000E+00 -2.61134E-04  2.61784E-04  2.67058E-04  0.00000E+00  2.76824E-04  4.79566E-07
        65  2.70058E-03  2.43359E-01  0.00000E+00 -2.62136E-04  2.62891E-04  2.68019E-04  0.00000E+00  2.77924E-04  4.87072E-07
        66  2.70058E-03  2.46059E-01  0.00000E+00 -2.62938E-04  2.63752E-04  2.68971E-04  0.00000E+00  2.79024E-04  4.94607E-07
        67  2.97063E-03  2.49030E-01  0.00000E+00 -2.64385E-04  2.64983E-04  2.70002E-04  0.00000E+00  2.80207E-04  5.02931E-07
        68  2.97063E-03  2.52001E-01  0.00000E+00 -2.65178E-04  2.65912E-04  2.71026E-04  0.00000E+00  2.81389E-04  5.11290E-07
        69  3.26770E-03  2.55268E-01  0.00000E+00 -2.66703E-04  2.67288E-04  2.72136E-04  0.00000E+00  2.82667E-04  5.20527E-07
        70  3.26770E-03  2.58536E-01  0.00000E+00 -2.67695E-04  2.68521E-04  2.73232E-04  0.00000E+00  2.83920E-04  5.29804E-07
        71  3.26770E-03  2.61804E-01  0.00000E+00 -2.69294E-04  2.70240E-04  2.74308E-04  0.00000E+00  2.85152E-04  5.39122E-07
        72  3.26770E-03  2.65071E-01  0.00000E+00 -2.69824E-04  2.71227E-04  2.75381E-04  0.00000E+00  2.86382E-04  5.48480E-07
        73  3.59447E-03  2.68666E-01  0.00000E+00 -2.71201E-04  2.72290E-04  2.76542E-04  0.00000E+00  2.87726E-04  5.58822E-07
        74  3.95391E-03  2.72620E-01  0.00000E+00 -2.72580E-04  2.73442E-04  2.77802E-04  0.00000E+00  2.89183E-04  5.70257E-07
        75  4.34930E-03  2.76969E-01  0.00000E+00 -2.74198E-04  2.74916E-04  2.79164E-04  0.00000E+00  2.90748E-04  5.82902E-07
        76  4.34930E-03  2.81318E-01  0.00000E+00 -2.75512E-04  2.76387E-04  2.80504E-04  0.00000E+00  2.92287E-04  5.95614E-07
        77  4.34930E-03  2.85668E-01  0.00000E+00 -2.76622E-04  2.77607E-04  2.81823E-04  0.00000E+00  2.93812E-04  6.08393E-07
        78  4.78423E-03  2.90452E-01  0.00000E+00 -2.78114E-04  2.78919E-04  2.83249E-04  0.00000E+00  2.95464E-04  6.22529E-07
        79  5.26266E-03  2.95714E-01  0.00000E+00 -2.79872E-04  2.80531E-04  2.84788E-04  0.00000E+00  2.97237E-04  6.38172E-07
        80  5.26266E-03  3.00977E-01  0.00000E+00 -2.81165E-04  2.81927E-04  2.86298E-04  0.00000E+00  2.98985E-04  6.53906E-07
        81  5.78892E-03  3.06766E-01  0.00000E+00 -2.83190E-04  2.83871E-04  2.87923E-04  0.00000E+00  3.00852E-04  6.71322E-07
        82  5.78892E-03  3.12555E-01  0.00000E+00 -2.84373E-04  2.85359E-04  2.89515E-04  0.00000E+00  3.02704E-04  6.88845E-07
        83  6.36782E-03  3.18923E-01  0.00000E+00 -2.86369E-04  2.87178E-04  2.91228E-04  0.00000E+00  3.04693E-04  7.08248E-07
        84  6.36782E-03  3.25291E-01  0.00000E+00 -2.87856E-04  2.88743E-04  2.92906E-04  0.00000E+00  3.06647E-04  7.27774E-07
        85  7.00460E-03  3.32295E-01  0.00000E+00 -2.89957E-04  2.90674E-04  2.94702E-04  0.00000E+00  3.08739E-04  7.49400E-07
        86  7.00460E-03  3.39300E-01  0.00000E+00 -2.91422E-04  2.92318E-04  2.96464E-04  0.00000E+00  3.10794E-04  7.71170E-07
        87  7.70506E-03  3.47005E-01  0.00000E+00 -2.93292E-04  2.94072E-04  2.98350E-04  0.00000E+00  3.13001E-04  7.95287E-07
        88  8.47556E-03  3.55480E-01  0.00000E+00 -2.95448E-04  2.96167E-04  3.00369E-04  0.00000E+00  3.15354E-04  8.22015E-07
        89  8.47556E-03  3.63956E-01  0.00000E+00 -2.97292E-04  2.98223E-04  3.02331E-04  0.00000E+00  3.17641E-04  8.48937E-07
        90  8.47556E-03  3.72432E-01  0.00000E+00 -2.98950E-04  3.00010E-04  3.04239E-04  0.00000E+00  3.19878E-04  8.76049E-07
        91  9.32312E-03  3.81755E-01  0.00000E+00 -3.01706E-04  3.02614E-04  3.06269E-04  0.00000E+00  3.22259E-04  9.06093E-07
        92  9.32312E-03  3.91078E-01  0.00000E+00 -3.03065E-04  3.04478E-04  3.08243E-04  0.00000E+00  3.24577E-04  9.36354E-07
        93  1.02554E-02  4.01333E-01  0.00000E+00 -3.05275E-04  3.06452E-04  3.10345E-04  0.00000E+00  3.27060E-04  9.69895E-07
        94  1.12810E-02  4.12614E-01  0.00000E+00 -3.07897E-04  3.08905E-04  3.12577E-04  0.00000E+00  3.29694E-04  1.00709E-06
        95  1.12810E-02  4.23895E-01  0.00000E+00 -3.09856E-04  3.11151E-04  3.14740E-04  0.00000E+00  3.32234E-04  1.04457E-06
        96  1.12810E-02  4.35176E-01  0.00000E+00 -3.11711E-04  3.13117E-04  3.16833E-04  0.00000E+00  3.34702E-04  1.08232E-06
        97  1.24091E-02  4.47585E-01  0.00000E+00 -3.14177E-04  3.15393E-04  3.19043E-04  0.00000E+00  3.37318E-04  1.12418E-06
        98  1.24091E-02  4.59994E-01  0.00000E+00 -3.16075E-04  3.17398E-04  3.21176E-04  0.00000E+00  3.39851E-04  1.16636E-06
        99  1.36500E-02  4.73644E-01  0.00000E+00 -3.18801E-04  3.19948E-04  3.23415E-04  0.00000E+00  3.42516E-04  1.21311E-06
       100  1.36500E-02  4.87294E-01  0.00000E+00 -3.20511E-04  3.21994E-04  3.25579E-04  0.00000E+00  3.45098E-04  1.26021E-06
       101  1.50150E-02  5.02309E-01  0.00000E+00 -3.22852E-04  3.24133E-04  3.27854E-04  0.00000E+00  3.47830E-04  1.31244E-06
       102  1.65165E-02  5.18826E-01  0.00000E+00 -3.25701E-04  3.26839E-04  3.30227E-04  0.00000E+00  3.50686E-04  1.37036E-06
       103  1.65165E-02  5.35342E-01  0.00000E+00 -3.27654E-04  3.29205E-04  3.32494E-04  0.00000E+00  3.53418E-04  1.42873E-06
       104  1.65165E-02  5.51859E-01  0.00000E+00 -3.29583E-04  3.31258E-04  3.34658E-04  0.00000E+00  3.56048E-04  1.48754E-06
       105  1.81681E-02  5.70027E-01  0.00000E+00 -3.32733E-04  3.34197E-04  3.36915E-04  0.00000E+00  3.58802E-04  1.55273E-06
       106  1.81681E-02  5.88195E-01  0.00000E+00 -3.34152E-04  3.36239E-04  3.39075E-04  0.00000E+00  3.61417E-04  1.61839E-06
       107  1.99849E-02  6.08180E-01  0.00000E+00 -3.36520E-04  3.38354E-04  3.41320E-04  0.00000E+00  3.64169E-04  1.69117E-06
       108  2.19834E-02  6.30163E-01  0.00000E+00 -3.39120E-04  3.40743E-04  3.43639E-04  0.00000E+00  3.67025E-04  1.77185E-06
       109  2.19834E-02  6.52147E-01  0.00000E+00 -3.41035E-04  3.42809E-04  3.45827E-04  0.00000E+00  3.69738E-04  1.85314E-06
       110  2.41818E-02  6.76328E-01  0.00000E+00 -3.43507E-04  3.45098E-04  3.48064E-04  0.00000E+00  3.72538E-04  1.94322E-06
       111  2.41818E-02  7.00510E-01  0.00000E+00 -3.45524E-04  3.47286E-04  3.50170E-04  0.00000E+00  3.75173E-04  2.03395E-06
       112  2.41818E-02  7.24692E-01  0.00000E+00 -3.47197E-04  3.49152E-04  3.52147E-04  0.00000E+00  3.77666E-04  2.12527E-06
       113  2.65999E-02  7.51292E-01  0.00000E+00 -3.49301E-04  3.51056E-04  3.54175E-04  0.00000E+00  3.80238E-04  2.22641E-06
       114  2.92599E-02  7.80552E-01  0.00000E+00 -3.51863E-04  3.53451E-04  3.56229E-04  0.00000E+00  3.82857E-04  2.33844E-06
       115  2.92599E-02  8.09812E-01  0.00000E+00 -3.53651E-04  3.54806E-04  3.58147E-04  0.00000E+00  3.85306E-04  2.45118E-06
       116  3.21859E-02  8.41998E-01  0.00000E+00 -3.55784E-04  3.56795E-04  3.60081E-04  0.00000E+00  3.87811E-04  2.57600E-06
       117  3.54045E-02  8.77402E-01  0.00000E+00 -3.57679E-04  3.58619E-04  3.62021E-04  0.00000E+00  3.90344E-04  2.71420E-06
       118  3.89450E-02  9.16347E-01  0.00000E+00 -3.59550E-04  3.60430E-04  3.63951E-04  0.00000E+00  3.92888E-04  2.86721E-06
       119  4.28395E-02  9.59187E-01  0.00000E+00 -3.61383E-04  3.62211E-04  3.65853E-04  0.00000E+00  3.95424E-04  3.03661E-06
       120  4.71234E-02  1.00631E+00  0.00000E+00 -3.63354E-04  3.64145E-04  3.67696E-04  0.00000E+00  3.97915E-04  3.22412E-06
       121  4.71234E-02  1.05343E+00  0.00000E+00 -3.65398E-04  3.66398E-04  3.69343E-04  0.00000E+00  4.00150E-04  3.41268E-06
       122  4.71234E-02  1.10056E+00  0.00000E+00 -3.66117E-04  3.67781E-04  3.70807E-04  0.00000E+00  4.02160E-04  3.60219E-06
       123  5.18358E-02  1.15239E+00  0.00000E+00 -3.67618E-04  3.69103E-04  3.72220E-04  0.00000E+00  4.04133E-04  3.81168E-06
       124  5.70194E-02  1.20941E+00  0.00000E+00 -3.69686E-04  3.71031E-04  3.73554E-04  0.00000E+00  4.06020E-04  4.04319E-06
       125  5.70194E-02  1.26643E+00  0.00000E+00 -3.70260E-04  3.72133E-04  3.74722E-04  0.00000E+00  4.07689E-04  4.27565E-06
       126  6.27213E-02  1.32915E+00  0.00000E+00 -3.71516E-04  3.73155E-04  3.75813E-04  0.00000E+00  4.09293E-04  4.53236E-06
       127  6.89934E-02  1.39815E+00  0.00000E+00 -3.72835E-04  3.74285E-04  3.76806E-04  0.00000E+00  4.10787E-04  4.81578E-06
       128  6.89934E-02  1.46714E+00  0.00000E+00 -3.73467E-04  3.74909E-04  3.77653E-04  0.00000E+00  4.12084E-04  5.10009E-06
       129  7.58928E-02  1.54303E+00  0.00000E+00 -3.66943E-04  3.71817E-04  3.78434E-04  0.00000E+00  4.13293E-04  5.41375E-06
       130  8.34820E-02  1.62651E+00  0.00000E+00 -3.72486E-04  3.76229E-04  3.79101E-04  0.00000E+00  4.14395E-04  5.75970E-06
       131  9.18302E-02  1.71834E+00  0.00000E+00 -3.73914E-04  3.76924E-04  3.79642E-04  0.00000E+00  4.15342E-04  6.14111E-06
       132  9.18302E-02  1.81017E+00  0.00000E+00 -3.74097E-04  3.77339E-04  3.80085E-04  0.00000E+00  4.16124E-04  6.52323E-06
       133  1.01013E-01  1.91119E+00  0.00000E+00 -3.74855E-04  3.75706E-04  3.80436E-04  0.00000E+00  4.16805E-04  6.94426E-06
       134  1.11115E-01  2.02230E+00  0.00000E+00 -3.73251E-04  3.76537E-04  3.80705E-04  0.00000E+00  4.17372E-04  7.40802E-06
       135  1.22226E-01  2.14453E+00  0.00000E+00 -3.75920E-04  3.78019E-04  3.80854E-04  0.00000E+00  4.17818E-04  7.91870E-06
       136  1.22226E-01  2.26675E+00  0.00000E+00 -3.75734E-04  3.78070E-04  3.80941E-04  0.00000E+00  4.18120E-04  8.42976E-06
       137  1.34449E-01  2.40120E+00  0.00000E+00 -3.76407E-04  3.78044E-04  3.80956E-04  0.00000E+00  4.18351E-04  8.99222E-06
       138  1.47894E-01  2.54910E+00  0.00000E+00 -3.76939E-04  3.78134E-04  3.80895E-04  0.00000E+00  4.18488E-04  9.61114E-06
       139  1.47894E-01  2.69699E+00  0.00000E+00 -3.76743E-04  3.78008E-04  3.80808E-04  0.00000E+00  4.18547E-04  1.02301E-05
       140  1.62683E-01  2.85967E+00  0.00000E+00 -3.76799E-04  3.77829E-04  3.80673E-04  0.00000E+00  4.18546E-04  1.09110E-05
       141  1.78951E-01  3.03862E+00  0.00000E+00 -3.76985E-04  3.77816E-04  3.80482E-04  0.00000E+00  4.18474E-04  1.16599E-05
       142  1.78951E-01  3.21758E+00  0.00000E+00 -3.76599E-04  3.77592E-04  3.80297E-04  0.00000E+00  4.18359E-04  1.24086E-05
       143  1.96846E-01  3.41442E+00  0.00000E+00 -3.76449E-04  3.77335E-04  3.80081E-04  0.00000E+00  4.18203E-04  1.32318E-05
       144  2.16531E-01  3.63095E+00  0.00000E+00 -3.76259E-04  3.77054E-04  3.79845E-04  0.00000E+00  4.18002E-04  1.41369E-05
       145  2.38184E-01  3.86914E+00  0.00000E+00 -3.76038E-04  3.76754E-04  3.79592E-04  0.00000E+00  4.17758E-04  1.51319E-05
       146  2.62002E-01  4.13114E+00  0.00000E+00 -3.75793E-04  3.76440E-04  3.79328E-04  0.00000E+00  4.17473E-04  1.62257E-05
       147  2.88203E-01  4.41934E+00  0.00000E+00 -3.75531E-04  3.76116E-04  3.79057E-04  0.00000E+00  4.17145E-04  1.74279E-05
       148  3.17023E-01  4.73636E+00  0.00000E+00 -3.75863E-04  3.76392E-04  3.78768E-04  0.00000E+00  4.16767E-04  1.87492E-05
       149  3.17023E-01  5.05339E+00  0.00000E+00 -3.75014E-04  3.76093E-04  3.78515E-04  0.00000E+00  4.16384E-04  2.00692E-05
       150  3.48725E-01  5.40211E+00  0.00000E+00 -3.74878E-04  3.75783E-04  3.78258E-04  0.00000E+00  4.15969E-04  2.15198E-05
       151  3.83598E-01  5.78571E+00  0.00000E+00 -3.74707E-04  3.75471E-04  3.78002E-04  0.00000E+00  4.15512E-04  2.31137E-05
       152  4.21957E-01  6.20767E+00  0.00000E+00 -3.74681E-04  3.75332E-04  3.77736E-04  0.00000E+00  4.15002E-04  2.48648E-05
       153  4.21957E-01  6.62963E+00  0.00000E+00 -3.74447E-04  3.75249E-04  3.77511E-04  0.00000E+00  4.14489E-04  2.66138E-05
       154  4.21957E-01  7.05158E+00  0.00000E+00 -3.74098E-04  3.74992E-04  3.77306E-04  0.00000E+00  4.13996E-04  2.83607E-05
       155  4.64153E-01  7.51574E+00  0.00000E+00 -3.74005E-04  3.74729E-04  3.77098E-04  0.00000E+00  4.13459E-04  3.02798E-05
       156  5.10569E-01  8.02630E+00  0.00000E+00 -3.73865E-04  3.74463E-04  3.76890E-04  0.00000E+00  4.12876E-04  3.23878E-05
       157  5.61625E-01  8.58793E+00  0.00000E+00 -3.73649E-04  3.74195E-04  3.76682E-04  0.00000E+00  4.12248E-04  3.47031E-05
       158  6.17788E-01  9.20572E+00  0.00000E+00 -3.73413E-04  3.73923E-04  3.76475E-04  0.00000E+00  4.11572E-04  3.72457E-05
       159  6.79567E-01  9.88528E+00  0.00000E+00 -3.73456E-04  3.73933E-04  3.76241E-04  0.00000E+00  4.10838E-04  4.00376E-05
       160  6.79567E-01  1.05649E+01  0.00000E+00 -3.72888E-04  3.73687E-04  3.76055E-04  0.00000E+00  4.10125E-04  4.28247E-05
       161  7.47523E-01  1.13124E+01  0.00000E+00 -3.72682E-04  3.73426E-04  3.75857E-04  0.00000E+00  4.09375E-04  4.58849E-05
       162  8.22276E-01  1.21346E+01  0.00000E+00 -3.72462E-04  3.73156E-04  3.75655E-04  0.00000E+00  4.08577E-04  4.92445E-05
       163  9.04503E-01  1.30392E+01  0.00000E+00 -3.72226E-04  3.72876E-04  3.75448E-04  0.00000E+00  4.07729E-04  5.29324E-05
       164  9.94954E-01  1.40341E+01  0.00000E+00 -3.71971E-04  3.72583E-04  3.75232E-04  0.00000E+00  4.06832E-04  5.69802E-05
       165  1.09445E+00  1.51286E+01  0.00000E+00 -3.71899E-04  3.72474E-04  3.74987E-04  0.00000E+00  4.05868E-04  6.14222E-05
       166  1.09445E+00  1.62230E+01  0.00000E+00 -3.71379E-04  3.72190E-04  3.74777E-04  0.00000E+00  4.04953E-04  6.58542E-05
       167  1.20389E+00  1.74269E+01  0.00000E+00 -3.71324E-04  3.72073E-04  3.74529E-04  0.00000E+00  4.03975E-04  7.07177E-05
       168  1.20389E+00  1.86308E+01  0.00000E+00 -3.70820E-04  3.71786E-04  3.74314E-04  0.00000E+00  4.03047E-04  7.55699E-05
       169  1.32428E+00  1.99551E+01  0.00000E+00 -3.70889E-04  3.71780E-04  3.74052E-04  0.00000E+00  4.02048E-04  8.08942E-05
       170  1.32428E+00  2.12794E+01  0.00000E+00 -3.70255E-04  3.71490E-04  3.73834E-04  0.00000E+00  4.01100E-04  8.62059E-05
       171  1.45671E+00  2.27361E+01  0.00000E+00 -3.70207E-04  3.71342E-04  3.73580E-04  0.00000E+00  4.00094E-04  9.20341E-05
       172  1.45671E+00  2.41928E+01  0.00000E+00 -3.69701E-04  3.71037E-04  3.73348E-04  0.00000E+00  3.99134E-04  9.78483E-05
       173  1.60238E+00  2.57952E+01  0.00000E+00 -3.69906E-04  3.71126E-04  3.73055E-04  0.00000E+00  3.98082E-04  1.04227E-04
       174  1.60238E+00  2.73975E+01  0.00000E+00 -3.69131E-04  3.70821E-04  3.72819E-04  0.00000E+00  3.97100E-04  1.10590E-04
       175  1.76262E+00  2.91602E+01  0.00000E+00 -3.68945E-04  3.70478E-04  3.72552E-04  0.00000E+00  3.96062E-04  1.17571E-04
       176  1.93888E+00  3.10991E+01  0.00000E+00 -3.68713E-04  3.70107E-04  3.72268E-04  0.00000E+00  3.94963E-04  1.25229E-04
       177  2.13277E+00  3.32318E+01  0.00000E+00 -3.68436E-04  3.69706E-04  3.71966E-04  0.00000E+00  3.93799E-04  1.33628E-04
       178  2.34605E+00  3.55779E+01  0.00000E+00 -3.68317E-04  3.69473E-04  3.71621E-04  0.00000E+00  3.92545E-04  1.42837E-04
       179  2.34605E+00  3.79239E+01  0.00000E+00 -3.67708E-04  3.69071E-04  3.71314E-04  0.00000E+00  3.91363E-04  1.52019E-04
       180  2.58065E+00  4.05046E+01  0.00000E+00 -3.67404E-04  3.68628E-04  3.70975E-04  0.00000E+00  3.90118E-04  1.62086E-04
       181  2.83872E+00  4.33433E+01  0.00000E+00 -3.67047E-04  3.68152E-04  3.70610E-04  0.00000E+00  3.88802E-04  1.73123E-04
       182  3.12259E+00  4.64659E+01  0.00000E+00 -3.66920E-04  3.67917E-04  3.70188E-04  0.00000E+00  3.87386E-04  1.85220E-04
       183  3.12259E+00  4.95885E+01  0.00000E+00 -3.66156E-04  3.67432E-04  3.69811E-04  0.00000E+00  3.86055E-04  1.97275E-04
       184  3.43485E+00  5.30233E+01  0.00000E+00 -3.65766E-04  3.66900E-04  3.69395E-04  0.00000E+00  3.84650E-04  2.10487E-04
       185  3.77833E+00  5.68017E+01  0.00000E+00 -3.65537E-04  3.66542E-04  3.68919E-04  0.00000E+00  3.83139E-04  2.24963E-04
       186  3.77833E+00  6.05800E+01  0.00000E+00 -3.64775E-04  3.65997E-04  3.68500E-04  0.00000E+00  3.81719E-04  2.39386E-04
       187  4.15617E+00  6.47362E+01  0.00000E+00 -3.64329E-04  3.65398E-04  3.68036E-04  0.00000E+00  3.80216E-04  2.55188E-04
       188  4.57178E+00  6.93079E+01  0.00000E+00 -3.63816E-04  3.64751E-04  3.67540E-04  0.00000E+00  3.78628E-04  2.72498E-04
       189  5.02896E+00  7.43369E+01  0.00000E+00 -3.63243E-04  3.64052E-04  3.67007E-04  0.00000E+00  3.76957E-04  2.91455E-04
       190  5.53186E+00  7.98688E+01  0.00000E+00 -3.63196E-04  3.63883E-04  3.66405E-04  0.00000E+00  3.75150E-04  3.12208E-04
       191  5.53186E+00  8.54006E+01  0.00000E+00 -3.61926E-04  3.63172E-04  3.65867E-04  0.00000E+00  3.73479E-04  3.32868E-04
       192  6.08505E+00  9.14857E+01  0.00000E+00 -3.61316E-04  3.62393E-04  3.65283E-04  0.00000E+00  3.71710E-04  3.55487E-04
       193  6.69355E+00  9.81792E+01  0.00000E+00 -3.60630E-04  3.61551E-04  3.64652E-04  0.00000E+00  3.69846E-04  3.80243E-04
       194  7.36291E+00  1.05542E+02  0.00000E+00 -3.60102E-04  3.60881E-04  3.63932E-04  0.00000E+00  3.67853E-04  4.07328E-04
       195  7.36291E+00  1.12905E+02  0.00000E+00 -3.59017E-04  3.60013E-04  3.63276E-04  0.00000E+00  3.65992E-04  4.34275E-04
       196  8.09920E+00  1.21004E+02  0.00000E+00 -3.58224E-04  3.59059E-04  3.62547E-04  0.00000E+00  3.64020E-04  4.63758E-04
       197  8.90912E+00  1.29913E+02  0.00000E+00 -3.57573E-04  3.58280E-04  3.61716E-04  0.00000E+00  3.61908E-04  4.96001E-04
       198  8.90912E+00  1.38822E+02  0.00000E+00 -3.56659E-04  3.57612E-04  3.60915E-04  0.00000E+00  3.59901E-04  5.28065E-04
       199  8.90912E+00  1.47732E+02  0.00000E+00 -3.55715E-04  3.56958E-04  3.60128E-04  0.00000E+00  3.57979E-04  5.59958E-04
       200  8.90912E+00  1.56641E+02  0.00000E+00 -3.54523E-04  3.56026E-04  3.59408E-04  0.00000E+00  3.56182E-04  5.91690E-04
       201  9.80003E+00  1.66441E+02  0.00000E+00 -3.54027E-04  3.55287E-04  3.58561E-04  0.00000E+00  3.54208E-04  6.26403E-04
       202  9.80003E+00  1.76241E+02  0.00000E+00 -3.52791E-04  3.54280E-04  3.57783E-04  0.00000E+00  3.52351E-04  6.60933E-04
       203  1.07800E+01  1.87021E+02  0.00000E+00 -3.51990E-04  3.53250E-04  3.56883E-04  0.00000E+00  3.50325E-04  6.98698E-04
       204  1.07800E+01  1.97801E+02  0.00000E+00 -3.51189E-04  3.52438E-04  3.55981E-04  0.00000E+00  3.48355E-04  7.36251E-04
       205  1.07800E+01  2.08581E+02  0.00000E+00 -3.49912E-04  3.51360E-04  3.55138E-04  0.00000E+00  3.46486E-04  7.73602E-04
       206  1.18580E+01  2.20439E+02  0.00000E+00 -3.48983E-04  3.50154E-04  3.54195E-04  0.00000E+00  3.44467E-04  8.14449E-04
       207  1.30438E+01  2.33483E+02  0.00000E+00 -3.47905E-04  3.48826E-04  3.53185E-04  0.00000E+00  3.42317E-04  8.59101E-04
       208  1.43482E+01  2.47831E+02  0.00000E+00 -3.46676E-04  3.47369E-04  3.52096E-04  0.00000E+00  3.40020E-04  9.07887E-04
       209  1.57830E+01  2.63614E+02  0.00000E+00 -3.45283E-04  3.45771E-04  3.50914E-04  0.00000E+00  3.37567E-04  9.61166E-04
       210  1.73613E+01  2.80975E+02  0.00000E+00 -3.43997E-04  3.44320E-04  3.49557E-04  0.00000E+00  3.35239E-04  1.01937E-03
       211  1.73613E+01  2.98337E+02  0.00000E+00 -3.42526E-04  3.43038E-04  3.48232E-04  0.00000E+00  3.32371E-04  1.07707E-03
       212  1.73613E+01  3.15698E+02  0.00000E+00 -3.41111E-04  3.41956E-04  3.46893E-04  0.00000E+00  3.29648E-04  1.13430E-03
       213  1.73613E+01  3.33059E+02  0.00000E+00 -3.39442E-04  3.40778E-04  3.45548E-04  0.00000E+00  3.27563E-04  1.19117E-03
       214  1.73613E+01  3.50421E+02  0.00000E+00 -3.37860E-04  3.39522E-04  3.44236E-04  0.00000E+00  3.24714E-04  1.24755E-03
       215  1.73613E+01  3.67782E+02  0.00000E+00 -3.36423E-04  3.38279E-04  3.42922E-04  0.00000E+00  3.22046E-04  1.30346E-03
       216  1.73613E+01  3.85143E+02  0.00000E+00 -3.34627E-04  3.36674E-04  3.41665E-04  0.00000E+00  3.20047E-04  1.35902E-03
       217  1.73613E+01  4.02505E+02  0.00000E+00 -3.33594E-04  3.35411E-04  3.40348E-04  0.00000E+00  3.17532E-04  1.41415E-03
       218  1.73613E+01  4.19866E+02  0.00000E+00 -3.32256E-04  3.34219E-04  3.39016E-04  0.00000E+00  3.15098E-04  1.46886E-03
       219  1.73613E+01  4.37227E+02  0.00000E+00 -3.30479E-04  3.32613E-04  3.37770E-04  0.00000E+00  3.12271E-04  1.52307E-03
       220  1.90975E+01  4.56325E+02  0.00000E+00 -3.31607E-04  3.33244E-04  3.35961E-04  0.00000E+00  3.09799E-04  1.58223E-03
       221  1.90975E+01  4.75422E+02  0.00000E+00 -3.27725E-04  3.31550E-04  3.34601E-04  0.00000E+00  3.06431E-04  1.64076E-03
       222  2.10072E+01  4.96430E+02  0.00000E+00 -3.26934E-04  3.29963E-04  3.33025E-04  0.00000E+00  3.03661E-04  1.70455E-03
       223  2.10072E+01  5.17437E+02  0.00000E+00 -3.25057E-04  3.28016E-04  3.31576E-04  0.00000E+00  3.01436E-04  1.76787E-03
       224  2.31080E+01  5.40545E+02  0.00000E+00 -3.23587E-04  3.25827E-04  3.29956E-04  0.00000E+00  2.97384E-04  1.83659E-03
       225  2.31080E+01  5.63653E+02  0.00000E+00 -3.21827E-04  3.23664E-04  3.28376E-04  0.00000E+00  2.93536E-04  1.90442E-03
       226  2.31080E+01  5.86761E+02  0.00000E+00 -3.20381E-04  3.21905E-04  3.26759E-04  0.00000E+00  2.89869E-04  1.97140E-03
       227  2.31080E+01  6.09869E+02  0.00000E+00 -3.18507E-04  3.20202E-04  3.25172E-04  0.00000E+00  2.85576E-04  2.03739E-03
       228  2.31080E+01  6.32977E+02  0.00000E+00 -3.16749E-04  3.18589E-04  3.23574E-04  0.00000E+00  2.82901E-04  2.10276E-03
       229  2.31080E+01  6.56085E+02  0.00000E+00 -3.14613E-04  3.16563E-04  3.22079E-04  0.00000E+00  2.78352E-04  2.16709E-03
       230  2.54187E+01  6.81503E+02  0.00000E+00 -3.14220E-04  3.15637E-04  3.20118E-04  0.00000E+00  2.74425E-04  2.23684E-03
       231  2.54187E+01  7.06922E+02  0.00000E+00 -3.10978E-04  3.13482E-04  3.18527E-04  0.00000E+00  2.71647E-04  2.30589E-03
       232  2.79606E+01  7.34883E+02  0.00000E+00 -3.09949E-04  3.11819E-04  3.16584E-04  0.00000E+00  2.67967E-04  2.38082E-03
       233  2.79606E+01  7.62843E+02  0.00000E+00 -3.07342E-04  3.09502E-04  3.14830E-04  0.00000E+00  2.63445E-04  2.45448E-03
       234  3.07567E+01  7.93600E+02  0.00000E+00 -3.06383E-04  3.07836E-04  3.12742E-04  0.00000E+00  2.59513E-04  2.53429E-03
       235  3.07567E+01  8.24357E+02  0.00000E+00 -3.03362E-04  3.05351E-04  3.10977E-04  0.00000E+00  2.56634E-04  2.61323E-03
       236  3.38324E+01  8.58189E+02  0.00000E+00 -3.02469E-04  3.03823E-04  3.08778E-04  0.00000E+00  2.53866E-04  2.69912E-03
       237  3.38324E+01  8.92021E+02  0.00000E+00 -2.99988E-04  3.02032E-04  3.06693E-04  0.00000E+00  2.48808E-04  2.78329E-03
       238  3.38324E+01  9.25854E+02  0.00000E+00 -2.98133E-04  3.00529E-04  3.04647E-04  0.00000E+00  2.45119E-04  2.86622E-03
       239  3.38324E+01  9.59686E+02  0.00000E+00 -2.95637E-04  2.98531E-04  3.02738E-04  0.00000E+00  2.41867E-04  2.94805E-03
       240  3.38324E+01  9.93518E+02  0.00000E+00 -2.93236E-04  2.96076E-04  3.00953E-04  0.00000E+00  2.39081E-04  3.02894E-03
       241  3.72156E+01  1.03073E+03  0.00000E+00 -2.91748E-04  2.93729E-04  2.98847E-04  0.00000E+00  2.35707E-04  3.11666E-03
       242  3.72156E+01  1.06795E+03  0.00000E+00 -2.89190E-04  2.90995E-04  2.96921E-04  0.00000E+00  2.34836E-04  3.20405E-03
       243  3.72156E+01  1.10517E+03  0.00000E+00 -2.87418E-04  2.88713E-04  2.94915E-04  0.00000E+00  2.30093E-04  3.28968E-03
       244  3.72156E+01  1.14238E+03  0.00000E+00 -2.85598E-04  2.86948E-04  2.92837E-04  0.00000E+00  2.28307E-04  3.37465E-03
       245  3.72156E+01  1.17960E+03  0.00000E+00 -2.83447E-04  2.85198E-04  2.90904E-04  0.00000E+00  2.24818E-04  3.45832E-03
       246  3.72156E+01  1.21681E+03  0.00000E+00 -2.80786E-04  2.82733E-04  2.89110E-04  0.00000E+00  2.21736E-04  3.54084E-03
       247  4.09371E+01  1.25775E+03  0.00000E+00 -2.80220E-04  2.81491E-04  2.86718E-04  0.00000E+00  2.19750E-04  3.63080E-03
       248  4.09371E+01  1.29869E+03  0.00000E+00 -2.77866E-04  2.80192E-04  2.84601E-04  0.00000E+00  2.16753E-04  3.71953E-03
       249  4.09371E+01  1.33962E+03  0.00000E+00 -2.75123E-04  2.78248E-04  2.82639E-04  0.00000E+00  2.14886E-04  3.80750E-03
       250  4.09371E+01  1.38056E+03  0.00000E+00 -2.73169E-04  2.76198E-04  2.80706E-04  0.00000E+00  2.13320E-04  3.89483E-03
       251  4.09371E+01  1.42150E+03  0.00000E+00 -2.71381E-04  2.74175E-04  2.78848E-04  0.00000E+00  2.11775E-04  3.98152E-03
       252  4.09371E+01  1.46243E+03  0.00000E+00 -2.69578E-04  2.72221E-04  2.76993E-04  0.00000E+00  2.07953E-04  4.06665E-03
       253  4.09371E+01  1.50337E+03  0.00000E+00 -2.67819E-04  2.70447E-04  2.75111E-04  0.00000E+00  2.04244E-04  4.15026E-03
       254  4.09371E+01  1.54431E+03  0.00000E+00 -2.65858E-04  2.68517E-04  2.73234E-04  0.00000E+00  2.07201E-04  4.23508E-03
       255  4.09371E+01  1.58525E+03  0.00000E+00 -2.63647E-04  2.66183E-04  2.71532E-04  0.00000E+00  2.02335E-04  4.31791E-03
       256  4.50309E+01  1.63028E+03  0.00000E+00 -2.62932E-04  2.64619E-04  2.69358E-04  0.00000E+00  2.00347E-04  4.40813E-03
       257  4.50309E+01  1.67531E+03  0.00000E+00 -2.59933E-04  2.62303E-04  2.67567E-04  0.00000E+00  1.99717E-04  4.49807E-03
       258  4.50309E+01  1.72034E+03  0.00000E+00 -2.58864E-04  2.60847E-04  2.65620E-04  0.00000E+00  1.96615E-04  4.58660E-03
       259  4.50309E+01  1.76537E+03  0.00000E+00 -2.56554E-04  2.58925E-04  2.63781E-04  0.00000E+00  1.93796E-04  4.67387E-03
       260  4.50309E+01  1.81040E+03  0.00000E+00 -2.55320E-04  2.57607E-04  2.61783E-04  0.00000E+00  1.93527E-04  4.76102E-03
       261  4.50309E+01  1.85543E+03  0.00000E+00 -2.52932E-04  2.55806E-04  2.59944E-04  0.00000E+00  1.91877E-04  4.84742E-03
       262  4.50309E+01  1.90046E+03  0.00000E+00 -2.51956E-04  2.54792E-04  2.57920E-04  0.00000E+00  1.90230E-04  4.93309E-03
       263  4.50309E+01  1.94549E+03  0.00000E+00 -2.49452E-04  2.53118E-04  2.56179E-04  0.00000E+00  1.86200E-04  5.01693E-03
       264  4.50309E+01  1.99052E+03  0.00000E+00 -2.47480E-04  2.50965E-04  2.54529E-04  0.00000E+00  1.86908E-04  5.10110E-03
       265  4.95339E+01  2.04006E+03  0.00000E+00 -2.45927E-04  2.48473E-04  2.52669E-04  0.00000E+00  1.84164E-04  5.19232E-03
       266  5.44873E+01  2.09455E+03  0.00000E+00 -2.44822E-04  2.46618E-04  2.50462E-04  0.00000E+00  1.83141E-04  5.29211E-03
       267  5.44873E+01  2.14903E+03  0.00000E+00 -2.42729E-04  2.44945E-04  2.48441E-04  0.00000E+00  1.81438E-04  5.39097E-03
       268  5.44873E+01  2.20352E+03  0.00000E+00 -2.39918E-04  2.42531E-04  2.46724E-04  0.00000E+00  1.78467E-04  5.48821E-03
       269  5.99361E+01  2.26346E+03  0.00000E+00 -2.38819E-04  2.40656E-04  2.44443E-04  0.00000E+00  1.76164E-04  5.59380E-03
       270  5.99361E+01  2.32339E+03  0.00000E+00 -2.35930E-04  2.38239E-04  2.42542E-04  0.00000E+00  1.74345E-04  5.69829E-03
       271  5.99361E+01  2.38333E+03  0.00000E+00 -2.34155E-04  2.36097E-04  2.40575E-04  0.00000E+00  1.73967E-04  5.80256E-03
       272  5.99361E+01  2.44326E+03  0.00000E+00 -2.32895E-04  2.34663E-04  2.38450E-04  0.00000E+00  1.70958E-04  5.90503E-03
       273  5.99361E+01  2.50320E+03  0.00000E+00 -2.30189E-04  2.32729E-04  2.36592E-04  0.00000E+00  1.68423E-04  6.00597E-03
       274  5.99361E+01  2.56314E+03  0.00000E+00 -2.28320E-04  2.30802E-04  2.34757E-04  0.00000E+00  1.67837E-04  6.10657E-03
       275  5.99361E+01  2.62307E+03  0.00000E+00 -2.27123E-04  2.29510E-04  2.32710E-04  0.00000E+00  1.65956E-04  6.20604E-03
       276  5.99361E+01  2.68301E+03  0.00000E+00 -2.24730E-04  2.27756E-04  2.30882E-04  0.00000E+00  1.63761E-04  6.30419E-03
       277  5.99361E+01  2.74294E+03  0.00000E+00 -2.22502E-04  2.25570E-04  2.29217E-04  0.00000E+00  1.64879E-04  6.40301E-03
       278  5.99361E+01  2.80288E+03  0.00000E+00 -2.21302E-04  2.23886E-04  2.27418E-04  0.00000E+00  1.61451E-04  6.49978E-03
       279  5.99361E+01  2.86282E+03  0.00000E+00 -2.19482E-04  2.22199E-04  2.25665E-04  0.00000E+00  1.59361E-04  6.59529E-03
       280  5.99361E+01  2.92275E+03  0.00000E+00 -2.17789E-04  2.20513E-04  2.23938E-04  0.00000E+00  1.58901E-04  6.69053E-03
       281  5.99361E+01  2.98269E+03  0.00000E+00 -2.15735E-04  2.18432E-04  2.22412E-04  0.00000E+00  1.57158E-04  6.78473E-03
       282  6.59297E+01  3.04862E+03  0.00000E+00 -2.14022E-04  2.16025E-04  2.20696E-04  0.00000E+00  1.55931E-04  6.88753E-03
       283  7.25226E+01  3.12114E+03  0.00000E+00 -2.12742E-04  2.14186E-04  2.18562E-04  0.00000E+00  1.55551E-04  7.00034E-03
       284  7.25226E+01  3.19366E+03  0.00000E+00 -2.10473E-04  2.12323E-04  2.16735E-04  0.00000E+00  1.53678E-04  7.11179E-03
       285  7.25226E+01  3.26619E+03  0.00000E+00 -2.09241E-04  2.11407E-04  2.14642E-04  0.00000E+00  1.51575E-04  7.22172E-03
       286  7.25226E+01  3.33871E+03  0.00000E+00 -2.06459E-04  2.09715E-04  2.12884E-04  0.00000E+00  1.49716E-04  7.33030E-03
       287  7.25226E+01  3.41123E+03  0.00000E+00 -2.04487E-04  2.07615E-04  2.11202E-04  0.00000E+00  1.48562E-04  7.43804E-03
       288  7.97749E+01  3.49101E+03  0.00000E+00 -2.02722E-04  2.05127E-04  2.09171E-04  0.00000E+00  1.46262E-04  7.55472E-03
       289  8.77524E+01  3.57876E+03  0.00000E+00 -2.01044E-04  2.02912E-04  2.06801E-04  0.00000E+00  1.43907E-04  7.68100E-03
       290  8.77524E+01  3.66651E+03  0.00000E+00 -1.98634E-04  2.00754E-04  2.04798E-04  0.00000E+00  1.42804E-04  7.80631E-03
       291  9.65276E+01  3.76304E+03  0.00000E+00 -1.98034E-04  1.99952E-04  2.01851E-04  0.00000E+00  1.40750E-04  7.94218E-03
       292  9.65276E+01  3.85957E+03  0.00000E+00 -1.94610E-04  1.98432E-04  1.99671E-04  0.00000E+00  1.40452E-04  8.07775E-03
       293  9.65276E+01  3.95609E+03  0.00000E+00 -1.91951E-04  1.96196E-04  1.97780E-04  0.00000E+00  1.39031E-04  8.21196E-03
       294  1.06180E+02  4.06227E+03  0.00000E+00 -1.90063E-04  1.93418E-04  1.95546E-04  0.00000E+00  1.35229E-04  8.35554E-03
       295  1.16798E+02  4.17907E+03  0.00000E+00 -1.87610E-04  1.90317E-04  1.93126E-04  0.00000E+00  1.34573E-04  8.51272E-03
       296  1.16798E+02  4.29587E+03  0.00000E+00 -1.85564E-04  1.87995E-04  1.90649E-04  0.00000E+00  1.32558E-04  8.66755E-03
       297  1.28478E+02  4.42435E+03  0.00000E+00 -1.83335E-04  1.85892E-04  1.87722E-04  0.00000E+00  1.29769E-04  8.83427E-03
       298  1.28478E+02  4.55283E+03  0.00000E+00 -1.80312E-04  1.83612E-04  1.85427E-04  0.00000E+00  1.28333E-04  8.99915E-03
       299  1.41326E+02  4.69415E+03  0.00000E+00 -1.77522E-04  1.80529E-04  1.82839E-04  0.00000E+00  1.26317E-04  9.17767E-03
       300  1.55459E+02  4.84961E+03  0.00000E+00 -1.75749E-04  1.78122E-04  1.79428E-04  0.00000E+00  1.24479E-04  9.37119E-03
       301  1.71005E+02  5.02062E+03  0.00000E+00 -1.72024E-04  1.75020E-04  1.76403E-04  0.00000E+00  1.20671E-04  9.57754E-03
       302  1.88105E+02  5.20872E+03  0.00000E+00 -1.69246E-04  1.71950E-04  1.72659E-04  0.00000E+00  1.18048E-04  9.79959E-03
       303  2.06916E+02  5.41564E+03  0.00000E+00 -1.65253E-04  1.68249E-04  1.69302E-04  0.00000E+00  1.16036E-04  1.00397E-02
       304  2.27607E+02  5.64325E+03  0.00000E+00 -1.62024E-04  1.64417E-04  1.65295E-04  0.00000E+00  1.13514E-04  1.02981E-02
       305  2.50368E+02  5.89361E+03  0.00000E+00 -1.58124E-04  1.60481E-04  1.61524E-04  0.00000E+00  1.10178E-04  1.05739E-02
       306  2.75405E+02  6.16902E+03  0.00000E+00 -1.54328E-04  1.56567E-04  1.57292E-04  0.00000E+00  1.07562E-04  1.08701E-02
       307  3.02945E+02  6.47196E+03  0.00000E+00 -1.49821E-04  1.52244E-04  1.53234E-04  0.00000E+00  1.03297E-04  1.11831E-02
       308  3.33240E+02  6.80520E+03  0.00000E+00 -1.45705E-04  1.47802E-04  1.48600E-04  0.00000E+00  1.00165E-04  1.15169E-02
       309  3.33240E+02  7.13844E+03  0.00000E+00 -1.41787E-04  1.44034E-04  1.44702E-04  0.00000E+00  9.71650E-05  1.18407E-02
       310  3.66564E+02  7.50501E+03  0.00000E+00 -1.37146E-04  1.39473E-04  1.40528E-04  0.00000E+00  9.51957E-05  1.21896E-02
       311  4.03220E+02  7.90823E+03  0.00000E+00 -1.32753E-04  1.34774E-04  1.35801E-04  0.00000E+00  9.20453E-05  1.25608E-02
       312  4.43542E+02  8.35177E+03  0.00000E+00 -1.28530E-04  1.30387E-04  1.30557E-04  0.00000E+00  8.77247E-05  1.29498E-02
       313  4.43542E+02  8.79531E+03  0.00000E+00 -1.23872E-04  1.26437E-04  1.26869E-04  0.00000E+00  8.58615E-05  1.33307E-02
       314  4.87896E+02  9.28321E+03  0.00000E+00 -1.19451E-04  1.21613E-04  1.22407E-04  0.00000E+00  8.16472E-05  1.37290E-02
       315  5.36686E+02  9.81989E+03  0.00000E+00 -1.15082E-04  1.16934E-04  1.17234E-04  0.00000E+00  7.90331E-05  1.41532E-02
       316  5.90354E+02  1.04102E+04  0.00000E+00 -1.10132E-04  1.12283E-04  1.12557E-04  0.00000E+00  7.51443E-05  1.45968E-02
       317  5.90354E+02  1.10006E+04  0.00000E+00 -1.06010E-04  1.08158E-04  1.08560E-04  0.00000E+00  7.27251E-05  1.50261E-02
       318  6.49390E+02  1.16500E+04  0.00000E+00 -1.01635E-04  1.03497E-04  1.03601E-04  0.00000E+00  6.91193E-05  1.54750E-02
       319  7.14329E+02  1.23643E+04  0.00000E+00 -9.68556E-05  9.88223E-05  9.90106E-05  0.00000E+00  6.56498E-05  1.59440E-02
       320  7.14329E+02  1.30786E+04  0.00000E+00 -9.29397E-05  9.48683E-05  9.52203E-05  0.00000E+00  6.33793E-05  1.63967E-02
       321  7.85762E+02  1.38644E+04  0.00000E+00 -8.88227E-05  9.04775E-05  9.05247E-05  0.00000E+00  5.98701E-05  1.68671E-02
       322  7.85762E+02  1.46502E+04  0.00000E+00 -8.51517E-05  8.69097E-05  8.70889E-05  0.00000E+00  5.78556E-05  1.73217E-02
       323  8.64338E+02  1.55145E+04  0.00000E+00 -8.10970E-05  8.25842E-05  8.27928E-05  0.00000E+00  5.52892E-05  1.77996E-02
       324  8.64338E+02  1.63788E+04  0.00000E+00 -7.77327E-05  7.94032E-05  7.94207E-05  0.00000E+00  5.25370E-05  1.82537E-02
       325  9.50771E+02  1.73296E+04  0.00000E+00 -7.38555E-05  7.54378E-05  7.54861E-05  0.00000E+00  4.99794E-05  1.87289E-02
       326  4.75386E+02  1.78050E+04  0.00000E+00 -7.42755E-05  7.72603E-05  7.77369E-05  0.00000E+00  5.11995E-05  1.89723E-02
       327  4.75386E+02  1.82804E+04  0.00000E+00 -7.27106E-05  7.51594E-05  7.58535E-05  0.00000E+00  4.95696E-05  1.92079E-02
       328  5.22924E+02  1.88033E+04  0.00000E+00 -7.10335E-05  7.29994E-05  7.32354E-05  0.00000E+00  4.81318E-05  1.94596E-02
       329  5.75217E+02  1.93785E+04  0.00000E+00 -6.87786E-05  7.09164E-05  7.10276E-05  0.00000E+00  4.67449E-05  1.97285E-02
       330  6.32738E+02  2.00113E+04  0.00000E+00 -6.65951E-05  6.86668E-05  6.87959E-05  0.00000E+00  4.49158E-05  2.00127E-02
       331  6.96012E+02  2.07073E+04  0.00000E+00 -6.43295E-05  6.61898E-05  6.64122E-05  0.00000E+00  4.34625E-05  2.03152E-02
       332  7.65613E+02  2.14729E+04  0.00000E+00 -6.20872E-05  6.36864E-05  6.37792E-05  0.00000E+00  4.17381E-05  2.06348E-02
       333  7.65613E+02  2.22385E+04  0.00000E+00 -6.00534E-05  6.17941E-05  6.19996E-05  0.00000E+00  4.07728E-05  2.09469E-02
       334  8.42175E+02  2.30807E+04  0.00000E+00 -5.79235E-05  5.94090E-05  5.94431E-05  0.00000E+00  3.87936E-05  2.12737E-02
       335  9.26392E+02  2.40071E+04  0.00000E+00 -5.54730E-05  5.69402E-05  5.71022E-05  0.00000E+00  3.72418E-05  2.16187E-02
       336  9.26392E+02  2.49335E+04  0.00000E+00 -5.35604E-05  5.49426E-05  5.52958E-05  0.00000E+00  3.64084E-05  2.19559E-02
       337  9.26392E+02  2.58599E+04  0.00000E+00 -5.19351E-05  5.32287E-05  5.32467E-05  0.00000E+00  3.47988E-05  2.22783E-02
       338  1.01903E+03  2.68789E+04  0.00000E+00 -4.95742E-05  5.10463E-05  5.11270E-05  0.00000E+00  3.36060E-05  2.26208E-02
       339  5.09516E+02  2.73884E+04  0.00000E+00 -5.02984E-05  5.32343E-05  5.36250E-05  0.00000E+00  3.48009E-05  2.27981E-02
       340  5.09516E+02  2.78979E+04  0.00000E+00 -4.94524E-05  5.20717E-05  5.25674E-05  0.00000E+00  3.39567E-05  2.29711E-02
       341  5.60467E+02  2.84584E+04  0.00000E+00 -4.85590E-05  5.07255E-05  5.09301E-05  0.00000E+00  3.32334E-05  2.31574E-02
       342  6.16514E+02  2.90749E+04  0.00000E+00 -4.72040E-05  4.92890E-05  4.95312E-05  0.00000E+00  3.21383E-05  2.33555E-02
       343  6.78166E+02  2.97531E+04  0.00000E+00 -4.59100E-05  4.77168E-05  4.79958E-05  0.00000E+00  3.10791E-05  2.35663E-02
       344  7.45982E+02  3.04991E+04  0.00000E+00 -4.46972E-05  4.62532E-05  4.62688E-05  0.00000E+00  3.04203E-05  2.37932E-02
       345  8.20580E+02  3.13196E+04  0.00000E+00 -4.31747E-05  4.47858E-05  4.47896E-05  0.00000E+00  2.91825E-05  2.40327E-02
       346  9.02638E+02  3.22223E+04  0.00000E+00 -4.16826E-05  4.31400E-05  4.32058E-05  0.00000E+00  2.81684E-05  2.42869E-02
       347  9.02638E+02  3.31249E+04  0.00000E+00 -4.05582E-05  4.20072E-05  4.21539E-05  0.00000E+00  2.74718E-05  2.45349E-02
       348  9.92902E+02  3.41178E+04  0.00000E+00 -3.90256E-05  4.03891E-05  4.06192E-05  0.00000E+00  2.64950E-05  2.47980E-02
       349  4.96451E+02  3.46143E+04  0.00000E+00 -3.96222E-05  4.23072E-05  4.29095E-05  0.00000E+00  2.78668E-05  2.49363E-02
       350  4.96451E+02  3.51107E+04  0.00000E+00 -3.91157E-05  4.15357E-05  4.22156E-05  0.00000E+00  2.74576E-05  2.50726E-02
       351  5.46096E+02  3.56568E+04  0.00000E+00 -3.86604E-05  4.06684E-05  4.10197E-05  0.00000E+00  2.67838E-05  2.52189E-02
       352  6.00706E+02  3.62575E+04  0.00000E+00 -3.77497E-05  3.97205E-05  4.00773E-05  0.00000E+00  2.60464E-05  2.53753E-02
       353  6.60776E+02  3.69183E+04  0.00000E+00 -3.70369E-05  3.88324E-05  3.88324E-05  0.00000E+00  2.52328E-05  2.55421E-02
       354  7.26854E+02  3.76451E+04  0.00000E+00 -3.59096E-05  3.78427E-05  3.78427E-05  0.00000E+00  2.46669E-05  2.57214E-02
       355  7.99539E+02  3.84447E+04  0.00000E+00 -3.49421E-05  3.66917E-05  3.66917E-05  0.00000E+00  2.40077E-05  2.59133E-02
       356  8.79493E+02  3.93242E+04  0.00000E+00 -3.38952E-05  3.54709E-05  3.54959E-05  0.00000E+00  2.32392E-05  2.61177E-02
       357  8.79493E+02  4.02037E+04  0.00000E+00 -3.31163E-05  3.46690E-05  3.47526E-05  0.00000E+00  2.27951E-05  2.63182E-02
       358  9.67443E+02  4.11711E+04  0.00000E+00 -3.20582E-05  3.34392E-05  3.35623E-05  0.00000E+00  2.20778E-05  2.65318E-02
       359  9.67443E+02  4.21386E+04  0.00000E+00 -3.12685E-05  3.26231E-05  3.28410E-05  0.00000E+00  2.16094E-05  2.67408E-02
       360  5.32093E+02  4.26706E+04  0.00000E+00 -3.16407E-05  3.40485E-05  3.46540E-05  0.00000E+00  2.25540E-05  2.68609E-02
       361  5.32093E+02  4.32027E+04  0.00000E+00 -3.12852E-05  3.34952E-05  3.42044E-05  0.00000E+00  2.21968E-05  2.69790E-02
       362  5.85303E+02  4.37880E+04  0.00000E+00 -3.08719E-05  3.27361E-05  3.33808E-05  0.00000E+00  2.17159E-05  2.71061E-02
       363  6.43833E+02  4.44319E+04  0.00000E+00 -3.02526E-05  3.19168E-05  3.25923E-05  0.00000E+00  2.11415E-05  2.72422E-02
       364  7.08216E+02  4.51401E+04  0.00000E+00 -2.97278E-05  3.12283E-05  3.15577E-05  0.00000E+00  2.05463E-05  2.73877E-02
       365  7.79038E+02  4.59191E+04  0.00000E+00 -2.89632E-05  3.06400E-05  3.06400E-05  0.00000E+00  1.99573E-05  2.75432E-02
       366  8.56942E+02  4.67761E+04  0.00000E+00 -2.80655E-05  2.98789E-05  2.98789E-05  0.00000E+00  1.94737E-05  2.77100E-02
       367  9.42636E+02  4.77187E+04  0.00000E+00 -2.72986E-05  2.89323E-05  2.89323E-05  0.00000E+00  1.88637E-05  2.78879E-02
       368  9.42636E+02  4.86613E+04  0.00000E+00 -2.67178E-05  2.83345E-05  2.83355E-05  0.00000E+00  1.85676E-05  2.80629E-02
       369  5.18450E+02  4.91798E+04  0.00000E+00 -2.72152E-05  2.96059E-05  2.97504E-05  0.00000E+00  1.93995E-05  2.81635E-02
       370  5.18450E+02  4.96982E+04  0.00000E+00 -2.67110E-05  2.93842E-05  2.95433E-05  0.00000E+00  1.91764E-05  2.82629E-02
       371  5.70295E+02  5.02685E+04  0.00000E+00 -2.64588E-05  2.87381E-05  2.89106E-05  0.00000E+00  1.87798E-05  2.83700E-02
       372  6.27324E+02  5.08959E+04  0.00000E+00 -2.60700E-05  2.80284E-05  2.82261E-05  0.00000E+00  1.83141E-05  2.84849E-02
       373  6.90057E+02  5.15859E+04  0.00000E+00 -2.56150E-05  2.73059E-05  2.75062E-05  0.00000E+00  1.78639E-05  2.86081E-02
       374  7.59062E+02  5.23450E+04  0.00000E+00 -2.50389E-05  2.65933E-05  2.68043E-05  0.00000E+00  1.74109E-05  2.87403E-02
       375  8.34969E+02  5.31800E+04  0.00000E+00 -2.44455E-05  2.58356E-05  2.60546E-05  0.00000E+00  1.69004E-05  2.88814E-02
       376  9.18465E+02  5.40984E+04  0.00000E+00 -2.37997E-05  2.50429E-05  2.52873E-05  0.00000E+00  1.64713E-05  2.90327E-02
       377  9.18465E+02  5.50169E+04  0.00000E+00 -2.33458E-05  2.45715E-05  2.48414E-05  0.00000E+00  1.61923E-05  2.91814E-02
       378  1.01031E+03  5.60272E+04  0.00000E+00 -2.28122E-05  2.39142E-05  2.39142E-05  0.00000E+00  1.56675E-05  2.93397E-02
       379  1.01031E+03  5.70375E+04  0.00000E+00 -2.22019E-05  2.35812E-05  2.35812E-05  0.00000E+00  1.54608E-05  2.94959E-02
       380  5.55672E+02  5.75932E+04  0.00000E+00 -2.28022E-05  2.47718E-05  2.48584E-05  0.00000E+00  1.62634E-05  2.95863E-02
       381  5.55672E+02  5.81489E+04  0.00000E+00 -2.22568E-05  2.46777E-05  2.47729E-05  0.00000E+00  1.61267E-05  2.96759E-02
       382  6.11239E+02  5.87601E+04  0.00000E+00 -2.20217E-05  2.41602E-05  2.42656E-05  0.00000E+00  1.58106E-05  2.97725E-02
       383  6.72363E+02  5.94325E+04  0.00000E+00 -2.16759E-05  2.35780E-05  2.36960E-05  0.00000E+00  1.54704E-05  2.98766E-02
       384  7.39599E+02  6.01721E+04  0.00000E+00 -2.12852E-05  2.29827E-05  2.31120E-05  0.00000E+00  1.51033E-05  2.99883E-02
       385  8.13559E+02  6.09856E+04  0.00000E+00 -2.09177E-05  2.24347E-05  2.24410E-05  0.00000E+00  1.47124E-05  3.01079E-02
       386  8.94915E+02  6.18805E+04  0.00000E+00 -2.03510E-05  2.18491E-05  2.18749E-05  0.00000E+00  1.43986E-05  3.02368E-02
       387  8.94915E+02  6.27754E+04  0.00000E+00 -2.00321E-05  2.15132E-05  2.15663E-05  0.00000E+00  1.41258E-05  3.03632E-02
       388  9.84406E+02  6.37598E+04  0.00000E+00 -1.95237E-05  2.08674E-05  2.09693E-05  0.00000E+00  1.36825E-05  3.04979E-02
       389  9.84406E+02  6.47443E+04  0.00000E+00 -1.92140E-05  2.05564E-05  2.06369E-05  0.00000E+00  1.34749E-05  3.06306E-02
       390  5.41423E+02  6.52857E+04  0.00000E+00 -1.94984E-05  2.19312E-05  2.21508E-05  0.00000E+00  1.44098E-05  3.07086E-02
       391  5.41423E+02  6.58271E+04  0.00000E+00 -1.93305E-05  2.17446E-05  2.19797E-05  0.00000E+00  1.42512E-05  3.07857E-02
       392  5.95566E+02  6.64227E+04  0.00000E+00 -1.91957E-05  2.12836E-05  2.15199E-05  0.00000E+00  1.39441E-05  3.08688E-02
       393  6.55122E+02  6.70778E+04  0.00000E+00 -1.89640E-05  2.07832E-05  2.10259E-05  0.00000E+00  1.36648E-05  3.09583E-02
       394  7.20635E+02  6.77984E+04  0.00000E+00 -1.86717E-05  2.02660E-05  2.05133E-05  0.00000E+00  1.33750E-05  3.10547E-02
       395  7.92698E+02  6.85911E+04  0.00000E+00 -1.83318E-05  1.97373E-05  1.99862E-05  0.00000E+00  1.29863E-05  3.11576E-02
       396  8.71968E+02  6.94631E+04  0.00000E+00 -1.79322E-05  1.91892E-05  1.94521E-05  0.00000E+00  1.26171E-05  3.12676E-02
       397  8.71968E+02  7.03351E+04  0.00000E+00 -1.76616E-05  1.89076E-05  1.91901E-05  0.00000E+00  1.24521E-05  3.13762E-02
       398  9.59165E+02  7.12942E+04  0.00000E+00 -1.72481E-05  1.83670E-05  1.86551E-05  0.00000E+00  1.20859E-05  3.14921E-02
       399  9.59165E+02  7.22534E+04  0.00000E+00 -1.69769E-05  1.80845E-05  1.83882E-05  0.00000E+00  1.19364E-05  3.16066E-02
       400  5.27541E+02  7.27809E+04  0.00000E+00 -1.72158E-05  1.92143E-05  1.96923E-05  0.00000E+00  1.27254E-05  3.16738E-02
       401  5.27541E+02  7.33085E+04  0.00000E+00 -1.71053E-05  1.90349E-05  1.95264E-05  0.00000E+00  1.25986E-05  3.17402E-02
       402  5.80295E+02  7.38888E+04  0.00000E+00 -1.69631E-05  1.86685E-05  1.91516E-05  0.00000E+00  1.23665E-05  3.18120E-02
       403  6.38324E+02  7.45271E+04  0.00000E+00 -1.69914E-05  1.85078E-05  1.85078E-05  0.00000E+00  1.20480E-05  3.18889E-02
       404  7.02156E+02  7.52292E+04  0.00000E+00 -1.64541E-05  1.82771E-05  1.82771E-05  0.00000E+00  1.18667E-05  3.19722E-02
       405  7.72372E+02  7.60016E+04  0.00000E+00 -1.61999E-05  1.78610E-05  1.78610E-05  0.00000E+00  1.16019E-05  3.20618E-02
       406  8.49609E+02  7.68512E+04  0.00000E+00 -1.58946E-05  1.74052E-05  1.74052E-05  0.00000E+00  1.12960E-05  3.21578E-02
       407  9.34570E+02  7.77858E+04  0.00000E+00 -1.55474E-05  1.69206E-05  1.69206E-05  0.00000E+00  1.09441E-05  3.22601E-02
       408  9.34570E+02  7.87204E+04  0.00000E+00 -1.53259E-05  1.66981E-05  1.67121E-05  0.00000E+00  1.08576E-05  3.23616E-02
       409  1.02803E+03  7.97484E+04  0.00000E+00 -1.49722E-05  1.62180E-05  1.62415E-05  0.00000E+00  1.06273E-05  3.24708E-02
       410  5.14014E+02  8.02624E+04  0.00000E+00 -1.55757E-05  1.74331E-05  1.75824E-05  0.00000E+00  1.14062E-05  3.25294E-02
       411  5.14014E+02  8.07764E+04  0.00000E+00 -1.50245E-05  1.75552E-05  1.76535E-05  0.00000E+00  1.14496E-05  3.25883E-02
       412  5.65415E+02  8.13418E+04  0.00000E+00 -1.50245E-05  1.72724E-05  1.73588E-05  0.00000E+00  1.12779E-05  3.26521E-02
       413  6.21956E+02  8.19638E+04  0.00000E+00 -1.49078E-05  1.69123E-05  1.69997E-05  0.00000E+00  1.10542E-05  3.27208E-02
       414  6.84152E+02  8.26479E+04  0.00000E+00 -1.47319E-05  1.65281E-05  1.66179E-05  0.00000E+00  1.07986E-05  3.27947E-02
       415  7.52567E+02  8.34005E+04  0.00000E+00 -1.45152E-05  1.61318E-05  1.62228E-05  0.00000E+00  1.05415E-05  3.28740E-02
       416  8.27824E+02  8.42283E+04  0.00000E+00 -1.42645E-05  1.57258E-05  1.58156E-05  0.00000E+00  1.03065E-05  3.29593E-02
       417  9.10606E+02  8.51389E+04  0.00000E+00 -1.39747E-05  1.52989E-05  1.54058E-05  0.00000E+00  9.99363E-06  3.30503E-02
       418  6.30531E+02  8.57695E+04  0.00000E+00 -1.40409E-05  1.59487E-05  1.61328E-05  0.00000E+00  1.04244E-05  3.31161E-02
       419  6.30531E+02  8.64000E+04  0.00000E+00 -1.39329E-05  1.58027E-05  1.59993E-05  0.00000E+00  1.03425E-05  3.31813E-02
