#TIME      <--- WTDEPTH(NODVP(I)), I=1,2,...,NUMVP --->
   1.318359E-02   3.350001E-01
   1.977539E-02   3.350001E-01
   2.702637E-02   3.350002E-01
   3.427734E-02   3.350003E-01
   4.225342E-02   3.350004E-01
   5.022949E-02   3.350005E-01
   5.820557E-02   3.350007E-01
   6.618164E-02   3.350008E-01
   7.415771E-02   3.350009E-01
   7.814575E-02   3.350009E-01
   8.253259E-02   3.350010E-01
   8.735812E-02   3.350011E-01
   9.218364E-02   3.350011E-01
   9.700917E-02   3.350012E-01
   1.018347E-01   3.350013E-01
   1.066602E-01   3.350014E-01
   1.114857E-01   3.350015E-01
   1.167938E-01   3.350016E-01
   1.221019E-01   3.350017E-01
   1.247559E-01   3.350017E-01
   1.276754E-01   3.350017E-01
   1.308868E-01   3.350018E-01
   1.344193E-01   3.350019E-01
   1.379518E-01   3.350019E-01
   1.414843E-01   3.350020E-01
   1.450169E-01   3.350021E-01
   1.489026E-01   3.350021E-01
   1.527884E-01   3.350022E-01
   1.547313E-01   3.350022E-01
   1.568685E-01   3.350023E-01
   1.592194E-01   3.350023E-01
   1.618054E-01   3.350024E-01
   1.643914E-01   3.350024E-01
   1.669773E-01   3.350025E-01
   1.695633E-01   3.350025E-01
   1.724079E-01   3.350026E-01
   1.752525E-01   3.350026E-01
   1.780971E-01   3.350027E-01
   1.812261E-01   3.350028E-01
   1.843552E-01   3.350028E-01
   1.874842E-01   3.350029E-01
   1.909262E-01   3.350030E-01
   1.943681E-01   3.350030E-01
   1.978100E-01   3.350031E-01
   2.015962E-01   3.350032E-01
   2.053823E-01   3.350033E-01
   2.072754E-01   3.350033E-01
   2.093578E-01   3.350033E-01
   2.116484E-01   3.350034E-01
   2.127937E-01   3.350034E-01
   2.140535E-01   3.350034E-01
   2.154394E-01   3.350034E-01
   2.169638E-01   3.350034E-01
   2.184882E-01   3.350035E-01
   2.201650E-01   3.350035E-01
   2.220095E-01   3.350036E-01
   2.238541E-01   3.350036E-01
   2.258831E-01   3.350036E-01
   2.281149E-01   3.350037E-01
   2.303468E-01   3.350037E-01
   2.328019E-01   3.350038E-01
   2.352570E-01   3.350039E-01
   2.379575E-01   3.350039E-01
   2.406581E-01   3.350040E-01
   2.433587E-01   3.350040E-01
   2.460593E-01   3.350041E-01
   2.490299E-01   3.350042E-01
   2.520005E-01   3.350042E-01
   2.552682E-01   3.350043E-01
   2.585359E-01   3.350044E-01
   2.618036E-01   3.350044E-01
   2.650713E-01   3.350045E-01
   2.686658E-01   3.350046E-01
   2.726197E-01   3.350047E-01
   2.769690E-01   3.350048E-01
   2.813183E-01   3.350049E-01
   2.856676E-01   3.350050E-01
   2.904518E-01   3.350051E-01
   2.957145E-01   3.350052E-01
   3.009771E-01   3.350053E-01
   3.067661E-01   3.350055E-01
   3.125550E-01   3.350056E-01
   3.189228E-01   3.350058E-01
   3.252906E-01   3.350059E-01
   3.322952E-01   3.350061E-01
   3.392998E-01   3.350063E-01
   3.470049E-01   3.350064E-01
   3.554804E-01   3.350067E-01
   3.639560E-01   3.350069E-01
   3.724316E-01   3.350071E-01
   3.817547E-01   3.350073E-01
   3.910778E-01   3.350075E-01
   4.013332E-01   3.350078E-01
   4.126142E-01   3.350081E-01
   4.238952E-01   3.350083E-01
   4.351762E-01   3.350086E-01
   4.475852E-01   3.350089E-01
   4.599943E-01   3.350092E-01
   4.736443E-01   3.350096E-01
   4.872943E-01   3.350099E-01
   5.023092E-01   3.350103E-01
   5.188257E-01   3.350108E-01
   5.353422E-01   3.350112E-01
   5.518587E-01   3.350116E-01
   5.700268E-01   3.350121E-01
   5.881949E-01   3.350125E-01
   6.081798E-01   3.350131E-01
   6.301633E-01   3.350137E-01
   6.521467E-01   3.350142E-01
   6.763285E-01   3.350149E-01
   7.005102E-01   3.350155E-01
   7.246920E-01   3.350162E-01
   7.512920E-01   3.350169E-01
   7.805519E-01   3.350177E-01
   8.098118E-01   3.350185E-01
   8.419978E-01   3.350194E-01
   8.774023E-01   3.350204E-01
   9.163473E-01   3.350216E-01
   9.591868E-01   3.350228E-01
   1.006310E+00   3.350242E-01
   1.053434E+00   3.350254E-01
   1.100557E+00   3.350267E-01
   1.152393E+00   3.350282E-01
   1.209412E+00   3.350299E-01
   1.266432E+00   3.350314E-01
   1.329153E+00   3.350333E-01
   1.398146E+00   3.350353E-01
   1.467140E+00   3.350372E-01
   1.543032E+00   3.350395E-01
   1.626514E+00   3.350419E-01
   1.718345E+00   3.350447E-01
   1.810175E+00   3.350472E-01
   1.911188E+00   3.350502E-01
   2.022303E+00   3.350535E-01
   2.144529E+00   3.350572E-01
   2.266755E+00   3.350605E-01
   2.401203E+00   3.350646E-01
   2.549097E+00   3.350690E-01
   2.696990E+00   3.350731E-01
   2.859673E+00   3.350779E-01
   3.038624E+00   3.350833E-01
   3.217576E+00   3.350882E-01
   3.414422E+00   3.350941E-01
   3.630953E+00   3.351006E-01
   3.869137E+00   3.351078E-01
   4.131139E+00   3.351157E-01
   4.419342E+00   3.351243E-01
   4.736365E+00   3.351339E-01
   5.053387E+00   3.351425E-01
   5.402113E+00   3.351530E-01
   5.785710E+00   3.351645E-01
   6.207668E+00   3.351772E-01
   6.629625E+00   3.351886E-01
   7.051583E+00   3.352001E-01
   7.515736E+00   3.352141E-01
   8.026304E+00   3.352294E-01
   8.587930E+00   3.352463E-01
   9.205718E+00   3.352648E-01
   9.885284E+00   3.352852E-01
   1.056485E+01   3.353037E-01
   1.131237E+01   3.353262E-01
   1.213465E+01   3.353509E-01
   1.303915E+01   3.353780E-01
   1.403411E+01   3.354079E-01
   1.512856E+01   3.354408E-01
   1.622300E+01   3.354706E-01
   1.742690E+01   3.355068E-01
   1.863079E+01   3.355396E-01
   1.995508E+01   3.355794E-01
   2.127936E+01   3.356155E-01
   2.273607E+01   3.356593E-01
   2.419278E+01   3.356990E-01
   2.579516E+01   3.357471E-01
   2.739755E+01   3.357908E-01
   2.916017E+01   3.358438E-01
   3.109905E+01   3.359021E-01
   3.323182E+01   3.359662E-01
   3.557787E+01   3.360367E-01
   3.792392E+01   3.361006E-01
   4.050457E+01   3.361781E-01
   4.334329E+01   3.362632E-01
   4.646588E+01   3.363568E-01
   4.958847E+01   3.364416E-01
   5.302332E+01   3.365442E-01
   5.680166E+01   3.366570E-01
   6.057999E+01   3.367588E-01
   6.473616E+01   3.368822E-01
   6.930794E+01   3.370174E-01
   7.433691E+01   3.371654E-01
   7.986877E+01   3.373275E-01
   8.540063E+01   3.374730E-01
   9.148567E+01   3.376486E-01
   9.817922E+01   3.378410E-01
   1.055421E+02   3.380501E-01
   1.129050E+02   3.382331E-01
   1.210042E+02   3.384499E-01
   1.299133E+02   3.386791E-01
   1.388225E+02   3.388735E-01
   1.477316E+02   3.390576E-01
   1.566407E+02   3.392316E-01
   1.664407E+02   3.394381E-01
   1.762407E+02   3.396059E-01
   1.870208E+02   3.398084E-01
   1.978008E+02   3.399709E-01
   2.085808E+02   3.401236E-01
   2.204389E+02   3.403134E-01
   2.334827E+02   3.405106E-01
   2.478309E+02   3.407141E-01
   2.636140E+02   3.409232E-01
   2.809753E+02   3.411386E-01
   2.983366E+02   3.412921E-01
   3.156980E+02   3.414319E-01
   3.330593E+02   3.415585E-01
   3.504207E+02   3.416729E-01
   3.677820E+02   3.417775E-01
   3.851434E+02   3.418735E-01
   4.025047E+02   3.419618E-01
   4.198661E+02   3.420432E-01
   4.372274E+02   3.421182E-01
   4.563249E+02   3.422455E-01
   4.754224E+02   3.423153E-01
   4.964296E+02   3.424407E-01
   5.174368E+02   3.425033E-01
   5.405448E+02   3.426272E-01
   5.636527E+02   3.426832E-01
   5.867607E+02   3.427331E-01
   6.098686E+02   3.427773E-01
   6.329766E+02   3.428167E-01
   6.560845E+02   3.428518E-01
   6.815033E+02   3.429530E-01
   7.069220E+02   3.429827E-01
   7.348826E+02   3.430844E-01
   7.628433E+02   3.431080E-01
   7.935999E+02   3.432100E-01
   8.243566E+02   3.432269E-01
   8.581890E+02   3.433296E-01
   8.920213E+02   3.433396E-01
   9.258537E+02   3.433460E-01
   9.596860E+02   3.433491E-01
   9.935184E+02   3.433493E-01
   1.030734E+03   3.434432E-01
   1.067950E+03   3.434375E-01
   1.105165E+03   3.434292E-01
   1.142381E+03   3.434187E-01
   1.179596E+03   3.434061E-01
   1.216812E+03   3.433920E-01
   1.257749E+03   3.434804E-01
   1.298686E+03   3.434615E-01
   1.339623E+03   3.434411E-01
   1.380560E+03   3.434196E-01
   1.421498E+03   3.433971E-01
   1.462435E+03   3.433737E-01
   1.503372E+03   3.433497E-01
   1.544309E+03   3.433251E-01
   1.585246E+03   3.433000E-01
   1.630277E+03   3.433867E-01
   1.675308E+03   3.433577E-01
   1.720339E+03   3.433284E-01
   1.765370E+03   3.432992E-01
   1.810400E+03   3.432699E-01
   1.855431E+03   3.432407E-01
   1.900462E+03   3.432115E-01
   1.945493E+03   3.431822E-01
   1.990524E+03   3.431530E-01
   2.040058E+03   3.432459E-01
   2.094545E+03   3.433475E-01
   2.149033E+03   3.433116E-01
   2.203520E+03   3.432762E-01
   2.263456E+03   3.433881E-01
   2.323392E+03   3.433499E-01
   2.383328E+03   3.433122E-01
   2.443264E+03   3.432750E-01
   2.503200E+03   3.432380E-01
   2.563136E+03   3.432014E-01
   2.623072E+03   3.431653E-01
   2.683008E+03   3.431294E-01
   2.742945E+03   3.430944E-01
   2.802881E+03   3.430602E-01
   2.862817E+03   3.430265E-01
   2.922753E+03   3.429930E-01
   2.982689E+03   3.429599E-01
   3.048618E+03   3.430861E-01
   3.121141E+03   3.432245E-01
   3.193664E+03   3.431853E-01
   3.266186E+03   3.431469E-01
   3.338709E+03   3.431085E-01
   3.411232E+03   3.430711E-01
   3.491007E+03   3.432250E-01
   3.578759E+03   3.433940E-01
   3.666511E+03   3.433510E-01
   3.763039E+03   3.435365E-01
   3.859567E+03   3.434888E-01
   3.956094E+03   3.434426E-01
   4.062275E+03   3.436471E-01
   4.179073E+03   3.438718E-01
   4.295872E+03   3.438204E-01
   4.424350E+03   3.440665E-01
   4.552828E+03   3.440091E-01
   4.694154E+03   3.442789E-01
   4.849613E+03   3.445739E-01
   5.020618E+03   3.448948E-01
   5.208723E+03   3.452460E-01
   5.415638E+03   3.456275E-01
   5.643246E+03   3.460464E-01
   5.893613E+03   3.465001E-01
   6.169018E+03   3.469932E-01
   6.471963E+03   3.475261E-01
   6.805203E+03   3.481065E-01
   7.138442E+03   3.479828E-01
   7.505006E+03   3.486128E-01
   7.908226E+03   3.492905E-01
   8.351768E+03   3.500219E-01
   8.795310E+03   3.498645E-01
   9.283206E+03   3.506557E-01
   9.819891E+03   3.514964E-01
   1.041025E+04   3.523961E-01
   1.100060E+04   3.522049E-01
   1.164999E+04   3.531688E-01
   1.236432E+04   3.541992E-01
   1.307865E+04   3.539753E-01
   1.386441E+04   3.550741E-01
   1.465017E+04   3.548375E-01
   1.551451E+04   3.559824E-01
   1.637885E+04   3.557371E-01
   1.732962E+04   3.569407E-01
   1.780500E+04   3.483125E-01
   1.828039E+04   3.482893E-01
   1.880331E+04   3.491041E-01
   1.937853E+04   3.499566E-01
   2.001127E+04   3.508731E-01
   2.070728E+04   3.518513E-01
   2.147289E+04   3.528917E-01
   2.223851E+04   3.527398E-01
   2.308068E+04   3.538283E-01
   2.400707E+04   3.549762E-01
   2.493347E+04   3.548240E-01
   2.585986E+04   3.546439E-01
   2.687889E+04   3.558519E-01
   2.738841E+04   3.475166E-01
   2.789792E+04   3.475226E-01
   2.845839E+04   3.483368E-01
   2.907490E+04   3.491945E-01
   2.975307E+04   3.501117E-01
   3.049905E+04   3.510807E-01
   3.131963E+04   3.521046E-01
   3.222227E+04   3.532424E-01
   3.312491E+04   3.530933E-01
   3.411781E+04   3.542359E-01
   3.461426E+04   3.465122E-01
   3.511071E+04   3.465278E-01
   3.565681E+04   3.472946E-01
   3.625751E+04   3.481055E-01
   3.691829E+04   3.489714E-01
   3.764514E+04   3.498892E-01
   3.844468E+04   3.508676E-01
   3.932418E+04   3.519423E-01
   4.020367E+04   3.518230E-01
   4.117111E+04   3.529033E-01
   4.213856E+04   3.527874E-01
   4.267065E+04   3.463929E-01
   4.320274E+04   3.464038E-01
   4.378805E+04   3.471844E-01
   4.443188E+04   3.480068E-01
   4.514010E+04   3.488779E-01
   4.591913E+04   3.497890E-01
   4.677608E+04   3.507738E-01
   4.771871E+04   3.518115E-01
   4.866135E+04   3.517167E-01
   4.917980E+04   3.457034E-01
   4.969825E+04   3.457155E-01
   5.026854E+04   3.464659E-01
   5.089587E+04   3.472515E-01
   5.158592E+04   3.480836E-01
   5.234498E+04   3.489652E-01
   5.317995E+04   3.498990E-01
   5.409842E+04   3.509402E-01
   5.501688E+04   3.508097E-01
   5.602720E+04   3.518276E-01
   5.703751E+04   3.517356E-01
   5.759318E+04   3.457236E-01
   5.814885E+04   3.457447E-01
   5.876009E+04   3.465070E-01
   5.943245E+04   3.473049E-01
   6.017205E+04   3.481491E-01
   6.098561E+04   3.490311E-01
   6.188053E+04   3.500236E-01
   6.277544E+04   3.499207E-01
   6.375985E+04   3.509717E-01
   6.474425E+04   3.508214E-01
   6.528568E+04   3.451233E-01
   6.582710E+04   3.451698E-01
   6.642267E+04   3.458873E-01
   6.707779E+04   3.466397E-01
   6.779842E+04   3.474362E-01
   6.859112E+04   3.482776E-01
   6.946309E+04   3.492070E-01
   7.033506E+04   3.491085E-01
   7.129422E+04   3.501050E-01
   7.225338E+04   3.499725E-01
   7.278093E+04   3.445635E-01
   7.330847E+04   3.446363E-01
   7.388876E+04   3.453229E-01
   7.452708E+04   3.460258E-01
   7.522924E+04   3.467832E-01
   7.600161E+04   3.475969E-01
   7.685122E+04   3.484451E-01
   7.778579E+04   3.493975E-01
   7.872036E+04   3.492731E-01
   7.974839E+04   3.502087E-01
   8.026240E+04   3.440266E-01
   8.077642E+04   3.441393E-01
   8.134183E+04   3.448095E-01
   8.196379E+04   3.454964E-01
   8.264794E+04   3.462200E-01
   8.340051E+04   3.469851E-01
   8.422833E+04   3.477917E-01
   8.513894E+04   3.486901E-01
   8.576947E+04   3.453246E-01
   8.640000E+04   3.453837E-01
