   0.0000000e+00
  -9.2319855e-09
   3.6000000e+03
  -8.5930991e-09
   7.2000000e+03
  -4.0619295e-09
   1.0800000e+04
  -4.9248403e-09
   1.4400000e+04
  -8.4858568e-09
   1.8000000e+04
  -7.0816029e-09
   2.1600000e+04
  -4.0452337e-09
   2.5200000e+04
  -9.9251938e-09
   2.8800000e+04
  -2.7912820e-08
   3.2400000e+04
  -3.2882710e-08
   3.6000000e+04
  -6.1877280e-08
   3.9600000e+04
  -8.2957714e-08
   4.3200000e+04
  -4.3396092e-08
   4.6800000e+04
  -6.6069332e-08
   5.0400000e+04
  -5.3541615e-08
   5.4000000e+04
  -5.1942080e-08
   5.7600000e+04
  -6.3323421e-08
   6.1200000e+04
  -1.0674223e-08
   6.4800000e+04
   0.0000000e+00
   6.8400000e+04
  -1.0306696e-11
   7.2000000e+04
  -3.9307219e-09
   7.5600000e+04
  -8.1662778e-09
   7.9200000e+04
  -1.0116727e-08
   8.2800000e+04
  -1.0182270e-08
   8.6400000e+04
  -4.6097074e-09
   9.0000000e+04
  -8.6792040e-09
   9.3600000e+04
  -8.5137305e-09
   9.7200000e+04
  -7.4933446e-09
   1.0080000e+05
  -6.0888096e-09
   1.0440000e+05
  -2.2974074e-09
   1.0800000e+05
  -4.5493429e-09
   1.1160000e+05
  -8.7976359e-09
   1.1520000e+05
  -2.0325047e-08
   1.1880000e+05
  -4.7517557e-08
   1.2240000e+05
  -5.2887767e-08
   1.2600000e+05
  -5.6085100e-08
   1.2960000e+05
  -5.0647372e-08
   1.3320000e+05
  -4.9259634e-08
   1.3680000e+05
  -2.7291996e-08
   1.4040000e+05
  -2.1030333e-08
   1.4400000e+05
  -4.7668965e-08
   1.4760000e+05
  -2.8187516e-08
   1.5120000e+05
  -1.7593019e-08
   1.5480000e+05
  -1.0999343e-08
   1.5840000e+05
  -1.0948884e-08
   1.6200000e+05
  -8.1166129e-09
   1.6560000e+05
  -4.1167117e-10
   1.6920000e+05
   0.0000000e+00
   1.7280000e+05
   0.0000000e+00
   1.7640000e+05
   0.0000000e+00
   1.8000000e+05
  -5.5488065e-10
   1.8360000e+05
   0.0000000e+00
   1.8720000e+05
   0.0000000e+00
   1.9080000e+05
   0.0000000e+00
   1.9440000e+05
  -1.1599633e-09
   1.9800000e+05
  -4.9272587e-09
   2.0160000e+05
  -9.6261312e-09
   2.0520000e+05
  -1.6115897e-08
   2.0880000e+05
  -1.8258601e-08
   2.1240000e+05
  -1.4471811e-08
   2.1600000e+05
  -2.1437706e-08
   2.1960000e+05
  -2.2826530e-08
   2.2320000e+05
  -1.7523091e-08
   2.2680000e+05
  -1.3268785e-08
   2.3040000e+05
  -1.6612940e-08
   2.3400000e+05
  -6.1715330e-09
   2.3760000e+05
  -1.9168212e-09
   2.4120000e+05
  -9.5537826e-10
   2.4480000e+05
  -2.8098634e-10
   2.4840000e+05
   1.1055276e-07
   2.5200000e+05
   1.6666667e-07
   2.5560000e+05
   0.0000000e+00
   2.5920000e+05
   5.5555556e-08
   2.6280000e+05
  -9.1188262e-10
   2.6640000e+05
   0.0000000e+00
   2.7000000e+05
   2.2222222e-07
   2.7360000e+05
   5.5555556e-07
   2.7720000e+05
   0.0000000e+00
   2.8080000e+05
   1.1111111e-07
   2.8440000e+05
   1.5574263e-07
   2.8800000e+05
   3.0229775e-07
   2.9160000e+05
   4.4112345e-08
   2.9520000e+05
  -1.4411026e-07
   2.9880000e+05
  -1.0764979e-07
   3.0240000e+05
  -1.1197831e-07
   3.0600000e+05
  -4.8733479e-08
   3.0960000e+05
  -6.8502374e-08
   3.1320000e+05
  -2.8726853e-08
   3.1680000e+05
  -9.2986054e-08
   3.2040000e+05
  -7.2563479e-09
   3.2400000e+05
   0.0000000e+00
   3.2760000e+05
  -2.4084857e-09
   3.3120000e+05
   0.0000000e+00
   3.3480000e+05
   0.0000000e+00
   3.3840000e+05
   0.0000000e+00
   3.4200000e+05
   0.0000000e+00
   3.4560000e+05
   0.0000000e+00
   3.4920000e+05
   0.0000000e+00
   3.5280000e+05
   0.0000000e+00
   3.5640000e+05
   0.0000000e+00
   3.6000000e+05
   0.0000000e+00
   3.6360000e+05
  -7.3295304e-10
   3.6720000e+05
  -9.3964764e-09
   3.7080000e+05
  -2.8783467e-08
   3.7440000e+05
  -4.1449847e-08
   3.7800000e+05
  -6.4420008e-08
   3.8160000e+05
  -7.9640788e-08
   3.8520000e+05
  -7.5485021e-08
   3.8880000e+05
  -7.9735071e-08
   3.9240000e+05
  -9.5402624e-08
   3.9600000e+05
  -8.2339536e-08
   3.9960000e+05
  -4.9366720e-08
   4.0320000e+05
  -6.7567604e-08
   4.0680000e+05
  -3.7755459e-08
   4.1040000e+05
  -1.6825751e-08
   4.1400000e+05
  -1.2177517e-08
   4.1760000e+05
  -7.2226215e-09
   4.2120000e+05
  -9.5093177e-10
   4.2480000e+05
  -1.7895859e-10
   4.2840000e+05
  -5.6864481e-10
   4.3200000e+05
   0.0000000e+00
   4.3560000e+05
   0.0000000e+00
   4.3920000e+05
   0.0000000e+00
   4.4280000e+05
   0.0000000e+00
   4.4640000e+05
   0.0000000e+00
   4.5000000e+05
   0.0000000e+00
   4.5360000e+05
  -2.1236733e-09
   4.5720000e+05
  -1.9294322e-08
   4.6080000e+05
  -3.4048001e-08
   4.6440000e+05
  -7.3877098e-08
   4.6800000e+05
  -1.0354919e-07
   4.7160000e+05
  -1.4530054e-07
   4.7520000e+05
  -1.0264544e-07
   4.7880000e+05
  -7.7810878e-08
   4.8240000e+05
  -5.4936178e-08
   4.8600000e+05
  -4.0535614e-08
   4.8960000e+05
  -8.5294508e-08
   4.9320000e+05
  -5.1661831e-08
   4.9680000e+05
  -5.2851518e-08
   5.0040000e+05
   4.2683790e-07
   5.0400000e+05
   4.5366365e-08
   5.0760000e+05
  -9.9831644e-09
   5.1120000e+05
  -5.4389117e-09
   5.1480000e+05
  -1.7422926e-09
   5.1840000e+05
   0.0000000e+00
   5.2200000e+05
   0.0000000e+00
   5.2560000e+05
   0.0000000e+00
   5.2920000e+05
   0.0000000e+00
   5.3280000e+05
   0.0000000e+00
   5.3640000e+05
   0.0000000e+00
   5.4000000e+05
   0.0000000e+00
   5.4360000e+05
  -1.2094539e-08
   5.4720000e+05
  -3.9913820e-08
   5.5080000e+05
  -7.1141410e-08
   5.5440000e+05
  -9.3698948e-08
   5.5800000e+05
  -1.1644919e-07
   5.6160000e+05
  -1.0453340e-07
   5.6520000e+05
  -1.0194679e-07
   5.6880000e+05
  -8.1094505e-08
   5.7240000e+05
  -6.5295037e-08
   5.7600000e+05
  -9.5259251e-08
   5.7960000e+05
  -6.1096465e-08
   5.8320000e+05
  -3.5748110e-08
   5.8680000e+05
  -2.8929581e-08
   5.9040000e+05
  -2.6979597e-08
   5.9400000e+05
  -2.0925337e-08
   5.9760000e+05
  -1.2529326e-08
   6.0120000e+05
  -4.5869195e-09
   6.0480000e+05
  -5.0660872e-09
   6.0840000e+05
  -6.9395983e-09
   6.1200000e+05
  -4.6401820e-09
   6.1560000e+05
  -6.6157338e-10
   6.1920000e+05
  -3.6783376e-09
   6.2280000e+05
  -4.0103533e-09
   6.2640000e+05
  -1.1361321e-08
   6.3000000e+05
  -2.4312095e-08
   6.3360000e+05
  -5.6504013e-08
   6.3720000e+05
  -7.7179477e-08
   6.4080000e+05
  -1.1218807e-07
   6.4440000e+05
  -1.0123922e-07
   6.4800000e+05
  -1.1223103e-07
   6.5160000e+05
  -9.8780440e-08
   6.5520000e+05
  -1.0562660e-07
   6.5880000e+05
  -7.4167083e-08
   6.6240000e+05
  -1.0231607e-07
   6.6600000e+05
  -5.8183605e-08
   6.6960000e+05
  -2.1105085e-08
   6.7320000e+05
  -1.2336553e-08
   6.7680000e+05
  -1.4221765e-08
   6.8040000e+05
  -1.2016998e-08
   6.8400000e+05
  -8.8494445e-09
   6.8760000e+05
  -1.6278812e-10
   6.9120000e+05
   0.0000000e+00
   6.9480000e+05
   0.0000000e+00
   6.9840000e+05
  -2.2990569e-09
   7.0200000e+05
  -6.3778633e-09
   7.0560000e+05
  -3.8591543e-09
   7.0920000e+05
  -3.5545112e-09
   7.1280000e+05
  -1.6260093e-08
   7.1640000e+05
  -3.2855569e-08
   7.2000000e+05
  -6.4070159e-08
   7.2360000e+05
  -9.4734994e-08
   7.2720000e+05
  -1.2714774e-07
   7.3080000e+05
  -1.2639893e-07
   7.3440000e+05
  -1.1930018e-07
   7.3800000e+05
  -1.1126160e-07
   7.4160000e+05
  -9.7387898e-08
   7.4520000e+05
  -7.6759818e-08
   7.4880000e+05
  -7.0687576e-08
   7.5240000e+05
  -9.0394895e-08
   7.5600000e+05
  -2.0459926e-08
   7.5960000e+05
  -1.0293907e-08
   7.6320000e+05
  -1.1843494e-08
   7.6680000e+05
  -3.0394575e-09
   7.7040000e+05
  -9.8998947e-09
   7.7400000e+05
  -1.2224391e-08
   7.7760000e+05
  -3.0390163e-09
   7.8120000e+05
  -4.0829845e-09
   7.8480000e+05
  -1.6053283e-09
   7.8840000e+05
  -2.6468656e-09
   7.9200000e+05
   0.0000000e+00
   7.9560000e+05
   0.0000000e+00
   7.9920000e+05
  -1.1002779e-08
   8.0280000e+05
  -3.2852364e-08
   8.0640000e+05
  -6.1625379e-08
   8.1000000e+05
  -7.1732547e-08
   8.1360000e+05
  -8.1208980e-08
   8.1720000e+05
  -1.1961970e-07
   8.2080000e+05
  -1.2009919e-07
   8.2440000e+05
  -1.0241459e-07
   8.2800000e+05
  -8.7822229e-08
   8.3160000e+05
  -7.6554229e-08
   8.3520000e+05
  -9.7336173e-08
   8.3880000e+05
  -6.8399275e-08
   8.4240000e+05
  -2.6963331e-08
   8.4600000e+05
  -1.1496629e-08
   8.4960000e+05
  -2.1346600e-08
   8.5320000e+05
  -3.9054641e-09
   8.5680000e+05
  -9.6727134e-09
   8.6040000e+05
  -1.2351406e-08
   8.6400000e+05
  -1.5986182e-08
   8.6760000e+05
  -1.0085340e-08
   8.7120000e+05
  -5.2026882e-09
   8.7480000e+05
  -2.7658414e-09
   8.7840000e+05
  -3.2289893e-09
   8.8200000e+05
   0.0000000e+00
   8.8560000e+05
  -1.6209516e-08
   8.8920000e+05
  -4.4243130e-08
   8.9280000e+05
  -5.4109837e-08
   8.9640000e+05
  -7.9202520e-08
   9.0000000e+05
  -9.4812348e-08
   9.0360000e+05
  -7.4664934e-08
   9.0720000e+05
  -1.0455183e-07
   9.1080000e+05
  -7.6029612e-08
   9.1440000e+05
  -6.4413619e-08
   9.1800000e+05
  -5.5521706e-08
   9.2160000e+05
  -7.4265102e-08
   9.2520000e+05
  -6.1866349e-08
   9.2880000e+05
  -1.9680612e-08
   9.3240000e+05
  -2.5411882e-08
   9.3600000e+05
  -1.8112329e-08
   9.3960000e+05
  -1.3681350e-08
   9.4320000e+05
  -1.8586560e-08
   9.4680000e+05
  -1.1812164e-08
   9.5040000e+05
  -7.1629294e-09
   9.5400000e+05
  -3.7990363e-09
   9.5760000e+05
  -2.0784413e-09
   9.6120000e+05
  -7.6247636e-09
   9.6480000e+05
  -6.4795959e-09
   9.6840000e+05
  -1.8663785e-09
   9.7200000e+05
  -1.6373739e-08
   9.7560000e+05
  -3.2126087e-08
   9.7920000e+05
  -4.9717525e-08
   9.8280000e+05
  -7.1430527e-08
   9.8640000e+05
  -8.0630906e-08
   9.9000000e+05
  -9.7954132e-08
   9.9360000e+05
  -1.1301776e-07
   9.9720000e+05
  -9.5792018e-08
   1.0008000e+06
  -7.5364744e-08
   1.0044000e+06
  -9.5577037e-08
   1.0080000e+06
  -8.2799749e-08
   1.0116000e+06
  -5.0662331e-08
   1.0152000e+06
  -8.9423717e-09
   1.0188000e+06
  -6.3762761e-09
   1.0224000e+06
  -1.1525188e-08
   1.0260000e+06
  -7.9066590e-09
   1.0296000e+06
  -2.6937573e-09
   1.0332000e+06
  -1.6542492e-08
   1.0368000e+06
  -1.9072974e-08
   1.0404000e+06
  -4.4232332e-09
   1.0440000e+06
  -6.2931175e-09
   1.0476000e+06
  -1.2272575e-08
   1.0512000e+06
  -9.2705203e-09
   1.0548000e+06
  -4.2765248e-10
   1.0584000e+06
  -1.3389936e-08
   1.0620000e+06
  -4.3761955e-08
   1.0656000e+06
  -8.1979621e-08
   1.0692000e+06
  -8.0795874e-08
   1.0728000e+06
  -6.7593867e-08
   1.0764000e+06
  -6.2052987e-08
   1.0800000e+06
  -1.0146451e-07
   1.0836000e+06
  -1.1254336e-07
   1.0872000e+06
  -8.9919695e-08
   1.0908000e+06
  -8.4922105e-08
   1.0944000e+06
  -1.3700380e-07
   1.0980000e+06
  -8.7461877e-08
   1.1016000e+06
  -4.9711479e-08
   1.1052000e+06
  -5.4747084e-08
   1.1088000e+06
  -4.6424891e-08
   1.1124000e+06
  -3.2572496e-08
   1.1160000e+06
  -1.5524932e-08
   1.1196000e+06
  -8.5916739e-09
   1.1232000e+06
  -3.4872386e-09
   1.1268000e+06
  -1.4546993e-09
   1.1304000e+06
  -1.8310238e-09
   1.1340000e+06
  -2.1368342e-09
   1.1376000e+06
  -7.3036203e-10
   1.1412000e+06
   0.0000000e+00
   1.1448000e+06
  -1.6045599e-08
   1.1484000e+06
  -2.9935498e-08
   1.1520000e+06
  -5.0572089e-08
   1.1556000e+06
  -6.0276291e-08
   1.1592000e+06
  -1.0182564e-07
   1.1628000e+06
  -8.4631272e-08
   1.1664000e+06
  -1.0954757e-07
   1.1700000e+06
  -1.4146515e-07
   1.1736000e+06
  -1.3126157e-07
   1.1772000e+06
  -1.0799070e-07
   1.1808000e+06
  -1.0844310e-07
   1.1844000e+06
  -8.6630407e-08
   1.1880000e+06
  -3.2789877e-08
   1.1916000e+06
  -8.2134041e-09
   1.1952000e+06
  -2.9668493e-09
   1.1988000e+06
  -1.0981588e-09
   1.2024000e+06
   0.0000000e+00
   1.2060000e+06
   0.0000000e+00
   1.2096000e+06
   0.0000000e+00
   1.2132000e+06
  -3.2001245e-10
   1.2168000e+06
  -1.9991007e-10
   1.2204000e+06
  -3.8713858e-10
   1.2240000e+06
  -4.5518409e-12
   1.2276000e+06
  -2.8677895e-10
   1.2312000e+06
  -4.9024547e-09
   1.2348000e+06
  -1.0808162e-08
   1.2384000e+06
  -1.5984676e-08
   1.2420000e+06
  -1.4750600e-08
   1.2456000e+06
  -2.2682823e-08
   1.2492000e+06
  -2.1924609e-08
   1.2528000e+06
  -3.5762230e-08
   1.2564000e+06
  -2.4907199e-08
   1.2600000e+06
  -2.2508599e-08
   1.2636000e+06
  -1.7111356e-08
   1.2672000e+06
  -2.5366520e-08
   1.2708000e+06
  -2.1402210e-08
   1.2744000e+06
  -1.6717892e-08
   1.2780000e+06
  -6.5457704e-09
   1.2816000e+06
  -6.0109218e-09
   1.2852000e+06
  -3.7686894e-09
   1.2888000e+06
  -2.8492705e-09
   1.2924000e+06
  -2.5754025e-09
   1.2960000e+06
  -2.0101041e-08
   1.2996000e+06
  -1.8265972e-08
   1.3032000e+06
  -1.6429887e-08
   1.3068000e+06
  -1.7539613e-08
   1.3104000e+06
  -9.5814514e-09
   1.3140000e+06
   7.8467623e-08
   1.3176000e+06
   4.5974164e-07
   1.3212000e+06
   3.3021861e-07
   1.3248000e+06
   3.4885624e-07
   1.3284000e+06
   8.5495014e-07
   1.3320000e+06
   3.2424527e-07
   1.3356000e+06
   1.1740063e-07
   1.3392000e+06
   2.5109833e-07
   1.3428000e+06
   4.7044981e-08
   1.3464000e+06
  -5.6978348e-08
   1.3500000e+06
  -3.5979791e-08
   1.3536000e+06
  -6.5980607e-08
   1.3572000e+06
  -1.0381365e-08
   1.3608000e+06
  -5.2298317e-09
   1.3644000e+06
   0.0000000e+00
   1.3680000e+06
   0.0000000e+00
   1.3716000e+06
   0.0000000e+00
   1.3752000e+06
   0.0000000e+00
   1.3788000e+06
   0.0000000e+00
   1.3824000e+06
   0.0000000e+00
   1.3860000e+06
   0.0000000e+00
   1.3896000e+06
   0.0000000e+00
   1.3932000e+06
   0.0000000e+00
   1.3968000e+06
   0.0000000e+00
   1.4004000e+06
   0.0000000e+00
   1.4040000e+06
  -7.3818145e-09
   1.4076000e+06
  -1.7426889e-08
   1.4112000e+06
   2.5415581e-09
   1.4148000e+06
  -3.1296115e-08
   1.4184000e+06
  -4.2795435e-08
   1.4220000e+06
  -5.6158453e-08
   1.4256000e+06
  -6.2417565e-08
   1.4292000e+06
  -5.7278536e-08
   1.4328000e+06
  -5.4882130e-08
   1.4364000e+06
   3.7404034e-07
   1.4400000e+06
   1.9743449e-07
   1.4436000e+06
  -1.9886264e-08
   1.4472000e+06
  -1.4403739e-08
   1.4508000e+06
  -2.2493467e-09
   1.4544000e+06
  -4.0713757e-09
   1.4580000e+06
  -4.3868108e-09
   1.4616000e+06
   2.4821021e-08
   1.4652000e+06
   2.2024150e-07
   1.4688000e+06
  -1.1894615e-09
   1.4724000e+06
  -2.4038148e-09
   1.4760000e+06
  -2.1880704e-09
   1.4796000e+06
   0.0000000e+00
   1.4832000e+06
  -1.7118652e-09
   1.4868000e+06
  -9.8851599e-10
   1.4904000e+06
  -1.2695583e-08
   1.4940000e+06
   4.5394972e-08
   1.4976000e+06
  -1.2818486e-08
   1.5012000e+06
  -2.9000281e-08
   1.5048000e+06
  -5.6463673e-08
   1.5084000e+06
  -5.6661508e-08
   1.5120000e+06
   2.2218952e-07
   1.5156000e+06
  -4.7887706e-08
   1.5192000e+06
  -3.8628933e-08
   1.5228000e+06
  -3.5408147e-08
   1.5264000e+06
  -2.9522441e-08
   1.5300000e+06
  -1.5535573e-08
   1.5336000e+06
  -5.8870688e-09
   1.5372000e+06
  -6.0140859e-10
   1.5408000e+06
  -7.0941500e-10
   1.5444000e+06
   0.0000000e+00
   1.5480000e+06
  -5.7126012e-12
   1.5516000e+06
  -6.1016133e-10
   1.5552000e+06
  -3.1449953e-10
   1.5588000e+06
   0.0000000e+00
   1.5624000e+06
   0.0000000e+00
   1.5660000e+06
   0.0000000e+00
   1.5696000e+06
   0.0000000e+00
   1.5732000e+06
   0.0000000e+00
   1.5768000e+06
  -7.7798261e-10
   1.5804000e+06
  -7.6394816e-09
   1.5840000e+06
  -2.4944482e-08
   1.5876000e+06
  -2.9750681e-08
   1.5912000e+06
  -5.3937326e-08
   1.5948000e+06
  -3.5431455e-08
   1.5984000e+06
  -3.0959160e-08
   1.6020000e+06
  -2.9557228e-08
   1.6056000e+06
  -3.2490504e-08
   1.6092000e+06
  -2.9357972e-08
   1.6128000e+06
  -4.6818518e-08
   1.6164000e+06
   1.2629151e-08
   1.6200000e+06
  -6.4713036e-09
   1.6236000e+06
  -3.5927220e-09
   1.6272000e+06
  -4.4301490e-09
   1.6308000e+06
  -4.3790620e-09
   1.6344000e+06
  -2.5553548e-09
   1.6380000e+06
   2.5223174e-08
   1.6416000e+06
   2.1513271e-08
   1.6452000e+06
  -4.3161660e-09
   1.6488000e+06
   5.4885251e-08
   1.6524000e+06
   2.7777778e-08
   1.6560000e+06
   2.7777778e-08
   1.6596000e+06
   0.0000000e+00
   1.6632000e+06
  -9.9858726e-09
   1.6668000e+06
   6.8408843e-08
   1.6704000e+06
  -6.3983988e-08
   1.6740000e+06
  -8.3962199e-08
   1.6776000e+06
  -5.9942654e-08
   1.6812000e+06
  -4.5001632e-08
   1.6848000e+06
  -1.5634496e-07
   1.6884000e+06
  -1.3563017e-07
   1.6920000e+06
  -1.3220501e-07
   1.6956000e+06
  -9.7056187e-08
   1.6992000e+06
  -9.7986417e-08
   1.7028000e+06
  -4.3020632e-08
   1.7064000e+06
  -2.0927039e-08
   1.7100000e+06
   0.0000000e+00
   1.7136000e+06
   0.0000000e+00
   1.7172000e+06
   0.0000000e+00
   1.7208000e+06
   0.0000000e+00
   1.7244000e+06
   0.0000000e+00
   1.7280000e+06
   0.0000000e+00
   1.7316000e+06
   0.0000000e+00
   1.7352000e+06
   0.0000000e+00
   1.7388000e+06
   0.0000000e+00
   1.7424000e+06
   0.0000000e+00
   1.7460000e+06
   0.0000000e+00
   1.7496000e+06
   0.0000000e+00
   1.7532000e+06
  -1.1468042e-08
   1.7568000e+06
  -4.1773381e-08
   1.7604000e+06
  -8.6852473e-08
   1.7640000e+06
  -1.0381780e-07
   1.7676000e+06
  -1.0425322e-07
   1.7712000e+06
  -9.0201016e-08
   1.7748000e+06
  -9.0077312e-08
   1.7784000e+06
  -7.9240140e-08
   1.7820000e+06
  -7.4817977e-08
   1.7856000e+06
  -6.7017154e-08
   1.7892000e+06
  -6.9373756e-08
   1.7928000e+06
  -3.6519694e-08
   1.7964000e+06
  -1.5542571e-08
   1.8000000e+06
  -8.8795285e-09
   1.8036000e+06
  -4.7043450e-09
   1.8072000e+06
  -4.3504773e-09
   1.8108000e+06
   0.0000000e+00
   1.8144000e+06
   0.0000000e+00
   1.8180000e+06
   0.0000000e+00
   1.8216000e+06
   0.0000000e+00
   1.8252000e+06
   0.0000000e+00
   1.8288000e+06
   0.0000000e+00
   1.8324000e+06
   0.0000000e+00
   1.8360000e+06
  -4.7356066e-09
   1.8396000e+06
  -8.9965762e-09
   1.8432000e+06
  -1.8894105e-08
   1.8468000e+06
  -2.0049468e-08
   1.8504000e+06
  -3.4927781e-08
   1.8540000e+06
  -4.6637858e-08
   1.8576000e+06
  -4.6224868e-08
   1.8612000e+06
  -7.0111526e-08
   1.8648000e+06
  -3.2035213e-08
   1.8684000e+06
  -1.8726011e-08
   1.8720000e+06
  -2.7721191e-08
   1.8756000e+06
  -2.0653601e-08
   1.8792000e+06
  -7.6598512e-09
   1.8828000e+06
   1.1085677e-06
   1.8864000e+06
   2.2187961e-07
   1.8900000e+06
  -2.4108609e-11
   1.8936000e+06
  -4.8879537e-10
   1.8972000e+06
   2.7439202e-08
   1.9008000e+06
   1.1111111e-07
   1.9044000e+06
   2.5000000e-07
   1.9080000e+06
   4.1666667e-07
   1.9116000e+06
   8.2630874e-08
   1.9152000e+06
   2.5717955e-08
   1.9188000e+06
   0.0000000e+00
   1.9224000e+06
  -6.2243373e-09
   1.9260000e+06
  -2.4415851e-08
   1.9296000e+06
   3.0509150e-08
   1.9332000e+06
  -7.7315846e-10
   1.9368000e+06
   3.4946836e-08
   1.9404000e+06
  -1.1506807e-08
   1.9440000e+06
  -4.8555258e-09
   1.9476000e+06
  -5.3957438e-08
   1.9512000e+06
  -3.0624759e-08
   1.9548000e+06
  -2.6413027e-08
   1.9584000e+06
  -3.4553703e-08
   1.9620000e+06
  -3.2029573e-08
   1.9656000e+06
  -4.0061907e-09
   1.9692000e+06
   0.0000000e+00
   1.9728000e+06
   0.0000000e+00
   1.9764000e+06
   0.0000000e+00
   1.9800000e+06
   0.0000000e+00
   1.9836000e+06
   0.0000000e+00
   1.9872000e+06
   0.0000000e+00
   1.9908000e+06
   0.0000000e+00
   1.9944000e+06
  -5.6061998e-10
   1.9980000e+06
   0.0000000e+00
   2.0016000e+06
   0.0000000e+00
   2.0052000e+06
   0.0000000e+00
   2.0088000e+06
  -1.1490869e-08
   2.0124000e+06
  -1.6860928e-08
   2.0160000e+06
  -3.8549816e-08
   2.0196000e+06
  -4.8269059e-08
   2.0232000e+06
   5.0647516e-08
   2.0268000e+06
  -5.6980487e-08
   2.0304000e+06
  -6.3723647e-08
   2.0340000e+06
  -3.1778672e-08
   2.0376000e+06
   1.8104542e-07
   2.0412000e+06
   3.6521278e-07
   2.0448000e+06
   3.0034851e-07
   2.0484000e+06
   3.7095987e-07
   2.0520000e+06
   3.6111111e-07
   2.0556000e+06
   1.1111111e-07
   2.0592000e+06
   8.3333333e-08
   2.0628000e+06
   0.0000000e+00
   2.0664000e+06
   0.0000000e+00
   2.0700000e+06
   0.0000000e+00
   2.0736000e+06
   2.7777778e-08
   2.0772000e+06
   0.0000000e+00
   2.0808000e+06
   8.3333333e-08
   2.0844000e+06
   2.7777778e-08
   2.0880000e+06
  -1.4805255e-09
   2.0916000e+06
   0.0000000e+00
   2.0952000e+06
  -9.1210331e-09
   2.0988000e+06
  -2.2814324e-08
   2.1024000e+06
  -3.3170827e-08
   2.1060000e+06
   1.4303227e-07
   2.1096000e+06
  -4.1860703e-08
   2.1132000e+06
  -7.3984590e-08
   2.1168000e+06
  -7.7179856e-08
   2.1204000e+06
  -6.6868355e-08
   2.1240000e+06
  -6.7553674e-08
   2.1276000e+06
  -6.5949810e-08
   2.1312000e+06
  -3.1838029e-08
   2.1348000e+06
  -4.3468254e-08
   2.1384000e+06
  -1.2260086e-08
   2.1420000e+06
  -8.9765152e-10
   2.1456000e+06
  -3.5414036e-09
   2.1492000e+06
  -3.8170900e-09
   2.1528000e+06
  -2.3969254e-09
   2.1564000e+06
  -1.4957959e-09
   2.1600000e+06
  -3.5755388e-09
   2.1636000e+06
  -3.0473017e-09
   2.1672000e+06
  -3.1751761e-09
   2.1708000e+06
  -3.4701255e-10
   2.1744000e+06
   0.0000000e+00
   2.1780000e+06
  -2.0951579e-09
   2.1816000e+06
  -1.4762278e-08
   2.1852000e+06
  -4.0986637e-08
   2.1888000e+06
  -4.6536107e-08
   2.1924000e+06
  -5.2065675e-08
   2.1960000e+06
  -7.5375456e-08
   2.1996000e+06
  -9.6278412e-08
   2.2032000e+06
  -7.3881432e-08
   2.2068000e+06
  -8.9343565e-08
   2.2104000e+06
  -9.5532326e-08
   2.2140000e+06
  -6.2960875e-08
   2.2176000e+06
  -4.1926243e-08
   2.2212000e+06
  -5.9111042e-08
   2.2248000e+06
  -1.6419932e-08
   2.2284000e+06
  -1.7824147e-10
   2.2320000e+06
  -7.6533065e-09
   2.2356000e+06
  -6.2288448e-09
   2.2392000e+06
  -6.3905800e-09
   2.2428000e+06
  -7.6844156e-09
   2.2464000e+06
   0.0000000e+00
   2.2500000e+06
  -4.6219226e-10
   2.2536000e+06
  -6.2648004e-11
   2.2572000e+06
   0.0000000e+00
   2.2608000e+06
   0.0000000e+00
   2.2644000e+06
   0.0000000e+00
   2.2680000e+06
  -4.8108356e-09
   2.2716000e+06
  -1.0149402e-08
   2.2752000e+06
  -2.1987532e-08
   2.2788000e+06
  -3.1192023e-08
   2.2824000e+06
  -3.0258726e-08
   2.2860000e+06
  -4.0023680e-08
   2.2896000e+06
  -3.9353871e-08
   2.2932000e+06
  -3.8931788e-08
   2.2968000e+06
  -3.6180898e-08
   2.3004000e+06
  -3.0174611e-08
   2.3040000e+06
  -2.1589044e-08
   2.3076000e+06
  -2.7671410e-08
   2.3112000e+06
  -9.4890533e-09
   2.3148000e+06
  -7.9674980e-09
   2.3184000e+06
  -8.7751731e-09
   2.3220000e+06
  -1.7146482e-09
   2.3256000e+06
  -3.1607618e-10
   2.3292000e+06
   0.0000000e+00
   2.3328000e+06
  -7.2458810e-10
   2.3364000e+06
  -1.0547886e-09
   2.3400000e+06
  -4.5727855e-09
   2.3436000e+06
  -4.8656182e-09
   2.3472000e+06
   0.0000000e+00
   2.3508000e+06
  -4.2604702e-09
   2.3544000e+06
   4.9454241e-08
   2.3580000e+06
  -9.7768427e-09
   2.3616000e+06
  -6.2383880e-08
   2.3652000e+06
  -7.7702783e-08
   2.3688000e+06
  -1.3873771e-07
   2.3724000e+06
  -1.0323220e-07
   2.3760000e+06
  -8.6939080e-08
   2.3796000e+06
  -6.1617824e-08
   2.3832000e+06
  -8.6680835e-08
   2.3868000e+06
   1.1346512e-07
   2.3904000e+06
   2.8617404e-07
   2.3940000e+06
   1.7009880e-07
   2.3976000e+06
   2.1169575e-07
   2.4012000e+06
   1.6751364e-08
   2.4048000e+06
   1.6470150e-07
   2.4084000e+06
   1.3507450e-07
   2.4120000e+06
   5.0689632e-08
   2.4156000e+06
   0.0000000e+00
   2.4192000e+06
   0.0000000e+00
   2.4228000e+06
   0.0000000e+00
   2.4264000e+06
  -1.2989734e-10
   2.4300000e+06
  -1.4942582e-09
   2.4336000e+06
  -4.2164441e-10
   2.4372000e+06
  -3.5387835e-09
   2.4408000e+06
  -1.1344867e-08
   2.4444000e+06
  -1.9779272e-08
   2.4480000e+06
   8.4410107e-08
   2.4516000e+06
  -1.5078121e-08
   2.4552000e+06
  -4.7606592e-08
   2.4588000e+06
  -9.0334424e-08
   2.4624000e+06
  -1.0279606e-07
   2.4660000e+06
  -9.4652929e-08
   2.4696000e+06
  -9.7877652e-08
   2.4732000e+06
  -6.6830915e-08
   2.4768000e+06
  -5.9448058e-08
   2.4804000e+06
  -5.3660185e-08
   2.4840000e+06
  -1.1411823e-08
   2.4876000e+06
  -2.6262968e-09
   2.4912000e+06
   5.2903175e-08
   2.4948000e+06
  -3.5248345e-09
   2.4984000e+06
  -5.9375757e-09
   2.5020000e+06
  -4.3746460e-09
   2.5056000e+06
  -4.2584877e-09
   2.5092000e+06
  -4.1764435e-09
   2.5128000e+06
   2.7450856e-07
   2.5164000e+06
   1.6642802e-07
   2.5200000e+06
   8.3091938e-08
   2.5236000e+06
   2.7777778e-08
   2.5272000e+06
  -6.1210453e-09
   2.5308000e+06
   1.3086609e-07
   2.5344000e+06
  -2.7277950e-08
   2.5380000e+06
  -3.6540211e-08
   2.5416000e+06
   4.9581176e-07
   2.5452000e+06
  -4.7383622e-08
   2.5488000e+06
  -5.1859392e-08
   2.5524000e+06
  -4.3482397e-08
   2.5560000e+06
  -2.6218373e-08
   2.5596000e+06
  -1.8046574e-08
   2.5632000e+06
  -1.6040504e-08
   2.5668000e+06
  -2.3582657e-08
   2.5704000e+06
  -1.1955755e-08
   2.5740000e+06
   0.0000000e+00
   2.5776000e+06
  -4.2962034e-10
   2.5812000e+06
   2.7777778e-08
   2.5848000e+06
   0.0000000e+00
   2.5884000e+06
   0.0000000e+00
   2.5920000e+06
   0.0000000e+00
   2.5956000e+06
   0.0000000e+00
   2.5992000e+06
   2.7657468e-08
   2.6028000e+06
   1.9350355e-07
   2.6064000e+06
   3.6047306e-07
   2.6100000e+06
   1.3776687e-07
   2.6136000e+06
  -1.0826214e-08
   2.6172000e+06
   7.2470233e-08
   2.6208000e+06
   5.2001307e-08
   2.6244000e+06
  -7.9337791e-09
   2.6280000e+06
   1.2673432e-06
   2.6316000e+06
  -8.9559153e-09
   2.6352000e+06
  -4.9358157e-08
   2.6388000e+06
  -4.2907420e-08
   2.6424000e+06
   2.0972449e-07
   2.6460000e+06
   7.8125478e-07
   2.6496000e+06
   8.0086059e-08
   2.6532000e+06
  -2.9693902e-08
   2.6568000e+06
  -1.5498090e-08
   2.6604000e+06
   2.1215359e-08
   2.6640000e+06
   2.5742972e-08
   2.6676000e+06
  -2.3211391e-09
   2.6712000e+06
  -2.6927002e-09
   2.6748000e+06
   5.2059075e-08
   2.6784000e+06
  -9.2425030e-09
   2.6820000e+06
   1.9820420e-08
   2.6856000e+06
  -6.1258714e-09
   2.6892000e+06
  -6.8105434e-09
   2.6928000e+06
  -5.5159631e-09
   2.6964000e+06
  -1.1056303e-08
   2.7000000e+06
  -2.1827115e-08
   2.7036000e+06
  -3.3664288e-08
   2.7072000e+06
  -3.0432975e-08
   2.7108000e+06
  -4.8850986e-08
   2.7144000e+06
  -6.6388944e-08
   2.7180000e+06
  -8.3039561e-08
   2.7216000e+06
  -1.2380263e-07
   2.7252000e+06
  -7.4313000e-08
   2.7288000e+06
  -4.0255572e-08
   2.7324000e+06
  -4.8965346e-08
   2.7360000e+06
  -3.3222439e-08
   2.7396000e+06
  -4.0758005e-08
   2.7432000e+06
  -2.2150448e-09
   2.7468000e+06
   0.0000000e+00
   2.7504000e+06
   0.0000000e+00
   2.7540000e+06
   0.0000000e+00
   2.7576000e+06
   0.0000000e+00
   2.7612000e+06
   2.7777778e-08
   2.7648000e+06
   0.0000000e+00
   2.7684000e+06
   0.0000000e+00
   2.7720000e+06
  -3.9329454e-09
   2.7756000e+06
  -5.0144012e-09
   2.7792000e+06
  -5.4673704e-09
   2.7828000e+06
  -2.0139740e-08
   2.7864000e+06
  -3.6466983e-08
   2.7900000e+06
  -6.2917465e-08
   2.7936000e+06
  -7.8215941e-08
   2.7972000e+06
  -7.9609460e-08
   2.8008000e+06
  -1.0671337e-07
   2.8044000e+06
  -8.2486061e-08
   2.8080000e+06
  -6.8628932e-08
   2.8116000e+06
  -9.9457898e-08
   2.8152000e+06
  -1.0525456e-07
   2.8188000e+06
  -9.9313792e-08
   2.8224000e+06
  -7.2649860e-08
   2.8260000e+06
  -6.3784441e-08
   2.8296000e+06
  -1.7609512e-08
   2.8332000e+06
  -4.8201999e-09
   2.8368000e+06
   0.0000000e+00
   2.8404000e+06
   0.0000000e+00
   2.8440000e+06
   0.0000000e+00
   2.8476000e+06
  -1.5294852e-08
   2.8512000e+06
  -1.1802096e-08
   2.8548000e+06
  -1.0778719e-08
   2.8584000e+06
  -9.8881198e-09
   2.8620000e+06
  -5.5715606e-09
   2.8656000e+06
  -7.7607590e-09
   2.8692000e+06
  -1.5895677e-08
   2.8728000e+06
  -2.6232828e-08
   2.8764000e+06
  -4.8508921e-08
   2.8800000e+06
  -6.1089740e-08
   2.8836000e+06
  -7.4651259e-08
   2.8872000e+06
  -7.0878693e-08
   2.8908000e+06
  -7.4312001e-08
   2.8944000e+06
  -7.1734526e-08
   2.8980000e+06
  -6.8740684e-08
   2.9016000e+06
  -6.6912798e-08
   2.9052000e+06
  -5.6897872e-08
   2.9088000e+06
  -3.5028161e-08
   2.9124000e+06
  -4.3888293e-08
   2.9160000e+06
  -3.0931656e-08
   2.9196000e+06
  -1.0235689e-08
   2.9232000e+06
  -8.6674859e-09
   2.9268000e+06
  -8.5351546e-09
   2.9304000e+06
  -7.1157417e-09
   2.9340000e+06
  -7.2749006e-09
   2.9376000e+06
  -9.1876065e-09
   2.9412000e+06
  -8.4322826e-09
   2.9448000e+06
  -7.6024386e-09
   2.9484000e+06
  -6.1366855e-09
   2.9520000e+06
  -5.8602369e-09
   2.9556000e+06
  -1.4441307e-08
   2.9592000e+06
  -2.4183636e-08
   2.9628000e+06
  -3.9312729e-08
   2.9664000e+06
  -5.9939201e-08
   2.9700000e+06
  -7.8012805e-08
   2.9736000e+06
  -8.4368899e-08
   2.9772000e+06
  -7.7816766e-08
   2.9808000e+06
  -8.9809861e-08
   2.9844000e+06
  -8.2650819e-08
   2.9880000e+06
  -6.4345505e-08
   2.9916000e+06
  -5.9220873e-08
   2.9952000e+06
  -4.7759876e-08
   2.9988000e+06
  -5.7634912e-08
   3.0024000e+06
  -2.5953053e-08
   3.0060000e+06
  -6.7774513e-09
   3.0096000e+06
  -4.8741754e-09
   3.0132000e+06
  -5.1266683e-09
   3.0168000e+06
  -1.6633241e-09
   3.0204000e+06
   0.0000000e+00
   3.0240000e+06
  -1.2950893e-08
   3.0276000e+06
  -1.4808910e-08
   3.0312000e+06
  -1.1955403e-08
   3.0348000e+06
  -6.0813372e-09
   3.0384000e+06
   0.0000000e+00
   3.0420000e+06
  -1.7341704e-09
   3.0456000e+06
  -3.5137056e-08
   3.0492000e+06
  -5.1210044e-08
   3.0528000e+06
  -7.1201129e-08
   3.0564000e+06
  -5.5034872e-08
   3.0600000e+06
  -1.1762194e-07
   3.0636000e+06
  -1.1022864e-07
   3.0672000e+06
  -1.1036978e-07
   3.0708000e+06
  -1.1875851e-07
   3.0744000e+06
  -1.1692755e-07
   3.0780000e+06
  -9.2230298e-08
   3.0816000e+06
  -5.0732055e-08
   3.0852000e+06
  -8.1845828e-08
   3.0888000e+06
  -3.7968252e-08
   3.0924000e+06
  -1.1997322e-08
   3.0960000e+06
   0.0000000e+00
   3.0996000e+06
  -2.3171177e-09
   3.1032000e+06
   0.0000000e+00
   3.1068000e+06
   0.0000000e+00
   3.1104000e+06
   0.0000000e+00
   3.1140000e+06
   0.0000000e+00
   3.1176000e+06
   0.0000000e+00
   3.1212000e+06
   0.0000000e+00
   3.1248000e+06
   0.0000000e+00
   3.1284000e+06
   0.0000000e+00
   3.1320000e+06
  -1.0834295e-08
   3.1356000e+06
  -2.3993771e-08
   3.1392000e+06
  -4.6077382e-08
   3.1428000e+06
  -7.5891934e-08
   3.1464000e+06
  -9.0625382e-08
   3.1500000e+06
  -8.1598933e-08
   3.1536000e+06
  -9.1932717e-08
   3.1572000e+06
  -9.7872939e-08
   3.1608000e+06
  -7.2946284e-08
   3.1644000e+06
  -6.8533226e-08
   3.1680000e+06
  -7.2951720e-08
   3.1716000e+06
  -8.4035456e-08
   3.1752000e+06
  -3.2044256e-08
   3.1788000e+06
  -6.7074492e-09
   3.1824000e+06
  -1.2168512e-08
   3.1860000e+06
  -8.2336026e-09
   3.1896000e+06
  -5.9177315e-09
   3.1932000e+06
  -6.5232994e-09
   3.1968000e+06
  -8.2900830e-09
   3.2004000e+06
  -7.2004736e-09
   3.2040000e+06
  -3.2990873e-09
   3.2076000e+06
  -2.2213170e-11
   3.2112000e+06
  -3.6606993e-09
   3.2148000e+06
  -6.6540140e-09
   3.2184000e+06
  -1.3454677e-08
   3.2220000e+06
  -2.7715535e-08
   3.2256000e+06
  -4.9773715e-08
   3.2292000e+06
  -7.7318828e-08
   3.2328000e+06
  -9.5976681e-08
   3.2364000e+06
  -1.1629217e-07
   3.2400000e+06
  -1.1976313e-07
   3.2436000e+06
  -8.0486819e-08
   3.2472000e+06
  -6.0747525e-08
   3.2508000e+06
  -8.6290444e-08
   3.2544000e+06
  -7.3616698e-08
   3.2580000e+06
  -8.0313118e-08
   3.2616000e+06
  -4.1867077e-08
   3.2652000e+06
  -1.8289949e-08
   3.2688000e+06
   1.0992182e-07
   3.2724000e+06
   1.6666667e-06
   3.2760000e+06
   1.4444444e-06
   3.2796000e+06
   2.4722222e-06
   3.2832000e+06
   4.4444444e-07
   3.2868000e+06
   0.0000000e+00
   3.2904000e+06
   0.0000000e+00
   3.2940000e+06
   0.0000000e+00
   3.2976000e+06
   0.0000000e+00
   3.3012000e+06
   0.0000000e+00
   3.3048000e+06
  -3.3626357e-09
   3.3084000e+06
  -1.2114430e-08
   3.3120000e+06
  -1.7264336e-08
   3.3156000e+06
  -1.7556167e-08
   3.3192000e+06
  -2.1807205e-08
   3.3228000e+06
  -2.7970510e-08
   3.3264000e+06
  -1.8973985e-08
   3.3300000e+06
  -3.0060491e-08
   3.3336000e+06
  -2.7234890e-08
   3.3372000e+06
  -2.6893501e-08
   3.3408000e+06
  -2.6004434e-08
   3.3444000e+06
  -1.7558281e-08
   3.3480000e+06
   5.2662722e-08
   3.3516000e+06
   6.1111111e-07
   3.3552000e+06
   2.7777778e-08
   3.3588000e+06
  -6.3914259e-11
   3.3624000e+06
  -2.4238700e-10
   3.3660000e+06
   0.0000000e+00
   3.3696000e+06
   0.0000000e+00
   3.3732000e+06
   2.7777778e-08
   3.3768000e+06
   1.3888889e-07
   3.3804000e+06
   3.8888889e-07
   3.3840000e+06
   1.9444444e-07
   3.3876000e+06
   8.3333333e-07
   3.3912000e+06
   1.0169797e-07
   3.3948000e+06
   1.4978701e-08
   3.3984000e+06
   4.7586265e-07
   3.4020000e+06
   2.0547332e-07
   3.4056000e+06
   4.2564641e-07
   3.4092000e+06
   1.0351495e-06
   3.4128000e+06
   2.2800342e-07
   3.4164000e+06
   8.3366890e-08
   3.4200000e+06
   3.8522916e-07
   3.4236000e+06
   1.5359797e-07
   3.4272000e+06
   1.2101135e-06
   3.4308000e+06
   3.6708973e-07
   3.4344000e+06
   1.5940414e-07
   3.4380000e+06
   1.0936297e-07
   3.4416000e+06
   3.3164524e-07
   3.4452000e+06
   4.6948601e-07
   3.4488000e+06
   2.4714780e-07
   3.4524000e+06
   2.1896677e-07
   3.4560000e+06
   1.2559422e-07
   3.4596000e+06
  -1.7829106e-08
   3.4632000e+06
   6.7308068e-08
   3.4668000e+06
   2.0845912e-07
   3.4704000e+06
   2.4082589e-07
   3.4740000e+06
   5.9945235e-07
   3.4776000e+06
   2.1221613e-07
   3.4812000e+06
   5.1959774e-07
   3.4848000e+06
   6.6086142e-07
   3.4884000e+06
   4.0466362e-07
   3.4920000e+06
   4.3339451e-07
   3.4956000e+06
   2.5781092e-07
   3.4992000e+06
   4.8324504e-07
   3.5028000e+06
   3.8840422e-07
   3.5064000e+06
   2.1702484e-07
   3.5100000e+06
   1.8067506e-07
   3.5136000e+06
   3.2941229e-07
   3.5172000e+06
   8.0682121e-08
   3.5208000e+06
   2.7777778e-08
   3.5244000e+06
   2.7777778e-08
   3.5280000e+06
   5.2645999e-08
   3.5316000e+06
   1.1111111e-07
   3.5352000e+06
   3.6111111e-07
   3.5388000e+06
   3.0555556e-07
   3.5424000e+06
   1.9444444e-07
   3.5460000e+06
   1.6666667e-07
   3.5496000e+06
   1.9444444e-07
   3.5532000e+06
   2.7777778e-08
   3.5568000e+06
   5.5555556e-08
   3.5604000e+06
   2.7777778e-08
   3.5640000e+06
  -2.0368533e-08
   3.5676000e+06
  -4.5993705e-08
   3.5712000e+06
  -6.8892563e-08
   3.5748000e+06
  -1.0097794e-07
   3.5784000e+06
  -1.0238625e-07
   3.5820000e+06
  -1.4796260e-07
   3.5856000e+06
  -1.3376521e-07
   3.5892000e+06
  -9.6882652e-08
   3.5928000e+06
  -1.3041851e-07
   3.5964000e+06
  -1.2217551e-07
   3.6000000e+06
  -7.6065235e-08
   3.6036000e+06
  -1.0188931e-07
   3.6072000e+06
  -3.9230560e-08
   3.6108000e+06
   0.0000000e+00
   3.6144000e+06
  -5.4997243e-09
   3.6180000e+06
  -1.9361372e-09
   3.6216000e+06
   0.0000000e+00
   3.6252000e+06
   0.0000000e+00
   3.6288000e+06
   0.0000000e+00
   3.6324000e+06
   0.0000000e+00
   3.6360000e+06
   0.0000000e+00
   3.6396000e+06
   0.0000000e+00
   3.6432000e+06
   0.0000000e+00
   3.6468000e+06
  -8.6724473e-10
   3.6504000e+06
  -2.3020949e-08
   3.6540000e+06
  -5.3387593e-08
   3.6576000e+06
  -9.2873371e-08
   3.6612000e+06
  -1.3056940e-07
   3.6648000e+06
  -1.3449788e-07
   3.6684000e+06
  -1.2191353e-07
   3.6720000e+06
  -1.5292783e-07
   3.6756000e+06
  -1.1462721e-07
   3.6792000e+06
  -1.0511447e-07
   3.6828000e+06
  -7.2480409e-08
   3.6864000e+06
  -4.9010519e-08
   3.6900000e+06
  -7.9774827e-08
   3.6936000e+06
  -6.2510513e-08
   3.6972000e+06
   0.0000000e+00
   3.7008000e+06
   0.0000000e+00
   3.7044000e+06
  -8.6870399e-10
   3.7080000e+06
   0.0000000e+00
   3.7116000e+06
   0.0000000e+00
   3.7152000e+06
   0.0000000e+00
   3.7188000e+06
   0.0000000e+00
   3.7224000e+06
   0.0000000e+00
   3.7260000e+06
   0.0000000e+00
   3.7296000e+06
   0.0000000e+00
   3.7332000e+06
  -2.3059929e-09
   3.7368000e+06
  -1.6632295e-08
   3.7404000e+06
  -2.4873313e-08
   3.7440000e+06
  -5.7646235e-08
   3.7476000e+06
  -6.2774559e-08
   3.7512000e+06
  -6.3144080e-08
   3.7548000e+06
  -8.0155357e-08
   3.7584000e+06
  -5.9335599e-08
   3.7620000e+06
  -5.6998012e-08
   3.7656000e+06
  -6.0828766e-08
   3.7692000e+06
  -5.7653375e-08
   3.7728000e+06
  -5.0879758e-08
   3.7764000e+06
  -6.8379105e-08
   3.7800000e+06
  -2.8699188e-08
   3.7836000e+06
  -1.1877906e-08
   3.7872000e+06
  -7.7709659e-09
   3.7908000e+06
  -6.3452158e-09
   3.7944000e+06
  -5.1051150e-09
   3.7980000e+06
  -8.1738438e-10
   3.8016000e+06
  -1.1337216e-09
   3.8052000e+06
   0.0000000e+00
   3.8088000e+06
   0.0000000e+00
   3.8124000e+06
   0.0000000e+00
   3.8160000e+06
   0.0000000e+00
   3.8196000e+06
   0.0000000e+00
   3.8232000e+06
  -1.1530524e-09
   3.8268000e+06
  -4.1182257e-08
   3.8304000e+06
  -6.6381996e-08
   3.8340000e+06
  -1.2886737e-07
   3.8376000e+06
  -1.6116926e-07
   3.8412000e+06
  -1.2018370e-07
   3.8448000e+06
  -1.8929084e-07
   3.8484000e+06
  -1.5921998e-07
   3.8520000e+06
  -6.8709018e-08
   3.8556000e+06
  -3.7947597e-08
   3.8592000e+06
  -4.4828893e-08
   3.8628000e+06
  -4.0170161e-08
   3.8664000e+06
  -2.2191926e-08
   3.8700000e+06
   0.0000000e+00
   3.8736000e+06
  -9.0356676e-10
   3.8772000e+06
   0.0000000e+00
   3.8808000e+06
   0.0000000e+00
   3.8844000e+06
   0.0000000e+00
   3.8880000e+06
   0.0000000e+00
   3.8916000e+06
   0.0000000e+00
   3.8952000e+06
   0.0000000e+00
   3.8988000e+06
   0.0000000e+00
   3.9024000e+06
   0.0000000e+00
   3.9060000e+06
   0.0000000e+00
   3.9096000e+06
  -1.1911754e-08
   3.9132000e+06
  -2.5321001e-08
   3.9168000e+06
  -4.1461817e-08
   3.9204000e+06
  -5.9150648e-08
   3.9240000e+06
  -8.3706788e-08
   3.9276000e+06
  -8.8814391e-08
   3.9312000e+06
  -9.0798108e-08
   3.9348000e+06
  -7.7421058e-08
   3.9384000e+06
  -5.8705730e-08
   3.9420000e+06
  -6.3262970e-08
   3.9456000e+06
  -5.1425095e-08
   3.9492000e+06
  -5.9440752e-08
   3.9528000e+06
  -3.4116850e-08
   3.9564000e+06
  -1.3475182e-08
   3.9600000e+06
  -8.1661980e-09
   3.9636000e+06
  -1.0599434e-08
   3.9672000e+06
   0.0000000e+00
   3.9708000e+06
   0.0000000e+00
   3.9744000e+06
   0.0000000e+00
   3.9780000e+06
   0.0000000e+00
   3.9816000e+06
   0.0000000e+00
   3.9852000e+06
   0.0000000e+00
   3.9888000e+06
   0.0000000e+00
   3.9924000e+06
   0.0000000e+00
   3.9960000e+06
  -5.2027889e-09
   3.9996000e+06
  -2.4842181e-08
   4.0032000e+06
  -2.9699985e-08
   4.0068000e+06
  -6.3862388e-08
   4.0104000e+06
  -5.5451169e-08
   4.0140000e+06
  -4.3528488e-08
   4.0176000e+06
  -5.6867975e-08
   4.0212000e+06
  -3.9394804e-08
   4.0248000e+06
  -3.8316670e-08
   4.0284000e+06
  -4.5538555e-08
   4.0320000e+06
  -3.2931256e-08
   4.0356000e+06
  -3.6921519e-08
   4.0392000e+06
  -1.2849260e-08
   4.0428000e+06
  -6.8185614e-09
   4.0464000e+06
  -6.5441370e-09
   4.0500000e+06
   5.4599727e-08
   4.0536000e+06
   0.0000000e+00
   4.0572000e+06
  -2.7443380e-10
   4.0608000e+06
  -3.0920930e-09
   4.0644000e+06
  -2.3607137e-09
   4.0680000e+06
   1.3888889e-07
   4.0716000e+06
  -3.4398720e-10
   4.0752000e+06
   2.6893292e-08
   4.0788000e+06
   4.9391377e-07
   4.0824000e+06
   2.1215421e-07
   4.0860000e+06
  -1.6424436e-08
   4.0896000e+06
  -4.0209465e-08
   4.0932000e+06
   7.5626271e-09
   4.0968000e+06
  -2.1138509e-08
   4.1004000e+06
  -3.9015273e-08
   4.1040000e+06
  -4.7871277e-08
   4.1076000e+06
  -4.6360134e-08
   4.1112000e+06
  -4.9350280e-08
   4.1148000e+06
  -4.5540752e-08
   4.1184000e+06
  -4.3295545e-08
   4.1220000e+06
  -2.5766260e-08
   4.1256000e+06
  -1.2585697e-08
   4.1292000e+06
  -3.9401462e-09
   4.1328000e+06
  -6.1541086e-09
   4.1364000e+06
   3.0283992e-07
   4.1400000e+06
   2.7705506e-07
   4.1436000e+06
  -3.0353746e-10
   4.1472000e+06
   0.0000000e+00
   4.1508000e+06
   0.0000000e+00
   4.1544000e+06
  -1.4066915e-09
   4.1580000e+06
  -1.4122517e-09
   4.1616000e+06
  -7.1178904e-10
   4.1652000e+06
  -6.3162357e-09
   4.1688000e+06
  -3.3591565e-08
   4.1724000e+06
  -4.7527082e-08
   4.1760000e+06
  -9.0322151e-08
   4.1796000e+06
  -9.6611750e-08
   4.1832000e+06
  -7.3793378e-08
   4.1868000e+06
  -1.8713700e-07
   4.1904000e+06
   1.5583489e-08
   4.1940000e+06
   5.3425540e-09
   4.1976000e+06
  -1.4268155e-07
   4.2012000e+06
  -3.0314144e-08
   4.2048000e+06
  -4.7088046e-08
   4.2084000e+06
  -3.1110719e-08
   4.2120000e+06
  -8.6794724e-09
   4.2156000e+06
   0.0000000e+00
   4.2192000e+06
   0.0000000e+00
   4.2228000e+06
   0.0000000e+00
   4.2264000e+06
   0.0000000e+00
   4.2300000e+06
   0.0000000e+00
   4.2336000e+06
   0.0000000e+00
   4.2372000e+06
   0.0000000e+00
   4.2408000e+06
   0.0000000e+00
   4.2444000e+06
   0.0000000e+00
   4.2480000e+06
   0.0000000e+00
   4.2516000e+06
   0.0000000e+00
   4.2552000e+06
  -4.8483373e-09
   4.2588000e+06
  -3.0003363e-08
   4.2624000e+06
  -4.2923541e-08
   4.2660000e+06
  -9.4887133e-08
   4.2696000e+06
  -1.1848887e-07
   4.2732000e+06
  -1.2564418e-07
   4.2768000e+06
  -1.3281911e-07
   4.2804000e+06
  -1.3285064e-07
   4.2840000e+06
  -1.2939506e-07
   4.2876000e+06
  -1.2570609e-07
   4.2912000e+06
  -6.7067288e-08
   4.2948000e+06
  -9.2492516e-08
   4.2984000e+06
  -6.5595364e-08
   4.3020000e+06
  -2.1365473e-08
   4.3056000e+06
  -1.5973090e-08
   4.3092000e+06
  -3.3992205e-09
   4.3128000e+06
  -7.2030179e-09
   4.3164000e+06
  -1.1559927e-08
   4.3200000e+06
  -7.7415601e-09
   4.3236000e+06
   0.0000000e+00
   4.3272000e+06
   0.0000000e+00
   4.3308000e+06
   0.0000000e+00
   4.3344000e+06
   0.0000000e+00
   4.3380000e+06
   0.0000000e+00
   4.3416000e+06
  -2.0334549e-08
   4.3452000e+06
  -3.8251991e-08
   4.3488000e+06
  -6.3155027e-08
   4.3524000e+06
  -1.1480588e-07
   4.3560000e+06
  -1.4935840e-07
   4.3596000e+06
  -1.9596775e-07
   4.3632000e+06
  -1.5316680e-07
   4.3668000e+06
  -1.3879271e-07
   4.3704000e+06
  -1.1255932e-07
   4.3740000e+06
  -1.3850423e-07
   4.3776000e+06
  -7.7985338e-08
   4.3812000e+06
  -1.0392332e-07
   4.3848000e+06
  -7.1662998e-08
   4.3884000e+06
  -1.8069337e-09
   4.3920000e+06
  -8.7209165e-10
   4.3956000e+06
   0.0000000e+00
   4.3992000e+06
   0.0000000e+00
   4.4028000e+06
   0.0000000e+00
   4.4064000e+06
   0.0000000e+00
   4.4100000e+06
   0.0000000e+00
   4.4136000e+06
   0.0000000e+00
   4.4172000e+06
   0.0000000e+00
   4.4208000e+06
   0.0000000e+00
   4.4244000e+06
  -3.7092385e-09
   4.4280000e+06
  -3.8355654e-08
   4.4316000e+06
  -6.6825018e-08
   4.4352000e+06
  -1.0493006e-07
   4.4388000e+06
  -1.6404011e-07
   4.4424000e+06
  -1.5940230e-07
   4.4460000e+06
  -1.7507660e-07
   4.4496000e+06
  -1.5882660e-07
   4.4532000e+06
  -1.3922779e-07
   4.4568000e+06
  -1.1931339e-07
   4.4604000e+06
  -9.9647780e-08
   4.4640000e+06
  -8.2666107e-08
   4.4676000e+06
  -1.0511881e-07
   4.4712000e+06
  -7.1554053e-08
   4.4748000e+06
  -2.1149327e-09
   4.4784000e+06
  -2.1357289e-09
   4.4820000e+06
  -4.6346933e-09
   4.4856000e+06
  -2.4211491e-09
   4.4892000e+06
   0.0000000e+00
   4.4928000e+06
   0.0000000e+00
   4.4964000e+06
   0.0000000e+00
   4.5000000e+06
   0.0000000e+00
   4.5036000e+06
   0.0000000e+00
   4.5072000e+06
   0.0000000e+00
   4.5108000e+06
  -1.1167538e-08
   4.5144000e+06
  -2.8773861e-08
   4.5180000e+06
  -6.8963579e-08
   4.5216000e+06
  -9.7509698e-08
   4.5252000e+06
  -1.2821787e-07
   4.5288000e+06
  -1.6571970e-07
   4.5324000e+06
  -1.7452847e-07
   4.5360000e+06
  -1.5522716e-07
   4.5396000e+06
  -1.4077310e-07
   4.5432000e+06
  -1.2976076e-07
   4.5468000e+06
  -1.0018169e-07
   4.5504000e+06
  -6.3514755e-08
   4.5540000e+06
  -1.1124737e-07
   4.5576000e+06
  -8.6394236e-08
   4.5612000e+06
  -4.9894741e-08
   4.5648000e+06
  -3.8607511e-08
   4.5684000e+06
  -5.0735163e-09
   4.5720000e+06
   0.0000000e+00
   4.5756000e+06
   0.0000000e+00
   4.5792000e+06
   0.0000000e+00
   4.5828000e+06
   0.0000000e+00
   4.5864000e+06
   0.0000000e+00
   4.5900000e+06
   0.0000000e+00
   4.5936000e+06
   0.0000000e+00
   4.5972000e+06
  -5.3274577e-09
   4.6008000e+06
  -2.6242984e-08
   4.6044000e+06
  -6.6665262e-08
   4.6080000e+06
  -7.9060176e-08
   4.6116000e+06
  -1.2679452e-07
   4.6152000e+06
  -1.3586860e-07
   4.6188000e+06
  -1.2720634e-07
   4.6224000e+06
  -1.2570865e-07
   4.6260000e+06
  -1.5456700e-07
   4.6296000e+06
  -3.0359849e-07
   4.6332000e+06
  -1.7482210e-07
   4.6368000e+06
  -9.5118846e-08
   4.6404000e+06
  -6.8658796e-08
   4.6440000e+06
  -4.8397852e-08
   4.6476000e+06
  -9.1455190e-09
   4.6512000e+06
  -1.4414664e-09
   4.6548000e+06
  -1.2766471e-09
   4.6584000e+06
  -5.6548523e-09
   4.6620000e+06
   0.0000000e+00
   4.6656000e+06
   0.0000000e+00
   4.6692000e+06
   0.0000000e+00
   4.6728000e+06
   0.0000000e+00
   4.6764000e+06
   0.0000000e+00
   4.6800000e+06
   0.0000000e+00
   4.6836000e+06
  -5.2006924e-09
   4.6872000e+06
  -3.2277178e-08
   4.6908000e+06
  -6.5890536e-08
   4.6944000e+06
  -1.0938096e-07
   4.6980000e+06
  -1.5638994e-07
   4.7016000e+06
  -1.8555941e-07
   4.7052000e+06
  -1.6125193e-07
   4.7088000e+06
  -1.5374254e-07
   4.7124000e+06
  -1.7418201e-07
   4.7160000e+06
  -1.3889202e-07
   4.7196000e+06
  -1.0673563e-07
   4.7232000e+06
  -7.4470848e-08
   4.7268000e+06
  -1.3743834e-07
   4.7304000e+06
  -8.7169851e-08
   4.7340000e+06
  -7.9644207e-08
   4.7376000e+06
  -2.5084242e-08
   4.7412000e+06
   0.0000000e+00
   4.7448000e+06
  -2.7778948e-10
   4.7484000e+06
  -8.5633222e-10
   4.7520000e+06
  -6.9532434e-11
   4.7556000e+06
  -5.7432186e-10
   4.7592000e+06
   0.0000000e+00
   4.7628000e+06
  -4.2751646e-09
   4.7664000e+06
  -6.9090772e-09
   4.7700000e+06
  -8.0157431e-09
   4.7736000e+06
  -1.4010495e-08
   4.7772000e+06
  -2.6645877e-08
   4.7808000e+06
  -3.2274874e-08
   4.7844000e+06
  -4.8171636e-08
   4.7880000e+06
  -6.6378550e-08
   4.7916000e+06
  -6.3472636e-08
   4.7952000e+06
  -7.2592102e-08
   4.7988000e+06
  -6.5086084e-08
   4.8024000e+06
  -5.8053433e-08
   4.8060000e+06
  -4.7554927e-08
   4.8096000e+06
  -5.0688704e-08
   4.8132000e+06
  -5.0412928e-08
   4.8168000e+06
  -3.5828047e-08
   4.8204000e+06
  -1.9262757e-08
   4.8240000e+06
  -2.2015666e-08
   4.8276000e+06
  -1.9204922e-08
   4.8312000e+06
  -1.9687951e-08
   4.8348000e+06
  -1.8814570e-08
   4.8384000e+06
  -4.5150775e-08
   4.8420000e+06
  -3.4970472e-08
   4.8456000e+06
  -3.8589858e-08
   4.8492000e+06
  -3.3791380e-08
   4.8528000e+06
  -3.1865897e-08
   4.8564000e+06
  -6.2613695e-08
   4.8600000e+06
  -6.7654480e-08
   4.8636000e+06
  -1.0258275e-07
   4.8672000e+06
  -8.6848203e-08
   4.8708000e+06
  -1.1638979e-07
   4.8744000e+06
  -8.9066418e-08
   4.8780000e+06
  -1.7428408e-07
   4.8816000e+06
  -1.3544155e-07
   4.8852000e+06
  -1.6466308e-07
   4.8888000e+06
  -6.8678604e-08
   4.8924000e+06
  -8.5551382e-08
   4.8960000e+06
  -5.0718220e-08
   4.8996000e+06
  -6.0294558e-08
   4.9032000e+06
  -4.8834175e-08
   4.9068000e+06
  -7.3178529e-09
   4.9104000e+06
  -4.9839785e-09
   4.9140000e+06
  -5.5189479e-09
   4.9176000e+06
  -6.3742986e-09
   4.9212000e+06
  -5.5933314e-09
   4.9248000e+06
   0.0000000e+00
   4.9284000e+06
   0.0000000e+00
   4.9320000e+06
   0.0000000e+00
   4.9356000e+06
   0.0000000e+00
   4.9392000e+06
  -4.2462916e-10
   4.9428000e+06
  -4.7626299e-09
   4.9464000e+06
  -1.1388442e-08
   4.9500000e+06
  -2.5902870e-08
   4.9536000e+06
  -5.8404509e-08
   4.9572000e+06
  -6.4858608e-08
   4.9608000e+06
  -1.0215037e-07
   4.9644000e+06
  -1.0335110e-07
   4.9680000e+06
  -1.1542364e-07
   4.9716000e+06
  -8.5923087e-08
   4.9752000e+06
  -1.0169985e-07
   4.9788000e+06
  -1.1416408e-07
   4.9824000e+06
  -1.3367124e-07
   4.9860000e+06
  -1.2662619e-07
   4.9896000e+06
  -1.0911269e-07
   4.9932000e+06
  -7.6026737e-08
   4.9968000e+06
  -2.1906112e-08
   5.0004000e+06
  -1.3179724e-08
   5.0040000e+06
  -5.7988298e-09
   5.0076000e+06
  -3.0024365e-09
   5.0112000e+06
  -2.6740755e-09
   5.0148000e+06
  -1.6955522e-09
   5.0184000e+06
  -2.7270979e-09
   5.0220000e+06
  -4.6744779e-09
   5.0256000e+06
  -4.7938406e-09
   5.0292000e+06
  -4.6381928e-09
   5.0328000e+06
  -1.4664732e-08
   5.0364000e+06
  -2.7899118e-08
   5.0400000e+06
  -5.5044172e-08
   5.0436000e+06
  -6.7919019e-08
   5.0472000e+06
  -5.7117881e-08
   5.0508000e+06
  -7.2218496e-08
   5.0544000e+06
  -6.5512821e-08
   5.0580000e+06
  -6.7828877e-08
   5.0616000e+06
  -5.4302016e-08
   5.0652000e+06
  -4.1558528e-08
   5.0688000e+06
  -3.3922136e-08
   5.0724000e+06
  -3.4837530e-08
   5.0760000e+06
  -2.6537761e-08
   5.0796000e+06
  -8.2566982e-09
   5.0832000e+06
  -7.0494790e-09
   5.0868000e+06
  -1.6867329e-09
   5.0904000e+06
  -3.7126806e-09
   5.0940000e+06
  -5.3947515e-09
   5.0976000e+06
  -3.9736874e-09
   5.1012000e+06
  -3.8188655e-09
   5.1048000e+06
  -5.3446654e-09
   5.1084000e+06
  -4.2332049e-09
   5.1120000e+06
  -2.8286242e-09
   5.1156000e+06
  -1.3035202e-08
   5.1192000e+06
  -1.4035963e-08
   5.1228000e+06
  -1.7569446e-08
   5.1264000e+06
  -2.3701764e-08
   5.1300000e+06
  -3.3225269e-08
   5.1336000e+06
  -3.4768930e-08
   5.1372000e+06
  -4.3098779e-08
   5.1408000e+06
  -4.1957797e-08
   5.1444000e+06
  -3.5727253e-08
   5.1480000e+06
  -4.6342579e-08
   5.1516000e+06
  -1.9374761e-08
   5.1552000e+06
  -1.4288111e-08
   5.1588000e+06
  -2.2333390e-08
   5.1624000e+06
  -7.3522923e-09
   5.1660000e+06
  -1.8783048e-09
   5.1696000e+06
   0.0000000e+00
   5.1732000e+06
   0.0000000e+00
   5.1768000e+06
   0.0000000e+00
   5.1804000e+06
   0.0000000e+00
   5.1840000e+06
   0.0000000e+00
   5.1876000e+06
   0.0000000e+00
   5.1912000e+06
  -4.8087558e-10
   5.1948000e+06
   0.0000000e+00
   5.1984000e+06
   0.0000000e+00
   5.2020000e+06
   0.0000000e+00
   5.2056000e+06
   4.1666667e-07
   5.2092000e+06
   6.6245069e-08
   5.2128000e+06
  -3.8945960e-08
   5.2164000e+06
  -5.0598807e-08
   5.2200000e+06
   3.3637367e-06
   5.2236000e+06
   2.8451543e-07
   5.2272000e+06
   6.6676966e-07
   5.2308000e+06
   5.1100000e-07
   5.2344000e+06
  -7.9640654e-08
   5.2380000e+06
  -5.0349157e-08
   5.2416000e+06
  -3.8374158e-08
   5.2452000e+06
  -1.3610046e-08
   5.2488000e+06
  -6.8496560e-09
   5.2524000e+06
   0.0000000e+00
   5.2560000e+06
   5.0000000e-07
   5.2596000e+06
   6.9381991e-07
   5.2632000e+06
   3.0446496e-07
   5.2668000e+06
   8.3274205e-07
   5.2704000e+06
   1.0277778e-06
   5.2740000e+06
   5.5555556e-07
   5.2776000e+06
   6.1111111e-07
   5.2812000e+06
   2.7777778e-08
   5.2848000e+06
   0.0000000e+00
   5.2884000e+06
  -1.0055164e-08
   5.2920000e+06
  -4.0133835e-08
   5.2956000e+06
  -6.5818129e-08
   5.2992000e+06
  -7.9150341e-08
   5.3028000e+06
  -6.3941200e-08
   5.3064000e+06
  -7.6929747e-08
   5.3100000e+06
  -9.4961689e-08
   5.3136000e+06
  -5.8706760e-08
   5.3172000e+06
  -5.8809862e-08
   5.3208000e+06
  -9.9739106e-08
   5.3244000e+06
  -6.5969958e-08
   5.3280000e+06
  -4.3004839e-08
   5.3316000e+06
  -3.9251492e-08
   5.3352000e+06
  -9.0298048e-09
   5.3388000e+06
  -5.3628083e-11
   5.3424000e+06
   0.0000000e+00
   5.3460000e+06
   0.0000000e+00
   5.3496000e+06
   0.0000000e+00
   5.3532000e+06
   0.0000000e+00
   5.3568000e+06
   0.0000000e+00
   5.3604000e+06
   2.5000000e-07
   5.3640000e+06
   8.8888889e-07
   5.3676000e+06
   1.1111111e-06
   5.3712000e+06
   1.2500000e-06
   5.3748000e+06
   1.7222222e-06
   5.3784000e+06
   8.5952279e-07
   5.3820000e+06
  -1.4650052e-08
   5.3856000e+06
  -5.5600356e-08
   5.3892000e+06
  -8.7917062e-08
   5.3928000e+06
  -1.7489814e-07
   5.3964000e+06
  -1.7949184e-07
   5.4000000e+06
  -1.4525869e-07
   5.4036000e+06
  -1.3945984e-07
   5.4072000e+06
  -1.0602099e-07
   5.4108000e+06
  -1.1296665e-07
   5.4144000e+06
  -8.0468313e-08
   5.4180000e+06
  -1.1038808e-07
   5.4216000e+06
  -4.0813524e-08
   5.4252000e+06
   0.0000000e+00
   5.4288000e+06
  -4.7814719e-10
   5.4324000e+06
   0.0000000e+00
   5.4360000e+06
   0.0000000e+00
   5.4396000e+06
   0.0000000e+00
   5.4432000e+06
   0.0000000e+00
   5.4468000e+06
   0.0000000e+00
   5.4504000e+06
   0.0000000e+00
   5.4540000e+06
   0.0000000e+00
   5.4576000e+06
   0.0000000e+00
   5.4612000e+06
  -7.1585374e-09
   5.4648000e+06
  -2.0565326e-08
   5.4684000e+06
  -4.9356189e-08
   5.4720000e+06
  -6.2071551e-08
   5.4756000e+06
  -9.7969277e-08
   5.4792000e+06
  -1.0287173e-07
   5.4828000e+06
  -1.2456911e-07
   5.4864000e+06
  -1.4604763e-07
   5.4900000e+06
  -7.7044339e-08
   5.4936000e+06
  -1.2806813e-07
   5.4972000e+06
  -8.0621241e-08
   5.5008000e+06
  -5.2587723e-08
   5.5044000e+06
  -9.9016409e-08
   5.5080000e+06
  -7.3571323e-08
   5.5116000e+06
  -2.8611079e-08
   5.5152000e+06
  -1.6537065e-08
   5.5188000e+06
   0.0000000e+00
   5.5224000e+06
   0.0000000e+00
   5.5260000e+06
   0.0000000e+00
   5.5296000e+06
   0.0000000e+00
   5.5332000e+06
   0.0000000e+00
   5.5368000e+06
   0.0000000e+00
   5.5404000e+06
   0.0000000e+00
   5.5440000e+06
   0.0000000e+00
   5.5476000e+06
  -6.4253563e-09
   5.5512000e+06
  -2.9471700e-08
   5.5548000e+06
  -5.2581062e-08
   5.5584000e+06
  -9.2463236e-08
   5.5620000e+06
  -1.1763969e-07
   5.5656000e+06
  -1.1554330e-07
   5.5692000e+06
  -1.1909461e-07
   5.5728000e+06
  -1.3035087e-07
   5.5764000e+06
  -6.0971736e-08
   5.5800000e+06
  -1.2345686e-07
   5.5836000e+06
  -1.0693252e-07
   5.5872000e+06
  -7.3989707e-08
   5.5908000e+06
  -5.9180539e-08
   5.5944000e+06
  -4.9441391e-08
   5.5980000e+06
  -2.6589434e-08
   5.6016000e+06
  -1.7888993e-08
   5.6052000e+06
  -2.7432109e-08
   5.6088000e+06
  -6.2382482e-09
   5.6124000e+06
  -3.4308645e-08
   5.6160000e+06
   5.1146094e-08
   5.6196000e+06
  -2.9618282e-08
   5.6232000e+06
  -3.7044543e-08
   5.6268000e+06
  -2.6940061e-08
   5.6304000e+06
  -1.3786355e-08
   5.6340000e+06
  -2.4300623e-08
   5.6376000e+06
  -3.5958439e-08
   5.6412000e+06
  -5.3500577e-08
   5.6448000e+06
  -6.4708704e-08
   5.6484000e+06
  -9.6105142e-08
   5.6520000e+06
  -8.7229732e-08
   5.6556000e+06
  -9.4197025e-08
   5.6592000e+06
  -1.1707283e-07
   5.6628000e+06
  -8.1985809e-08
   5.6664000e+06
  -7.3101798e-08
   5.6700000e+06
  -9.9311408e-08
   5.6736000e+06
  -2.6435046e-08
   5.6772000e+06
  -4.5055787e-08
   5.6808000e+06
  -2.5818194e-08
   5.6844000e+06
   1.7340367e-06
   5.6880000e+06
   2.2039051e-07
   5.6916000e+06
  -3.8120724e-10
   5.6952000e+06
   8.2533859e-08
   5.6988000e+06
   5.5555556e-08
   5.7024000e+06
   1.6666667e-07
   5.7060000e+06
   2.7777778e-08
   5.7096000e+06
   0.0000000e+00
   5.7132000e+06
   0.0000000e+00
   5.7168000e+06
   0.0000000e+00
   5.7204000e+06
  -8.1528771e-09
   5.7240000e+06
  -2.2000150e-08
   5.7276000e+06
   9.3822019e-09
   5.7312000e+06
  -9.9868222e-08
   5.7348000e+06
  -1.2734817e-07
   5.7384000e+06
  -1.0916292e-07
   5.7420000e+06
  -2.0578451e-07
   5.7456000e+06
  -1.3161351e-07
   5.7492000e+06
  -1.5342638e-07
   5.7528000e+06
  -1.5169538e-07
   5.7564000e+06
  -8.4152294e-08
   5.7600000e+06
  -9.3939265e-08
   5.7636000e+06
  -1.1303587e-07
   5.7672000e+06
  -6.7736714e-08
   5.7708000e+06
  -2.5770553e-09
   5.7744000e+06
   0.0000000e+00
   5.7780000e+06
   0.0000000e+00
   5.7816000e+06
   0.0000000e+00
   5.7852000e+06
   0.0000000e+00
   5.7888000e+06
   0.0000000e+00
   5.7924000e+06
   0.0000000e+00
   5.7960000e+06
   0.0000000e+00
   5.7996000e+06
   0.0000000e+00
   5.8032000e+06
   0.0000000e+00
   5.8068000e+06
  -1.5203596e-08
   5.8104000e+06
  -4.6653180e-08
   5.8140000e+06
  -7.5989164e-08
   5.8176000e+06
  -1.0302614e-07
   5.8212000e+06
  -1.2153988e-07
   5.8248000e+06
  -1.4036416e-07
   5.8284000e+06
  -1.6853385e-07
   5.8320000e+06
  -1.4277520e-07
   5.8356000e+06
  -1.3753921e-07
   5.8392000e+06
  -1.2238400e-07
   5.8428000e+06
  -9.1876580e-08
   5.8464000e+06
  -6.9845598e-08
   5.8500000e+06
  -9.8125627e-08
   5.8536000e+06
  -6.4606653e-08
   5.8572000e+06
  -2.5695312e-08
   5.8608000e+06
  -1.0459918e-08
   5.8644000e+06
  -8.8275539e-09
   5.8680000e+06
  -9.8203839e-10
   5.8716000e+06
  -1.6775276e-11
   5.8752000e+06
   0.0000000e+00
   5.8788000e+06
   0.0000000e+00
   5.8824000e+06
   0.0000000e+00
   5.8860000e+06
   0.0000000e+00
   5.8896000e+06
   0.0000000e+00
   5.8932000e+06
  -8.9259781e-09
   5.8968000e+06
  -2.4756428e-08
   5.9004000e+06
  -6.2313568e-08
   5.9040000e+06
  -1.0464493e-07
   5.9076000e+06
  -1.1656469e-07
   5.9112000e+06
  -1.5282648e-07
   5.9148000e+06
  -1.2783960e-07
   5.9184000e+06
  -1.6061340e-07
   5.9220000e+06
  -1.3232234e-07
   5.9256000e+06
  -1.0318224e-07
   5.9292000e+06
  -9.2969069e-08
   5.9328000e+06
  -9.9334293e-08
   5.9364000e+06
  -1.2083075e-07
   5.9400000e+06
  -7.5635311e-08
   5.9436000e+06
  -6.6510265e-08
   5.9472000e+06
  -2.2952888e-08
   5.9508000e+06
   0.0000000e+00
   5.9544000e+06
   0.0000000e+00
   5.9580000e+06
   0.0000000e+00
   5.9616000e+06
  -4.0156166e-10
   5.9652000e+06
   0.0000000e+00
   5.9688000e+06
   0.0000000e+00
   5.9724000e+06
   0.0000000e+00
   5.9760000e+06
   0.0000000e+00
   5.9796000e+06
   2.1739516e-08
   5.9832000e+06
  -1.6124115e-08
   5.9868000e+06
  -3.2970357e-08
   5.9904000e+06
  -5.1307297e-08
   5.9940000e+06
  -5.3044557e-08
   5.9976000e+06
  -5.1565919e-08
   6.0012000e+06
  -7.4919190e-08
   6.0048000e+06
  -7.2833187e-08
   6.0084000e+06
  -6.1148109e-08
   6.0120000e+06
  -5.0362149e-08
   6.0156000e+06
  -6.2313645e-08
   6.0192000e+06
  -2.6768687e-08
   6.0228000e+06
  -5.4481009e-08
   6.0264000e+06
  -3.8711833e-08
   6.0300000e+06
  -2.0172815e-08
   6.0336000e+06
   1.7128464e-07
   6.0372000e+06
  -1.3440645e-08
   6.0408000e+06
  -1.0096943e-08
   6.0444000e+06
  -2.3621385e-09
   6.0480000e+06
   0.0000000e+00
   6.0516000e+06
   0.0000000e+00
   6.0552000e+06
   0.0000000e+00
   6.0588000e+06
   0.0000000e+00
   6.0624000e+06
   2.7777778e-08
   6.0660000e+06
  -3.3461559e-08
   6.0696000e+06
  -5.5627130e-08
   6.0732000e+06
  -5.5544599e-08
   6.0768000e+06
  -6.2038294e-08
   6.0804000e+06
  -8.4696770e-08
   6.0840000e+06
  -7.9970978e-08
   6.0876000e+06
   7.4547914e-08
   6.0912000e+06
   5.8473667e-08
   6.0948000e+06
  -9.3180405e-08
   6.0984000e+06
  -7.2900747e-08
   6.1020000e+06
  -8.7806584e-08
   6.1056000e+06
  -6.2205631e-08
   6.1092000e+06
   2.1798868e-07
   6.1128000e+06
  -3.2574206e-08
   6.1164000e+06
  -1.3602230e-08
   6.1200000e+06
  -5.8708074e-09
   6.1236000e+06
  -4.1920768e-10
   6.1272000e+06
   0.0000000e+00
   6.1308000e+06
   0.0000000e+00
   6.1344000e+06
   0.0000000e+00
   6.1380000e+06
   0.0000000e+00
   6.1416000e+06
   0.0000000e+00
   6.1452000e+06
   0.0000000e+00
   6.1488000e+06
   0.0000000e+00
   6.1524000e+06
  -4.1708956e-09
   6.1560000e+06
  -1.7014105e-08
   6.1596000e+06
  -2.8879992e-08
   6.1632000e+06
  -6.6033877e-08
   6.1668000e+06
  -6.8965230e-08
   6.1704000e+06
  -4.9380814e-08
   6.1740000e+06
  -4.2524895e-08
   6.1776000e+06
  -1.0516270e-07
   6.1812000e+06
  -9.4707574e-08
   6.1848000e+06
  -6.5017397e-08
   6.1884000e+06
  -7.6678987e-08
   6.1920000e+06
  -3.6037935e-08
   6.1956000e+06
  -5.4385990e-08
   6.1992000e+06
  -3.0624641e-08
   6.2028000e+06
  -8.1886041e-09
   6.2064000e+06
  -2.2263664e-09
   6.2100000e+06
   0.0000000e+00
   6.2136000e+06
   0.0000000e+00
   6.2172000e+06
   8.3333333e-08
   6.2208000e+06
   3.3333333e-07
   6.2244000e+06
   2.7777778e-08
   6.2280000e+06
   0.0000000e+00
   6.2316000e+06
  -4.7624701e-10
   6.2352000e+06
   0.0000000e+00
   6.2388000e+06
  -6.5694821e-09
   6.2424000e+06
  -3.2342161e-08
   6.2460000e+06
  -4.0489700e-08
   6.2496000e+06
  -5.7039183e-08
   6.2532000e+06
  -6.5535397e-08
   6.2568000e+06
  -9.5079873e-08
   6.2604000e+06
  -1.1577536e-07
   6.2640000e+06
  -1.9507709e-07
   6.2676000e+06
  -1.5141720e-07
   6.2712000e+06
  -1.9622303e-07
   6.2748000e+06
  -1.5714154e-07
   6.2784000e+06
  -7.9785493e-08
   6.2820000e+06
  -9.4429229e-08
   6.2856000e+06
  -3.6993152e-08
   6.2892000e+06
  -6.1410128e-09
   6.2928000e+06
  -1.9613827e-09
   6.2964000e+06
   0.0000000e+00
   6.3000000e+06
  -6.2035320e-10
   6.3036000e+06
  -2.3644996e-10
   6.3072000e+06
   0.0000000e+00
   6.3108000e+06
   0.0000000e+00
   6.3144000e+06
   0.0000000e+00
   6.3180000e+06
   0.0000000e+00
   6.3216000e+06
   0.0000000e+00
   6.3252000e+06
  -5.7533716e-09
   6.3288000e+06
  -2.8449683e-08
   6.3324000e+06
  -3.3754913e-08
   6.3360000e+06
  -8.7037502e-08
   6.3396000e+06
  -1.1735583e-07
   6.3432000e+06
  -1.3767236e-07
   6.3468000e+06
  -1.9667358e-07
   6.3504000e+06
  -1.7084187e-07
   6.3540000e+06
  -1.4212261e-07
   6.3576000e+06
  -1.4827638e-07
   6.3612000e+06
  -1.3210869e-07
   6.3648000e+06
  -9.9954542e-08
   6.3684000e+06
  -1.5449193e-07
   6.3720000e+06
  -9.2532770e-08
   6.3756000e+06
  -6.6577525e-09
   6.3792000e+06
   0.0000000e+00
   6.3828000e+06
  -1.8717706e-09
   6.3864000e+06
   0.0000000e+00
   6.3900000e+06
   0.0000000e+00
   6.3936000e+06
   0.0000000e+00
   6.3972000e+06
   0.0000000e+00
   6.4008000e+06
   0.0000000e+00
   6.4044000e+06
   0.0000000e+00
   6.4080000e+06
   0.0000000e+00
   6.4116000e+06
  -7.2807546e-09
   6.4152000e+06
  -3.0903315e-08
   6.4188000e+06
  -7.1130272e-08
   6.4224000e+06
  -1.1795870e-07
   6.4260000e+06
  -1.4491220e-07
   6.4296000e+06
  -1.8010622e-07
   6.4332000e+06
  -1.7408854e-07
   6.4368000e+06
  -1.7672255e-07
   6.4404000e+06
  -1.5335504e-07
   6.4440000e+06
  -1.4428673e-07
   6.4476000e+06
  -1.0656641e-07
   6.4512000e+06
  -7.7425797e-08
   6.4548000e+06
  -1.3387510e-07
   6.4584000e+06
  -8.6135991e-08
   6.4620000e+06
  -1.3303612e-08
   6.4656000e+06
  -2.0154565e-08
   6.4692000e+06
  -6.8308175e-10
   6.4728000e+06
   0.0000000e+00
   6.4764000e+06
   0.0000000e+00
   6.4800000e+06
   0.0000000e+00
   6.4836000e+06
   0.0000000e+00
   6.4872000e+06
   0.0000000e+00
   6.4908000e+06
   0.0000000e+00
   6.4944000e+06
   0.0000000e+00
   6.4980000e+06
  -7.6643316e-09
   6.5016000e+06
  -3.4469163e-08
   6.5052000e+06
  -7.7439563e-08
   6.5088000e+06
  -1.2095346e-07
   6.5124000e+06
  -1.5783553e-07
   6.5160000e+06
  -1.6729693e-07
   6.5196000e+06
  -1.4700620e-07
   6.5232000e+06
  -1.6229790e-07
   6.5268000e+06
  -1.1809721e-07
   6.5304000e+06
  -1.4342012e-07
   6.5340000e+06
  -1.2251206e-07
   6.5376000e+06
  -9.9931928e-08
   6.5412000e+06
  -1.6815496e-07
   6.5448000e+06
  -9.8931183e-08
   6.5484000e+06
  -2.6631552e-08
   6.5520000e+06
  -2.4081430e-08
   6.5556000e+06
  -1.1759263e-08
   6.5592000e+06
  -3.8459100e-09
   6.5628000e+06
  -2.1157399e-09
   6.5664000e+06
   0.0000000e+00
   6.5700000e+06
   0.0000000e+00
   6.5736000e+06
   0.0000000e+00
   6.5772000e+06
   0.0000000e+00
   6.5808000e+06
  -2.8024239e-10
   6.5844000e+06
  -2.0944790e-08
   6.5880000e+06
  -3.2264448e-08
   6.5916000e+06
  -7.6094336e-08
   6.5952000e+06
  -1.0779181e-07
   6.5988000e+06
  -9.3601632e-08
   6.6024000e+06
  -1.7309587e-07
   6.6060000e+06
  -1.6635984e-07
   6.6096000e+06
  -1.7795482e-07
   6.6132000e+06
  -1.7266630e-07
   6.6168000e+06
  -1.3566859e-07
   6.6204000e+06
  -9.6847305e-08
   6.6240000e+06
  -9.4934111e-08
   6.6276000e+06
  -1.6391088e-07
   6.6312000e+06
  -1.0483698e-07
   6.6348000e+06
  -2.9770273e-08
   6.6384000e+06
  -1.9835999e-08
   6.6420000e+06
  -1.8856699e-08
   6.6456000e+06
  -4.5635307e-09
   6.6492000e+06
  -4.1659963e-09
   6.6528000e+06
  -6.7167932e-10
   6.6564000e+06
  -4.7353119e-10
   6.6600000e+06
  -2.3503545e-09
   6.6636000e+06
   0.0000000e+00
   6.6672000e+06
   0.0000000e+00
   6.6708000e+06
  -1.8534725e-08
   6.6744000e+06
  -2.9740137e-08
   6.6780000e+06
  -6.5586880e-08
   6.6816000e+06
  -1.1434518e-07
   6.6852000e+06
  -1.2847171e-07
   6.6888000e+06
  -1.5767854e-07
   6.6924000e+06
  -1.8922753e-07
   6.6960000e+06
  -1.5941266e-07
   6.6996000e+06
  -1.2002446e-07
   6.7032000e+06
  -1.3019588e-07
   6.7068000e+06
  -8.4237752e-08
   6.7104000e+06
  -9.7730213e-08
   6.7140000e+06
  -1.0919798e-07
   6.7176000e+06
  -1.0196259e-07
   6.7212000e+06
  -4.8841093e-08
   6.7248000e+06
  -1.4447427e-08
   6.7284000e+06
  -2.6753119e-08
   6.7320000e+06
  -4.3435516e-08
   6.7356000e+06
  -5.1125485e-08
   6.7392000e+06
  -3.8636552e-08
   6.7428000e+06
  -2.2886903e-08
   6.7464000e+06
  -1.4014276e-08
   6.7500000e+06
  -2.6113711e-08
   6.7536000e+06
  -2.2589335e-08
   6.7572000e+06
  -4.6556746e-08
   6.7608000e+06
  -6.1096013e-08
   6.7644000e+06
  -7.3014179e-08
   6.7680000e+06
  -8.5386965e-08
   6.7716000e+06
  -1.3790808e-07
   6.7752000e+06
  -1.4690533e-07
   6.7788000e+06
  -1.7230340e-07
   6.7824000e+06
  -1.6743953e-07
   6.7860000e+06
  -1.4200483e-07
   6.7896000e+06
  -1.2032812e-07
   6.7932000e+06
  -8.6163669e-08
   6.7968000e+06
  -9.6701122e-08
   6.8004000e+06
  -1.3993581e-07
   6.8040000e+06
  -1.1339478e-07
   6.8076000e+06
  -2.8099027e-08
   6.8112000e+06
   0.0000000e+00
   6.8148000e+06
  -4.2964149e-09
   6.8184000e+06
  -4.2252084e-09
   6.8220000e+06
   0.0000000e+00
   6.8256000e+06
   0.0000000e+00
   6.8292000e+06
   0.0000000e+00
   6.8328000e+06
  -5.4447950e-09
   6.8364000e+06
  -3.9512477e-09
   6.8400000e+06
  -4.6479157e-09
   6.8436000e+06
  -3.1920414e-08
   6.8472000e+06
  -5.3117914e-08
   6.8508000e+06
  -8.4621444e-08
   6.8544000e+06
  -1.1881442e-07
   6.8580000e+06
  -1.5363146e-07
   6.8616000e+06
  -1.7116465e-07
   6.8652000e+06
  -1.7221195e-07
   6.8688000e+06
  -1.5693946e-07
   6.8724000e+06
  -1.3518792e-07
   6.8760000e+06
  -1.2685582e-07
   6.8796000e+06
  -1.5542025e-07
   6.8832000e+06
  -1.4543601e-07
   6.8868000e+06
  -1.4102466e-07
   6.8904000e+06
  -8.8563250e-08
   6.8940000e+06
  -1.1462161e-08
   6.8976000e+06
  -1.7136978e-08
   6.9012000e+06
  -6.1961142e-09
   6.9048000e+06
  -1.2330997e-08
   6.9084000e+06
  -9.4757207e-09
   6.9120000e+06
  -2.3007588e-09
   6.9156000e+06
  -1.8782273e-09
   6.9192000e+06
   0.0000000e+00
   6.9228000e+06
   0.0000000e+00
   6.9264000e+06
  -5.5772730e-10
   6.9300000e+06
  -7.6700537e-09
   6.9336000e+06
  -2.9769011e-08
   6.9372000e+06
  -3.8009564e-08
   6.9408000e+06
  -9.9283011e-08
   6.9444000e+06
  -1.1276340e-07
   6.9480000e+06
  -1.5815936e-07
   6.9516000e+06
  -1.8795830e-07
   6.9552000e+06
  -1.6005250e-07
   6.9588000e+06
  -1.4078562e-07
   6.9624000e+06
  -1.3442571e-07
   6.9660000e+06
  -1.0533408e-07
   6.9696000e+06
  -1.2365735e-07
   6.9732000e+06
  -1.3041608e-07
   6.9768000e+06
  -5.8518587e-08
   6.9804000e+06
  -2.5654629e-08
   6.9840000e+06
  -1.2334366e-08
   6.9876000e+06
  -1.5675463e-08
   6.9912000e+06
  -2.9916875e-08
   6.9948000e+06
  -8.2126698e-09
   6.9984000e+06
  -5.6832357e-09
   7.0020000e+06
  -5.1861296e-09
   7.0056000e+06
  -1.1417838e-08
   7.0092000e+06
  -4.3681704e-09
   7.0128000e+06
  -1.1241286e-09
   7.0164000e+06
  -2.1009317e-08
   7.0200000e+06
  -3.5253621e-08
   7.0236000e+06
  -5.5190221e-08
   7.0272000e+06
  -9.9901974e-08
   7.0308000e+06
  -1.0956209e-07
   7.0344000e+06
  -1.0103298e-07
   7.0380000e+06
  -1.2759811e-07
   7.0416000e+06
  -1.0518560e-07
   7.0452000e+06
  -1.1815632e-07
   7.0488000e+06
  -1.0788127e-07
   7.0524000e+06
  -8.8581830e-08
   7.0560000e+06
  -9.0266129e-08
   7.0596000e+06
  -9.8159178e-08
   7.0632000e+06
  -5.1498569e-08
   7.0668000e+06
  -2.1361614e-08
   7.0704000e+06
  -1.0497166e-08
   7.0740000e+06
  -7.7398760e-09
   7.0776000e+06
   5.0822109e-06
   7.0812000e+06
   2.1111111e-06
   7.0848000e+06
   3.5963085e-07
   7.0884000e+06
   0.0000000e+00
   7.0920000e+06
   0.0000000e+00
   7.0956000e+06
   0.0000000e+00
   7.0992000e+06
   0.0000000e+00
   7.1028000e+06
  -1.0555132e-08
   7.1064000e+06
  -1.6355754e-08
   7.1100000e+06
  -4.8299997e-08
   7.1136000e+06
  -5.7851354e-08
   7.1172000e+06
  -9.1192774e-08
   7.1208000e+06
  -1.3028207e-07
   7.1244000e+06
  -1.3433066e-07
   7.1280000e+06
  -1.1333026e-07
   7.1316000e+06
  -1.1527142e-07
   7.1352000e+06
  -1.2807852e-07
   7.1388000e+06
  -1.0746133e-07
   7.1424000e+06
  -6.9756648e-08
   7.1460000e+06
  -1.4502696e-07
   7.1496000e+06
  -9.7890282e-08
   7.1532000e+06
  -5.3197978e-08
   7.1568000e+06
  -8.0096620e-09
   7.1604000e+06
  -3.0517104e-09
   7.1640000e+06
  -1.5691554e-08
   7.1676000e+06
  -1.3996786e-08
   7.1712000e+06
  -3.1237895e-08
   7.1748000e+06
  -3.4927041e-08
   7.1784000e+06
  -2.7167674e-08
   7.1820000e+06
  -2.2663758e-08
   7.1856000e+06
  -2.5525446e-08
   7.1892000e+06
  -4.3467471e-08
   7.1928000e+06
  -5.1352528e-08
   7.1964000e+06
  -4.8215471e-08
   7.2000000e+06
  -7.5236419e-08
   7.2036000e+06
  -8.5386856e-08
   7.2072000e+06
  -1.4062735e-07
   7.2108000e+06
  -1.0553565e-07
   7.2144000e+06
  -1.4923680e-07
   7.2180000e+06
  -1.2871362e-07
   7.2216000e+06
  -1.0690957e-07
   7.2252000e+06
  -1.0009869e-07
   7.2288000e+06
  -1.1128237e-07
   7.2324000e+06
  -1.1124394e-07
   7.2360000e+06
  -7.1507229e-08
   7.2396000e+06
  -3.2172498e-08
   7.2432000e+06
  -7.5720851e-10
   7.2468000e+06
   0.0000000e+00
   7.2504000e+06
   0.0000000e+00
   7.2540000e+06
  -2.4512294e-08
   7.2576000e+06
  -3.1086709e-08
   7.2612000e+06
  -1.9068623e-08
   7.2648000e+06
  -1.0305666e-08
   7.2684000e+06
  -4.1517402e-09
   7.2720000e+06
  -2.3234322e-08
   7.2756000e+06
  -5.0433450e-08
   7.2792000e+06
  -7.2048995e-08
   7.2828000e+06
  -8.5802247e-08
   7.2864000e+06
  -9.3542192e-08
   7.2900000e+06
  -1.4959293e-07
   7.2936000e+06
  -1.7696597e-07
   7.2972000e+06
  -1.6305539e-07
   7.3008000e+06
  -1.5269910e-07
   7.3044000e+06
  -1.0657274e-07
   7.3080000e+06
  -1.0391107e-07
   7.3116000e+06
  -7.6023878e-08
   7.3152000e+06
  -5.4460250e-08
   7.3188000e+06
  -1.1222427e-07
   7.3224000e+06
  -9.4002090e-08
   7.3260000e+06
  -3.2263828e-08
   7.3296000e+06
  -1.4794697e-08
   7.3332000e+06
  -2.6717965e-09
   7.3368000e+06
  -5.7806657e-09
   7.3404000e+06
  -4.1962809e-09
   7.3440000e+06
  -2.3853418e-09
   7.3476000e+06
  -1.7688238e-09
   7.3512000e+06
   0.0000000e+00
   7.3548000e+06
   0.0000000e+00
   7.3584000e+06
  -4.9528721e-10
   7.3620000e+06
  -1.3669050e-08
   7.3656000e+06
  -2.2105652e-08
   7.3692000e+06
  -3.2915786e-08
   7.3728000e+06
  -5.2600300e-08
   7.3764000e+06
  -7.2027341e-08
   7.3800000e+06
  -8.9813421e-08
   7.3836000e+06
  -8.9006385e-08
   7.3872000e+06
  -1.0616302e-07
   7.3908000e+06
  -1.1667663e-07
   7.3944000e+06
  -1.1423401e-07
   7.3980000e+06
  -1.0641539e-07
   7.4016000e+06
  -8.7771422e-08
   7.4052000e+06
  -1.0495916e-07
   7.4088000e+06
  -7.6893349e-08
   7.4124000e+06
  -5.6733483e-08
   7.4160000e+06
  -2.8485212e-08
   7.4196000e+06
  -1.7382243e-08
   7.4232000e+06
  -1.7577309e-08
   7.4268000e+06
  -1.2143605e-08
   7.4304000e+06
  -1.9980444e-09
   7.4340000e+06
  -1.7767619e-09
   7.4376000e+06
   0.0000000e+00
   7.4412000e+06
  -1.9876266e-09
   7.4448000e+06
  -1.7002541e-09
   7.4484000e+06
  -2.6858781e-09
   7.4520000e+06
  -1.2980249e-08
   7.4556000e+06
  -3.0079109e-08
   7.4592000e+06
  -5.2633309e-08
   7.4628000e+06
  -8.9515937e-08
   7.4664000e+06
  -1.1100659e-07
   7.4700000e+06
  -1.1995766e-07
   7.4736000e+06
  -6.8071128e-08
   7.4772000e+06
  -1.0878010e-07
   7.4808000e+06
  -1.3665508e-07
   7.4844000e+06
  -8.8555902e-08
   7.4880000e+06
  -4.8023958e-08
   7.4916000e+06
  -4.4214629e-08
   7.4952000e+06
  -3.1246749e-08
   7.4988000e+06
  -2.6408942e-09
   7.5024000e+06
   0.0000000e+00
   7.5060000e+06
  -4.3627717e-09
   7.5096000e+06
  -8.5175075e-09
   7.5132000e+06
  -4.8320732e-09
   7.5168000e+06
  -2.6806484e-09
   7.5204000e+06
  -1.8029459e-09
   7.5240000e+06
  -7.3169709e-10
   7.5276000e+06
   4.3904657e-07
   7.5312000e+06
   8.0137038e-07
   7.5348000e+06
   4.4251020e-07
   7.5384000e+06
  -1.7396147e-08
   7.5420000e+06
  -2.1024652e-08
   7.5456000e+06
  -3.5260494e-08
   7.5492000e+06
  -2.8693263e-08
   7.5528000e+06
  -6.0727944e-08
   7.5564000e+06
  -9.3686183e-08
   7.5600000e+06
  -7.5228768e-08
   7.5636000e+06
   1.6358275e-06
   7.5672000e+06
   7.6498425e-08
   7.5708000e+06
  -5.5845296e-08
   7.5744000e+06
  -3.1942040e-08
   7.5780000e+06
  -3.2411018e-08
   7.5816000e+06
  -1.8392231e-08
   7.5852000e+06
   0.0000000e+00
   7.5888000e+06
   0.0000000e+00
   7.5924000e+06
  -8.5253118e-11
   7.5960000e+06
   5.3561252e-08
   7.5996000e+06
  -6.8349102e-10
   7.6032000e+06
  -1.8963850e-08
   7.6068000e+06
  -1.9394341e-08
   7.6104000e+06
   0.0000000e+00
   7.6140000e+06
   0.0000000e+00
   7.6176000e+06
   0.0000000e+00
   7.6212000e+06
  -5.2780156e-09
   7.6248000e+06
  -5.2906728e-08
   7.6284000e+06
  -6.5763336e-08
   7.6320000e+06
  -6.4186841e-08
   7.6356000e+06
  -1.4449364e-07
   7.6392000e+06
  -1.3896839e-07
   7.6428000e+06
  -1.6375276e-07
   7.6464000e+06
  -1.5402486e-07
   7.6500000e+06
  -1.0702322e-07
   7.6536000e+06
  -1.3317413e-07
   7.6572000e+06
  -9.5731802e-08
   7.6608000e+06
  -7.4104498e-08
   7.6644000e+06
  -9.9081047e-08
   7.6680000e+06
  -5.2041428e-08
   7.6716000e+06
   0.0000000e+00
   7.6752000e+06
   0.0000000e+00
   7.6788000e+06
   0.0000000e+00
   7.6824000e+06
   0.0000000e+00
   7.6860000e+06
   0.0000000e+00
   7.6896000e+06
  -1.2081200e-08
   7.6932000e+06
  -2.0566707e-08
   7.6968000e+06
  -2.1097663e-08
   7.7004000e+06
  -1.7720101e-08
   7.7040000e+06
  -1.4842704e-08
   7.7076000e+06
  -3.8818848e-08
   7.7112000e+06
  -4.6745016e-08
   7.7148000e+06
  -7.0645873e-08
   7.7184000e+06
  -6.5157560e-08
   7.7220000e+06
  -9.9018957e-08
   7.7256000e+06
  -1.4038649e-07
   7.7292000e+06
  -1.2590424e-07
   7.7328000e+06
  -1.0740000e-07
   7.7364000e+06
  -1.0701648e-07
   7.7400000e+06
  -9.0855039e-08
   7.7436000e+06
  -5.8723440e-08
   7.7472000e+06
  -9.7703917e-08
   7.7508000e+06
  -1.1511076e-07
   7.7544000e+06
  -8.5108886e-08
   7.7580000e+06
  -5.2899695e-08
   7.7616000e+06
  -2.2563580e-08
   7.7652000e+06
  -1.2260942e-08
   7.7688000e+06
  -2.4642482e-08
   7.7724000e+06
  -2.4951643e-08
   7.7760000e+06
  -1.0599237e-08
   7.7796000e+06
  -1.0231145e-08
   7.7832000e+06
  -7.6996230e-09
   7.7868000e+06
  -6.0325755e-09
   7.7904000e+06
  -9.1531850e-09
   7.7940000e+06
  -1.9632540e-08
   7.7976000e+06
  -2.9603572e-08
   7.8012000e+06
  -2.9886053e-08
   7.8048000e+06
  -4.5411716e-08
   7.8084000e+06
  -4.8655056e-08
   7.8120000e+06
  -4.5643037e-08
   7.8156000e+06
  -5.8561964e-08
   7.8192000e+06
  -5.9313951e-08
   7.8228000e+06
  -4.8574567e-08
   7.8264000e+06
  -4.0182947e-08
   7.8300000e+06
  -3.6520186e-08
   7.8336000e+06
  -2.3543852e-08
   7.8372000e+06
  -3.6074596e-08
   7.8408000e+06
  -3.2985629e-08
   7.8444000e+06
  -1.5711405e-08
   7.8480000e+06
  -8.7813775e-09
   7.8516000e+06
  -1.0660512e-08
   7.8552000e+06
  -4.1737656e-09
   7.8588000e+06
  -1.2563972e-09
   7.8624000e+06
  -1.1996371e-09
   7.8660000e+06
   0.0000000e+00
   7.8696000e+06
   0.0000000e+00
   7.8732000e+06
   0.0000000e+00
   7.8768000e+06
   0.0000000e+00
   7.8804000e+06
  -1.1675517e-09
   7.8840000e+06
  -1.5272926e-08
   7.8876000e+06
  -3.4683695e-08
   7.8912000e+06
  -2.7747429e-08
   7.8948000e+06
  -5.2452231e-08
   7.8984000e+06
  -6.5365104e-08
   7.9020000e+06
  -4.6199967e-08
   7.9056000e+06
  -7.5140930e-08
   7.9092000e+06
  -7.9510244e-08
   7.9128000e+06
  -7.8032068e-08
   7.9164000e+06
  -2.9953487e-08
   7.9200000e+06
  -3.3495982e-08
   7.9236000e+06
  -4.0452551e-08
   7.9272000e+06
   1.2788807e-08
   7.9308000e+06
  -1.7983113e-09
   7.9344000e+06
  -4.9322906e-10
   7.9380000e+06
  -3.3452368e-09
   7.9416000e+06
  -5.0275372e-09
   7.9452000e+06
  -4.7840243e-09
   7.9488000e+06
  -6.5230734e-09
   7.9524000e+06
  -3.2742636e-09
   7.9560000e+06
  -2.9695457e-09
   7.9596000e+06
   0.0000000e+00
   7.9632000e+06
   0.0000000e+00
   7.9668000e+06
   3.6111111e-07
   7.9704000e+06
   1.8962092e-07
   7.9740000e+06
   5.7433994e-07
   7.9776000e+06
   7.6270113e-07
   7.9812000e+06
   5.2653047e-07
   7.9848000e+06
  -3.5899345e-08
   7.9884000e+06
  -1.4398855e-07
   7.9920000e+06
  -1.3450873e-07
   7.9956000e+06
  -1.2897177e-07
   7.9992000e+06
  -1.0182254e-07
   8.0028000e+06
   5.2940434e-07
   8.0064000e+06
   6.1802313e-08
   8.0100000e+06
   2.3350970e-07
   8.0136000e+06
  -1.4395456e-08
   8.0172000e+06
   0.0000000e+00
   8.0208000e+06
   0.0000000e+00
   8.0244000e+06
   0.0000000e+00
   8.0280000e+06
   0.0000000e+00
   8.0316000e+06
   1.6666667e-07
   8.0352000e+06
   4.1666667e-07
   8.0388000e+06
   0.0000000e+00
   8.0424000e+06
  -2.4571934e-09
   8.0460000e+06
  -3.9353412e-10
   8.0496000e+06
  -3.0424601e-10
   8.0532000e+06
  -4.0876515e-09
   8.0568000e+06
  -3.7750087e-08
   8.0604000e+06
  -7.3413662e-08
   8.0640000e+06
  -1.1564083e-07
   8.0676000e+06
  -1.3284702e-07
   8.0712000e+06
  -1.0941537e-07
   8.0748000e+06
  -1.2614169e-07
   8.0784000e+06
  -9.6098400e-08
   8.0820000e+06
  -1.4523835e-07
   8.0856000e+06
  -1.1716964e-07
   8.0892000e+06
  -1.1083252e-07
   8.0928000e+06
  -7.6811436e-08
   8.0964000e+06
  -9.9757707e-08
   8.1000000e+06
  -4.9466640e-08
   8.1036000e+06
  -6.7873876e-09
   8.1072000e+06
  -9.4220036e-10
   8.1108000e+06
   0.0000000e+00
   8.1144000e+06
   0.0000000e+00
   8.1180000e+06
   0.0000000e+00
   8.1216000e+06
   0.0000000e+00
   8.1252000e+06
   0.0000000e+00
   8.1288000e+06
   0.0000000e+00
   8.1324000e+06
   0.0000000e+00
   8.1360000e+06
   0.0000000e+00
   8.1396000e+06
  -4.9321222e-09
   8.1432000e+06
  -2.2628884e-08
   8.1468000e+06
  -4.6015180e-08
   8.1504000e+06
  -7.2315390e-08
   8.1540000e+06
  -9.2739380e-08
   8.1576000e+06
  -9.4673678e-08
   8.1612000e+06
  -1.0484106e-07
   8.1648000e+06
  -1.0879496e-07
   8.1684000e+06
  -1.0008247e-07
   8.1720000e+06
  -9.4025670e-08
   8.1756000e+06
  -1.5936988e-07
   8.1792000e+06
  -1.0177731e-07
   8.1828000e+06
  -1.0506200e-07
   8.1864000e+06
  -6.2185436e-08
   8.1900000e+06
  -3.2538954e-08
   8.1936000e+06
  -1.6779242e-08
   8.1972000e+06
  -1.4651961e-08
   8.2008000e+06
  -7.1882141e-09
   8.2044000e+06
  -9.3981981e-09
   8.2080000e+06
  -1.0290993e-08
   8.2116000e+06
  -1.2769053e-08
   8.2152000e+06
  -1.2076051e-08
   8.2188000e+06
  -8.9891455e-09
   8.2224000e+06
  -8.3653812e-09
   8.2260000e+06
  -1.4956454e-08
   8.2296000e+06
  -3.8897268e-08
   8.2332000e+06
  -5.2306051e-08
   8.2368000e+06
  -7.4356513e-08
   8.2404000e+06
  -8.0895964e-08
   8.2440000e+06
  -1.3478144e-07
   8.2476000e+06
  -1.2052196e-07
   8.2512000e+06
  -1.2616511e-07
   8.2548000e+06
  -1.4814436e-07
   8.2584000e+06
  -1.3089448e-07
   8.2620000e+06
  -1.2647522e-07
   8.2656000e+06
  -9.4256742e-08
   8.2692000e+06
  -1.1054484e-07
   8.2728000e+06
  -6.7891108e-08
   8.2764000e+06
  -1.4422779e-08
   8.2800000e+06
  -8.8798736e-10
   8.2836000e+06
   0.0000000e+00
   8.2872000e+06
   0.0000000e+00
   8.2908000e+06
   0.0000000e+00
   8.2944000e+06
   0.0000000e+00
   8.2980000e+06
   0.0000000e+00
   8.3016000e+06
   0.0000000e+00
   8.3052000e+06
   0.0000000e+00
   8.3088000e+06
   0.0000000e+00
   8.3124000e+06
  -5.8007385e-09
   8.3160000e+06
  -3.0598047e-08
   8.3196000e+06
  -4.3249137e-08
   8.3232000e+06
  -9.9629009e-08
   8.3268000e+06
  -1.1986088e-07
   8.3304000e+06
  -1.3886988e-07
   8.3340000e+06
  -1.4426539e-07
   8.3376000e+06
  -1.6259883e-07
   8.3412000e+06
  -1.6251639e-07
   8.3448000e+06
  -1.0995924e-07
   8.3484000e+06
  -1.0450493e-07
   8.3520000e+06
  -7.0175405e-08
   8.3556000e+06
  -1.2038725e-07
   8.3592000e+06
  -8.4211527e-08
   8.3628000e+06
  -3.4210665e-08
   8.3664000e+06
  -2.2215921e-08
   8.3700000e+06
  -1.9168982e-08
   8.3736000e+06
   0.0000000e+00
   8.3772000e+06
   0.0000000e+00
   8.3808000e+06
  -5.4752124e-10
   8.3844000e+06
   0.0000000e+00
   8.3880000e+06
   0.0000000e+00
   8.3916000e+06
   0.0000000e+00
   8.3952000e+06
  -1.6800384e-09
   8.3988000e+06
  -7.1430745e-09
   8.4024000e+06
  -1.8969553e-08
   8.4060000e+06
  -3.9597861e-08
   8.4096000e+06
  -6.4146967e-08
   8.4132000e+06
  -1.0149719e-07
   8.4168000e+06
  -1.0004052e-07
   8.4204000e+06
  -1.0691489e-07
   8.4240000e+06
  -1.1567603e-07
   8.4276000e+06
  -1.4430855e-07
   8.4312000e+06
  -1.4010164e-07
   8.4348000e+06
  -1.0445615e-07
   8.4384000e+06
  -9.1775705e-08
   8.4420000e+06
  -1.3090446e-07
   8.4456000e+06
  -1.1036364e-07
   8.4492000e+06
  -4.1917304e-08
   8.4528000e+06
  -1.5444591e-08
   8.4564000e+06
  -9.4451151e-09
   8.4600000e+06
  -9.7970996e-09
   8.4636000e+06
  -6.3831961e-09
   8.4672000e+06
  -4.4010283e-11
   8.4708000e+06
  -2.5907946e-09
   8.4744000e+06
  -2.6688749e-09
   8.4780000e+06
  -1.7917958e-09
   8.4816000e+06
  -2.8204695e-09
   8.4852000e+06
  -1.1793401e-08
   8.4888000e+06
  -2.1713407e-08
   8.4924000e+06
  -4.5150198e-08
   8.4960000e+06
  -7.1992098e-08
   8.4996000e+06
  -9.0497894e-08
   8.5032000e+06
  -1.4802488e-07
   8.5068000e+06
  -1.8063817e-07
   8.5104000e+06
  -1.3483538e-07
   8.5140000e+06
  -1.5272090e-07
   8.5176000e+06
  -1.1519546e-07
   8.5212000e+06
  -1.0163121e-07
   8.5248000e+06
  -4.4384332e-08
   8.5284000e+06
  -9.3074003e-08
   8.5320000e+06
  -5.2465281e-08
   8.5356000e+06
  -3.7852182e-08
   8.5392000e+06
  -2.9658057e-08
   8.5428000e+06
  -3.8210056e-08
   8.5464000e+06
  -4.1687521e-08
   8.5500000e+06
  -2.3004064e-08
   8.5536000e+06
  -1.3294137e-08
   8.5572000e+06
  -4.9241685e-09
   8.5608000e+06
  -8.3936643e-09
   8.5644000e+06
  -2.7913062e-09
   8.5680000e+06
  -7.1990658e-10
   8.5716000e+06
  -1.2964480e-08
   8.5752000e+06
  -2.3657104e-08
   8.5788000e+06
  -8.4437094e-08
   8.5824000e+06
  -7.3132127e-08
   8.5860000e+06
  -1.1731393e-07
   8.5896000e+06
  -1.3628853e-07
   8.5932000e+06
  -1.4722762e-07
   8.5968000e+06
  -1.5074918e-07
   8.6004000e+06
  -1.4575260e-07
   8.6040000e+06
  -1.8855601e-07
   8.6076000e+06
  -1.2793378e-07
   8.6112000e+06
  -7.7647026e-08
   8.6148000e+06
  -9.7377869e-08
   8.6184000e+06
  -6.4067994e-08
   8.6220000e+06
  -3.7190244e-08
   8.6256000e+06
  -2.8906719e-08
   8.6292000e+06
  -4.6614060e-09
   8.6328000e+06
  -5.0163917e-09
   8.6364000e+06
  -2.5522655e-09
   8.6400000e+06
   0.0000000e+00
   8.6436000e+06
   0.0000000e+00
   8.6472000e+06
   0.0000000e+00
   8.6508000e+06
  -3.9662346e-11
   8.6544000e+06
   0.0000000e+00
   8.6580000e+06
  -8.4430059e-10
   8.6616000e+06
  -1.3367779e-08
   8.6652000e+06
  -2.4640168e-08
   8.6688000e+06
  -5.0787702e-08
   8.6724000e+06
  -5.1551398e-08
   8.6760000e+06
  -5.7001531e-08
   8.6796000e+06
  -1.1024579e-07
   8.6832000e+06
  -1.2565000e-07
   8.6868000e+06
  -1.0007165e-07
   8.6904000e+06
  -1.4090707e-07
   8.6940000e+06
  -1.0115505e-07
   8.6976000e+06
  -9.8997795e-08
   8.7012000e+06
  -9.4963640e-08
   8.7048000e+06
  -4.5932022e-08
   8.7084000e+06
  -3.1889021e-08
   8.7120000e+06
  -2.0212954e-08
   8.7156000e+06
  -1.0901486e-08
   8.7192000e+06
  -2.0208350e-08
   8.7228000e+06
  -1.1743737e-08
   8.7264000e+06
  -1.4912798e-08
   8.7300000e+06
   9.9069470e-08
   8.7336000e+06
   2.2036094e-07
   8.7372000e+06
   2.7777778e-07
   8.7408000e+06
   5.5555556e-08
   8.7444000e+06
   2.7777778e-08
   8.7480000e+06
  -1.0747850e-08
   8.7516000e+06
  -2.3178965e-08
   8.7552000e+06
  -9.1493967e-08
   8.7588000e+06
  -6.8784428e-08
   8.7624000e+06
  -8.5983525e-08
   8.7660000e+06
  -1.4581865e-07
   8.7696000e+06
  -1.3590774e-07
   8.7732000e+06
  -1.6566901e-07
   8.7768000e+06
  -1.6229261e-07
   8.7804000e+06
  -1.3636046e-07
   8.7840000e+06
  -1.1488514e-07
   8.7876000e+06
  -1.3273264e-07
   8.7912000e+06
  -5.7668958e-08
   8.7948000e+06
  -7.7144734e-10
   8.7984000e+06
   0.0000000e+00
   8.8020000e+06
   0.0000000e+00
   8.8056000e+06
   0.0000000e+00
   8.8092000e+06
   0.0000000e+00
   8.8128000e+06
   0.0000000e+00
   8.8164000e+06
   0.0000000e+00
   8.8200000e+06
   0.0000000e+00
   8.8236000e+06
   0.0000000e+00
   8.8272000e+06
   0.0000000e+00
   8.8308000e+06
   0.0000000e+00
   8.8344000e+06
  -2.0994500e-08
   8.8380000e+06
  -6.5832292e-08
   8.8416000e+06
  -1.0295311e-07
   8.8452000e+06
  -1.1092814e-07
   8.8488000e+06
  -1.1117760e-07
   8.8524000e+06
  -1.9215501e-07
   8.8560000e+06
  -1.7020663e-07
   8.8596000e+06
  -1.3968804e-07
   8.8632000e+06
  -1.3351079e-07
   8.8668000e+06
  -1.2730989e-07
   8.8704000e+06
  -1.3187905e-07
   8.8740000e+06
  -1.3010216e-07
   8.8776000e+06
  -6.9816901e-08
   8.8812000e+06
  -2.8072912e-08
   8.8848000e+06
  -2.0022895e-08
   8.8884000e+06
   0.0000000e+00
   8.8920000e+06
   0.0000000e+00
   8.8956000e+06
  -9.0563727e-10
   8.8992000e+06
   0.0000000e+00
   8.9028000e+06
   0.0000000e+00
   8.9064000e+06
   0.0000000e+00
   8.9100000e+06
   0.0000000e+00
   8.9136000e+06
   0.0000000e+00
   8.9172000e+06
  -1.0821613e-08
   8.9208000e+06
  -4.6985324e-08
   8.9244000e+06
  -7.5405772e-08
   8.9280000e+06
  -1.1122418e-07
   8.9316000e+06
  -1.1866253e-07
   8.9352000e+06
  -1.7922608e-07
   8.9388000e+06
  -2.0343420e-07
   8.9424000e+06
  -1.6223653e-07
   8.9460000e+06
  -1.5532085e-07
   8.9496000e+06
  -1.2988978e-07
   8.9532000e+06
  -1.0473596e-07
   8.9568000e+06
  -9.8438839e-08
   8.9604000e+06
  -9.5900093e-08
   8.9640000e+06
  -7.8365868e-08
   8.9676000e+06
  -2.4306822e-08
   8.9712000e+06
  -7.4234562e-09
   8.9748000e+06
  -8.9648705e-09
   8.9784000e+06
  -1.4093128e-08
   8.9820000e+06
  -1.3453003e-08
   8.9856000e+06
  -6.5596341e-09
   8.9892000e+06
   0.0000000e+00
   8.9928000e+06
   0.0000000e+00
   8.9964000e+06
   0.0000000e+00
   9.0000000e+06
   0.0000000e+00
   9.0036000e+06
  -1.7956672e-09
   9.0072000e+06
  -2.5242502e-08
   9.0108000e+06
  -4.8501058e-08
   9.0144000e+06
  -8.8647618e-08
   9.0180000e+06
  -1.1458222e-07
   9.0216000e+06
  -1.3546440e-07
   9.0252000e+06
  -1.6409624e-07
   9.0288000e+06
  -1.4978527e-07
   9.0324000e+06
  -1.8666204e-07
   9.0360000e+06
  -1.5294323e-07
   9.0396000e+06
  -1.1912269e-07
   9.0432000e+06
  -1.2594455e-07
   9.0468000e+06
  -1.2936930e-07
   9.0504000e+06
  -7.3043950e-08
   9.0540000e+06
  -4.3709418e-08
   9.0576000e+06
  -2.6888771e-08
   9.0612000e+06
  -1.0480290e-08
   9.0648000e+06
  -4.5692378e-09
   9.0684000e+06
  -3.7030381e-09
   9.0720000e+06
  -7.7223540e-09
   9.0756000e+06
  -5.0090381e-09
   9.0792000e+06
  -1.7211798e-10
   9.0828000e+06
   0.0000000e+00
   9.0864000e+06
   0.0000000e+00
   9.0900000e+06
  -5.6781067e-09
   9.0936000e+06
  -2.3770207e-08
   9.0972000e+06
  -5.9668226e-08
   9.1008000e+06
  -1.0886825e-07
   9.1044000e+06
  -1.2313507e-07
   9.1080000e+06
  -1.8670894e-07
   9.1116000e+06
  -2.0130724e-07
   9.1152000e+06
  -1.6822410e-07
   9.1188000e+06
  -1.3057770e-07
   9.1224000e+06
  -1.6473121e-07
   9.1260000e+06
  -1.0597280e-07
   9.1296000e+06
  -1.2516193e-07
   9.1332000e+06
  -1.2436440e-07
   9.1368000e+06
  -4.7071106e-08
   9.1404000e+06
  -9.8841513e-09
   9.1440000e+06
  -9.1549280e-09
   9.1476000e+06
  -1.1061956e-08
   9.1512000e+06
  -3.4167074e-09
   9.1548000e+06
  -1.7228350e-08
   9.1584000e+06
  -1.8452128e-08
   9.1620000e+06
  -9.7446220e-09
   9.1656000e+06
  -5.1248122e-09
   9.1692000e+06
  -2.1584716e-09
   9.1728000e+06
  -9.5199154e-09
   9.1764000e+06
  -1.6160960e-08
   9.1800000e+06
  -2.1277185e-08
   9.1836000e+06
  -3.2671924e-08
   9.1872000e+06
  -5.2351419e-08
   9.1908000e+06
  -1.0013858e-07
   9.1944000e+06
  -7.2704057e-08
   9.1980000e+06
  -9.2633202e-08
   9.2016000e+06
  -6.4853402e-08
   9.2052000e+06
  -7.5419264e-08
   9.2088000e+06
  -7.4859799e-08
   9.2124000e+06
  -8.9668460e-08
   9.2160000e+06
  -6.4193348e-08
   9.2196000e+06
  -8.0674548e-08
   9.2232000e+06
  -6.7110882e-08
   9.2268000e+06
  -1.8379629e-08
   9.2304000e+06
  -3.2697814e-08
   9.2340000e+06
  -3.9239024e-08
   9.2376000e+06
  -1.9570737e-08
   9.2412000e+06
  -2.3729154e-08
   9.2448000e+06
  -1.1950220e-08
   9.2484000e+06
  -8.0330155e-09
   9.2520000e+06
   2.1252043e-08
   9.2556000e+06
   1.3888889e-07
   9.2592000e+06
   0.0000000e+00
   9.2628000e+06
  -2.5210737e-09
   9.2664000e+06
  -1.2163150e-08
   9.2700000e+06
  -1.2106894e-08
   9.2736000e+06
  -1.4843188e-08
   9.2772000e+06
  -2.5703737e-08
   9.2808000e+06
  -3.7443748e-08
   9.2844000e+06
  -3.6531846e-08
   9.2880000e+06
  -3.5751320e-08
   9.2916000e+06
  -3.0494798e-08
   9.2952000e+06
  -2.7224392e-08
   9.2988000e+06
  -2.8497016e-08
   9.3024000e+06
  -4.7150777e-08
   9.3060000e+06
   2.2691834e-07
   9.3096000e+06
   1.2489298e-06
   9.3132000e+06
   1.6666667e-07
   9.3168000e+06
   0.0000000e+00
   9.3204000e+06
  -1.8307169e-11
   9.3240000e+06
   0.0000000e+00
   9.3276000e+06
   0.0000000e+00
