north:     0
south:           0.00000000
east:      0
west:            0.00000000
rows:     10
cols:     20
   0.240039997101E+02   0.240039997101E+02   0.240039997101E+02   0.240039997101E+02   0.240039997101E+02   0.240039997101E+02   0.240039997101E+02   0.240039997101E+02   0.240039997101E+02   0.240039997101E+02   0.240039997101E+02   0.240039997101E+02   0.240039997101E+02   0.240039997101E+02   0.240039997101E+02   0.240039997101E+02   0.240039997101E+02   0.240039997101E+02   0.240039997101E+02   0.240039997101E+02
   0.240039997101E+02   0.240039997101E+02   0.240039997101E+02   0.240039997101E+02   0.240039997101E+02   0.240039997101E+02   0.240039997101E+02   0.240039997101E+02   0.240039997101E+02   0.240039997101E+02   0.240039997101E+02   0.240039997101E+02   0.240039997101E+02   0.240039997101E+02   0.240039997101E+02   0.240039997101E+02   0.240039997101E+02   0.240039997101E+02   0.240039997101E+02   0.240039997101E+02
   0.240039997101E+02   0.240039997101E+02   0.240039997101E+02   0.240039997101E+02   0.240039997101E+02   0.240039997101E+02   0.240039997101E+02   0.240039997101E+02   0.240039997101E+02   0.240039997101E+02   0.240039997101E+02   0.240039997101E+02   0.240039997101E+02   0.240039997101E+02   0.240039997101E+02   0.240039997101E+02   0.240039997101E+02   0.240039997101E+02   0.240039997101E+02   0.240039997101E+02
   0.240039997101E+02   0.240039997101E+02   0.240039997101E+02   0.240039997101E+02   0.240039997101E+02   0.240039997101E+02   0.240039997101E+02   0.240039997101E+02   0.240039997101E+02   0.240039997101E+02   0.240039997101E+02   0.240039997101E+02   0.240039997101E+02   0.240039997101E+02   0.240039997101E+02   0.240039997101E+02   0.240039997101E+02   0.240039997101E+02   0.240039997101E+02   0.240039997101E+02
   0.240039997101E+02   0.240039997101E+02   0.240039997101E+02   0.240039997101E+02   0.240039997101E+02   0.240039997101E+02   0.240039997101E+02   0.240039997101E+02   0.240039997101E+02   0.240039997101E+02   0.240039997101E+02   0.240039997101E+02   0.240039997101E+02   0.240039997101E+02   0.240039997101E+02   0.240039997101E+02   0.240039997101E+02   0.240039997101E+02   0.240039997101E+02   0.240039997101E+02
   0.240039997101E+02   0.240039997101E+02   0.240039997101E+02   0.240039997101E+02   0.240039997101E+02   0.240039997101E+02   0.240039997101E+02   0.240039997101E+02   0.240039997101E+02   0.240039997101E+02   0.240039997101E+02   0.240039997101E+02   0.240039997101E+02   0.240039997101E+02   0.240039997101E+02   0.240039997101E+02   0.240039997101E+02   0.240039997101E+02   0.240039997101E+02   0.240039997101E+02
   0.240039997101E+02   0.240039997101E+02   0.240039997101E+02   0.240039997101E+02   0.240039997101E+02   0.240039997101E+02   0.240039997101E+02   0.240039997101E+02   0.240039997101E+02   0.240039997101E+02   0.240039997101E+02   0.240039997101E+02   0.240039997101E+02   0.240039997101E+02   0.240039997101E+02   0.240039997101E+02   0.240039997101E+02   0.240039997101E+02   0.240039997101E+02   0.240039997101E+02
   0.240039997101E+02   0.240039997101E+02   0.240039997101E+02   0.240039997101E+02   0.240039997101E+02   0.240039997101E+02   0.240039997101E+02   0.240039997101E+02   0.240039997101E+02   0.240039997101E+02   0.240039997101E+02   0.240039997101E+02   0.240039997101E+02   0.240039997101E+02   0.240039997101E+02   0.240039997101E+02   0.240039997101E+02   0.240039997101E+02   0.240039997101E+02   0.240039997101E+02
   0.240039997101E+02   0.240039997101E+02   0.240039997101E+02   0.240039997101E+02   0.240039997101E+02   0.240039997101E+02   0.240039997101E+02   0.240039997101E+02   0.240039997101E+02   0.240039997101E+02   0.240039997101E+02   0.240039997101E+02   0.240039997101E+02   0.240039997101E+02   0.240039997101E+02   0.240039997101E+02   0.240039997101E+02   0.240039997101E+02   0.240039997101E+02   0.240039997101E+02
   0.240039997101E+02   0.240039997101E+02   0.240039997101E+02   0.240039997101E+02   0.240039997101E+02   0.240039997101E+02   0.240039997101E+02   0.240039997101E+02   0.240039997101E+02   0.240039997101E+02   0.240039997101E+02   0.240039997101E+02   0.240039997101E+02   0.240039997101E+02   0.240039997101E+02   0.240039997101E+02   0.240039997101E+02   0.240039997101E+02   0.240039997101E+02   0.240039997101E+02
