# NSTEP            DELTAT              TIME NET NANSF NEU VOL NET NANSF NEU FLX
      1      1.953125000E-02      1.953125000E-02      6.000000000E-08      3.072000000E-06
      2      2.148437500E-02      4.101562500E-02      6.600000000E-08      3.072000000E-06
      3      2.363281250E-02      6.464843750E-02      7.260000000E-08      3.072000000E-06
      4      2.599609375E-02      9.064453125E-02      7.986000000E-08      3.072000000E-06
      5      2.859570313E-02      1.192402344E-01      8.784600000E-08      3.072000000E-06
      6      3.145527344E-02      1.506955078E-01      9.663060000E-08      3.072000000E-06
      7      3.460080078E-02      1.852963086E-01      1.062936600E-07      3.072000000E-06
      8      3.806088086E-02      2.233571895E-01      1.169230260E-07      3.072000000E-06
      9      4.186696895E-02      2.652241584E-01      1.286153286E-07      3.072000000E-06
     10      4.605366584E-02      3.112778242E-01      1.414768615E-07      3.072000000E-06
     11      5.065903242E-02      3.619368567E-01      1.556245476E-07      3.072000000E-06
     12      5.572493567E-02      4.176617923E-01      1.711870024E-07      3.072000000E-06
     13      6.129742923E-02      4.789592216E-01      1.883057026E-07      3.072000000E-06
     14      6.742717216E-02      5.463863937E-01      2.071362729E-07      3.072000000E-06
     15      7.416988937E-02      6.205562831E-01      2.278499001E-07      3.072000000E-06
     16      8.158687831E-02      7.021431614E-01      2.506348902E-07      3.072000000E-06
     17      8.974556614E-02      7.918887275E-01      2.756983792E-07      3.072000000E-06
     18      9.872012275E-02      8.906088503E-01      3.032682171E-07      3.072000000E-06
     19      1.085921350E-01      9.992009853E-01      3.335950388E-07      3.072000000E-06
     20      1.194513485E-01      1.118652334E+00      3.669545427E-07      3.072000000E-06
     21      1.313964834E-01      1.250048817E+00      4.036499970E-07      3.072000000E-06
     22      1.445361317E-01      1.394584949E+00      4.440149967E-07      3.072000000E-06
     23      1.589897449E-01      1.553574694E+00      4.884164963E-07      3.072000000E-06
     24      1.748887194E-01      1.728463413E+00      5.372581460E-07      3.072000000E-06
     25      1.923775913E-01      1.920841005E+00      5.909839605E-07      3.072000000E-06
     26      2.116153505E-01      2.132456355E+00      6.500823566E-07      3.072000000E-06
     27      2.327768855E-01      2.365233241E+00      7.150905923E-07      3.072000000E-06
     28      2.560545741E-01      2.621287815E+00      7.865996515E-07      3.072000000E-06
     29      2.816600315E-01      2.902947846E+00      8.652596166E-07      3.072000000E-06
     30      3.098260346E-01      3.212773881E+00      9.517855783E-07      3.072000000E-06
     31      3.408086381E-01      3.553582519E+00      1.046964136E-06      3.072000000E-06
     32      3.748895019E-01      3.928472021E+00      1.151660550E-06      3.072000000E-06
     33      4.123784521E-01      4.340850473E+00      1.266826605E-06      3.072000000E-06
     34      4.536162973E-01      4.794466770E+00      1.393509265E-06      3.072000000E-06
     35      4.989779270E-01      5.293444697E+00      1.532860192E-06      3.072000000E-06
     36      5.488757197E-01      5.842320417E+00      1.686146211E-06      3.072000000E-06
     37      6.037632917E-01      6.446083708E+00      1.854760832E-06      3.072000000E-06
     38      6.641396208E-01      7.110223329E+00      2.040236915E-06      3.072000000E-06
     39      7.305535829E-01      7.840776912E+00      2.244260607E-06      3.072000000E-06
     40      8.036089412E-01      8.644385853E+00      2.468686667E-06      3.072000000E-06
     41      8.839698353E-01      9.528355688E+00      2.715555334E-06      3.072000000E-06
     42      9.723668188E-01      1.050072251E+01      2.987110867E-06      3.072000000E-06
     43      1.069603501E+00      1.157032601E+01      3.285821954E-06      3.072000000E-06
     44      1.176563851E+00      1.274688986E+01      3.614404150E-06      3.072000000E-06
     45      1.294220236E+00      1.404111009E+01      3.975844565E-06      3.072000000E-06
     46      1.423642259E+00      1.546475235E+01      4.373429021E-06      3.072000000E-06
     47      1.566006485E+00      1.703075884E+01      4.810771923E-06      3.072000000E-06
     48      1.722607134E+00      1.875336597E+01      5.291849116E-06      3.072000000E-06
     49      1.894867847E+00      2.064823382E+01      5.821034027E-06      3.072000000E-06
     50      2.084354632E+00      2.273258845E+01      6.403137430E-06      3.072000000E-06
     51      2.292790095E+00      2.502537855E+01      7.043451173E-06      3.072000000E-06
     52      2.522069105E+00      2.754744765E+01      7.747796290E-06      3.072000000E-06
     53      2.774276015E+00      3.032172367E+01      8.522575919E-06      3.072000000E-06
     54      3.051703617E+00      3.337342729E+01      9.374833511E-06      3.072000000E-06
     55      3.356873979E+00      3.673030126E+01      1.031231686E-05      3.072000000E-06
     56      3.692561376E+00      4.042286264E+01      1.134354855E-05      3.072000000E-06
     57      4.061817514E+00      4.448468015E+01      1.247790340E-05      3.072000000E-06
     58      4.467999265E+00      4.895267942E+01      1.372569374E-05      3.072000000E-06
     59      4.914799192E+00      5.386747861E+01      1.509826312E-05      3.072000000E-06
     60      5.406279111E+00      5.927375772E+01      1.660808943E-05      3.072000000E-06
     61      5.946907022E+00      6.522066475E+01      1.826889837E-05      3.072000000E-06
     62      6.541597725E+00      7.176226247E+01      2.009578821E-05      3.072000000E-06
     63      7.195757497E+00      7.895801997E+01      2.210536703E-05      3.072000000E-06
     64      7.915333247E+00      8.687335321E+01      2.431590373E-05      3.072000000E-06
     65      8.706866571E+00      9.558021978E+01      2.674749411E-05      3.072000000E-06
     66      4.788776614E+00      1.003689964E+02      1.471112176E-05      3.072000000E-06
     67      5.267654276E+00      1.056366507E+02      1.618223393E-05      3.072000000E-06
     68      5.794419703E+00      1.114310704E+02      1.780045733E-05      3.072000000E-06
     69      6.373861674E+00      1.178049321E+02      1.958050306E-05      3.072000000E-06
     70      7.011247841E+00      1.248161799E+02      2.153855337E-05      3.072000000E-06
     71      7.712372625E+00      1.325285525E+02      2.369240870E-05      3.072000000E-06
     72      8.483609887E+00      1.410121624E+02      2.606164957E-05      3.072000000E-06
     73      9.331970876E+00      1.503441333E+02      2.866781453E-05      3.072000000E-06
     74      5.132583982E+00      1.554767173E+02      1.576729799E-05      3.072000000E-06
     75      5.645842380E+00      1.611225596E+02      1.734402779E-05      3.072000000E-06
     76      6.210426618E+00      1.673329863E+02      1.907843057E-05      3.072000000E-06
     77      6.831469280E+00      1.741644555E+02      2.098627363E-05      3.072000000E-06
     78      7.514616208E+00      1.816790717E+02      2.308490099E-05      3.072000000E-06
     79      8.266077829E+00      1.899451496E+02      2.539339109E-05      3.072000000E-06
     80      9.092685612E+00      1.990378352E+02      2.793273020E-05      3.072000000E-06
     81      5.000977086E+00      2.040388123E+02      1.536300161E-05      3.072000000E-06
     82      5.501074795E+00      2.095398871E+02      1.689930177E-05      3.072000000E-06
     83      6.051182275E+00      2.155910693E+02      1.858923195E-05      3.072000000E-06
     84      6.656300502E+00      2.222473698E+02      2.044815514E-05      3.072000000E-06
     85      7.321930552E+00      2.295693004E+02      2.249297066E-05      3.072000000E-06
     86      8.054123607E+00      2.376234240E+02      2.474226772E-05      3.072000000E-06
     87      8.859535968E+00      2.464829600E+02      2.721649449E-05      3.072000000E-06
     88      9.745489565E+00      2.562284495E+02      2.993814394E-05      3.072000000E-06
     89      5.360019261E+00      2.615884688E+02      1.646597917E-05      3.072000000E-06
     90      5.896021187E+00      2.674844900E+02      1.811257709E-05      3.072000000E-06
     91      6.485623305E+00      2.739701133E+02      1.992383479E-05      3.072000000E-06
     92      7.134185636E+00      2.811042989E+02      2.191621827E-05      3.072000000E-06
     93      7.847604200E+00      2.889519031E+02      2.410784010E-05      3.072000000E-06
     94      8.632364620E+00      2.975842677E+02      2.651862411E-05      3.072000000E-06
     95      9.495601082E+00      3.070798688E+02      2.917048652E-05      3.072000000E-06
     96      5.222580595E+00      3.123024494E+02      1.604376759E-05      3.072000000E-06
     97      5.744838654E+00      3.180472881E+02      1.764814435E-05      3.072000000E-06
     98      6.319322520E+00      3.243666106E+02      1.941295878E-05      3.072000000E-06
     99      6.951254772E+00      3.313178654E+02      2.135425466E-05      3.072000000E-06
    100      7.646380249E+00      3.389642456E+02      2.348968012E-05      3.072000000E-06
    101      8.411018274E+00      3.473752639E+02      2.583864814E-05      3.072000000E-06
    102      9.252120101E+00      3.566273840E+02      2.842251295E-05      3.072000000E-06
    103      1.017733211E+01      3.668047161E+02      3.126476425E-05      3.072000000E-06
    104      5.597532661E+00      3.724022488E+02      1.719562034E-05      3.072000000E-06
    105      6.157285927E+00      3.785595347E+02      1.891518237E-05      3.072000000E-06
    106      6.773014520E+00      3.853325492E+02      2.080670061E-05      3.072000000E-06
    107      7.450315972E+00      3.927828652E+02      2.288737067E-05      3.072000000E-06
    108      8.195347569E+00      4.009782128E+02      2.517610773E-05      3.072000000E-06
    109      9.014882326E+00      4.099930951E+02      2.769371851E-05      3.072000000E-06
    110      9.916370559E+00      4.199094656E+02      3.046309036E-05      3.072000000E-06
    111      5.454003807E+00      4.253634694E+02      1.675469970E-05      3.072000000E-06
    112      5.999404188E+00      4.313628736E+02      1.843016967E-05      3.072000000E-06
    113      6.599344607E+00      4.379622182E+02      2.027318663E-05      3.072000000E-06
    114      7.259279068E+00      4.452214973E+02      2.230050530E-05      3.072000000E-06
    115      7.985206974E+00      4.532067043E+02      2.453055583E-05      3.072000000E-06
    116      8.783727672E+00      4.619904320E+02      2.698361141E-05      3.072000000E-06
    117      9.662100439E+00      4.716525324E+02      2.968197255E-05      3.072000000E-06
    118      1.062831048E+01      4.822808429E+02      3.265016980E-05      3.072000000E-06
    119      5.845570766E+00      4.881264136E+02      1.795759339E-05      3.072000000E-06
    120      6.430127842E+00      4.945565415E+02      1.975335273E-05      3.072000000E-06
    121      7.073140626E+00      5.016296821E+02      2.172868800E-05      3.072000000E-06
    122      7.780454689E+00      5.094101368E+02      2.390155680E-05      3.072000000E-06
    123      8.558500158E+00      5.179686370E+02      2.629171249E-05      3.072000000E-06
    124      9.414350174E+00      5.273829871E+02      2.892088373E-05      3.072000000E-06
    125      1.035578519E+01      5.377387723E+02      3.181297211E-05      3.072000000E-06
    126      5.695681855E+00      5.434344542E+02      1.749713466E-05      3.072000000E-06
    127      6.265250041E+00      5.496997042E+02      1.924684812E-05      3.072000000E-06
    128      6.891775045E+00      5.565914793E+02      2.117153294E-05      3.072000000E-06
    129      7.580952549E+00      5.641724318E+02      2.328868623E-05      3.072000000E-06
    130      8.339047804E+00      5.725114796E+02      2.561755485E-05      3.072000000E-06
    131      9.172952584E+00      5.816844322E+02      2.817931034E-05      3.072000000E-06
    132      1.009024784E+01      5.917746800E+02      3.099724137E-05      3.072000000E-06
    133      1.109927263E+01      6.028739527E+02      3.409696551E-05      3.072000000E-06
    134      6.104599945E+00      6.089785526E+02      1.875333103E-05      3.072000000E-06
    135      6.715059939E+00      6.156936126E+02      2.062866413E-05      3.072000000E-06
    136      7.386565933E+00      6.230801785E+02      2.269153055E-05      3.072000000E-06
    137      8.125222527E+00      6.312054010E+02      2.496068360E-05      3.072000000E-06
    138      8.937744779E+00      6.401431458E+02      2.745675196E-05      3.072000000E-06
    139      9.831519257E+00      6.499746651E+02      3.020242716E-05      3.072000000E-06
    140      1.081467118E+01      6.607893362E+02      3.322266987E-05      3.072000000E-06
    141      5.948069151E+00      6.667374054E+02      1.827246843E-05      3.072000000E-06
    142      6.542876066E+00      6.732802815E+02      2.009971527E-05      3.072000000E-06
    143      7.197163672E+00      6.804774451E+02      2.210968680E-05      3.072000000E-06
    144      7.916880040E+00      6.883943252E+02      2.432065548E-05      3.072000000E-06
    145      8.708568044E+00      6.971028932E+02      2.675272103E-05      3.072000000E-06
    146      9.579424848E+00      7.066823181E+02      2.942799313E-05      3.072000000E-06
    147      1.053736733E+01      7.172196854E+02      3.237079245E-05      3.072000000E-06
    148      1.159110407E+01      7.288107895E+02      3.560787169E-05      3.072000000E-06
    149      6.375107236E+00      7.351858967E+02      1.958432943E-05      3.072000000E-06
    150      7.012617960E+00      7.421985147E+02      2.154276237E-05      3.072000000E-06
    151      7.713879756E+00      7.499123944E+02      2.369703861E-05      3.072000000E-06
    152      8.485267731E+00      7.583976621E+02      2.606674247E-05      3.072000000E-06
    153      9.333794505E+00      7.677314566E+02      2.867341672E-05      3.072000000E-06
    154      1.026717396E+01      7.779986306E+02      3.154075839E-05      3.072000000E-06
    155      1.129389135E+01      7.892925219E+02      3.469483423E-05      3.072000000E-06
    156      6.211640243E+00      7.955041622E+02      1.908215883E-05      3.072000000E-06
    157      6.832804267E+00      8.023369665E+02      2.099037471E-05      3.072000000E-06
    158      7.516084694E+00      8.098530512E+02      2.308941218E-05      3.072000000E-06
    159      8.267693163E+00      8.181207443E+02      2.539835340E-05      3.072000000E-06
    160      9.094462479E+00      8.272152068E+02      2.793818874E-05      3.072000000E-06
    161      1.000390873E+01      8.372191155E+02      3.073200761E-05      3.072000000E-06
    162      1.100429960E+01      8.482234151E+02      3.380520837E-05      3.072000000E-06
    163      1.210472956E+01      8.603281447E+02      3.718572921E-05      3.072000000E-06
    164      6.657601258E+00      8.669857459E+02      2.045215106E-05      3.072000000E-06
    165      7.323361384E+00      8.743091073E+02      2.249736617E-05      3.072000000E-06
    166      8.055697522E+00      8.823648048E+02      2.474710279E-05      3.072000000E-06
    167      8.861267275E+00      8.912260721E+02      2.722181307E-05      3.072000000E-06
    168      9.747394002E+00      9.009734661E+02      2.994399437E-05      3.072000000E-06
    169      1.072213340E+01      9.116955995E+02      3.293839381E-05      3.072000000E-06
    170      1.179434674E+01      9.234899463E+02      3.623223319E-05      3.072000000E-06
    171      6.486890708E+00      9.299768370E+02      1.992772826E-05      3.072000000E-06
    172      7.135579779E+00      9.371124168E+02      2.192050108E-05      3.072000000E-06
    173      7.849137757E+00      9.449615545E+02      2.411255119E-05      3.072000000E-06
    174      8.634051533E+00      9.535956060E+02      2.652380631E-05      3.072000000E-06
    175      9.497456686E+00      9.630930627E+02      2.917618694E-05      3.072000000E-06
    176      1.044720235E+01      9.735402651E+02      3.209380563E-05      3.072000000E-06
    177      1.149192259E+01      9.850321877E+02      3.530318620E-05      3.072000000E-06
    178      1.264111485E+01      9.976733025E+02      3.883350482E-05      3.072000000E-06
    179      6.952613167E+00      1.004625916E+03      2.135842765E-05      3.072000000E-06
    180      7.647874484E+00      1.012273790E+03      2.349427041E-05      3.072000000E-06
    181      8.412661932E+00      1.020686452E+03      2.584369746E-05      3.072000000E-06
    182      9.253928125E+00      1.029940380E+03      2.842806720E-05      3.072000000E-06
    183      1.017932094E+01      1.040119701E+03      3.127087392E-05      3.072000000E-06
    184      1.119725303E+01      1.051316954E+03      3.439796131E-05      3.072000000E-06
    185      1.231697833E+01      1.063633933E+03      3.783775744E-05      3.072000000E-06
    186      6.774338084E+00      1.070408271E+03      2.081076659E-05      3.072000000E-06
    187      7.451771893E+00      1.077860043E+03      2.289184325E-05      3.072000000E-06
    188      8.196949082E+00      1.086056992E+03      2.518102758E-05      3.072000000E-06
    189      9.016643990E+00      1.095073636E+03      2.769913034E-05      3.072000000E-06
    190      9.918308389E+00      1.104991944E+03      3.046904337E-05      3.072000000E-06
    191      1.091013923E+01      1.115902083E+03      3.351594771E-05      3.072000000E-06
    192      1.200115315E+01      1.127903236E+03      3.686754248E-05      3.072000000E-06
    193      1.320126847E+01      1.141104505E+03      4.055429673E-05      3.072000000E-06
    194      7.260697656E+00      1.148365202E+03      2.230486320E-05      3.072000000E-06
    195      7.986767422E+00      1.156351970E+03      2.453534952E-05      3.072000000E-06
    196      8.785444164E+00      1.165137414E+03      2.698888447E-05      3.072000000E-06
    197      9.663988580E+00      1.174801403E+03      2.968777292E-05      3.072000000E-06
    198      1.063038744E+01      1.185431790E+03      3.265655021E-05      3.072000000E-06
    199      1.169342618E+01      1.197125216E+03      3.592220523E-05      3.072000000E-06
    200      1.286276880E+01      1.209987985E+03      3.951442575E-05      3.072000000E-06
    201      1.414904568E+01      1.224137031E+03      4.346586833E-05      3.072000000E-06
    202      7.781975124E+00      1.231919006E+03      2.390622758E-05      3.072000000E-06
    203      8.560172637E+00      1.240479179E+03      2.629685034E-05      3.072000000E-06
    204      9.416189900E+00      1.249895368E+03      2.892653537E-05      3.072000000E-06
    205      1.035780889E+01      1.260253177E+03      3.181918891E-05      3.072000000E-06
    206      1.139358978E+01      1.271646767E+03      3.500110780E-05      3.072000000E-06
    207      1.253294876E+01      1.284179716E+03      3.850121858E-05      3.072000000E-06
    208      1.378624363E+01      1.297965959E+03      4.235134044E-05      3.072000000E-06
    209      7.582433998E+00      1.305548393E+03      2.329323724E-05      3.072000000E-06
    210      8.340677398E+00      1.313889071E+03      2.562256097E-05      3.072000000E-06
    211      9.174745138E+00      1.323063816E+03      2.818481706E-05      3.072000000E-06
    212      1.009221965E+01      1.333156036E+03      3.100329877E-05      3.072000000E-06
    213      1.110144162E+01      1.344257477E+03      3.410362865E-05      3.072000000E-06
    214      1.221158578E+01      1.356469063E+03      3.751399151E-05      3.072000000E-06
    215      1.343274436E+01      1.369901807E+03      4.126539066E-05      3.072000000E-06
    216      1.477601879E+01      1.384677826E+03      4.539192973E-05      3.072000000E-06
    217      8.126810336E+00      1.392804637E+03      2.496556135E-05      3.072000000E-06
    218      8.939491369E+00      1.401744128E+03      2.746211749E-05      3.072000000E-06
    219      9.833440506E+00      1.411577568E+03      3.020832923E-05      3.072000000E-06
    220      1.081678456E+01      1.422394353E+03      3.322916216E-05      3.072000000E-06
    221      1.189846301E+01      1.434292816E+03      3.655207837E-05      3.072000000E-06
    222      1.308830931E+01      1.447381125E+03      4.020728621E-05      3.072000000E-06
    223      1.439714024E+01      1.461778266E+03      4.422801483E-05      3.072000000E-06
    224      7.918427135E+00      1.469696693E+03      2.432540816E-05      3.072000000E-06
    225      8.710269848E+00      1.478406963E+03      2.675794897E-05      3.072000000E-06
    226      9.581296833E+00      1.487988259E+03      2.943374387E-05      3.072000000E-06
    227      1.053942652E+01      1.498527686E+03      3.237711826E-05      3.072000000E-06
    228      1.159336917E+01      1.510121055E+03      3.561483008E-05      3.072000000E-06
    229      1.275270608E+01      1.522873761E+03      3.917631309E-05      3.072000000E-06
    230      1.402797669E+01      1.536901738E+03      4.309394440E-05      3.072000000E-06
    231      1.543077436E+01      1.552332512E+03      4.740333884E-05      3.072000000E-06
    232      8.486925899E+00      1.560819438E+03      2.607183636E-05      3.072000000E-06
    233      9.335618489E+00      1.570155057E+03      2.867902000E-05      3.072000000E-06
    234      1.026918034E+01      1.580424237E+03      3.154692200E-05      3.072000000E-06
    235      1.129609837E+01      1.591720335E+03      3.470161420E-05      3.072000000E-06
    236      1.242570821E+01      1.604146043E+03      3.817177562E-05      3.072000000E-06
    237      1.366827903E+01      1.617814323E+03      4.198895318E-05      3.072000000E-06
    238      1.503510693E+01      1.632849429E+03      4.618784850E-05      3.072000000E-06
    239      8.269308813E+00      1.641118738E+03      2.540331667E-05      3.072000000E-06
    240      9.096239695E+00      1.650214978E+03      2.794364834E-05      3.072000000E-06
    241      1.000586366E+01      1.660220842E+03      3.073801318E-05      3.072000000E-06
    242      1.100645003E+01      1.671227292E+03      3.381181449E-05      3.072000000E-06
    243      1.210709503E+01      1.683334387E+03      3.719299594E-05      3.072000000E-06
    244      1.331780454E+01      1.696652191E+03      4.091229554E-05      3.072000000E-06
    245      1.464958499E+01      1.711301776E+03      4.500352509E-05      3.072000000E-06
    246      1.611454349E+01      1.727416320E+03      4.950387760E-05      3.072000000E-06
    247      8.862998919E+00      1.736279319E+03      2.722713268E-05      3.072000000E-06
    248      9.749298811E+00      1.746028617E+03      2.994984595E-05      3.072000000E-06
    249      1.072422869E+01      1.756752846E+03      3.294483054E-05      3.072000000E-06
    250      1.179665156E+01      1.768549498E+03      3.623931360E-05      3.072000000E-06
    251      1.297631672E+01      1.781525814E+03      3.986324496E-05      3.072000000E-06
    252      1.427394839E+01      1.795799763E+03      4.384956945E-05      3.072000000E-06
    253      3.925335807E+00      1.799725099E+03      1.205863160E-05      3.072000000E-06
    254      2.698668367E-01      1.799994965E+03      8.290309225E-07      3.072000000E-06
    255      7.421338010E-02      1.800069179E+03      2.279835037E-07      3.072000000E-06
    256      8.163471811E-02      1.800150814E+03      2.507818540E-07      3.072000000E-06
    257      8.979818992E-02      1.800240612E+03      2.758600394E-07      3.072000000E-06
    258      9.877800892E-02      1.800339390E+03      3.034460434E-07      3.072000000E-06
    259      1.086558098E-01      1.800448046E+03      3.337906477E-07      3.072000000E-06
    260      1.195213908E-01      1.800567567E+03      3.671697125E-07      3.072000000E-06
    261      1.314735299E-01      1.800699040E+03      4.038866838E-07      3.072000000E-06
    262      1.446208829E-01      1.800843661E+03      4.442753521E-07      3.072000000E-06
    263      1.590829711E-01      1.801002744E+03      4.887028873E-07      3.072000000E-06
    264      1.749912683E-01      1.801177736E+03      5.375731761E-07      3.072000000E-06
    265      1.924903951E-01      1.801370226E+03      5.913304937E-07      3.072000000E-06
    266      2.117394346E-01      1.801581965E+03      6.504635431E-07      3.072000000E-06
    267      2.329133780E-01      1.801814879E+03      7.155098974E-07      3.072000000E-06
    268      2.562047159E-01      1.802071084E+03      7.870608871E-07      3.072000000E-06
    269      2.818251874E-01      1.802352909E+03      8.657669758E-07      3.072000000E-06
    270      3.100077062E-01      1.802662916E+03      9.523436734E-07      3.072000000E-06
    271      3.410084768E-01      1.803003925E+03      1.047578041E-06      3.072000000E-06
    272      3.751093245E-01      1.803379034E+03      1.152335845E-06      3.072000000E-06
    273      4.126202569E-01      1.803791654E+03      1.267569429E-06      3.072000000E-06
    274      4.538822826E-01      1.804245537E+03      1.394326372E-06      3.072000000E-06
    275      4.992705109E-01      1.804744807E+03      1.533759009E-06      3.072000000E-06
    276      5.491975620E-01      1.805294005E+03      1.687134910E-06      3.072000000E-06
    277      6.041173182E-01      1.805898122E+03      1.855848401E-06      3.072000000E-06
    278      6.645290500E-01      1.806562651E+03      2.041433242E-06      3.072000000E-06
    279      7.309819550E-01      1.807293633E+03      2.245576566E-06      3.072000000E-06
    280      8.040801505E-01      1.808097713E+03      2.470134222E-06      3.072000000E-06
    281      8.844881655E-01      1.808982201E+03      2.717147645E-06      3.072000000E-06
    282      9.729369821E-01      1.809955138E+03      2.988862409E-06      3.072000000E-06
    283      1.070230680E+00      1.811025369E+03      3.287748650E-06      3.072000000E-06
    284      1.177253748E+00      1.812202623E+03      3.616523515E-06      3.072000000E-06
    285      1.294979123E+00      1.813497602E+03      3.978175866E-06      3.072000000E-06
    286      1.424477035E+00      1.814922079E+03      4.375993453E-06      3.072000000E-06
    287      1.566924739E+00      1.816489004E+03      4.813592798E-06      3.072000000E-06
    288      1.723617213E+00      1.818212621E+03      5.294952078E-06      3.072000000E-06
    289      1.895978934E+00      1.820108600E+03      5.824447286E-06      3.072000000E-06
    290      2.085576828E+00      1.822194177E+03      6.406892014E-06      3.072000000E-06
    291      2.294134510E+00      1.824488311E+03      7.047581216E-06      3.072000000E-06
    292      2.523547961E+00      1.827011859E+03      7.752339338E-06      3.072000000E-06
    293      2.775902758E+00      1.829787762E+03      8.527573271E-06      3.072000000E-06
    294      3.053493033E+00      1.832841255E+03      9.380330598E-06      3.072000000E-06
    295      3.358842337E+00      1.836200097E+03      1.031836366E-05      3.072000000E-06
    296      3.694726570E+00      1.839894824E+03      1.135020002E-05      3.072000000E-06
    297      4.064199227E+00      1.843959023E+03      1.248522003E-05      3.072000000E-06
    298      4.470619150E+00      1.848429642E+03      1.373374203E-05      3.072000000E-06
    299      4.917681065E+00      1.853347323E+03      1.510711623E-05      3.072000000E-06
    300      5.409449172E+00      1.858756773E+03      1.661782786E-05      3.072000000E-06
    301      5.950394089E+00      1.864707167E+03      1.827961064E-05      3.072000000E-06
    302      6.545433498E+00      1.871252600E+03      2.010757170E-05      3.072000000E-06
    303      7.199976847E+00      1.878452577E+03      2.211832888E-05      3.072000000E-06
    304      7.919974532E+00      1.886372551E+03      2.433016176E-05      3.072000000E-06
    305      8.711971985E+00      1.895084523E+03      2.676317794E-05      3.072000000E-06
    306      9.583169184E+00      1.904667693E+03      2.943949573E-05      3.072000000E-06
    307      1.054148610E+01      1.915209179E+03      3.238344531E-05      3.072000000E-06
    308      1.159563471E+01      1.926804813E+03      3.562178984E-05      3.072000000E-06
    309      1.275519818E+01      1.939560012E+03      3.918396882E-05      3.072000000E-06
    310      1.403071800E+01      1.953590730E+03      4.310236570E-05      3.072000000E-06
    311      1.403071800E+01      1.967621448E+03      4.310236570E-05      3.072000000E-06
    312      1.403071800E+01      1.981652166E+03      4.310236570E-05      3.072000000E-06
    313      1.403071800E+01      1.995682884E+03      4.310236570E-05      3.072000000E-06
    314      1.403071800E+01      2.009713602E+03      4.310236570E-05      3.072000000E-06
    315      1.403071800E+01      2.023744320E+03      4.310236570E-05      3.072000000E-06
    316      1.403071800E+01      2.037775038E+03      4.310236570E-05      3.072000000E-06
    317      1.403071800E+01      2.051805756E+03      4.310236570E-05      3.072000000E-06
    318      1.403071800E+01      2.065836474E+03      4.310236570E-05      3.072000000E-06
    319      1.403071800E+01      2.079867192E+03      4.310236570E-05      3.072000000E-06
    320      1.403071800E+01      2.093897910E+03      4.310236570E-05      3.072000000E-06
    321      1.403071800E+01      2.107928628E+03      4.310236570E-05      3.072000000E-06
    322      1.403071800E+01      2.121959346E+03      4.310236570E-05      3.072000000E-06
    323      1.403071800E+01      2.135990064E+03      4.310236570E-05      3.072000000E-06
    324      1.403071800E+01      2.150020782E+03      4.310236570E-05      3.072000000E-06
    325      1.403071800E+01      2.164051500E+03      4.310236570E-05      3.072000000E-06
    326      1.403071800E+01      2.178082218E+03      4.310236570E-05      3.072000000E-06
    327      1.403071800E+01      2.192112936E+03      4.310236570E-05      3.072000000E-06
    328      1.403071800E+01      2.206143654E+03      4.310236570E-05      3.072000000E-06
    329      1.403071800E+01      2.220174372E+03      4.310236570E-05      3.072000000E-06
    330      1.403071800E+01      2.234205090E+03      4.310236570E-05      3.072000000E-06
    331      1.403071800E+01      2.248235808E+03      4.310236570E-05      3.072000000E-06
    332      1.403071800E+01      2.262266526E+03      4.310236570E-05      3.072000000E-06
    333      1.403071800E+01      2.276297244E+03      4.310236570E-05      3.072000000E-06
    334      1.403071800E+01      2.290327962E+03      4.310236570E-05      3.072000000E-06
    335      1.403071800E+01      2.304358680E+03      4.310236570E-05      3.072000000E-06
    336      1.403071800E+01      2.318389398E+03      4.310236570E-05      3.072000000E-06
    337      1.403071800E+01      2.332420116E+03      4.310236570E-05      3.072000000E-06
    338      1.403071800E+01      2.346450834E+03      4.310236570E-05      3.072000000E-06
    339      1.403071800E+01      2.360481552E+03      4.310236570E-05      3.072000000E-06
    340      1.403071800E+01      2.374512270E+03      4.310236570E-05      3.072000000E-06
    341      1.403071800E+01      2.388542988E+03      4.310236570E-05      3.072000000E-06
    342      1.403071800E+01      2.402573706E+03      4.310236570E-05      3.072000000E-06
    343      1.403071800E+01      2.416604424E+03      4.310236570E-05      3.072000000E-06
    344      1.403071800E+01      2.430635142E+03      4.310236570E-05      3.072000000E-06
    345      1.403071800E+01      2.444665860E+03      4.310236570E-05      3.072000000E-06
    346      1.403071800E+01      2.458696578E+03      4.310236570E-05      3.072000000E-06
    347      1.403071800E+01      2.472727296E+03      4.310236570E-05      3.072000000E-06
    348      1.403071800E+01      2.486758014E+03      4.310236570E-05      3.072000000E-06
    349      1.403071800E+01      2.500788732E+03      4.310236570E-05      3.072000000E-06
    350      1.403071800E+01      2.514819450E+03      4.310236570E-05      3.072000000E-06
    351      1.403071800E+01      2.528850168E+03      4.310236570E-05      3.072000000E-06
    352      1.403071800E+01      2.542880886E+03      4.310236570E-05      3.072000000E-06
    353      1.403071800E+01      2.556911604E+03      4.310236570E-05      3.072000000E-06
    354      1.543378980E+01      2.572345394E+03      4.741260227E-05      3.072000000E-06
    355      1.543378980E+01      2.587779183E+03      4.741260227E-05      3.072000000E-06
    356      1.543378980E+01      2.603212973E+03      4.741260227E-05      3.072000000E-06
    357      1.543378980E+01      2.618646763E+03      4.741260227E-05      3.072000000E-06
    358      1.543378980E+01      2.634080553E+03      4.741260227E-05      3.072000000E-06
    359      1.543378980E+01      2.649514343E+03      4.741260227E-05      3.072000000E-06
    360      1.543378980E+01      2.664948132E+03      4.741260227E-05      3.072000000E-06
    361      1.697716878E+01      2.681925301E+03      5.215386250E-05      3.072000000E-06
    362      1.697716878E+01      2.698902470E+03      5.215386250E-05      3.072000000E-06
    363      1.697716878E+01      2.715879639E+03      5.215386250E-05      3.072000000E-06
    364      1.697716878E+01      2.732856807E+03      5.215386250E-05      3.072000000E-06
    365      1.697716878E+01      2.749833976E+03      5.215386250E-05      3.072000000E-06
    366      1.697716878E+01      2.766811145E+03      5.215386250E-05      3.072000000E-06
    367      1.867488566E+01      2.785486031E+03      5.736924875E-05      3.072000000E-06
    368      1.867488566E+01      2.804160916E+03      5.736924875E-05      3.072000000E-06
    369      1.867488566E+01      2.822835802E+03      5.736924875E-05      3.072000000E-06
    370      1.867488566E+01      2.841510688E+03      5.736924875E-05      3.072000000E-06
    371      1.867488566E+01      2.860185573E+03      5.736924875E-05      3.072000000E-06
    372      1.867488566E+01      2.878860459E+03      5.736924875E-05      3.072000000E-06
    373      1.867488566E+01      2.897535345E+03      5.736924875E-05      3.072000000E-06
    374      2.054237423E+01      2.918077719E+03      6.310617363E-05      3.072000000E-06
    375      2.054237423E+01      2.938620093E+03      6.310617363E-05      3.072000000E-06
    376      2.054237423E+01      2.959162467E+03      6.310617363E-05      3.072000000E-06
    377      2.054237423E+01      2.979704842E+03      6.310617363E-05      3.072000000E-06
    378      2.054237423E+01      3.000247216E+03      6.310617363E-05      3.072000000E-06
    379      2.054237423E+01      3.020789590E+03      6.310617363E-05      3.072000000E-06
    380      2.054237423E+01      3.041331964E+03      6.310617363E-05      3.072000000E-06
    381      2.259661165E+01      3.063928576E+03      6.941679099E-05      3.072000000E-06
    382      2.259661165E+01      3.086525188E+03      6.941679099E-05      3.072000000E-06
    383      2.259661165E+01      3.109121799E+03      6.941679099E-05      3.072000000E-06
    384      2.259661165E+01      3.131718411E+03      6.941679099E-05      3.072000000E-06
    385      2.259661165E+01      3.154315023E+03      6.941679099E-05      3.072000000E-06
    386      2.259661165E+01      3.176911634E+03      6.941679099E-05      3.072000000E-06
    387      2.485627281E+01      3.201767907E+03      7.635847009E-05      3.072000000E-06
    388      2.485627281E+01      3.226624180E+03      7.635847009E-05      3.072000000E-06
    389      2.485627281E+01      3.251480453E+03      7.635847009E-05      3.072000000E-06
    390      2.485627281E+01      3.276336725E+03      7.635847009E-05      3.072000000E-06
    391      2.485627281E+01      3.301192998E+03      7.635847009E-05      3.072000000E-06
    392      2.485627281E+01      3.326049271E+03      7.635847009E-05      3.072000000E-06
    393      2.485627281E+01      3.350905544E+03      7.635847009E-05      3.072000000E-06
    394      2.734190010E+01      3.378247444E+03      8.399431710E-05      3.072000000E-06
    395      2.734190010E+01      3.405589344E+03      8.399431710E-05      3.072000000E-06
    396      2.734190010E+01      3.432931244E+03      8.399431710E-05      3.072000000E-06
    397      2.734190010E+01      3.460273144E+03      8.399431710E-05      3.072000000E-06
    398      2.734190010E+01      3.487615044E+03      8.399431710E-05      3.072000000E-06
    399      2.734190010E+01      3.514956944E+03      8.399431710E-05      3.072000000E-06
    400      2.734190010E+01      3.542298845E+03      8.399431710E-05      3.072000000E-06
    401      2.734190010E+01      3.569640745E+03      8.399431710E-05      3.072000000E-06
    402      2.734190010E+01      3.596982645E+03      8.399431710E-05      3.072000000E-06
    403      2.734190010E+01      3.624324545E+03      8.399431710E-05      3.072000000E-06
    404      2.734190010E+01      3.651666445E+03      8.399431710E-05      3.072000000E-06
    405      2.734190010E+01      3.679008345E+03      8.399431710E-05      3.072000000E-06
    406      2.734190010E+01      3.706350245E+03      8.399431710E-05      3.072000000E-06
    407      2.734190010E+01      3.733692145E+03      8.399431710E-05      3.072000000E-06
    408      2.734190010E+01      3.761034045E+03      8.399431710E-05      3.072000000E-06
    409      2.734190010E+01      3.788375945E+03      8.399431710E-05      3.072000000E-06
    410      2.734190010E+01      3.815717846E+03      8.399431710E-05      3.072000000E-06
    411      2.734190010E+01      3.843059746E+03      8.399431710E-05      3.072000000E-06
    412      2.734190010E+01      3.870401646E+03      8.399431710E-05      3.072000000E-06
    413      2.734190010E+01      3.897743546E+03      8.399431710E-05      3.072000000E-06
    414      2.734190010E+01      3.925085446E+03      8.399431710E-05      3.072000000E-06
    415      2.734190010E+01      3.952427346E+03      8.399431710E-05      3.072000000E-06
    416      2.734190010E+01      3.979769246E+03      8.399431710E-05      3.072000000E-06
    417      2.734190010E+01      4.007111146E+03      8.399431710E-05      3.072000000E-06
    418      2.734190010E+01      4.034453046E+03      8.399431710E-05      3.072000000E-06
    419      2.734190010E+01      4.061794946E+03      8.399431710E-05      3.072000000E-06
    420      2.734190010E+01      4.089136846E+03      8.399431710E-05      3.072000000E-06
    421      2.734190010E+01      4.116478747E+03      8.399431710E-05      3.072000000E-06
    422      2.734190010E+01      4.143820647E+03      8.399431710E-05      3.072000000E-06
    423      2.734190010E+01      4.171162547E+03      8.399431710E-05      3.072000000E-06
    424      2.734190010E+01      4.198504447E+03      8.399431710E-05      3.072000000E-06
    425      2.734190010E+01      4.225846347E+03      8.399431710E-05      3.072000000E-06
    426      2.734190010E+01      4.253188247E+03      8.399431710E-05      3.072000000E-06
    427      2.734190010E+01      4.280530147E+03      8.399431710E-05      3.072000000E-06
    428      2.734190010E+01      4.307872047E+03      8.399431710E-05      3.072000000E-06
    429      2.734190010E+01      4.335213947E+03      8.399431710E-05      3.072000000E-06
    430      2.734190010E+01      4.362555847E+03      8.399431710E-05      3.072000000E-06
    431      2.734190010E+01      4.389897748E+03      8.399431710E-05      3.072000000E-06
    432      2.734190010E+01      4.417239648E+03      8.399431710E-05      3.072000000E-06
    433      2.734190010E+01      4.444581548E+03      8.399431710E-05      3.072000000E-06
    434      2.734190010E+01      4.471923448E+03      8.399431710E-05      3.072000000E-06
    435      2.734190010E+01      4.499265348E+03      8.399431710E-05      3.072000000E-06
    436      2.734190010E+01      4.526607248E+03      8.399431710E-05      3.072000000E-06
    437      2.734190010E+01      4.553949148E+03      8.399431710E-05      3.072000000E-06
    438      2.734190010E+01      4.581291048E+03      8.399431710E-05      3.072000000E-06
    439      2.734190010E+01      4.608632948E+03      8.399431710E-05      3.072000000E-06
    440      2.734190010E+01      4.635974848E+03      8.399431710E-05      3.072000000E-06
    441      3.007609011E+01      4.666050939E+03      9.239374880E-05      3.072000000E-06
    442      3.007609011E+01      4.696127029E+03      9.239374880E-05      3.072000000E-06
    443      3.007609011E+01      4.726203119E+03      9.239374880E-05      3.072000000E-06
    444      3.007609011E+01      4.756279209E+03      9.239374880E-05      3.072000000E-06
    445      3.007609011E+01      4.786355299E+03      9.239374880E-05      3.072000000E-06
    446      3.007609011E+01      4.816431389E+03      9.239374880E-05      3.072000000E-06
    447      3.007609011E+01      4.846507479E+03      9.239374880E-05      3.072000000E-06
    448      3.007609011E+01      4.876583569E+03      9.239374880E-05      3.072000000E-06
    449      3.007609011E+01      4.906659659E+03      9.239374880E-05      3.072000000E-06
    450      3.007609011E+01      4.936735749E+03      9.239374880E-05      3.072000000E-06
    451      3.007609011E+01      4.966811840E+03      9.239374880E-05      3.072000000E-06
    452      3.007609011E+01      4.996887930E+03      9.239374880E-05      3.072000000E-06
    453      3.007609011E+01      5.026964020E+03      9.239374880E-05      3.072000000E-06
    454      3.007609011E+01      5.057040110E+03      9.239374880E-05      3.072000000E-06
    455      3.007609011E+01      5.087116200E+03      9.239374880E-05      3.072000000E-06
    456      3.007609011E+01      5.117192290E+03      9.239374880E-05      3.072000000E-06
    457      3.007609011E+01      5.147268380E+03      9.239374880E-05      3.072000000E-06
    458      3.007609011E+01      5.177344470E+03      9.239374880E-05      3.072000000E-06
    459      3.007609011E+01      5.207420560E+03      9.239374880E-05      3.072000000E-06
    460      3.007609011E+01      5.237496651E+03      9.239374880E-05      3.072000000E-06
    461      3.007609011E+01      5.267572741E+03      9.239374880E-05      3.072000000E-06
    462      3.308369912E+01      5.300656440E+03      1.016331237E-04      3.072000000E-06
    463      3.308369912E+01      5.333740139E+03      1.016331237E-04      3.072000000E-06
    464      3.308369912E+01      5.366823838E+03      1.016331237E-04      3.072000000E-06
    465      3.308369912E+01      5.399907537E+03      1.016331237E-04      3.072000000E-06
    466      3.308369912E+01      5.432991236E+03      1.016331237E-04      3.072000000E-06
    467      3.308369912E+01      5.466074935E+03      1.016331237E-04      3.072000000E-06
    468      3.308369912E+01      5.499158634E+03      1.016331237E-04      3.072000000E-06
    469      3.308369912E+01      5.532242334E+03      1.016331237E-04      3.072000000E-06
    470      3.308369912E+01      5.565326033E+03      1.016331237E-04      3.072000000E-06
    471      3.639206903E+01      5.601718102E+03      1.117964361E-04      3.072000000E-06
    472      3.639206903E+01      5.638110171E+03      1.117964361E-04      3.072000000E-06
    473      3.639206903E+01      5.674502240E+03      1.117964361E-04      3.072000000E-06
    474      3.639206903E+01      5.710894309E+03      1.117964361E-04      3.072000000E-06
    475      3.639206903E+01      5.747286378E+03      1.117964361E-04      3.072000000E-06
    476      3.639206903E+01      5.783678447E+03      1.117964361E-04      3.072000000E-06
    477      3.639206903E+01      5.820070516E+03      1.117964361E-04      3.072000000E-06
    478      3.639206903E+01      5.856462585E+03      1.117964361E-04      3.072000000E-06
    479      3.639206903E+01      5.892854654E+03      1.117964361E-04      3.072000000E-06
    480      3.639206903E+01      5.929246723E+03      1.117964361E-04      3.072000000E-06
    481      3.639206903E+01      5.965638792E+03      1.117964361E-04      3.072000000E-06
    482      4.003127593E+01      6.005670068E+03      1.229760797E-04      3.072000000E-06
    483      4.003127593E+01      6.045701344E+03      1.229760797E-04      3.072000000E-06
    484      4.003127593E+01      6.085732620E+03      1.229760797E-04      3.072000000E-06
    485      4.003127593E+01      6.125763896E+03      1.229760797E-04      3.072000000E-06
    486      4.003127593E+01      6.165795172E+03      1.229760797E-04      3.072000000E-06
    487      4.003127593E+01      6.205826448E+03      1.229760797E-04      3.072000000E-06
    488      4.003127593E+01      6.245857723E+03      1.229760797E-04      3.072000000E-06
    489      4.003127593E+01      6.285888999E+03      1.229760797E-04      3.072000000E-06
    490      4.003127593E+01      6.325920275E+03      1.229760797E-04      3.072000000E-06
    491      4.403440352E+01      6.369954679E+03      1.352736876E-04      3.072000000E-06
    492      4.403440352E+01      6.413989082E+03      1.352736876E-04      3.072000000E-06
    493      4.403440352E+01      6.458023486E+03      1.352736876E-04      3.072000000E-06
    494      4.403440352E+01      6.502057889E+03      1.352736876E-04      3.072000000E-06
    495      4.403440352E+01      6.546092293E+03      1.352736876E-04      3.072000000E-06
    496      4.403440352E+01      6.590126696E+03      1.352736876E-04      3.072000000E-06
    497      4.403440352E+01      6.634161100E+03      1.352736876E-04      3.072000000E-06
    498      4.403440352E+01      6.678195504E+03      1.352736876E-04      3.072000000E-06
    499      4.403440352E+01      6.722229907E+03      1.352736876E-04      3.072000000E-06
    500      4.403440352E+01      6.766264311E+03      1.352736876E-04      3.072000000E-06
    501      4.403440352E+01      6.810298714E+03      1.352736876E-04      3.072000000E-06
    502      4.843784388E+01      6.858736558E+03      1.488010564E-04      3.072000000E-06
    503      4.843784388E+01      6.907174402E+03      1.488010564E-04      3.072000000E-06
    504      4.843784388E+01      6.955612246E+03      1.488010564E-04      3.072000000E-06
    505      4.843784388E+01      7.004050090E+03      1.488010564E-04      3.072000000E-06
    506      4.843784388E+01      7.052487933E+03      1.488010564E-04      3.072000000E-06
    507      4.843784388E+01      7.100925777E+03      1.488010564E-04      3.072000000E-06
    508      4.843784388E+01      7.149363621E+03      1.488010564E-04      3.072000000E-06
    509      4.843784388E+01      7.197801465E+03      1.488010564E-04      3.072000000E-06
    510      4.843784388E+01      7.246239309E+03      1.488010564E-04      3.072000000E-06
    511      4.843784388E+01      7.294677153E+03      1.488010564E-04      3.072000000E-06
    512      4.843784388E+01      7.343114997E+03      1.488010564E-04      3.072000000E-06
    513      4.843784388E+01      7.391552841E+03      1.488010564E-04      3.072000000E-06
    514      4.843784388E+01      7.439990685E+03      1.488010564E-04      3.072000000E-06
    515      4.843784388E+01      7.488428528E+03      1.488010564E-04      3.072000000E-06
    516      5.328162826E+01      7.541710157E+03      1.636811620E-04      3.072000000E-06
    517      5.860979109E+01      7.600319948E+03      1.800492782E-04      3.072000000E-06
    518      5.860979109E+01      7.658929739E+03      1.800492782E-04      3.072000000E-06
    519      6.447077020E+01      7.723400509E+03      1.980542061E-04      3.072000000E-06
    520      7.091784722E+01      7.794318356E+03      2.178596267E-04      3.072000000E-06
    521      7.091784722E+01      7.865236203E+03      2.178596267E-04      3.072000000E-06
    522      7.800963194E+01      7.943245835E+03      2.396455893E-04      3.072000000E-06
    523      8.581059514E+01      8.029056431E+03      2.636101483E-04      3.072000000E-06
    524      8.581059514E+01      8.114867026E+03      2.636101483E-04      3.072000000E-06
    525      9.439165465E+01      8.209258680E+03      2.899711631E-04      3.072000000E-06
    526      1.000000000E+02      8.309258680E+03      3.072000000E-04      3.072000000E-06
    527      1.000000000E+02      8.409258680E+03      3.072000000E-04      3.072000000E-06
    528      1.000000000E+02      8.509258680E+03      3.072000000E-04      3.072000000E-06
    529      1.000000000E+02      8.609258680E+03      3.072000000E-04      3.072000000E-06
    530      1.000000000E+02      8.709258680E+03      3.072000000E-04      3.072000000E-06
    531      1.000000000E+02      8.809258680E+03      3.072000000E-04      3.072000000E-06
    532      1.000000000E+02      8.909258680E+03      3.072000000E-04      3.072000000E-06
    533      1.000000000E+02      9.009258680E+03      3.072000000E-04      3.072000000E-06
    534      1.000000000E+02      9.109258680E+03      3.072000000E-04      3.072000000E-06
    535      1.000000000E+02      9.209258680E+03      3.072000000E-04      3.072000000E-06
    536      1.000000000E+02      9.309258680E+03      3.072000000E-04      3.072000000E-06
    537      1.000000000E+02      9.409258680E+03      3.072000000E-04      3.072000000E-06
    538      1.000000000E+02      9.509258680E+03      3.072000000E-04      3.072000000E-06
    539      1.000000000E+02      9.609258680E+03      3.072000000E-04      3.072000000E-06
    540      1.000000000E+02      9.709258680E+03      3.072000000E-04      3.072000000E-06
    541      1.000000000E+02      9.809258680E+03      3.072000000E-04      3.072000000E-06
    542      1.000000000E+02      9.909258680E+03      3.072000000E-04      3.072000000E-06
    543      1.000000000E+02      1.000925868E+04      3.072000000E-04      3.072000000E-06
    544      1.000000000E+02      1.010925868E+04      3.072000000E-04      3.072000000E-06
    545      1.000000000E+02      1.020925868E+04      3.072000000E-04      3.072000000E-06
    546      1.000000000E+02      1.030925868E+04      3.072000000E-04      3.072000000E-06
    547      1.000000000E+02      1.040925868E+04      3.072000000E-04      3.072000000E-06
    548      1.000000000E+02      1.050925868E+04      3.072000000E-04      3.072000000E-06
    549      1.000000000E+02      1.060925868E+04      3.072000000E-04      3.072000000E-06
    550      1.000000000E+02      1.070925868E+04      3.072000000E-04      3.072000000E-06
    551      1.000000000E+02      1.080925868E+04      3.072000000E-04      3.072000000E-06
    552      1.000000000E+02      1.090925868E+04      3.072000000E-04      3.072000000E-06
    553      1.000000000E+02      1.100925868E+04      3.072000000E-04      3.072000000E-06
    554      1.000000000E+02      1.110925868E+04      3.072000000E-04      3.072000000E-06
    555      1.000000000E+02      1.120925868E+04      3.072000000E-04      3.072000000E-06
    556      1.000000000E+02      1.130925868E+04      3.072000000E-04      3.072000000E-06
    557      1.000000000E+02      1.140925868E+04      3.072000000E-04      3.072000000E-06
    558      1.000000000E+02      1.150925868E+04      3.072000000E-04      3.072000000E-06
    559      1.000000000E+02      1.160925868E+04      3.072000000E-04      3.072000000E-06
    560      1.000000000E+02      1.170925868E+04      3.072000000E-04      3.072000000E-06
    561      1.000000000E+02      1.180925868E+04      3.072000000E-04      3.072000000E-06
    562      1.000000000E+02      1.190925868E+04      3.072000000E-04      3.072000000E-06
    563      1.000000000E+02      1.200925868E+04      3.072000000E-04      3.072000000E-06
    564      1.000000000E+02      1.210925868E+04      3.072000000E-04      3.072000000E-06
    565      1.000000000E+02      1.220925868E+04      3.072000000E-04      3.072000000E-06
    566      1.000000000E+02      1.230925868E+04      3.072000000E-04      3.072000000E-06
    567      1.000000000E+02      1.240925868E+04      3.072000000E-04      3.072000000E-06
    568      1.000000000E+02      1.250925868E+04      3.072000000E-04      3.072000000E-06
    569      1.000000000E+02      1.260925868E+04      3.072000000E-04      3.072000000E-06
    570      1.000000000E+02      1.270925868E+04      3.072000000E-04      3.072000000E-06
    571      1.000000000E+02      1.280925868E+04      3.072000000E-04      3.072000000E-06
    572      1.000000000E+02      1.290925868E+04      3.072000000E-04      3.072000000E-06
    573      1.000000000E+02      1.300925868E+04      3.072000000E-04      3.072000000E-06
    574      1.000000000E+02      1.310925868E+04      3.072000000E-04      3.072000000E-06
    575      1.000000000E+02      1.320925868E+04      3.072000000E-04      3.072000000E-06
    576      1.000000000E+02      1.330925868E+04      3.072000000E-04      3.072000000E-06
    577      1.000000000E+02      1.340925868E+04      3.072000000E-04      3.072000000E-06
    578      1.000000000E+02      1.350925868E+04      3.072000000E-04      3.072000000E-06
    579      1.000000000E+02      1.360925868E+04      3.072000000E-04      3.072000000E-06
    580      1.000000000E+02      1.370925868E+04      3.072000000E-04      3.072000000E-06
    581      1.000000000E+02      1.380925868E+04      3.072000000E-04      3.072000000E-06
    582      1.000000000E+02      1.390925868E+04      3.072000000E-04      3.072000000E-06
    583      1.000000000E+02      1.400925868E+04      3.072000000E-04      3.072000000E-06
    584      1.000000000E+02      1.410925868E+04      3.072000000E-04      3.072000000E-06
    585      1.000000000E+02      1.420925868E+04      3.072000000E-04      3.072000000E-06
    586      1.000000000E+02      1.430925868E+04      3.072000000E-04      3.072000000E-06
    587      1.000000000E+02      1.440925868E+04      3.072000000E-04      3.072000000E-06
    588      1.000000000E+02      1.450925868E+04      3.072000000E-04      3.072000000E-06
    589      1.000000000E+02      1.460925868E+04      3.072000000E-04      3.072000000E-06
    590      1.000000000E+02      1.470925868E+04      3.072000000E-04      3.072000000E-06
    591      1.000000000E+02      1.480925868E+04      3.072000000E-04      3.072000000E-06
    592      1.000000000E+02      1.490925868E+04      3.072000000E-04      3.072000000E-06
    593      1.000000000E+02      1.500925868E+04      3.072000000E-04      3.072000000E-06
    594      1.000000000E+02      1.510925868E+04      3.072000000E-04      3.072000000E-06
    595      1.000000000E+02      1.520925868E+04      3.072000000E-04      3.072000000E-06
    596      1.000000000E+02      1.530925868E+04      3.072000000E-04      3.072000000E-06
    597      1.000000000E+02      1.540925868E+04      3.072000000E-04      3.072000000E-06
    598      1.000000000E+02      1.550925868E+04      3.072000000E-04      3.072000000E-06
    599      1.000000000E+02      1.560925868E+04      3.072000000E-04      3.072000000E-06
    600      1.000000000E+02      1.570925868E+04      3.072000000E-04      3.072000000E-06
    601      1.000000000E+02      1.580925868E+04      3.072000000E-04      3.072000000E-06
    602      1.000000000E+02      1.590925868E+04      3.072000000E-04      3.072000000E-06
    603      1.000000000E+02      1.600925868E+04      3.072000000E-04      3.072000000E-06
    604      1.000000000E+02      1.610925868E+04      3.072000000E-04      3.072000000E-06
    605      1.000000000E+02      1.620925868E+04      3.072000000E-04      3.072000000E-06
    606      1.000000000E+02      1.630925868E+04      3.072000000E-04      3.072000000E-06
    607      1.000000000E+02      1.640925868E+04      3.072000000E-04      3.072000000E-06
    608      1.000000000E+02      1.650925868E+04      3.072000000E-04      3.072000000E-06
    609      1.000000000E+02      1.660925868E+04      3.072000000E-04      3.072000000E-06
    610      1.000000000E+02      1.670925868E+04      3.072000000E-04      3.072000000E-06
    611      1.000000000E+02      1.680925868E+04      3.072000000E-04      3.072000000E-06
    612      1.000000000E+02      1.690925868E+04      3.072000000E-04      3.072000000E-06
    613      1.000000000E+02      1.700925868E+04      3.072000000E-04      3.072000000E-06
    614      1.000000000E+02      1.710925868E+04      3.072000000E-04      3.072000000E-06
    615      1.000000000E+02      1.720925868E+04      3.072000000E-04      3.072000000E-06
    616      1.000000000E+02      1.730925868E+04      3.072000000E-04      3.072000000E-06
    617      1.000000000E+02      1.740925868E+04      3.072000000E-04      3.072000000E-06
    618      1.000000000E+02      1.750925868E+04      3.072000000E-04      3.072000000E-06
    619      1.000000000E+02      1.760925868E+04      3.072000000E-04      3.072000000E-06
    620      1.000000000E+02      1.770925868E+04      3.072000000E-04      3.072000000E-06
    621      1.000000000E+02      1.780925868E+04      3.072000000E-04      3.072000000E-06
    622      1.000000000E+02      1.790925868E+04      3.072000000E-04      3.072000000E-06
    623      1.000000000E+02      1.800925868E+04      3.072000000E-04      3.072000000E-06
    624      1.000000000E+02      1.810925868E+04      3.072000000E-04      3.072000000E-06
    625      1.000000000E+02      1.820925868E+04      3.072000000E-04      3.072000000E-06
    626      1.000000000E+02      1.830925868E+04      3.072000000E-04      3.072000000E-06
    627      1.000000000E+02      1.840925868E+04      3.072000000E-04      3.072000000E-06
    628      1.000000000E+02      1.850925868E+04      3.072000000E-04      3.072000000E-06
    629      1.000000000E+02      1.860925868E+04      3.072000000E-04      3.072000000E-06
    630      1.000000000E+02      1.870925868E+04      3.072000000E-04      3.072000000E-06
    631      1.000000000E+02      1.880925868E+04      3.072000000E-04      3.072000000E-06
    632      1.000000000E+02      1.890925868E+04      3.072000000E-04      3.072000000E-06
    633      1.000000000E+02      1.900925868E+04      3.072000000E-04      3.072000000E-06
    634      1.000000000E+02      1.910925868E+04      3.072000000E-04      3.072000000E-06
    635      1.000000000E+02      1.920925868E+04      3.072000000E-04      3.072000000E-06
    636      1.000000000E+02      1.930925868E+04      3.072000000E-04      3.072000000E-06
    637      1.000000000E+02      1.940925868E+04      3.072000000E-04      3.072000000E-06
    638      1.000000000E+02      1.950925868E+04      3.072000000E-04      3.072000000E-06
    639      1.000000000E+02      1.960925868E+04      3.072000000E-04      3.072000000E-06
    640      1.000000000E+02      1.970925868E+04      3.072000000E-04      3.072000000E-06
    641      1.000000000E+02      1.980925868E+04      3.072000000E-04      3.072000000E-06
    642      1.000000000E+02      1.990925868E+04      3.072000000E-04      3.072000000E-06
    643      1.000000000E+02      2.000925868E+04      3.072000000E-04      3.072000000E-06
    644      1.000000000E+02      2.010925868E+04      3.072000000E-04      3.072000000E-06
    645      1.000000000E+02      2.020925868E+04      3.072000000E-04      3.072000000E-06
    646      1.000000000E+02      2.030925868E+04      3.072000000E-04      3.072000000E-06
    647      1.000000000E+02      2.040925868E+04      3.072000000E-04      3.072000000E-06
    648      1.000000000E+02      2.050925868E+04      3.072000000E-04      3.072000000E-06
    649      1.000000000E+02      2.060925868E+04      3.072000000E-04      3.072000000E-06
    650      1.000000000E+02      2.070925868E+04      3.072000000E-04      3.072000000E-06
    651      1.000000000E+02      2.080925868E+04      3.072000000E-04      3.072000000E-06
    652      1.000000000E+02      2.090925868E+04      3.072000000E-04      3.072000000E-06
    653      1.000000000E+02      2.100925868E+04      3.072000000E-04      3.072000000E-06
    654      1.000000000E+02      2.110925868E+04      3.072000000E-04      3.072000000E-06
    655      1.000000000E+02      2.120925868E+04      3.072000000E-04      3.072000000E-06
    656      1.000000000E+02      2.130925868E+04      3.072000000E-04      3.072000000E-06
    657      1.000000000E+02      2.140925868E+04      3.072000000E-04      3.072000000E-06
    658      1.000000000E+02      2.150925868E+04      3.072000000E-04      3.072000000E-06
    659      1.000000000E+02      2.160925868E+04      3.072000000E-04      3.072000000E-06
    660      1.000000000E+02      2.170925868E+04      3.072000000E-04      3.072000000E-06
    661      1.000000000E+02      2.180925868E+04      3.072000000E-04      3.072000000E-06
    662      1.000000000E+02      2.190925868E+04      3.072000000E-04      3.072000000E-06
    663      1.000000000E+02      2.200925868E+04      3.072000000E-04      3.072000000E-06
    664      1.000000000E+02      2.210925868E+04      3.072000000E-04      3.072000000E-06
    665      1.000000000E+02      2.220925868E+04      3.072000000E-04      3.072000000E-06
    666      1.000000000E+02      2.230925868E+04      3.072000000E-04      3.072000000E-06
    667      1.000000000E+02      2.240925868E+04      3.072000000E-04      3.072000000E-06
    668      1.000000000E+02      2.250925868E+04      3.072000000E-04      3.072000000E-06
    669      1.000000000E+02      2.260925868E+04      3.072000000E-04      3.072000000E-06
    670      1.000000000E+02      2.270925868E+04      3.072000000E-04      3.072000000E-06
    671      1.000000000E+02      2.280925868E+04      3.072000000E-04      3.072000000E-06
    672      1.000000000E+02      2.290925868E+04      3.072000000E-04      3.072000000E-06
    673      1.000000000E+02      2.300925868E+04      3.072000000E-04      3.072000000E-06
    674      1.000000000E+02      2.310925868E+04      3.072000000E-04      3.072000000E-06
    675      1.000000000E+02      2.320925868E+04      3.072000000E-04      3.072000000E-06
    676      1.000000000E+02      2.330925868E+04      3.072000000E-04      3.072000000E-06
    677      1.000000000E+02      2.340925868E+04      3.072000000E-04      3.072000000E-06
    678      1.000000000E+02      2.350925868E+04      3.072000000E-04      3.072000000E-06
    679      1.000000000E+02      2.360925868E+04      3.072000000E-04      3.072000000E-06
    680      1.000000000E+02      2.370925868E+04      3.072000000E-04      3.072000000E-06
    681      1.000000000E+02      2.380925868E+04      3.072000000E-04      3.072000000E-06
    682      1.000000000E+02      2.390925868E+04      3.072000000E-04      3.072000000E-06
    683      1.000000000E+02      2.400925868E+04      3.072000000E-04      3.072000000E-06
    684      1.000000000E+02      2.410925868E+04      3.072000000E-04      3.072000000E-06
    685      1.000000000E+02      2.420925868E+04      3.072000000E-04      3.072000000E-06
    686      1.000000000E+02      2.430925868E+04      3.072000000E-04      3.072000000E-06
    687      1.000000000E+02      2.440925868E+04      3.072000000E-04      3.072000000E-06
    688      1.000000000E+02      2.450925868E+04      3.072000000E-04      3.072000000E-06
    689      1.000000000E+02      2.460925868E+04      3.072000000E-04      3.072000000E-06
    690      1.000000000E+02      2.470925868E+04      3.072000000E-04      3.072000000E-06
    691      1.000000000E+02      2.480925868E+04      3.072000000E-04      3.072000000E-06
    692      1.000000000E+02      2.490925868E+04      3.072000000E-04      3.072000000E-06
    693      1.000000000E+02      2.500925868E+04      3.072000000E-04      3.072000000E-06
    694      1.000000000E+02      2.510925868E+04      3.072000000E-04      3.072000000E-06
    695      1.000000000E+02      2.520925868E+04      3.072000000E-04      3.072000000E-06
    696      1.000000000E+02      2.530925868E+04      3.072000000E-04      3.072000000E-06
    697      1.000000000E+02      2.540925868E+04      3.072000000E-04      3.072000000E-06
    698      1.000000000E+02      2.550925868E+04      3.072000000E-04      3.072000000E-06
    699      1.000000000E+02      2.560925868E+04      3.072000000E-04      3.072000000E-06
    700      1.000000000E+02      2.570925868E+04      3.072000000E-04      3.072000000E-06
    701      1.000000000E+02      2.580925868E+04      3.072000000E-04      3.072000000E-06
    702      1.000000000E+02      2.590925868E+04      3.072000000E-04      3.072000000E-06
    703      1.000000000E+02      2.600925868E+04      3.072000000E-04      3.072000000E-06
    704      1.000000000E+02      2.610925868E+04      3.072000000E-04      3.072000000E-06
    705      1.000000000E+02      2.620925868E+04      3.072000000E-04      3.072000000E-06
    706      1.000000000E+02      2.630925868E+04      3.072000000E-04      3.072000000E-06
    707      1.000000000E+02      2.640925868E+04      3.072000000E-04      3.072000000E-06
    708      1.000000000E+02      2.650925868E+04      3.072000000E-04      3.072000000E-06
    709      1.000000000E+02      2.660925868E+04      3.072000000E-04      3.072000000E-06
    710      1.000000000E+02      2.670925868E+04      3.072000000E-04      3.072000000E-06
    711      1.000000000E+02      2.680925868E+04      3.072000000E-04      3.072000000E-06
    712      1.000000000E+02      2.690925868E+04      3.072000000E-04      3.072000000E-06
    713      1.000000000E+02      2.700925868E+04      3.072000000E-04      3.072000000E-06
    714      1.000000000E+02      2.710925868E+04      3.072000000E-04      3.072000000E-06
    715      1.000000000E+02      2.720925868E+04      3.072000000E-04      3.072000000E-06
    716      1.000000000E+02      2.730925868E+04      3.072000000E-04      3.072000000E-06
    717      1.000000000E+02      2.740925868E+04      3.072000000E-04      3.072000000E-06
    718      1.000000000E+02      2.750925868E+04      3.072000000E-04      3.072000000E-06
    719      1.000000000E+02      2.760925868E+04      3.072000000E-04      3.072000000E-06
    720      1.000000000E+02      2.770925868E+04      3.072000000E-04      3.072000000E-06
    721      1.000000000E+02      2.780925868E+04      3.072000000E-04      3.072000000E-06
    722      1.000000000E+02      2.790925868E+04      3.072000000E-04      3.072000000E-06
    723      1.000000000E+02      2.800925868E+04      3.072000000E-04      3.072000000E-06
    724      1.000000000E+02      2.810925868E+04      3.072000000E-04      3.072000000E-06
    725      1.000000000E+02      2.820925868E+04      3.072000000E-04      3.072000000E-06
    726      1.000000000E+02      2.830925868E+04      3.072000000E-04      3.072000000E-06
    727      1.000000000E+02      2.840925868E+04      3.072000000E-04      3.072000000E-06
    728      1.000000000E+02      2.850925868E+04      3.072000000E-04      3.072000000E-06
    729      1.000000000E+02      2.860925868E+04      3.072000000E-04      3.072000000E-06
    730      1.000000000E+02      2.870925868E+04      3.072000000E-04      3.072000000E-06
