#       1
#          TIME              211
  1.95312500E-02  0.00000000E+00  0.00000000E+00  0.00000000E+00  0.00000000E+00
  4.10156250E-02  0.00000000E+00  0.00000000E+00  0.00000000E+00  0.00000000E+00
  6.46484375E-02  0.00000000E+00  0.00000000E+00  0.00000000E+00  0.00000000E+00
  9.06445313E-02  0.00000000E+00  0.00000000E+00  0.00000000E+00  0.00000000E+00
  1.19240234E-01  0.00000000E+00  0.00000000E+00  0.00000000E+00  0.00000000E+00
  1.50695508E-01  0.00000000E+00  0.00000000E+00  0.00000000E+00  0.00000000E+00
  1.85296309E-01  0.00000000E+00  0.00000000E+00  0.00000000E+00  0.00000000E+00
  2.23357189E-01  0.00000000E+00  0.00000000E+00  0.00000000E+00  0.00000000E+00
  2.65224158E-01  0.00000000E+00  0.00000000E+00  0.00000000E+00  0.00000000E+00
  3.11277824E-01  0.00000000E+00  0.00000000E+00  0.00000000E+00  0.00000000E+00
  3.61936857E-01  0.00000000E+00  0.00000000E+00  0.00000000E+00  0.00000000E+00
  4.17661792E-01  0.00000000E+00  0.00000000E+00  0.00000000E+00  0.00000000E+00
  4.78959222E-01  0.00000000E+00  0.00000000E+00  0.00000000E+00  0.00000000E+00
  5.46386394E-01  0.00000000E+00  0.00000000E+00  0.00000000E+00  0.00000000E+00
  6.20556283E-01  0.00000000E+00  0.00000000E+00  0.00000000E+00  0.00000000E+00
  7.02143161E-01  0.00000000E+00  0.00000000E+00  0.00000000E+00  0.00000000E+00
  7.91888728E-01  0.00000000E+00  0.00000000E+00  0.00000000E+00  0.00000000E+00
  8.90608850E-01  0.00000000E+00  0.00000000E+00  0.00000000E+00  0.00000000E+00
  9.99200985E-01  0.00000000E+00  0.00000000E+00  0.00000000E+00  0.00000000E+00
  1.11865233E+00  0.00000000E+00  0.00000000E+00  0.00000000E+00  0.00000000E+00
  1.25004882E+00  0.00000000E+00  0.00000000E+00  0.00000000E+00  0.00000000E+00
  1.39458495E+00  0.00000000E+00  0.00000000E+00  0.00000000E+00  0.00000000E+00
  1.55357469E+00  0.00000000E+00  0.00000000E+00  0.00000000E+00  0.00000000E+00
  1.72846341E+00  0.00000000E+00  0.00000000E+00  0.00000000E+00  0.00000000E+00
  1.92084100E+00  0.00000000E+00  0.00000000E+00  0.00000000E+00  0.00000000E+00
  2.13245636E+00  0.00000000E+00  0.00000000E+00  0.00000000E+00  0.00000000E+00
  2.36523324E+00  0.00000000E+00  0.00000000E+00  0.00000000E+00  0.00000000E+00
  2.62128781E+00  0.00000000E+00  0.00000000E+00  0.00000000E+00  0.00000000E+00
  2.90294785E+00  0.00000000E+00  0.00000000E+00  0.00000000E+00  0.00000000E+00
  3.21277388E+00  0.00000000E+00  0.00000000E+00  0.00000000E+00  0.00000000E+00
  3.55358252E+00  0.00000000E+00  0.00000000E+00  0.00000000E+00  0.00000000E+00
  3.92847202E+00  0.00000000E+00  0.00000000E+00  0.00000000E+00  0.00000000E+00
  4.34085047E+00  0.00000000E+00  0.00000000E+00  0.00000000E+00  0.00000000E+00
  4.79446677E+00  0.00000000E+00  0.00000000E+00  0.00000000E+00  0.00000000E+00
  5.29344470E+00  0.00000000E+00  0.00000000E+00  0.00000000E+00  0.00000000E+00
  5.84232042E+00  0.00000000E+00  0.00000000E+00  0.00000000E+00  0.00000000E+00
  6.44608371E+00  0.00000000E+00  0.00000000E+00  0.00000000E+00  0.00000000E+00
  7.11022333E+00  0.00000000E+00  0.00000000E+00  0.00000000E+00  0.00000000E+00
  7.84077691E+00  0.00000000E+00  0.00000000E+00  0.00000000E+00  0.00000000E+00
  8.64438585E+00  0.00000000E+00  0.00000000E+00  0.00000000E+00  0.00000000E+00
  9.52835569E+00  0.00000000E+00  0.00000000E+00  0.00000000E+00  0.00000000E+00
  1.05007225E+01  0.00000000E+00  0.00000000E+00  0.00000000E+00  0.00000000E+00
  1.15703260E+01  0.00000000E+00  0.00000000E+00  0.00000000E+00  0.00000000E+00
  1.27468899E+01  0.00000000E+00  0.00000000E+00  0.00000000E+00  0.00000000E+00
  1.40411101E+01  0.00000000E+00  0.00000000E+00  0.00000000E+00  0.00000000E+00
  1.54647524E+01  0.00000000E+00  0.00000000E+00  0.00000000E+00  0.00000000E+00
  1.70307588E+01  0.00000000E+00  0.00000000E+00  0.00000000E+00  0.00000000E+00
  1.87533660E+01  0.00000000E+00  0.00000000E+00  0.00000000E+00  0.00000000E+00
  2.06482338E+01  0.00000000E+00  0.00000000E+00  0.00000000E+00  0.00000000E+00
  2.27325885E+01  0.00000000E+00  0.00000000E+00  0.00000000E+00  0.00000000E+00
  2.50253785E+01  0.00000000E+00  0.00000000E+00  0.00000000E+00  0.00000000E+00
  2.75474477E+01  0.00000000E+00  0.00000000E+00  0.00000000E+00  0.00000000E+00
  3.03217237E+01  0.00000000E+00  0.00000000E+00  0.00000000E+00  0.00000000E+00
  3.33734273E+01  0.00000000E+00  0.00000000E+00  0.00000000E+00  0.00000000E+00
  3.67303013E+01  0.00000000E+00  0.00000000E+00  0.00000000E+00  0.00000000E+00
  4.04228626E+01  0.00000000E+00  0.00000000E+00  0.00000000E+00  0.00000000E+00
  4.44846802E+01  0.00000000E+00  0.00000000E+00  0.00000000E+00  0.00000000E+00
  4.89526794E+01  0.00000000E+00  0.00000000E+00  0.00000000E+00  0.00000000E+00
  5.38674786E+01  0.00000000E+00  0.00000000E+00  0.00000000E+00  0.00000000E+00
  5.92737577E+01  0.00000000E+00  0.00000000E+00  0.00000000E+00  0.00000000E+00
  6.52206647E+01  0.00000000E+00  0.00000000E+00  0.00000000E+00  0.00000000E+00
  7.17622625E+01  0.00000000E+00  0.00000000E+00  0.00000000E+00  0.00000000E+00
  7.89580200E+01  0.00000000E+00  0.00000000E+00  0.00000000E+00  0.00000000E+00
  8.68733532E+01  0.00000000E+00  0.00000000E+00  0.00000000E+00  0.00000000E+00
  9.55802198E+01  0.00000000E+00  0.00000000E+00  0.00000000E+00  0.00000000E+00
  1.00368996E+02  0.00000000E+00  0.00000000E+00  0.00000000E+00  0.00000000E+00
  1.05636651E+02  0.00000000E+00  0.00000000E+00  0.00000000E+00  0.00000000E+00
  1.11431070E+02  0.00000000E+00  0.00000000E+00  0.00000000E+00  0.00000000E+00
  1.17804932E+02  0.00000000E+00  0.00000000E+00  0.00000000E+00  0.00000000E+00
  1.24816180E+02  0.00000000E+00  0.00000000E+00  0.00000000E+00  0.00000000E+00
  1.32528553E+02  0.00000000E+00  0.00000000E+00  0.00000000E+00  0.00000000E+00
  1.41012162E+02  0.00000000E+00  0.00000000E+00  0.00000000E+00  0.00000000E+00
  1.50344133E+02  0.00000000E+00  0.00000000E+00  0.00000000E+00  0.00000000E+00
  1.55476717E+02  0.00000000E+00  0.00000000E+00  0.00000000E+00  0.00000000E+00
  1.61122560E+02  0.00000000E+00  0.00000000E+00  0.00000000E+00  0.00000000E+00
  1.67332986E+02  0.00000000E+00  0.00000000E+00  0.00000000E+00  0.00000000E+00
  1.74164456E+02  0.00000000E+00  0.00000000E+00  0.00000000E+00  0.00000000E+00
  1.81679072E+02  0.00000000E+00  0.00000000E+00  0.00000000E+00  0.00000000E+00
  1.89945150E+02  0.00000000E+00  0.00000000E+00  0.00000000E+00  0.00000000E+00
  1.99037835E+02  0.00000000E+00  0.00000000E+00  0.00000000E+00  0.00000000E+00
  2.04038812E+02  0.00000000E+00  0.00000000E+00  0.00000000E+00  0.00000000E+00
  2.09539887E+02  0.00000000E+00  0.00000000E+00  0.00000000E+00  0.00000000E+00
  2.15591069E+02  0.00000000E+00  0.00000000E+00  0.00000000E+00  0.00000000E+00
  2.22247370E+02  0.00000000E+00  0.00000000E+00  0.00000000E+00  0.00000000E+00
  2.29569300E+02  0.00000000E+00  0.00000000E+00  0.00000000E+00  0.00000000E+00
  2.37623424E+02  0.00000000E+00  0.00000000E+00  0.00000000E+00  0.00000000E+00
  2.46482960E+02  0.00000000E+00  0.00000000E+00  0.00000000E+00  0.00000000E+00
  2.56228450E+02  0.00000000E+00  0.00000000E+00  0.00000000E+00  0.00000000E+00
  2.61588469E+02  0.00000000E+00  0.00000000E+00  0.00000000E+00  0.00000000E+00
  2.67484490E+02  0.00000000E+00  0.00000000E+00  0.00000000E+00  0.00000000E+00
  2.73970113E+02  0.00000000E+00  0.00000000E+00  0.00000000E+00  0.00000000E+00
  2.81104299E+02  0.00000000E+00  0.00000000E+00  0.00000000E+00  0.00000000E+00
  2.88951903E+02  0.00000000E+00  0.00000000E+00  0.00000000E+00  0.00000000E+00
  2.97584268E+02  0.00000000E+00  0.00000000E+00  0.00000000E+00  0.00000000E+00
  3.07079869E+02  0.00000000E+00  0.00000000E+00  0.00000000E+00  0.00000000E+00
  3.12302449E+02  0.00000000E+00  0.00000000E+00  0.00000000E+00  0.00000000E+00
  3.18047288E+02  0.00000000E+00  0.00000000E+00  0.00000000E+00  0.00000000E+00
  3.24366611E+02  0.00000000E+00  0.00000000E+00  0.00000000E+00  0.00000000E+00
  3.31317865E+02  0.00000000E+00  0.00000000E+00  0.00000000E+00  0.00000000E+00
  3.38964246E+02  0.00000000E+00  0.00000000E+00  0.00000000E+00  0.00000000E+00
  3.47375264E+02  0.00000000E+00  0.00000000E+00  0.00000000E+00  0.00000000E+00
  3.56627384E+02  0.00000000E+00  0.00000000E+00  0.00000000E+00  0.00000000E+00
  3.66804716E+02  0.00000000E+00  0.00000000E+00  0.00000000E+00  0.00000000E+00
  3.72402249E+02  0.00000000E+00  0.00000000E+00  0.00000000E+00  0.00000000E+00
  3.78559535E+02  0.00000000E+00  0.00000000E+00  0.00000000E+00  0.00000000E+00
  3.85332549E+02  0.00000000E+00  0.00000000E+00  0.00000000E+00  0.00000000E+00
  3.92782865E+02  0.00000000E+00  0.00000000E+00  0.00000000E+00  0.00000000E+00
  4.00978213E+02  0.00000000E+00  0.00000000E+00  0.00000000E+00  0.00000000E+00
  4.09993095E+02  0.00000000E+00  0.00000000E+00  0.00000000E+00  0.00000000E+00
  4.19909466E+02  0.00000000E+00  0.00000000E+00  0.00000000E+00  0.00000000E+00
  4.25363469E+02  0.00000000E+00  0.00000000E+00  0.00000000E+00  0.00000000E+00
  4.31362874E+02  0.00000000E+00  0.00000000E+00  0.00000000E+00  0.00000000E+00
  4.37962218E+02  0.00000000E+00  0.00000000E+00  0.00000000E+00  0.00000000E+00
  4.45221497E+02  0.00000000E+00  0.00000000E+00  0.00000000E+00  0.00000000E+00
  4.53206704E+02  0.00000000E+00  0.00000000E+00  0.00000000E+00  0.00000000E+00
  4.61990432E+02  0.00000000E+00  0.00000000E+00  0.00000000E+00  0.00000000E+00
  4.71652532E+02  0.00000000E+00  0.00000000E+00  0.00000000E+00  0.00000000E+00
  4.82280843E+02  0.00000000E+00  0.00000000E+00  0.00000000E+00  0.00000000E+00
  4.88126414E+02  0.00000000E+00  0.00000000E+00  0.00000000E+00  0.00000000E+00
  4.94556541E+02  0.00000000E+00  0.00000000E+00  0.00000000E+00  0.00000000E+00
  5.01629682E+02  0.00000000E+00  0.00000000E+00  0.00000000E+00  0.00000000E+00
  5.09410137E+02  0.00000000E+00  0.00000000E+00  0.00000000E+00  0.00000000E+00
  5.17968637E+02  0.00000000E+00  0.00000000E+00  0.00000000E+00  0.00000000E+00
  5.27382987E+02  0.00000000E+00  0.00000000E+00  0.00000000E+00  0.00000000E+00
  5.37738772E+02  0.00000000E+00  0.00000000E+00  0.00000000E+00  0.00000000E+00
  5.43434454E+02  0.00000000E+00  0.00000000E+00  0.00000000E+00  0.00000000E+00
  5.49699704E+02  0.00000000E+00  0.00000000E+00  0.00000000E+00  0.00000000E+00
  5.56591479E+02  0.00000000E+00  0.00000000E+00  0.00000000E+00  0.00000000E+00
  5.64172432E+02  0.00000000E+00  0.00000000E+00  0.00000000E+00  0.00000000E+00
  5.72511480E+02  0.00000000E+00  0.00000000E+00  0.00000000E+00  0.00000000E+00
  5.81684432E+02  0.00000000E+00  0.00000000E+00  0.00000000E+00  0.00000000E+00
  5.91774680E+02  0.00000000E+00  0.00000000E+00  0.00000000E+00  0.00000000E+00
  6.02873953E+02  0.00000000E+00  0.00000000E+00  0.00000000E+00  0.00000000E+00
  6.08978553E+02  0.00000000E+00  0.00000000E+00  0.00000000E+00  0.00000000E+00
  6.15693613E+02  0.00000000E+00  0.00000000E+00  0.00000000E+00  0.00000000E+00
  6.23080178E+02  0.00000000E+00  0.00000000E+00  0.00000000E+00  0.00000000E+00
  6.31205401E+02  0.00000000E+00  0.00000000E+00  0.00000000E+00  0.00000000E+00
  6.40143146E+02  0.00000000E+00  0.00000000E+00  0.00000000E+00  0.00000000E+00
  6.49974665E+02  0.00000000E+00  0.00000000E+00  0.00000000E+00  0.00000000E+00
  6.60789336E+02  0.00000000E+00  0.00000000E+00  0.00000000E+00  0.00000000E+00
  6.66737405E+02  0.00000000E+00  0.00000000E+00  0.00000000E+00  0.00000000E+00
  6.73280281E+02  0.00000000E+00  0.00000000E+00  0.00000000E+00  0.00000000E+00
  6.80477445E+02  0.00000000E+00  0.00000000E+00  0.00000000E+00  0.00000000E+00
  6.88394325E+02  0.00000000E+00  0.00000000E+00  0.00000000E+00  0.00000000E+00
  6.97102893E+02  0.00000000E+00  0.00000000E+00  0.00000000E+00  0.00000000E+00
  7.06682318E+02  0.00000000E+00  0.00000000E+00  0.00000000E+00  0.00000000E+00
  7.17219685E+02  0.00000000E+00  0.00000000E+00  0.00000000E+00  0.00000000E+00
  7.28810789E+02  0.00000000E+00  0.00000000E+00  0.00000000E+00  0.00000000E+00
  7.35185897E+02  0.00000000E+00  0.00000000E+00  0.00000000E+00  0.00000000E+00
  7.42198515E+02  0.00000000E+00  0.00000000E+00  0.00000000E+00  0.00000000E+00
  7.49912394E+02  0.00000000E+00  0.00000000E+00  0.00000000E+00  0.00000000E+00
  7.58397662E+02  0.00000000E+00  0.00000000E+00  0.00000000E+00  0.00000000E+00
  7.67731457E+02  0.00000000E+00  0.00000000E+00  0.00000000E+00  0.00000000E+00
  7.77998631E+02  0.00000000E+00  0.00000000E+00  0.00000000E+00  0.00000000E+00
  7.89292522E+02  0.00000000E+00  0.00000000E+00  0.00000000E+00  0.00000000E+00
  7.95504162E+02  0.00000000E+00  0.00000000E+00  0.00000000E+00  0.00000000E+00
  8.02336966E+02  0.00000000E+00  0.00000000E+00  0.00000000E+00  0.00000000E+00
  8.09853051E+02  0.00000000E+00  0.00000000E+00  0.00000000E+00  0.00000000E+00
  8.18120744E+02  0.00000000E+00  0.00000000E+00  0.00000000E+00  0.00000000E+00
  8.27215207E+02  0.00000000E+00  0.00000000E+00  0.00000000E+00  0.00000000E+00
  8.37219116E+02  0.00000000E+00  0.00000000E+00  0.00000000E+00  0.00000000E+00
  8.48223415E+02  0.00000000E+00  0.00000000E+00  0.00000000E+00  0.00000000E+00
  8.60328145E+02  0.00000000E+00  0.00000000E+00  0.00000000E+00  0.00000000E+00
  8.66985746E+02  0.00000000E+00  0.00000000E+00  0.00000000E+00  0.00000000E+00
  8.74309107E+02  0.00000000E+00  0.00000000E+00  0.00000000E+00  0.00000000E+00
  8.82364805E+02  0.00000000E+00  0.00000000E+00  0.00000000E+00  0.00000000E+00
  8.91226072E+02  0.00000000E+00  0.00000000E+00  0.00000000E+00  0.00000000E+00
  9.00973466E+02  0.00000000E+00  0.00000000E+00  0.00000000E+00  0.00000000E+00
  9.11695600E+02  0.00000000E+00  0.00000000E+00  0.00000000E+00  0.00000000E+00
  9.23489946E+02  0.00000000E+00  0.00000000E+00  0.00000000E+00  0.00000000E+00
  9.29976837E+02  0.00000000E+00  0.00000000E+00  0.00000000E+00  0.00000000E+00
  9.37112417E+02  0.00000000E+00  0.00000000E+00  0.00000000E+00  0.00000000E+00
  9.44961555E+02  0.00000000E+00  0.00000000E+00  0.00000000E+00  0.00000000E+00
  9.53595606E+02  0.00000000E+00  0.00000000E+00  0.00000000E+00  0.00000000E+00
  9.63093063E+02  0.00000000E+00  0.00000000E+00  0.00000000E+00  0.00000000E+00
  9.73540265E+02  0.00000000E+00  0.00000000E+00  0.00000000E+00  0.00000000E+00
  9.85032188E+02  0.00000000E+00  0.00000000E+00  0.00000000E+00  0.00000000E+00
  9.97673303E+02  0.00000000E+00  0.00000000E+00  0.00000000E+00  0.00000000E+00
  1.00462592E+03  0.00000000E+00  0.00000000E+00  0.00000000E+00  0.00000000E+00
  1.01227379E+03  0.00000000E+00  0.00000000E+00  0.00000000E+00  0.00000000E+00
  1.02068645E+03  0.00000000E+00  0.00000000E+00  0.00000000E+00  0.00000000E+00
  1.02994038E+03  0.00000000E+00  0.00000000E+00  0.00000000E+00  0.00000000E+00
  1.04011970E+03  0.00000000E+00  0.00000000E+00  0.00000000E+00  0.00000000E+00
  1.05131695E+03  0.00000000E+00  0.00000000E+00  0.00000000E+00  0.00000000E+00
  1.06363393E+03  0.00000000E+00  0.00000000E+00  0.00000000E+00  0.00000000E+00
  1.07040827E+03  0.00000000E+00  0.00000000E+00  0.00000000E+00  0.00000000E+00
  1.07786004E+03  0.00000000E+00  0.00000000E+00  0.00000000E+00  0.00000000E+00
  1.08605699E+03  0.00000000E+00  0.00000000E+00  0.00000000E+00  0.00000000E+00
  1.09507364E+03  0.00000000E+00  0.00000000E+00  0.00000000E+00  0.00000000E+00
  1.10499194E+03  0.00000000E+00  0.00000000E+00  0.00000000E+00  0.00000000E+00
  1.11590208E+03  0.00000000E+00  0.00000000E+00  0.00000000E+00  0.00000000E+00
  1.12790324E+03  0.00000000E+00  0.00000000E+00  0.00000000E+00  0.00000000E+00
  1.14110450E+03  0.00000000E+00  0.00000000E+00  0.00000000E+00  0.00000000E+00
  1.14836520E+03  0.00000000E+00  0.00000000E+00  0.00000000E+00  0.00000000E+00
  1.15635197E+03  0.00000000E+00  0.00000000E+00  0.00000000E+00  0.00000000E+00
  1.16513741E+03  0.00000000E+00  0.00000000E+00  0.00000000E+00  0.00000000E+00
  1.17480140E+03  0.00000000E+00  0.00000000E+00  0.00000000E+00  0.00000000E+00
  1.18543179E+03  0.00000000E+00  0.00000000E+00  0.00000000E+00  0.00000000E+00
  1.19712522E+03  0.00000000E+00  0.00000000E+00  0.00000000E+00  0.00000000E+00
  1.20998799E+03  0.00000000E+00  0.00000000E+00  0.00000000E+00  0.00000000E+00
  1.22413703E+03  0.00000000E+00  0.00000000E+00  0.00000000E+00  0.00000000E+00
  1.23191901E+03  0.00000000E+00  0.00000000E+00  0.00000000E+00  0.00000000E+00
  1.24047918E+03  0.00000000E+00  0.00000000E+00  0.00000000E+00  0.00000000E+00
  1.24989537E+03  0.00000000E+00  0.00000000E+00  0.00000000E+00  0.00000000E+00
  1.26025318E+03  0.00000000E+00  0.00000000E+00  0.00000000E+00  0.00000000E+00
  1.27164677E+03  0.00000000E+00  0.00000000E+00  0.00000000E+00  0.00000000E+00
  1.28417972E+03  0.00000000E+00  0.00000000E+00  0.00000000E+00  0.00000000E+00
  1.29796596E+03  0.00000000E+00  0.00000000E+00  0.00000000E+00  0.00000000E+00
  1.30554839E+03  0.00000000E+00  0.00000000E+00  0.00000000E+00  0.00000000E+00
  1.31388907E+03  0.00000000E+00  0.00000000E+00  0.00000000E+00  0.00000000E+00
  1.32306382E+03  0.00000000E+00  0.00000000E+00  0.00000000E+00  0.00000000E+00
  1.33315604E+03  0.00000000E+00  0.00000000E+00  0.00000000E+00  0.00000000E+00
  1.34425748E+03  0.00000000E+00  0.00000000E+00  0.00000000E+00  0.00000000E+00
  1.35646906E+03  0.00000000E+00  0.00000000E+00  0.00000000E+00  0.00000000E+00
  1.36990181E+03  0.00000000E+00  0.00000000E+00  0.00000000E+00  0.00000000E+00
  1.38467783E+03  0.00000000E+00  0.00000000E+00  0.00000000E+00  0.00000000E+00
  1.39280464E+03  0.00000000E+00  0.00000000E+00  0.00000000E+00  0.00000000E+00
  1.40174413E+03  0.00000000E+00  0.00000000E+00  0.00000000E+00  0.00000000E+00
  1.41157757E+03  0.00000000E+00  0.00000000E+00  0.00000000E+00  0.00000000E+00
  1.42239435E+03  0.00000000E+00  0.00000000E+00  0.00000000E+00  0.00000000E+00
  1.43429282E+03  0.00000000E+00  0.00000000E+00  0.00000000E+00  0.00000000E+00
  1.44738113E+03  0.00000000E+00  0.00000000E+00  0.00000000E+00  0.00000000E+00
  1.46177827E+03  0.00000000E+00  0.00000000E+00  0.00000000E+00  0.00000000E+00
  1.46969669E+03  0.00000000E+00  0.00000000E+00  0.00000000E+00  0.00000000E+00
  1.47840696E+03  0.00000000E+00  0.00000000E+00  0.00000000E+00  0.00000000E+00
  1.48798826E+03  0.00000000E+00  0.00000000E+00  0.00000000E+00  0.00000000E+00
  1.49852769E+03  0.00000000E+00  0.00000000E+00  0.00000000E+00  0.00000000E+00
  1.51012106E+03  0.00000000E+00  0.00000000E+00  0.00000000E+00  0.00000000E+00
  1.52287376E+03  0.00000000E+00  0.00000000E+00  0.00000000E+00  0.00000000E+00
  1.53690174E+03  0.00000000E+00  0.00000000E+00  0.00000000E+00  0.00000000E+00
  1.55233251E+03  0.00000000E+00  0.00000000E+00  0.00000000E+00  0.00000000E+00
  1.56081944E+03  0.00000000E+00  0.00000000E+00  0.00000000E+00  0.00000000E+00
  1.57015506E+03  0.00000000E+00  0.00000000E+00  0.00000000E+00  0.00000000E+00
  1.58042424E+03  0.00000000E+00  0.00000000E+00  0.00000000E+00  0.00000000E+00
  1.59172034E+03  0.00000000E+00  0.00000000E+00  0.00000000E+00  0.00000000E+00
  1.60414604E+03  0.00000000E+00  0.00000000E+00  0.00000000E+00  0.00000000E+00
  1.61781432E+03  0.00000000E+00  0.00000000E+00  0.00000000E+00  0.00000000E+00
  1.63284943E+03  0.00000000E+00  0.00000000E+00  0.00000000E+00  0.00000000E+00
  1.64111874E+03  0.00000000E+00  0.00000000E+00  0.00000000E+00  0.00000000E+00
  1.65021498E+03  0.00000000E+00  0.00000000E+00  0.00000000E+00  0.00000000E+00
  1.66022084E+03  0.00000000E+00  0.00000000E+00  0.00000000E+00  0.00000000E+00
  1.67122729E+03  0.00000000E+00  0.00000000E+00  0.00000000E+00  0.00000000E+00
  1.68333439E+03  0.00000000E+00  0.00000000E+00  0.00000000E+00  0.00000000E+00
  1.69665219E+03  0.00000000E+00  0.00000000E+00  0.00000000E+00  0.00000000E+00
  1.71130178E+03  0.00000000E+00  0.00000000E+00  0.00000000E+00  0.00000000E+00
  1.72741632E+03  0.00000000E+00  0.00000000E+00  0.00000000E+00  0.00000000E+00
  1.73627932E+03  0.00000000E+00  0.00000000E+00  0.00000000E+00  0.00000000E+00
  1.74602862E+03  0.00000000E+00  0.00000000E+00  0.00000000E+00  0.00000000E+00
  1.75675285E+03  0.00000000E+00  0.00000000E+00  0.00000000E+00  0.00000000E+00
  1.76854950E+03  0.00000000E+00  0.00000000E+00  0.00000000E+00  0.00000000E+00
  1.78152581E+03  0.00000000E+00  0.00000000E+00  0.00000000E+00  0.00000000E+00
  1.79579976E+03  0.00000000E+00  0.00000000E+00  0.00000000E+00  0.00000000E+00
  1.79972510E+03  0.00000000E+00  0.00000000E+00  0.00000000E+00  0.00000000E+00
  1.79999497E+03  0.00000000E+00  0.00000000E+00  0.00000000E+00  0.00000000E+00
  1.80006918E+03  0.00000000E+00  0.00000000E+00  0.00000000E+00  0.00000000E+00
  1.80015081E+03  0.00000000E+00  0.00000000E+00  0.00000000E+00  0.00000000E+00
  1.80024061E+03  0.00000000E+00  0.00000000E+00  0.00000000E+00  0.00000000E+00
  1.80033939E+03  0.00000000E+00  0.00000000E+00  0.00000000E+00  0.00000000E+00
  1.80044805E+03  0.00000000E+00  0.00000000E+00  0.00000000E+00  0.00000000E+00
  1.80056757E+03  0.00000000E+00  0.00000000E+00  0.00000000E+00  0.00000000E+00
  1.80069904E+03  0.00000000E+00  0.00000000E+00  0.00000000E+00  0.00000000E+00
  1.80084366E+03  0.00000000E+00  0.00000000E+00  0.00000000E+00  0.00000000E+00
  1.80100274E+03  0.00000000E+00  0.00000000E+00  0.00000000E+00  0.00000000E+00
  1.80117774E+03  0.00000000E+00  0.00000000E+00  0.00000000E+00  0.00000000E+00
  1.80137023E+03  0.00000000E+00  0.00000000E+00  0.00000000E+00  0.00000000E+00
  1.80158197E+03  0.00000000E+00  0.00000000E+00  0.00000000E+00  0.00000000E+00
  1.80181488E+03  0.00000000E+00  0.00000000E+00  0.00000000E+00  0.00000000E+00
  1.80207108E+03  0.00000000E+00  0.00000000E+00  0.00000000E+00  0.00000000E+00
  1.80235291E+03  0.00000000E+00  0.00000000E+00  0.00000000E+00  0.00000000E+00
  1.80266292E+03  0.00000000E+00  0.00000000E+00  0.00000000E+00  0.00000000E+00
  1.80300392E+03  0.00000000E+00  0.00000000E+00  0.00000000E+00  0.00000000E+00
  1.80337903E+03  0.00000000E+00  0.00000000E+00  0.00000000E+00  0.00000000E+00
  1.80379165E+03  0.00000000E+00  0.00000000E+00  0.00000000E+00  0.00000000E+00
  1.80424554E+03  0.00000000E+00  0.00000000E+00  0.00000000E+00  0.00000000E+00
  1.80474481E+03  0.00000000E+00  0.00000000E+00  0.00000000E+00  0.00000000E+00
  1.80529400E+03  0.00000000E+00  0.00000000E+00  0.00000000E+00  0.00000000E+00
  1.80589812E+03  0.00000000E+00  0.00000000E+00  0.00000000E+00  0.00000000E+00
  1.80656265E+03  0.00000000E+00  0.00000000E+00  0.00000000E+00  0.00000000E+00
  1.80729363E+03  0.00000000E+00  0.00000000E+00  0.00000000E+00  0.00000000E+00
  1.80809771E+03  0.00000000E+00  0.00000000E+00  0.00000000E+00  0.00000000E+00
  1.80898220E+03  0.00000000E+00  0.00000000E+00  0.00000000E+00  0.00000000E+00
  1.80995514E+03  0.00000000E+00  0.00000000E+00  0.00000000E+00  0.00000000E+00
  1.81102537E+03  0.00000000E+00  0.00000000E+00  0.00000000E+00  0.00000000E+00
  1.81220262E+03  0.00000000E+00  0.00000000E+00  0.00000000E+00  0.00000000E+00
  1.81349760E+03  0.00000000E+00  0.00000000E+00  0.00000000E+00  0.00000000E+00
  1.81492208E+03  0.00000000E+00  0.00000000E+00  0.00000000E+00  0.00000000E+00
  1.81648900E+03  0.00000000E+00  0.00000000E+00  0.00000000E+00  0.00000000E+00
  1.81821262E+03  0.00000000E+00  0.00000000E+00  0.00000000E+00  0.00000000E+00
  1.82010860E+03  0.00000000E+00  0.00000000E+00  0.00000000E+00  0.00000000E+00
  1.82219418E+03  0.00000000E+00  0.00000000E+00  0.00000000E+00  0.00000000E+00
  1.82448831E+03  0.00000000E+00  0.00000000E+00  0.00000000E+00  0.00000000E+00
  1.82701186E+03  0.00000000E+00  0.00000000E+00  0.00000000E+00  0.00000000E+00
  1.82978776E+03  0.00000000E+00  0.00000000E+00  0.00000000E+00  0.00000000E+00
  1.83284125E+03  0.00000000E+00  0.00000000E+00  0.00000000E+00  0.00000000E+00
  1.83620010E+03  0.00000000E+00  0.00000000E+00  0.00000000E+00  0.00000000E+00
  1.83989482E+03  0.00000000E+00  0.00000000E+00  0.00000000E+00  0.00000000E+00
  1.84395902E+03  0.00000000E+00  0.00000000E+00  0.00000000E+00  0.00000000E+00
  1.84842964E+03  0.00000000E+00  0.00000000E+00  0.00000000E+00  0.00000000E+00
  1.85334732E+03  0.00000000E+00  0.00000000E+00  0.00000000E+00  0.00000000E+00
  1.85875677E+03  0.00000000E+00  0.00000000E+00  0.00000000E+00  0.00000000E+00
  1.86470717E+03  0.00000000E+00  0.00000000E+00  0.00000000E+00  0.00000000E+00
  1.87125260E+03  0.00000000E+00  0.00000000E+00  0.00000000E+00  0.00000000E+00
  1.87845258E+03  0.00000000E+00  0.00000000E+00  0.00000000E+00  0.00000000E+00
  1.88637255E+03  0.00000000E+00  0.00000000E+00  0.00000000E+00  0.00000000E+00
  1.89508452E+03  0.00000000E+00  0.00000000E+00  0.00000000E+00  0.00000000E+00
  1.90466769E+03  0.00000000E+00  0.00000000E+00  0.00000000E+00  0.00000000E+00
  1.91520918E+03  0.00000000E+00  0.00000000E+00  0.00000000E+00  0.00000000E+00
  1.92680481E+03  0.00000000E+00  0.00000000E+00  0.00000000E+00  0.00000000E+00
  1.93956001E+03  0.00000000E+00  0.00000000E+00  0.00000000E+00  0.00000000E+00
  1.95359073E+03  0.00000000E+00  0.00000000E+00  0.00000000E+00  0.00000000E+00
  1.96762145E+03  0.00000000E+00  0.00000000E+00  0.00000000E+00  0.00000000E+00
  1.98165217E+03  0.00000000E+00  0.00000000E+00  0.00000000E+00  0.00000000E+00
  1.99568288E+03  0.00000000E+00  0.00000000E+00  0.00000000E+00  0.00000000E+00
  2.00971360E+03  0.00000000E+00  0.00000000E+00  0.00000000E+00  0.00000000E+00
  2.02374432E+03  0.00000000E+00  0.00000000E+00  0.00000000E+00  0.00000000E+00
  2.03777504E+03  0.00000000E+00  0.00000000E+00  0.00000000E+00  0.00000000E+00
  2.05180576E+03  0.00000000E+00  0.00000000E+00  0.00000000E+00  0.00000000E+00
  2.06583647E+03  0.00000000E+00  0.00000000E+00  0.00000000E+00  0.00000000E+00
  2.07986719E+03  0.00000000E+00  0.00000000E+00  0.00000000E+00  0.00000000E+00
  2.09389791E+03  0.00000000E+00  0.00000000E+00  0.00000000E+00  0.00000000E+00
  2.10792863E+03  0.00000000E+00  0.00000000E+00  0.00000000E+00  0.00000000E+00
  2.12195935E+03  0.00000000E+00  0.00000000E+00  0.00000000E+00  0.00000000E+00
  2.13599006E+03  0.00000000E+00  0.00000000E+00  0.00000000E+00  0.00000000E+00
  2.15002078E+03  0.00000000E+00  0.00000000E+00  0.00000000E+00  0.00000000E+00
  2.16405150E+03  0.00000000E+00  0.00000000E+00  0.00000000E+00  0.00000000E+00
  2.17808222E+03  0.00000000E+00  0.00000000E+00  0.00000000E+00  0.00000000E+00
  2.19211294E+03  0.00000000E+00  0.00000000E+00  0.00000000E+00  0.00000000E+00
  2.20614365E+03  0.00000000E+00  0.00000000E+00  0.00000000E+00  0.00000000E+00
  2.22017437E+03  0.00000000E+00  0.00000000E+00  0.00000000E+00  0.00000000E+00
  2.23420509E+03  0.00000000E+00  0.00000000E+00  0.00000000E+00  0.00000000E+00
  2.24823581E+03  0.00000000E+00  0.00000000E+00  0.00000000E+00  0.00000000E+00
  2.26226653E+03  0.00000000E+00  0.00000000E+00  0.00000000E+00  0.00000000E+00
  2.27629724E+03  0.00000000E+00  0.00000000E+00  0.00000000E+00  0.00000000E+00
  2.29032796E+03  0.00000000E+00  0.00000000E+00  0.00000000E+00  0.00000000E+00
  2.30435868E+03  0.00000000E+00  0.00000000E+00  0.00000000E+00  0.00000000E+00
  2.31838940E+03  0.00000000E+00  0.00000000E+00  0.00000000E+00  0.00000000E+00
  2.33242012E+03  0.00000000E+00  0.00000000E+00  0.00000000E+00  0.00000000E+00
  2.34645083E+03  0.00000000E+00  0.00000000E+00  0.00000000E+00  0.00000000E+00
  2.36048155E+03  0.00000000E+00  0.00000000E+00  0.00000000E+00  0.00000000E+00
  2.37451227E+03  0.00000000E+00  0.00000000E+00  0.00000000E+00  0.00000000E+00
  2.38854299E+03  0.00000000E+00  0.00000000E+00  0.00000000E+00  0.00000000E+00
  2.40257371E+03  0.00000000E+00  0.00000000E+00  0.00000000E+00  0.00000000E+00
  2.41660442E+03  0.00000000E+00  0.00000000E+00  0.00000000E+00  0.00000000E+00
  2.43063514E+03  0.00000000E+00  0.00000000E+00  0.00000000E+00  0.00000000E+00
  2.44466586E+03  0.00000000E+00  0.00000000E+00  0.00000000E+00  0.00000000E+00
  2.45869658E+03  0.00000000E+00  0.00000000E+00  0.00000000E+00  0.00000000E+00
  2.47272730E+03  0.00000000E+00  0.00000000E+00  0.00000000E+00  0.00000000E+00
  2.48675801E+03  0.00000000E+00  0.00000000E+00  0.00000000E+00  0.00000000E+00
  2.50078873E+03  0.00000000E+00  0.00000000E+00  0.00000000E+00  0.00000000E+00
  2.51481945E+03  0.00000000E+00  0.00000000E+00  0.00000000E+00  0.00000000E+00
  2.52885017E+03  0.00000000E+00  0.00000000E+00  0.00000000E+00  0.00000000E+00
  2.54288089E+03  0.00000000E+00  0.00000000E+00  0.00000000E+00  0.00000000E+00
  2.55691160E+03  0.00000000E+00  0.00000000E+00  0.00000000E+00  0.00000000E+00
  2.57234539E+03  0.00000000E+00  0.00000000E+00  0.00000000E+00  0.00000000E+00
  2.58777918E+03  0.00000000E+00  0.00000000E+00  0.00000000E+00  0.00000000E+00
  2.60321297E+03  0.00000000E+00  0.00000000E+00  0.00000000E+00  0.00000000E+00
  2.61864676E+03  0.00000000E+00  0.00000000E+00  0.00000000E+00  0.00000000E+00
  2.63408055E+03  0.00000000E+00  0.00000000E+00  0.00000000E+00  0.00000000E+00
  2.64951434E+03  0.00000000E+00  0.00000000E+00  0.00000000E+00  0.00000000E+00
  2.66494813E+03  0.00000000E+00  0.00000000E+00  0.00000000E+00  0.00000000E+00
  2.68192530E+03  0.00000000E+00  0.00000000E+00  0.00000000E+00  0.00000000E+00
  2.69890247E+03  0.00000000E+00  0.00000000E+00  0.00000000E+00  0.00000000E+00
  2.71587964E+03  0.00000000E+00  0.00000000E+00  0.00000000E+00  0.00000000E+00
  2.73285681E+03  0.00000000E+00  0.00000000E+00  0.00000000E+00  0.00000000E+00
  2.74983398E+03  0.00000000E+00  0.00000000E+00  0.00000000E+00  0.00000000E+00
  2.76681115E+03  0.00000000E+00  0.00000000E+00  0.00000000E+00  0.00000000E+00
  2.78548603E+03  0.00000000E+00  0.00000000E+00  0.00000000E+00  0.00000000E+00
  2.80416092E+03  0.00000000E+00  0.00000000E+00  0.00000000E+00  0.00000000E+00
  2.82283580E+03  0.00000000E+00  0.00000000E+00  0.00000000E+00  0.00000000E+00
  2.84151069E+03  0.00000000E+00  0.00000000E+00  0.00000000E+00  0.00000000E+00
  2.86018557E+03  0.00000000E+00  0.00000000E+00  0.00000000E+00  0.00000000E+00
  2.87886046E+03  0.00000000E+00  0.00000000E+00  0.00000000E+00  0.00000000E+00
  2.89753534E+03  0.00000000E+00  0.00000000E+00  0.00000000E+00  0.00000000E+00
  2.91807772E+03  0.00000000E+00  0.00000000E+00  0.00000000E+00  0.00000000E+00
  2.93862009E+03  0.00000000E+00  0.00000000E+00  0.00000000E+00  0.00000000E+00
  2.95916247E+03  0.00000000E+00  0.00000000E+00  0.00000000E+00  0.00000000E+00
  2.97970484E+03  0.00000000E+00  0.00000000E+00  0.00000000E+00  0.00000000E+00
  3.00024722E+03  0.00000000E+00  0.00000000E+00  0.00000000E+00  0.00000000E+00
  3.02078959E+03  0.00000000E+00  0.00000000E+00  0.00000000E+00  0.00000000E+00
  3.04133196E+03  0.00000000E+00  0.00000000E+00  0.00000000E+00  0.00000000E+00
  3.06392858E+03  0.00000000E+00  0.00000000E+00  0.00000000E+00  0.00000000E+00
  3.08652519E+03  0.00000000E+00  0.00000000E+00  0.00000000E+00  0.00000000E+00
  3.10912180E+03  0.00000000E+00  0.00000000E+00  0.00000000E+00  0.00000000E+00
  3.13171841E+03  0.00000000E+00  0.00000000E+00  0.00000000E+00  0.00000000E+00
  3.15431502E+03  0.00000000E+00  0.00000000E+00  0.00000000E+00  0.00000000E+00
  3.17691163E+03  0.00000000E+00  0.00000000E+00  0.00000000E+00  0.00000000E+00
  3.20176791E+03  0.00000000E+00  0.00000000E+00  0.00000000E+00  0.00000000E+00
  3.22662418E+03  0.00000000E+00  0.00000000E+00  0.00000000E+00  0.00000000E+00
  3.25148045E+03  0.00000000E+00  0.00000000E+00  0.00000000E+00  0.00000000E+00
  3.27633673E+03  0.00000000E+00  0.00000000E+00  0.00000000E+00  0.00000000E+00
  3.30119300E+03  0.00000000E+00  0.00000000E+00  0.00000000E+00  0.00000000E+00
  3.32604927E+03  0.00000000E+00  0.00000000E+00  0.00000000E+00  0.00000000E+00
  3.35090554E+03  0.00000000E+00  0.00000000E+00  0.00000000E+00  0.00000000E+00
  3.37824744E+03  0.00000000E+00  0.00000000E+00  0.00000000E+00  0.00000000E+00
  3.40558934E+03  0.00000000E+00  0.00000000E+00  0.00000000E+00  0.00000000E+00
  3.43293124E+03  0.00000000E+00  0.00000000E+00  0.00000000E+00  0.00000000E+00
  3.46027314E+03  0.00000000E+00  0.00000000E+00  0.00000000E+00  0.00000000E+00
  3.48761504E+03  0.00000000E+00  0.00000000E+00  0.00000000E+00  0.00000000E+00
  3.51495694E+03  0.00000000E+00  0.00000000E+00  0.00000000E+00  0.00000000E+00
  3.54229884E+03  0.00000000E+00  0.00000000E+00  0.00000000E+00  0.00000000E+00
  3.56964074E+03  0.00000000E+00  0.00000000E+00  0.00000000E+00  0.00000000E+00
  3.59698264E+03  0.00000000E+00  0.00000000E+00  0.00000000E+00  0.00000000E+00
  3.62432454E+03  0.00000000E+00  0.00000000E+00  0.00000000E+00  0.00000000E+00
  3.65166644E+03  0.00000000E+00  0.00000000E+00  0.00000000E+00  0.00000000E+00
  3.67900835E+03  0.00000000E+00  0.00000000E+00  0.00000000E+00  0.00000000E+00
  3.70635025E+03  0.00000000E+00  0.00000000E+00  0.00000000E+00  0.00000000E+00
  3.73369215E+03  0.00000000E+00  0.00000000E+00  0.00000000E+00  0.00000000E+00
  3.76103405E+03  0.00000000E+00  0.00000000E+00  0.00000000E+00  0.00000000E+00
  3.78837595E+03  0.00000000E+00  0.00000000E+00  0.00000000E+00  0.00000000E+00
  3.81571785E+03  0.00000000E+00  0.00000000E+00  0.00000000E+00  0.00000000E+00
  3.84305975E+03  0.00000000E+00  0.00000000E+00  0.00000000E+00  0.00000000E+00
  3.87040165E+03  0.00000000E+00  0.00000000E+00  0.00000000E+00  0.00000000E+00
  3.89774355E+03  0.00000000E+00  0.00000000E+00  0.00000000E+00  0.00000000E+00
  3.92508545E+03  0.00000000E+00  0.00000000E+00  0.00000000E+00  0.00000000E+00
  3.95242735E+03  0.00000000E+00  0.00000000E+00  0.00000000E+00  0.00000000E+00
  3.97976925E+03  0.00000000E+00  0.00000000E+00  0.00000000E+00  0.00000000E+00
  4.00711115E+03  0.00000000E+00  0.00000000E+00  0.00000000E+00  0.00000000E+00
  4.03445305E+03  0.00000000E+00  0.00000000E+00  0.00000000E+00  0.00000000E+00
  4.06179495E+03  0.00000000E+00  0.00000000E+00  0.00000000E+00  0.00000000E+00
  4.08913685E+03  0.00000000E+00  0.00000000E+00  0.00000000E+00  0.00000000E+00
  4.11647875E+03  0.00000000E+00  0.00000000E+00  0.00000000E+00  0.00000000E+00
  4.14382065E+03  0.00000000E+00  0.00000000E+00  0.00000000E+00  0.00000000E+00
  4.17116255E+03  0.00000000E+00  0.00000000E+00  0.00000000E+00  0.00000000E+00
  4.19850445E+03  0.00000000E+00  0.00000000E+00  0.00000000E+00  0.00000000E+00
  4.22584635E+03  0.00000000E+00  0.00000000E+00  0.00000000E+00  0.00000000E+00
  4.25318825E+03  0.00000000E+00  0.00000000E+00  0.00000000E+00  0.00000000E+00
  4.28053015E+03  0.00000000E+00  0.00000000E+00  0.00000000E+00  0.00000000E+00
  4.30787205E+03  0.00000000E+00  0.00000000E+00  0.00000000E+00  0.00000000E+00
  4.33521395E+03  0.00000000E+00  0.00000000E+00  0.00000000E+00  0.00000000E+00
  4.36255585E+03  0.00000000E+00  0.00000000E+00  0.00000000E+00  0.00000000E+00
  4.38989775E+03  0.00000000E+00  0.00000000E+00  0.00000000E+00  0.00000000E+00
  4.41723965E+03  0.00000000E+00  0.00000000E+00  0.00000000E+00  0.00000000E+00
  4.44458155E+03  0.00000000E+00  0.00000000E+00  0.00000000E+00  0.00000000E+00
  4.47192345E+03  0.00000000E+00  0.00000000E+00  0.00000000E+00  0.00000000E+00
  4.49926535E+03  0.00000000E+00  0.00000000E+00  0.00000000E+00  0.00000000E+00
  4.52660725E+03  0.00000000E+00  0.00000000E+00  0.00000000E+00  0.00000000E+00
  4.55394915E+03  0.00000000E+00  0.00000000E+00  0.00000000E+00  0.00000000E+00
  4.58129105E+03  0.00000000E+00  0.00000000E+00  0.00000000E+00  0.00000000E+00
  4.60863295E+03  0.00000000E+00  0.00000000E+00  0.00000000E+00  0.00000000E+00
  4.63597485E+03  0.00000000E+00  0.00000000E+00  0.00000000E+00  0.00000000E+00
  4.66605094E+03  0.00000000E+00  0.00000000E+00  0.00000000E+00  0.00000000E+00
  4.69612703E+03  0.00000000E+00  0.00000000E+00  0.00000000E+00  0.00000000E+00
  4.72620312E+03  0.00000000E+00  0.00000000E+00  0.00000000E+00  0.00000000E+00
  4.75627921E+03  0.00000000E+00  0.00000000E+00  0.00000000E+00  0.00000000E+00
  4.78635530E+03  0.00000000E+00  0.00000000E+00  0.00000000E+00  0.00000000E+00
  4.81643139E+03  0.00000000E+00  0.00000000E+00  0.00000000E+00  0.00000000E+00
  4.84650748E+03  0.00000000E+00  0.00000000E+00  0.00000000E+00  0.00000000E+00
  4.87658357E+03  0.00000000E+00  0.00000000E+00  0.00000000E+00  0.00000000E+00
  4.90665966E+03  0.00000000E+00  0.00000000E+00  0.00000000E+00  0.00000000E+00
  4.93673575E+03  0.00000000E+00  0.00000000E+00  0.00000000E+00  0.00000000E+00
  4.96681184E+03  0.00000000E+00  0.00000000E+00  0.00000000E+00  0.00000000E+00
  4.99688793E+03  0.00000000E+00  0.00000000E+00  0.00000000E+00  0.00000000E+00
  5.02696402E+03  0.00000000E+00  0.00000000E+00  0.00000000E+00  0.00000000E+00
  5.05704011E+03  0.00000000E+00  0.00000000E+00  0.00000000E+00  0.00000000E+00
  5.08711620E+03  0.00000000E+00  0.00000000E+00  0.00000000E+00  0.00000000E+00
  5.11719229E+03  0.00000000E+00  0.00000000E+00  0.00000000E+00  0.00000000E+00
  5.14726838E+03  0.00000000E+00  0.00000000E+00  0.00000000E+00  0.00000000E+00
  5.17734447E+03  0.00000000E+00  0.00000000E+00  0.00000000E+00  0.00000000E+00
  5.20742056E+03  0.00000000E+00  0.00000000E+00  0.00000000E+00  0.00000000E+00
  5.23749665E+03  0.00000000E+00  0.00000000E+00  0.00000000E+00  0.00000000E+00
  5.26757274E+03  0.00000000E+00  0.00000000E+00  0.00000000E+00  0.00000000E+00
  5.30065644E+03  0.00000000E+00  0.00000000E+00  0.00000000E+00  0.00000000E+00
  5.33374014E+03  0.00000000E+00  0.00000000E+00  0.00000000E+00  0.00000000E+00
  5.36682384E+03  0.00000000E+00  0.00000000E+00  0.00000000E+00  0.00000000E+00
  5.39990754E+03  0.00000000E+00  0.00000000E+00  0.00000000E+00  0.00000000E+00
  5.43299124E+03  0.00000000E+00  0.00000000E+00  0.00000000E+00  0.00000000E+00
  5.46607494E+03  0.00000000E+00  0.00000000E+00  0.00000000E+00  0.00000000E+00
  5.49915863E+03  0.00000000E+00  0.00000000E+00  0.00000000E+00  0.00000000E+00
  5.53224233E+03  0.00000000E+00  0.00000000E+00  0.00000000E+00  0.00000000E+00
  5.56532603E+03  0.00000000E+00  0.00000000E+00  0.00000000E+00  0.00000000E+00
  5.60171810E+03  0.00000000E+00  0.00000000E+00  0.00000000E+00  0.00000000E+00
  5.63811017E+03  0.00000000E+00  0.00000000E+00  0.00000000E+00  0.00000000E+00
  5.67450224E+03  0.00000000E+00  0.00000000E+00  0.00000000E+00  0.00000000E+00
  5.71089431E+03  0.00000000E+00  0.00000000E+00  0.00000000E+00  0.00000000E+00
  5.74728638E+03  0.00000000E+00  0.00000000E+00  0.00000000E+00  0.00000000E+00
  5.78367845E+03  0.00000000E+00  0.00000000E+00  0.00000000E+00  0.00000000E+00
  5.82007052E+03  0.00000000E+00  0.00000000E+00  0.00000000E+00  0.00000000E+00
  5.85646258E+03  0.00000000E+00  0.00000000E+00  0.00000000E+00  0.00000000E+00
  5.89285465E+03  0.00000000E+00  0.00000000E+00  0.00000000E+00  0.00000000E+00
  5.92924672E+03  0.00000000E+00  0.00000000E+00  0.00000000E+00  0.00000000E+00
  5.96563879E+03  0.00000000E+00  0.00000000E+00  0.00000000E+00  0.00000000E+00
  6.00567007E+03  0.00000000E+00  0.00000000E+00  0.00000000E+00  0.00000000E+00
  6.04570134E+03  0.00000000E+00  0.00000000E+00  0.00000000E+00  0.00000000E+00
  6.08573262E+03  0.00000000E+00  0.00000000E+00  0.00000000E+00  0.00000000E+00
  6.12576390E+03  0.00000000E+00  0.00000000E+00  0.00000000E+00  0.00000000E+00
  6.16579517E+03  0.00000000E+00  0.00000000E+00  0.00000000E+00  0.00000000E+00
  6.20582645E+03  0.00000000E+00  0.00000000E+00  0.00000000E+00  0.00000000E+00
  6.24585772E+03  0.00000000E+00  0.00000000E+00  0.00000000E+00  0.00000000E+00
  6.28588900E+03  0.00000000E+00  0.00000000E+00  0.00000000E+00  0.00000000E+00
  6.32592028E+03  0.00000000E+00  0.00000000E+00  0.00000000E+00  0.00000000E+00
  6.36995468E+03  0.00000000E+00  0.00000000E+00  0.00000000E+00  0.00000000E+00
  6.41398908E+03  0.00000000E+00  0.00000000E+00  0.00000000E+00  0.00000000E+00
  6.45802349E+03  0.00000000E+00  0.00000000E+00  0.00000000E+00  0.00000000E+00
  6.50205789E+03  0.00000000E+00  0.00000000E+00  0.00000000E+00  0.00000000E+00
  6.54609229E+03  0.00000000E+00  0.00000000E+00  0.00000000E+00  0.00000000E+00
  6.59012670E+03  0.00000000E+00  0.00000000E+00  0.00000000E+00  0.00000000E+00
  6.63416110E+03  0.00000000E+00  0.00000000E+00  0.00000000E+00  0.00000000E+00
  6.67819550E+03  0.00000000E+00  0.00000000E+00  0.00000000E+00  0.00000000E+00
  6.72222991E+03  0.00000000E+00  0.00000000E+00  0.00000000E+00  0.00000000E+00
  6.76626431E+03  0.00000000E+00  0.00000000E+00  0.00000000E+00  0.00000000E+00
  6.81029871E+03  0.00000000E+00  0.00000000E+00  0.00000000E+00  0.00000000E+00
  6.85873656E+03  0.00000000E+00  0.00000000E+00  0.00000000E+00  0.00000000E+00
  6.90717440E+03  0.00000000E+00  0.00000000E+00  0.00000000E+00  0.00000000E+00
  6.95561225E+03  0.00000000E+00  0.00000000E+00  0.00000000E+00  0.00000000E+00
  7.00405009E+03  0.00000000E+00  0.00000000E+00  0.00000000E+00  0.00000000E+00
  7.05248793E+03  0.00000000E+00  0.00000000E+00  0.00000000E+00  0.00000000E+00
  7.10092578E+03  0.00000000E+00  0.00000000E+00  0.00000000E+00  0.00000000E+00
  7.14936362E+03  0.00000000E+00  0.00000000E+00  0.00000000E+00  0.00000000E+00
  7.19780147E+03  0.00000000E+00  0.00000000E+00  0.00000000E+00  0.00000000E+00
  7.24623931E+03  0.00000000E+00  0.00000000E+00  0.00000000E+00  0.00000000E+00
  7.29467715E+03  0.00000000E+00  0.00000000E+00  0.00000000E+00  0.00000000E+00
  7.34311500E+03  0.00000000E+00  0.00000000E+00  0.00000000E+00  0.00000000E+00
  7.39155284E+03  0.00000000E+00  0.00000000E+00  0.00000000E+00  0.00000000E+00
  7.43999068E+03  0.00000000E+00  0.00000000E+00  0.00000000E+00  0.00000000E+00
  7.48842853E+03  0.00000000E+00  0.00000000E+00  0.00000000E+00  0.00000000E+00
  7.54171016E+03  0.00000000E+00  0.00000000E+00  0.00000000E+00  0.00000000E+00
  7.60031995E+03  0.00000000E+00  0.00000000E+00  0.00000000E+00  0.00000000E+00
  7.65892974E+03  0.00000000E+00  0.00000000E+00  0.00000000E+00  0.00000000E+00
  7.72340051E+03  0.00000000E+00  0.00000000E+00  0.00000000E+00  0.00000000E+00
  7.79431836E+03  0.00000000E+00  0.00000000E+00  0.00000000E+00  0.00000000E+00
  7.86523620E+03  0.00000000E+00  0.00000000E+00  0.00000000E+00  0.00000000E+00
  7.94324584E+03  0.00000000E+00  0.00000000E+00  0.00000000E+00  0.00000000E+00
  8.02905643E+03  0.00000000E+00  0.00000000E+00  0.00000000E+00  0.00000000E+00
  8.11486703E+03  0.00000000E+00  0.00000000E+00  0.00000000E+00  0.00000000E+00
  8.20925868E+03  0.00000000E+00  0.00000000E+00  0.00000000E+00  0.00000000E+00
  8.30925868E+03  0.00000000E+00  0.00000000E+00  0.00000000E+00  0.00000000E+00
  8.40925868E+03  0.00000000E+00  0.00000000E+00  0.00000000E+00  0.00000000E+00
  8.50925868E+03  0.00000000E+00  0.00000000E+00  0.00000000E+00  0.00000000E+00
  8.60925868E+03  0.00000000E+00  0.00000000E+00  0.00000000E+00  0.00000000E+00
  8.70925868E+03  0.00000000E+00  0.00000000E+00  0.00000000E+00  0.00000000E+00
  8.80925868E+03  0.00000000E+00  0.00000000E+00  0.00000000E+00  0.00000000E+00
  8.90925868E+03  0.00000000E+00  0.00000000E+00  0.00000000E+00  0.00000000E+00
  9.00925868E+03  0.00000000E+00  0.00000000E+00  0.00000000E+00  0.00000000E+00
  9.10925868E+03  0.00000000E+00  0.00000000E+00  0.00000000E+00  0.00000000E+00
  9.20925868E+03  0.00000000E+00  0.00000000E+00  0.00000000E+00  0.00000000E+00
  9.30925868E+03  0.00000000E+00  0.00000000E+00  0.00000000E+00  0.00000000E+00
  9.40925868E+03  0.00000000E+00  0.00000000E+00  0.00000000E+00  0.00000000E+00
  9.50925868E+03  0.00000000E+00  0.00000000E+00  0.00000000E+00  0.00000000E+00
  9.60925868E+03  0.00000000E+00  0.00000000E+00  0.00000000E+00  0.00000000E+00
  9.70925868E+03  0.00000000E+00  0.00000000E+00  0.00000000E+00  0.00000000E+00
  9.80925868E+03  0.00000000E+00  0.00000000E+00  0.00000000E+00  0.00000000E+00
  9.90925868E+03  0.00000000E+00  0.00000000E+00  0.00000000E+00  0.00000000E+00
  1.00092587E+04  0.00000000E+00  0.00000000E+00  0.00000000E+00  0.00000000E+00
  1.01092587E+04  0.00000000E+00  0.00000000E+00  0.00000000E+00  0.00000000E+00
  1.02092587E+04  0.00000000E+00  0.00000000E+00  0.00000000E+00  0.00000000E+00
  1.03092587E+04  0.00000000E+00  0.00000000E+00  0.00000000E+00  0.00000000E+00
  1.04092587E+04  0.00000000E+00  0.00000000E+00  0.00000000E+00  0.00000000E+00
  1.05092587E+04  0.00000000E+00  0.00000000E+00  0.00000000E+00  0.00000000E+00
  1.06092587E+04  0.00000000E+00  0.00000000E+00  0.00000000E+00  0.00000000E+00
  1.07092587E+04  0.00000000E+00  0.00000000E+00  0.00000000E+00  0.00000000E+00
  1.08092587E+04  0.00000000E+00  0.00000000E+00  0.00000000E+00  0.00000000E+00
  1.09092587E+04  0.00000000E+00  0.00000000E+00  0.00000000E+00  0.00000000E+00
  1.10092587E+04  0.00000000E+00  0.00000000E+00  0.00000000E+00  0.00000000E+00
  1.11092587E+04  0.00000000E+00  0.00000000E+00  0.00000000E+00  0.00000000E+00
  1.12092587E+04  0.00000000E+00  0.00000000E+00  0.00000000E+00  0.00000000E+00
  1.13092587E+04  0.00000000E+00  0.00000000E+00  0.00000000E+00  0.00000000E+00
  1.14092587E+04  0.00000000E+00  0.00000000E+00  0.00000000E+00  0.00000000E+00
  1.15092587E+04  0.00000000E+00  0.00000000E+00  0.00000000E+00  0.00000000E+00
  1.16092587E+04  0.00000000E+00  0.00000000E+00  0.00000000E+00  0.00000000E+00
  1.17092587E+04  0.00000000E+00  0.00000000E+00  0.00000000E+00  0.00000000E+00
  1.18092587E+04  0.00000000E+00  0.00000000E+00  0.00000000E+00  0.00000000E+00
  1.19092587E+04  0.00000000E+00  0.00000000E+00  0.00000000E+00  0.00000000E+00
  1.20092587E+04  0.00000000E+00  0.00000000E+00  0.00000000E+00  0.00000000E+00
  1.21092587E+04  0.00000000E+00  0.00000000E+00  0.00000000E+00  0.00000000E+00
  1.22092587E+04  0.00000000E+00  0.00000000E+00  0.00000000E+00  0.00000000E+00
  1.23092587E+04  0.00000000E+00  0.00000000E+00  0.00000000E+00  0.00000000E+00
  1.24092587E+04  0.00000000E+00  0.00000000E+00  0.00000000E+00  0.00000000E+00
  1.25092587E+04  0.00000000E+00  0.00000000E+00  0.00000000E+00  0.00000000E+00
  1.26092587E+04  0.00000000E+00  0.00000000E+00  0.00000000E+00  0.00000000E+00
  1.27092587E+04  0.00000000E+00  0.00000000E+00  0.00000000E+00  0.00000000E+00
  1.28092587E+04  0.00000000E+00  0.00000000E+00  0.00000000E+00  0.00000000E+00
  1.29092587E+04  0.00000000E+00  0.00000000E+00  0.00000000E+00  0.00000000E+00
  1.30092587E+04  0.00000000E+00  0.00000000E+00  0.00000000E+00  0.00000000E+00
  1.31092587E+04  0.00000000E+00  0.00000000E+00  0.00000000E+00  0.00000000E+00
  1.32092587E+04  0.00000000E+00  0.00000000E+00  0.00000000E+00  0.00000000E+00
  1.33092587E+04  0.00000000E+00  0.00000000E+00  0.00000000E+00  0.00000000E+00
  1.34092587E+04  0.00000000E+00  0.00000000E+00  0.00000000E+00  0.00000000E+00
  1.35092587E+04  0.00000000E+00  0.00000000E+00  0.00000000E+00  0.00000000E+00
  1.36092587E+04  0.00000000E+00  0.00000000E+00  0.00000000E+00  0.00000000E+00
  1.37092587E+04  0.00000000E+00  0.00000000E+00  0.00000000E+00  0.00000000E+00
  1.38092587E+04  0.00000000E+00  0.00000000E+00  0.00000000E+00  0.00000000E+00
  1.39092587E+04  0.00000000E+00  0.00000000E+00  0.00000000E+00  0.00000000E+00
  1.40092587E+04  0.00000000E+00  0.00000000E+00  0.00000000E+00  0.00000000E+00
  1.41092587E+04  0.00000000E+00  0.00000000E+00  0.00000000E+00  0.00000000E+00
  1.42092587E+04  0.00000000E+00  0.00000000E+00  0.00000000E+00  0.00000000E+00
  1.43092587E+04  0.00000000E+00  0.00000000E+00  0.00000000E+00  0.00000000E+00
  1.44092587E+04  0.00000000E+00  0.00000000E+00  0.00000000E+00  0.00000000E+00
  1.45092587E+04  0.00000000E+00  0.00000000E+00  0.00000000E+00  0.00000000E+00
  1.46092587E+04  0.00000000E+00  0.00000000E+00  0.00000000E+00  0.00000000E+00
  1.47092587E+04  0.00000000E+00  0.00000000E+00  0.00000000E+00  0.00000000E+00
  1.48092587E+04  0.00000000E+00  0.00000000E+00  0.00000000E+00  0.00000000E+00
  1.49092587E+04  0.00000000E+00  0.00000000E+00  0.00000000E+00  0.00000000E+00
  1.50092587E+04  0.00000000E+00  0.00000000E+00  0.00000000E+00  0.00000000E+00
  1.51092587E+04  0.00000000E+00  0.00000000E+00  0.00000000E+00  0.00000000E+00
  1.52092587E+04  0.00000000E+00  0.00000000E+00  0.00000000E+00  0.00000000E+00
  1.53092587E+04  0.00000000E+00  0.00000000E+00  0.00000000E+00  0.00000000E+00
  1.54092587E+04  0.00000000E+00  0.00000000E+00  0.00000000E+00  0.00000000E+00
  1.55092587E+04  0.00000000E+00  0.00000000E+00  0.00000000E+00  0.00000000E+00
  1.56092587E+04  0.00000000E+00  0.00000000E+00  0.00000000E+00  0.00000000E+00
  1.57092587E+04  0.00000000E+00  0.00000000E+00  0.00000000E+00  0.00000000E+00
  1.58092587E+04  0.00000000E+00  0.00000000E+00  0.00000000E+00  0.00000000E+00
  1.59092587E+04  0.00000000E+00  0.00000000E+00  0.00000000E+00  0.00000000E+00
  1.60092587E+04  0.00000000E+00  0.00000000E+00  0.00000000E+00  0.00000000E+00
  1.61092587E+04  0.00000000E+00  0.00000000E+00  0.00000000E+00  0.00000000E+00
  1.62092587E+04  0.00000000E+00  0.00000000E+00  0.00000000E+00  0.00000000E+00
  1.63092587E+04  0.00000000E+00  0.00000000E+00  0.00000000E+00  0.00000000E+00
  1.64092587E+04  0.00000000E+00  0.00000000E+00  0.00000000E+00  0.00000000E+00
  1.65092587E+04  0.00000000E+00  0.00000000E+00  0.00000000E+00  0.00000000E+00
  1.66092587E+04  0.00000000E+00  0.00000000E+00  0.00000000E+00  0.00000000E+00
  1.67092587E+04  0.00000000E+00  0.00000000E+00  0.00000000E+00  0.00000000E+00
  1.68092587E+04  0.00000000E+00  0.00000000E+00  0.00000000E+00  0.00000000E+00
  1.69092587E+04  0.00000000E+00  0.00000000E+00  0.00000000E+00  0.00000000E+00
  1.70092587E+04  0.00000000E+00  0.00000000E+00  0.00000000E+00  0.00000000E+00
  1.71092587E+04  0.00000000E+00  0.00000000E+00  0.00000000E+00  0.00000000E+00
  1.72092587E+04  0.00000000E+00  0.00000000E+00  0.00000000E+00  0.00000000E+00
  1.73092587E+04  0.00000000E+00  0.00000000E+00  0.00000000E+00  0.00000000E+00
  1.74092587E+04  0.00000000E+00  0.00000000E+00  0.00000000E+00  0.00000000E+00
  1.75092587E+04  0.00000000E+00  0.00000000E+00  0.00000000E+00  0.00000000E+00
  1.76092587E+04  0.00000000E+00  0.00000000E+00  0.00000000E+00  0.00000000E+00
  1.77092587E+04  0.00000000E+00  0.00000000E+00  0.00000000E+00  0.00000000E+00
  1.78092587E+04  0.00000000E+00  0.00000000E+00  0.00000000E+00  0.00000000E+00
  1.79092587E+04  0.00000000E+00  0.00000000E+00  0.00000000E+00  0.00000000E+00
  1.80092587E+04  0.00000000E+00  0.00000000E+00  0.00000000E+00  0.00000000E+00
  1.81092587E+04  0.00000000E+00  0.00000000E+00  0.00000000E+00  0.00000000E+00
  1.82092587E+04  0.00000000E+00  0.00000000E+00  0.00000000E+00  0.00000000E+00
  1.83092587E+04  0.00000000E+00  0.00000000E+00  0.00000000E+00  0.00000000E+00
  1.84092587E+04  0.00000000E+00  0.00000000E+00  0.00000000E+00  0.00000000E+00
  1.85092587E+04  0.00000000E+00  0.00000000E+00  0.00000000E+00  0.00000000E+00
  1.86092587E+04  0.00000000E+00  0.00000000E+00  0.00000000E+00  0.00000000E+00
  1.87092587E+04  0.00000000E+00  0.00000000E+00  0.00000000E+00  0.00000000E+00
  1.88092587E+04  0.00000000E+00  0.00000000E+00  0.00000000E+00  0.00000000E+00
  1.89092587E+04  0.00000000E+00  0.00000000E+00  0.00000000E+00  0.00000000E+00
  1.90092587E+04  0.00000000E+00  0.00000000E+00  0.00000000E+00  0.00000000E+00
  1.91092587E+04  0.00000000E+00  0.00000000E+00  0.00000000E+00  0.00000000E+00
  1.92092587E+04  0.00000000E+00  0.00000000E+00  0.00000000E+00  0.00000000E+00
  1.93092587E+04  0.00000000E+00  0.00000000E+00  0.00000000E+00  0.00000000E+00
  1.94092587E+04  0.00000000E+00  0.00000000E+00  0.00000000E+00  0.00000000E+00
  1.95092587E+04  0.00000000E+00  0.00000000E+00  0.00000000E+00  0.00000000E+00
  1.96092587E+04  0.00000000E+00  0.00000000E+00  0.00000000E+00  0.00000000E+00
  1.97092587E+04  0.00000000E+00  0.00000000E+00  0.00000000E+00  0.00000000E+00
  1.98092587E+04  0.00000000E+00  0.00000000E+00  0.00000000E+00  0.00000000E+00
  1.99092587E+04  0.00000000E+00  0.00000000E+00  0.00000000E+00  0.00000000E+00
  2.00092587E+04  0.00000000E+00  0.00000000E+00  0.00000000E+00  0.00000000E+00
  2.01092587E+04  0.00000000E+00  0.00000000E+00  0.00000000E+00  0.00000000E+00
  2.02092587E+04  0.00000000E+00  0.00000000E+00  0.00000000E+00  0.00000000E+00
  2.03092587E+04  0.00000000E+00  0.00000000E+00  0.00000000E+00  0.00000000E+00
  2.04092587E+04  0.00000000E+00  0.00000000E+00  0.00000000E+00  0.00000000E+00
  2.05092587E+04  0.00000000E+00  0.00000000E+00  0.00000000E+00  0.00000000E+00
  2.06092587E+04  0.00000000E+00  0.00000000E+00  0.00000000E+00  0.00000000E+00
  2.07092587E+04  0.00000000E+00  0.00000000E+00  0.00000000E+00  0.00000000E+00
  2.08092587E+04  0.00000000E+00  0.00000000E+00  0.00000000E+00  0.00000000E+00
  2.09092587E+04  0.00000000E+00  0.00000000E+00  0.00000000E+00  0.00000000E+00
  2.10092587E+04  0.00000000E+00  0.00000000E+00  0.00000000E+00  0.00000000E+00
  2.11092587E+04  0.00000000E+00  0.00000000E+00  0.00000000E+00  0.00000000E+00
  2.12092587E+04  0.00000000E+00  0.00000000E+00  0.00000000E+00  0.00000000E+00
  2.13092587E+04  0.00000000E+00  0.00000000E+00  0.00000000E+00  0.00000000E+00
  2.14092587E+04  0.00000000E+00  0.00000000E+00  0.00000000E+00  0.00000000E+00
  2.15092587E+04  0.00000000E+00  0.00000000E+00  0.00000000E+00  0.00000000E+00
  2.16092587E+04  0.00000000E+00  0.00000000E+00  0.00000000E+00  0.00000000E+00
  2.17092587E+04  0.00000000E+00  0.00000000E+00  0.00000000E+00  0.00000000E+00
  2.18092587E+04  0.00000000E+00  0.00000000E+00  0.00000000E+00  0.00000000E+00
  2.19092587E+04  0.00000000E+00  0.00000000E+00  0.00000000E+00  0.00000000E+00
  2.20092587E+04  0.00000000E+00  0.00000000E+00  0.00000000E+00  0.00000000E+00
  2.21092587E+04  0.00000000E+00  0.00000000E+00  0.00000000E+00  0.00000000E+00
  2.22092587E+04  0.00000000E+00  0.00000000E+00  0.00000000E+00  0.00000000E+00
  2.23092587E+04  0.00000000E+00  0.00000000E+00  0.00000000E+00  0.00000000E+00
  2.24092587E+04  0.00000000E+00  0.00000000E+00  0.00000000E+00  0.00000000E+00
  2.25092587E+04  0.00000000E+00  0.00000000E+00  0.00000000E+00  0.00000000E+00
  2.26092587E+04  0.00000000E+00  0.00000000E+00  0.00000000E+00  0.00000000E+00
  2.27092587E+04  0.00000000E+00  0.00000000E+00  0.00000000E+00  0.00000000E+00
  2.28092587E+04  0.00000000E+00  0.00000000E+00  0.00000000E+00  0.00000000E+00
  2.29092587E+04  0.00000000E+00  0.00000000E+00  0.00000000E+00  0.00000000E+00
  2.30092587E+04  0.00000000E+00  0.00000000E+00  0.00000000E+00  0.00000000E+00
  2.31092587E+04  0.00000000E+00  0.00000000E+00  0.00000000E+00  0.00000000E+00
  2.32092587E+04  0.00000000E+00  0.00000000E+00  0.00000000E+00  0.00000000E+00
  2.33092587E+04  0.00000000E+00  0.00000000E+00  0.00000000E+00  0.00000000E+00
  2.34092587E+04  0.00000000E+00  0.00000000E+00  0.00000000E+00  0.00000000E+00
  2.35092587E+04  0.00000000E+00  0.00000000E+00  0.00000000E+00  0.00000000E+00
  2.36092587E+04  0.00000000E+00  0.00000000E+00  0.00000000E+00  0.00000000E+00
  2.37092587E+04  0.00000000E+00  0.00000000E+00  0.00000000E+00  0.00000000E+00
  2.38092587E+04  0.00000000E+00  0.00000000E+00  0.00000000E+00  0.00000000E+00
  2.39092587E+04  0.00000000E+00  0.00000000E+00  0.00000000E+00  0.00000000E+00
  2.40092587E+04  0.00000000E+00  0.00000000E+00  0.00000000E+00  0.00000000E+00
  2.41092587E+04  0.00000000E+00  0.00000000E+00  0.00000000E+00  0.00000000E+00
  2.42092587E+04  0.00000000E+00  0.00000000E+00  0.00000000E+00  0.00000000E+00
  2.43092587E+04  0.00000000E+00  0.00000000E+00  0.00000000E+00  0.00000000E+00
  2.44092587E+04  0.00000000E+00  0.00000000E+00  0.00000000E+00  0.00000000E+00
  2.45092587E+04  0.00000000E+00  0.00000000E+00  0.00000000E+00  0.00000000E+00
  2.46092587E+04  0.00000000E+00  0.00000000E+00  0.00000000E+00  0.00000000E+00
  2.47092587E+04  0.00000000E+00  0.00000000E+00  0.00000000E+00  0.00000000E+00
  2.48092587E+04  0.00000000E+00  0.00000000E+00  0.00000000E+00  0.00000000E+00
  2.49092587E+04  0.00000000E+00  0.00000000E+00  0.00000000E+00  0.00000000E+00
  2.50092587E+04  0.00000000E+00  0.00000000E+00  0.00000000E+00  0.00000000E+00
  2.51092587E+04  0.00000000E+00  0.00000000E+00  0.00000000E+00  0.00000000E+00
  2.52092587E+04  0.00000000E+00  0.00000000E+00  0.00000000E+00  0.00000000E+00
  2.53092587E+04  0.00000000E+00  0.00000000E+00  0.00000000E+00  0.00000000E+00
  2.54092587E+04  0.00000000E+00  0.00000000E+00  0.00000000E+00  0.00000000E+00
  2.55092587E+04  0.00000000E+00  0.00000000E+00  0.00000000E+00  0.00000000E+00
  2.56092587E+04  0.00000000E+00  0.00000000E+00  0.00000000E+00  0.00000000E+00
  2.57092587E+04  0.00000000E+00  0.00000000E+00  0.00000000E+00  0.00000000E+00
  2.58092587E+04  0.00000000E+00  0.00000000E+00  0.00000000E+00  0.00000000E+00
  2.59092587E+04  0.00000000E+00  0.00000000E+00  0.00000000E+00  0.00000000E+00
  2.60092587E+04  0.00000000E+00  0.00000000E+00  0.00000000E+00  0.00000000E+00
  2.61092587E+04  0.00000000E+00  0.00000000E+00  0.00000000E+00  0.00000000E+00
  2.62092587E+04  0.00000000E+00  0.00000000E+00  0.00000000E+00  0.00000000E+00
  2.63092587E+04  0.00000000E+00  0.00000000E+00  0.00000000E+00  0.00000000E+00
  2.64092587E+04  0.00000000E+00  0.00000000E+00  0.00000000E+00  0.00000000E+00
  2.65092587E+04  0.00000000E+00  0.00000000E+00  0.00000000E+00  0.00000000E+00
  2.66092587E+04  0.00000000E+00  0.00000000E+00  0.00000000E+00  0.00000000E+00
  2.67092587E+04  0.00000000E+00  0.00000000E+00  0.00000000E+00  0.00000000E+00
  2.68092587E+04  0.00000000E+00  0.00000000E+00  0.00000000E+00  0.00000000E+00
  2.69092587E+04  0.00000000E+00  0.00000000E+00  0.00000000E+00  0.00000000E+00
  2.70092587E+04  0.00000000E+00  0.00000000E+00  0.00000000E+00  0.00000000E+00
  2.71092587E+04  0.00000000E+00  0.00000000E+00  0.00000000E+00  0.00000000E+00
  2.72092587E+04  0.00000000E+00  0.00000000E+00  0.00000000E+00  0.00000000E+00
  2.73092587E+04  0.00000000E+00  0.00000000E+00  0.00000000E+00  0.00000000E+00
  2.74092587E+04  0.00000000E+00  0.00000000E+00  0.00000000E+00  0.00000000E+00
  2.75092587E+04  0.00000000E+00  0.00000000E+00  0.00000000E+00  0.00000000E+00
  2.76092587E+04  0.00000000E+00  0.00000000E+00  0.00000000E+00  0.00000000E+00
  2.77092587E+04  0.00000000E+00  0.00000000E+00  0.00000000E+00  0.00000000E+00
  2.78092587E+04  0.00000000E+00  0.00000000E+00  0.00000000E+00  0.00000000E+00
  2.79092587E+04  0.00000000E+00  0.00000000E+00  0.00000000E+00  0.00000000E+00
  2.80092587E+04  0.00000000E+00  0.00000000E+00  0.00000000E+00  0.00000000E+00
  2.81092587E+04  0.00000000E+00  0.00000000E+00  0.00000000E+00  0.00000000E+00
  2.82092587E+04  0.00000000E+00  0.00000000E+00  0.00000000E+00  0.00000000E+00
  2.83092587E+04  0.00000000E+00  0.00000000E+00  0.00000000E+00  0.00000000E+00
  2.84092587E+04  0.00000000E+00  0.00000000E+00  0.00000000E+00  0.00000000E+00
  2.85092587E+04  0.00000000E+00  0.00000000E+00  0.00000000E+00  0.00000000E+00
  2.86092587E+04  0.00000000E+00  0.00000000E+00  0.00000000E+00  0.00000000E+00
  2.87092587E+04  0.00000000E+00  0.00000000E+00  0.00000000E+00  0.00000000E+00
