      0  0.00000000E+00     NSTEP   TIME
 SURFACE NODE              X              Y         SATSUR
            1   0.000000E+00   1.500000E+01              1
            2   1.000000E+00   1.500000E+01              1
            3   2.000000E+00   1.500000E+01              1
            4   3.000000E+00   1.500000E+01              1
            5   4.000000E+00   1.500000E+01              1
            6   5.000000E+00   1.500000E+01              1
            7   6.000000E+00   1.500000E+01              1
            8   7.000000E+00   1.500000E+01              1
            9   8.000000E+00   1.500000E+01              1
           10   9.000000E+00   1.500000E+01              1
           11   1.000000E+01   1.500000E+01              1
           12   1.100000E+01   1.500000E+01              1
           13   1.200000E+01   1.500000E+01              1
           14   1.300000E+01   1.500000E+01              1
           15   1.400000E+01   1.500000E+01              1
           16   1.500000E+01   1.500000E+01              1
           17   0.000000E+00   1.400000E+01              1
           18   1.000000E+00   1.400000E+01              1
           19   2.000000E+00   1.400000E+01              1
           20   3.000000E+00   1.400000E+01              1
           21   4.000000E+00   1.400000E+01              1
           22   5.000000E+00   1.400000E+01              1
           23   6.000000E+00   1.400000E+01              1
           24   7.000000E+00   1.400000E+01              1
           25   8.000000E+00   1.400000E+01              1
           26   9.000000E+00   1.400000E+01              1
           27   1.000000E+01   1.400000E+01              1
           28   1.100000E+01   1.400000E+01              1
           29   1.200000E+01   1.400000E+01              1
           30   1.300000E+01   1.400000E+01              1
           31   1.400000E+01   1.400000E+01              1
           32   1.500000E+01   1.400000E+01              1
           33   0.000000E+00   1.300000E+01              1
           34   1.000000E+00   1.300000E+01              1
           35   2.000000E+00   1.300000E+01              1
           36   3.000000E+00   1.300000E+01              1
           37   4.000000E+00   1.300000E+01              1
           38   5.000000E+00   1.300000E+01              1
           39   6.000000E+00   1.300000E+01              1
           40   7.000000E+00   1.300000E+01              1
           41   8.000000E+00   1.300000E+01              1
           42   9.000000E+00   1.300000E+01              1
           43   1.000000E+01   1.300000E+01              1
           44   1.100000E+01   1.300000E+01              1
           45   1.200000E+01   1.300000E+01              1
           46   1.300000E+01   1.300000E+01              1
           47   1.400000E+01   1.300000E+01              1
           48   1.500000E+01   1.300000E+01              1
           49   0.000000E+00   1.200000E+01              1
           50   1.000000E+00   1.200000E+01              1
           51   2.000000E+00   1.200000E+01              1
           52   3.000000E+00   1.200000E+01              1
           53   4.000000E+00   1.200000E+01              1
           54   5.000000E+00   1.200000E+01              1
           55   6.000000E+00   1.200000E+01              1
           56   7.000000E+00   1.200000E+01              1
           57   8.000000E+00   1.200000E+01              1
           58   9.000000E+00   1.200000E+01              1
           59   1.000000E+01   1.200000E+01              1
           60   1.100000E+01   1.200000E+01              1
           61   1.200000E+01   1.200000E+01              1
           62   1.300000E+01   1.200000E+01              1
           63   1.400000E+01   1.200000E+01              1
           64   1.500000E+01   1.200000E+01              1
           65   0.000000E+00   1.100000E+01              1
           66   1.000000E+00   1.100000E+01              1
           67   2.000000E+00   1.100000E+01              1
           68   3.000000E+00   1.100000E+01              1
           69   4.000000E+00   1.100000E+01              1
           70   5.000000E+00   1.100000E+01              1
           71   6.000000E+00   1.100000E+01              1
           72   7.000000E+00   1.100000E+01              1
           73   8.000000E+00   1.100000E+01              1
           74   9.000000E+00   1.100000E+01              1
           75   1.000000E+01   1.100000E+01              1
           76   1.100000E+01   1.100000E+01              1
           77   1.200000E+01   1.100000E+01              1
           78   1.300000E+01   1.100000E+01              1
           79   1.400000E+01   1.100000E+01              1
           80   1.500000E+01   1.100000E+01              1
           81   0.000000E+00   1.000000E+01              1
           82   1.000000E+00   1.000000E+01              1
           83   2.000000E+00   1.000000E+01              1
           84   3.000000E+00   1.000000E+01              1
           85   4.000000E+00   1.000000E+01              1
           86   5.000000E+00   1.000000E+01              1
           87   6.000000E+00   1.000000E+01              1
           88   7.000000E+00   1.000000E+01              1
           89   8.000000E+00   1.000000E+01              1
           90   9.000000E+00   1.000000E+01              1
           91   1.000000E+01   1.000000E+01              1
           92   1.100000E+01   1.000000E+01              1
           93   1.200000E+01   1.000000E+01              1
           94   1.300000E+01   1.000000E+01              1
           95   1.400000E+01   1.000000E+01              1
           96   1.500000E+01   1.000000E+01              1
           97   0.000000E+00   9.000000E+00              1
           98   1.000000E+00   9.000000E+00              1
           99   2.000000E+00   9.000000E+00              1
          100   3.000000E+00   9.000000E+00              1
          101   4.000000E+00   9.000000E+00              1
          102   5.000000E+00   9.000000E+00              1
          103   6.000000E+00   9.000000E+00              1
          104   7.000000E+00   9.000000E+00              1
          105   8.000000E+00   9.000000E+00              1
          106   9.000000E+00   9.000000E+00              1
          107   1.000000E+01   9.000000E+00              1
          108   1.100000E+01   9.000000E+00              1
          109   1.200000E+01   9.000000E+00              1
          110   1.300000E+01   9.000000E+00              1
          111   1.400000E+01   9.000000E+00              1
          112   1.500000E+01   9.000000E+00              1
          113   0.000000E+00   8.000000E+00              1
          114   1.000000E+00   8.000000E+00              1
          115   2.000000E+00   8.000000E+00              1
          116   3.000000E+00   8.000000E+00              1
          117   4.000000E+00   8.000000E+00              1
          118   5.000000E+00   8.000000E+00              1
          119   6.000000E+00   8.000000E+00              1
          120   7.000000E+00   8.000000E+00              1
          121   8.000000E+00   8.000000E+00              1
          122   9.000000E+00   8.000000E+00              1
          123   1.000000E+01   8.000000E+00              1
          124   1.100000E+01   8.000000E+00              1
          125   1.200000E+01   8.000000E+00              1
          126   1.300000E+01   8.000000E+00              1
          127   1.400000E+01   8.000000E+00              1
          128   1.500000E+01   8.000000E+00              1
          129   0.000000E+00   7.000000E+00              1
          130   1.000000E+00   7.000000E+00              1
          131   2.000000E+00   7.000000E+00              1
          132   3.000000E+00   7.000000E+00              1
          133   4.000000E+00   7.000000E+00              1
          134   5.000000E+00   7.000000E+00              1
          135   6.000000E+00   7.000000E+00              1
          136   7.000000E+00   7.000000E+00              1
          137   8.000000E+00   7.000000E+00              1
          138   9.000000E+00   7.000000E+00              1
          139   1.000000E+01   7.000000E+00              1
          140   1.100000E+01   7.000000E+00              1
          141   1.200000E+01   7.000000E+00              1
          142   1.300000E+01   7.000000E+00              1
          143   1.400000E+01   7.000000E+00              1
          144   1.500000E+01   7.000000E+00              1
          145   0.000000E+00   6.000000E+00              1
          146   1.000000E+00   6.000000E+00              1
          147   2.000000E+00   6.000000E+00              1
          148   3.000000E+00   6.000000E+00              1
          149   4.000000E+00   6.000000E+00              1
          150   5.000000E+00   6.000000E+00              1
          151   6.000000E+00   6.000000E+00              1
          152   7.000000E+00   6.000000E+00              1
          153   8.000000E+00   6.000000E+00              1
          154   9.000000E+00   6.000000E+00              1
          155   1.000000E+01   6.000000E+00              1
          156   1.100000E+01   6.000000E+00              1
          157   1.200000E+01   6.000000E+00              1
          158   1.300000E+01   6.000000E+00              1
          159   1.400000E+01   6.000000E+00              1
          160   1.500000E+01   6.000000E+00              1
          161   0.000000E+00   5.000000E+00              1
          162   1.000000E+00   5.000000E+00              1
          163   2.000000E+00   5.000000E+00              1
          164   3.000000E+00   5.000000E+00              1
          165   4.000000E+00   5.000000E+00              1
          166   5.000000E+00   5.000000E+00              1
          167   6.000000E+00   5.000000E+00              1
          168   7.000000E+00   5.000000E+00              1
          169   8.000000E+00   5.000000E+00              1
          170   9.000000E+00   5.000000E+00              1
          171   1.000000E+01   5.000000E+00              1
          172   1.100000E+01   5.000000E+00              1
          173   1.200000E+01   5.000000E+00              1
          174   1.300000E+01   5.000000E+00              1
          175   1.400000E+01   5.000000E+00              1
          176   1.500000E+01   5.000000E+00              1
          177   0.000000E+00   4.000000E+00              1
          178   1.000000E+00   4.000000E+00              1
          179   2.000000E+00   4.000000E+00              1
          180   3.000000E+00   4.000000E+00              1
          181   4.000000E+00   4.000000E+00              1
          182   5.000000E+00   4.000000E+00              1
          183   6.000000E+00   4.000000E+00              1
          184   7.000000E+00   4.000000E+00              1
          185   8.000000E+00   4.000000E+00              1
          186   9.000000E+00   4.000000E+00              1
          187   1.000000E+01   4.000000E+00              1
          188   1.100000E+01   4.000000E+00              1
          189   1.200000E+01   4.000000E+00              1
          190   1.300000E+01   4.000000E+00              1
          191   1.400000E+01   4.000000E+00              1
          192   1.500000E+01   4.000000E+00              1
          193   0.000000E+00   3.000000E+00              1
          194   1.000000E+00   3.000000E+00              1
          195   2.000000E+00   3.000000E+00              1
          196   3.000000E+00   3.000000E+00              1
          197   4.000000E+00   3.000000E+00              1
          198   5.000000E+00   3.000000E+00              1
          199   6.000000E+00   3.000000E+00              1
          200   7.000000E+00   3.000000E+00              1
          201   8.000000E+00   3.000000E+00              1
          202   9.000000E+00   3.000000E+00              1
          203   1.000000E+01   3.000000E+00              1
          204   1.100000E+01   3.000000E+00              1
          205   1.200000E+01   3.000000E+00              1
          206   1.300000E+01   3.000000E+00              1
          207   1.400000E+01   3.000000E+00              1
          208   1.500000E+01   3.000000E+00              1
          209   0.000000E+00   2.000000E+00              1
          210   1.000000E+00   2.000000E+00              1
          211   2.000000E+00   2.000000E+00              1
          212   3.000000E+00   2.000000E+00              1
          213   4.000000E+00   2.000000E+00              1
          214   5.000000E+00   2.000000E+00              1
          215   6.000000E+00   2.000000E+00              1
          216   7.000000E+00   2.000000E+00              1
          217   8.000000E+00   2.000000E+00              1
          218   9.000000E+00   2.000000E+00              1
          219   1.000000E+01   2.000000E+00              1
          220   1.100000E+01   2.000000E+00              1
          221   1.200000E+01   2.000000E+00              1
          222   1.300000E+01   2.000000E+00              1
          223   1.400000E+01   2.000000E+00              1
          224   1.500000E+01   2.000000E+00              1
          225   0.000000E+00   1.000000E+00              1
          226   1.000000E+00   1.000000E+00              1
          227   2.000000E+00   1.000000E+00              1
          228   3.000000E+00   1.000000E+00              1
          229   4.000000E+00   1.000000E+00              1
          230   5.000000E+00   1.000000E+00              1
          231   6.000000E+00   1.000000E+00              1
          232   7.000000E+00   1.000000E+00              1
          233   8.000000E+00   1.000000E+00              1
          234   9.000000E+00   1.000000E+00              1
          235   1.000000E+01   1.000000E+00              1
          236   1.100000E+01   1.000000E+00              1
          237   1.200000E+01   1.000000E+00              1
          238   1.300000E+01   1.000000E+00              1
          239   1.400000E+01   1.000000E+00              1
          240   1.500000E+01   1.000000E+00              1
          241   0.000000E+00   0.000000E+00              1
          242   1.000000E+00   0.000000E+00              1
          243   2.000000E+00   0.000000E+00              1
          244   3.000000E+00   0.000000E+00              1
          245   4.000000E+00   0.000000E+00              1
          246   5.000000E+00   0.000000E+00              1
          247   6.000000E+00   0.000000E+00              1
          248   7.000000E+00   0.000000E+00              1
          249   8.000000E+00   0.000000E+00              1
          250   9.000000E+00   0.000000E+00              1
          251   1.000000E+01   0.000000E+00              1
          252   1.100000E+01   0.000000E+00              1
          253   1.200000E+01   0.000000E+00              1
          254   1.300000E+01   0.000000E+00              1
          255   1.400000E+01   0.000000E+00              1
          256   1.500000E+01   0.000000E+00              1
      1  1.95312500E-02     NSTEP   TIME
 SURFACE NODE              X              Y         SATSUR
            1   0.000000E+00   1.500000E+01              1
            2   1.000000E+00   1.500000E+01              1
            3   2.000000E+00   1.500000E+01              1
            4   3.000000E+00   1.500000E+01              1
            5   4.000000E+00   1.500000E+01              1
            6   5.000000E+00   1.500000E+01              1
            7   6.000000E+00   1.500000E+01              1
            8   7.000000E+00   1.500000E+01              1
            9   8.000000E+00   1.500000E+01              1
           10   9.000000E+00   1.500000E+01              1
           11   1.000000E+01   1.500000E+01              1
           12   1.100000E+01   1.500000E+01              1
           13   1.200000E+01   1.500000E+01              1
           14   1.300000E+01   1.500000E+01              1
           15   1.400000E+01   1.500000E+01              1
           16   1.500000E+01   1.500000E+01              1
           17   0.000000E+00   1.400000E+01              1
           18   1.000000E+00   1.400000E+01              1
           19   2.000000E+00   1.400000E+01              1
           20   3.000000E+00   1.400000E+01              1
           21   4.000000E+00   1.400000E+01              1
           22   5.000000E+00   1.400000E+01              1
           23   6.000000E+00   1.400000E+01              1
           24   7.000000E+00   1.400000E+01              1
           25   8.000000E+00   1.400000E+01              1
           26   9.000000E+00   1.400000E+01              1
           27   1.000000E+01   1.400000E+01              1
           28   1.100000E+01   1.400000E+01              1
           29   1.200000E+01   1.400000E+01              1
           30   1.300000E+01   1.400000E+01              1
           31   1.400000E+01   1.400000E+01              1
           32   1.500000E+01   1.400000E+01              1
           33   0.000000E+00   1.300000E+01              1
           34   1.000000E+00   1.300000E+01              1
           35   2.000000E+00   1.300000E+01              1
           36   3.000000E+00   1.300000E+01              1
           37   4.000000E+00   1.300000E+01              1
           38   5.000000E+00   1.300000E+01              1
           39   6.000000E+00   1.300000E+01              1
           40   7.000000E+00   1.300000E+01              1
           41   8.000000E+00   1.300000E+01              1
           42   9.000000E+00   1.300000E+01              1
           43   1.000000E+01   1.300000E+01              1
           44   1.100000E+01   1.300000E+01              1
           45   1.200000E+01   1.300000E+01              1
           46   1.300000E+01   1.300000E+01              1
           47   1.400000E+01   1.300000E+01              1
           48   1.500000E+01   1.300000E+01              1
           49   0.000000E+00   1.200000E+01              1
           50   1.000000E+00   1.200000E+01              1
           51   2.000000E+00   1.200000E+01              1
           52   3.000000E+00   1.200000E+01              1
           53   4.000000E+00   1.200000E+01              1
           54   5.000000E+00   1.200000E+01              1
           55   6.000000E+00   1.200000E+01              1
           56   7.000000E+00   1.200000E+01              1
           57   8.000000E+00   1.200000E+01              1
           58   9.000000E+00   1.200000E+01              1
           59   1.000000E+01   1.200000E+01              1
           60   1.100000E+01   1.200000E+01              1
           61   1.200000E+01   1.200000E+01              1
           62   1.300000E+01   1.200000E+01              1
           63   1.400000E+01   1.200000E+01              1
           64   1.500000E+01   1.200000E+01              1
           65   0.000000E+00   1.100000E+01              1
           66   1.000000E+00   1.100000E+01              1
           67   2.000000E+00   1.100000E+01              1
           68   3.000000E+00   1.100000E+01              1
           69   4.000000E+00   1.100000E+01              1
           70   5.000000E+00   1.100000E+01              1
           71   6.000000E+00   1.100000E+01              1
           72   7.000000E+00   1.100000E+01              1
           73   8.000000E+00   1.100000E+01              1
           74   9.000000E+00   1.100000E+01              1
           75   1.000000E+01   1.100000E+01              1
           76   1.100000E+01   1.100000E+01              1
           77   1.200000E+01   1.100000E+01              1
           78   1.300000E+01   1.100000E+01              1
           79   1.400000E+01   1.100000E+01              1
           80   1.500000E+01   1.100000E+01              1
           81   0.000000E+00   1.000000E+01              1
           82   1.000000E+00   1.000000E+01              1
           83   2.000000E+00   1.000000E+01              1
           84   3.000000E+00   1.000000E+01              1
           85   4.000000E+00   1.000000E+01              1
           86   5.000000E+00   1.000000E+01              1
           87   6.000000E+00   1.000000E+01              1
           88   7.000000E+00   1.000000E+01              1
           89   8.000000E+00   1.000000E+01              1
           90   9.000000E+00   1.000000E+01              1
           91   1.000000E+01   1.000000E+01              1
           92   1.100000E+01   1.000000E+01              1
           93   1.200000E+01   1.000000E+01              1
           94   1.300000E+01   1.000000E+01              1
           95   1.400000E+01   1.000000E+01              1
           96   1.500000E+01   1.000000E+01              1
           97   0.000000E+00   9.000000E+00              1
           98   1.000000E+00   9.000000E+00              1
           99   2.000000E+00   9.000000E+00              1
          100   3.000000E+00   9.000000E+00              1
          101   4.000000E+00   9.000000E+00              1
          102   5.000000E+00   9.000000E+00              1
          103   6.000000E+00   9.000000E+00              1
          104   7.000000E+00   9.000000E+00              1
          105   8.000000E+00   9.000000E+00              1
          106   9.000000E+00   9.000000E+00              1
          107   1.000000E+01   9.000000E+00              1
          108   1.100000E+01   9.000000E+00              1
          109   1.200000E+01   9.000000E+00              1
          110   1.300000E+01   9.000000E+00              1
          111   1.400000E+01   9.000000E+00              1
          112   1.500000E+01   9.000000E+00              1
          113   0.000000E+00   8.000000E+00              1
          114   1.000000E+00   8.000000E+00              1
          115   2.000000E+00   8.000000E+00              1
          116   3.000000E+00   8.000000E+00              1
          117   4.000000E+00   8.000000E+00              1
          118   5.000000E+00   8.000000E+00              1
          119   6.000000E+00   8.000000E+00              1
          120   7.000000E+00   8.000000E+00              1
          121   8.000000E+00   8.000000E+00              1
          122   9.000000E+00   8.000000E+00              1
          123   1.000000E+01   8.000000E+00              1
          124   1.100000E+01   8.000000E+00              1
          125   1.200000E+01   8.000000E+00              1
          126   1.300000E+01   8.000000E+00              1
          127   1.400000E+01   8.000000E+00              1
          128   1.500000E+01   8.000000E+00              1
          129   0.000000E+00   7.000000E+00              1
          130   1.000000E+00   7.000000E+00              1
          131   2.000000E+00   7.000000E+00              1
          132   3.000000E+00   7.000000E+00              1
          133   4.000000E+00   7.000000E+00              1
          134   5.000000E+00   7.000000E+00              1
          135   6.000000E+00   7.000000E+00              1
          136   7.000000E+00   7.000000E+00              1
          137   8.000000E+00   7.000000E+00              1
          138   9.000000E+00   7.000000E+00              1
          139   1.000000E+01   7.000000E+00              1
          140   1.100000E+01   7.000000E+00              1
          141   1.200000E+01   7.000000E+00              1
          142   1.300000E+01   7.000000E+00              1
          143   1.400000E+01   7.000000E+00              1
          144   1.500000E+01   7.000000E+00              1
          145   0.000000E+00   6.000000E+00              1
          146   1.000000E+00   6.000000E+00              1
          147   2.000000E+00   6.000000E+00              1
          148   3.000000E+00   6.000000E+00              1
          149   4.000000E+00   6.000000E+00              1
          150   5.000000E+00   6.000000E+00              1
          151   6.000000E+00   6.000000E+00              1
          152   7.000000E+00   6.000000E+00              1
          153   8.000000E+00   6.000000E+00              1
          154   9.000000E+00   6.000000E+00              1
          155   1.000000E+01   6.000000E+00              1
          156   1.100000E+01   6.000000E+00              1
          157   1.200000E+01   6.000000E+00              1
          158   1.300000E+01   6.000000E+00              1
          159   1.400000E+01   6.000000E+00              1
          160   1.500000E+01   6.000000E+00              1
          161   0.000000E+00   5.000000E+00              1
          162   1.000000E+00   5.000000E+00              1
          163   2.000000E+00   5.000000E+00              1
          164   3.000000E+00   5.000000E+00              1
          165   4.000000E+00   5.000000E+00              1
          166   5.000000E+00   5.000000E+00              1
          167   6.000000E+00   5.000000E+00              1
          168   7.000000E+00   5.000000E+00              1
          169   8.000000E+00   5.000000E+00              1
          170   9.000000E+00   5.000000E+00              1
          171   1.000000E+01   5.000000E+00              1
          172   1.100000E+01   5.000000E+00              1
          173   1.200000E+01   5.000000E+00              1
          174   1.300000E+01   5.000000E+00              1
          175   1.400000E+01   5.000000E+00              1
          176   1.500000E+01   5.000000E+00              1
          177   0.000000E+00   4.000000E+00              1
          178   1.000000E+00   4.000000E+00              1
          179   2.000000E+00   4.000000E+00              1
          180   3.000000E+00   4.000000E+00              1
          181   4.000000E+00   4.000000E+00              1
          182   5.000000E+00   4.000000E+00              1
          183   6.000000E+00   4.000000E+00              1
          184   7.000000E+00   4.000000E+00              1
          185   8.000000E+00   4.000000E+00              1
          186   9.000000E+00   4.000000E+00              1
          187   1.000000E+01   4.000000E+00              1
          188   1.100000E+01   4.000000E+00              1
          189   1.200000E+01   4.000000E+00              1
          190   1.300000E+01   4.000000E+00              1
          191   1.400000E+01   4.000000E+00              1
          192   1.500000E+01   4.000000E+00              1
          193   0.000000E+00   3.000000E+00              1
          194   1.000000E+00   3.000000E+00              1
          195   2.000000E+00   3.000000E+00              1
          196   3.000000E+00   3.000000E+00              1
          197   4.000000E+00   3.000000E+00              1
          198   5.000000E+00   3.000000E+00              1
          199   6.000000E+00   3.000000E+00              1
          200   7.000000E+00   3.000000E+00              1
          201   8.000000E+00   3.000000E+00              1
          202   9.000000E+00   3.000000E+00              1
          203   1.000000E+01   3.000000E+00              1
          204   1.100000E+01   3.000000E+00              1
          205   1.200000E+01   3.000000E+00              1
          206   1.300000E+01   3.000000E+00              1
          207   1.400000E+01   3.000000E+00              1
          208   1.500000E+01   3.000000E+00              1
          209   0.000000E+00   2.000000E+00              1
          210   1.000000E+00   2.000000E+00              1
          211   2.000000E+00   2.000000E+00              1
          212   3.000000E+00   2.000000E+00              1
          213   4.000000E+00   2.000000E+00              1
          214   5.000000E+00   2.000000E+00              1
          215   6.000000E+00   2.000000E+00              1
          216   7.000000E+00   2.000000E+00              1
          217   8.000000E+00   2.000000E+00              1
          218   9.000000E+00   2.000000E+00              1
          219   1.000000E+01   2.000000E+00              1
          220   1.100000E+01   2.000000E+00              1
          221   1.200000E+01   2.000000E+00              1
          222   1.300000E+01   2.000000E+00              1
          223   1.400000E+01   2.000000E+00              1
          224   1.500000E+01   2.000000E+00              1
          225   0.000000E+00   1.000000E+00              1
          226   1.000000E+00   1.000000E+00              1
          227   2.000000E+00   1.000000E+00              1
          228   3.000000E+00   1.000000E+00              1
          229   4.000000E+00   1.000000E+00              1
          230   5.000000E+00   1.000000E+00              1
          231   6.000000E+00   1.000000E+00              1
          232   7.000000E+00   1.000000E+00              1
          233   8.000000E+00   1.000000E+00              1
          234   9.000000E+00   1.000000E+00              1
          235   1.000000E+01   1.000000E+00              1
          236   1.100000E+01   1.000000E+00              1
          237   1.200000E+01   1.000000E+00              1
          238   1.300000E+01   1.000000E+00              1
          239   1.400000E+01   1.000000E+00              1
          240   1.500000E+01   1.000000E+00              1
          241   0.000000E+00   0.000000E+00              1
          242   1.000000E+00   0.000000E+00              1
          243   2.000000E+00   0.000000E+00              1
          244   3.000000E+00   0.000000E+00              1
          245   4.000000E+00   0.000000E+00              1
          246   5.000000E+00   0.000000E+00              1
          247   6.000000E+00   0.000000E+00              1
          248   7.000000E+00   0.000000E+00              1
          249   8.000000E+00   0.000000E+00              1
          250   9.000000E+00   0.000000E+00              1
          251   1.000000E+01   0.000000E+00              1
          252   1.100000E+01   0.000000E+00              1
          253   1.200000E+01   0.000000E+00              1
          254   1.300000E+01   0.000000E+00              1
          255   1.400000E+01   0.000000E+00              1
          256   1.500000E+01   0.000000E+00              1
