      0  0.00000000E+00     NSTEP   TIME
 SURFACE NODE              X              Y             SW
            1   0.000000E+00   1.500000E+01   2.971503E-01
            2   1.000000E+00   1.500000E+01   2.971503E-01
            3   2.000000E+00   1.500000E+01   2.971503E-01
            4   3.000000E+00   1.500000E+01   2.971503E-01
            5   4.000000E+00   1.500000E+01   2.971503E-01
            6   5.000000E+00   1.500000E+01   2.971503E-01
            7   6.000000E+00   1.500000E+01   2.971503E-01
            8   7.000000E+00   1.500000E+01   2.971503E-01
            9   8.000000E+00   1.500000E+01   2.971503E-01
           10   9.000000E+00   1.500000E+01   2.971503E-01
           11   1.000000E+01   1.500000E+01   2.971503E-01
           12   1.100000E+01   1.500000E+01   2.971503E-01
           13   1.200000E+01   1.500000E+01   2.971503E-01
           14   1.300000E+01   1.500000E+01   2.971503E-01
           15   1.400000E+01   1.500000E+01   2.971503E-01
           16   1.500000E+01   1.500000E+01   2.971503E-01
           17   0.000000E+00   1.400000E+01   2.971503E-01
           18   1.000000E+00   1.400000E+01   2.971503E-01
           19   2.000000E+00   1.400000E+01   2.971503E-01
           20   3.000000E+00   1.400000E+01   2.971503E-01
           21   4.000000E+00   1.400000E+01   2.971503E-01
           22   5.000000E+00   1.400000E+01   2.971503E-01
           23   6.000000E+00   1.400000E+01   2.971503E-01
           24   7.000000E+00   1.400000E+01   2.971503E-01
           25   8.000000E+00   1.400000E+01   2.971503E-01
           26   9.000000E+00   1.400000E+01   2.971503E-01
           27   1.000000E+01   1.400000E+01   2.971503E-01
           28   1.100000E+01   1.400000E+01   2.971503E-01
           29   1.200000E+01   1.400000E+01   2.971503E-01
           30   1.300000E+01   1.400000E+01   2.971503E-01
           31   1.400000E+01   1.400000E+01   2.971503E-01
           32   1.500000E+01   1.400000E+01   2.971503E-01
           33   0.000000E+00   1.300000E+01   2.971503E-01
           34   1.000000E+00   1.300000E+01   2.971503E-01
           35   2.000000E+00   1.300000E+01   2.971503E-01
           36   3.000000E+00   1.300000E+01   2.971503E-01
           37   4.000000E+00   1.300000E+01   2.971503E-01
           38   5.000000E+00   1.300000E+01   2.971503E-01
           39   6.000000E+00   1.300000E+01   2.971503E-01
           40   7.000000E+00   1.300000E+01   2.971503E-01
           41   8.000000E+00   1.300000E+01   2.971503E-01
           42   9.000000E+00   1.300000E+01   2.971503E-01
           43   1.000000E+01   1.300000E+01   2.971503E-01
           44   1.100000E+01   1.300000E+01   2.971503E-01
           45   1.200000E+01   1.300000E+01   2.971503E-01
           46   1.300000E+01   1.300000E+01   2.971503E-01
           47   1.400000E+01   1.300000E+01   2.971503E-01
           48   1.500000E+01   1.300000E+01   2.971503E-01
           49   0.000000E+00   1.200000E+01   2.971503E-01
           50   1.000000E+00   1.200000E+01   2.971503E-01
           51   2.000000E+00   1.200000E+01   2.971503E-01
           52   3.000000E+00   1.200000E+01   2.971503E-01
           53   4.000000E+00   1.200000E+01   2.971503E-01
           54   5.000000E+00   1.200000E+01   2.971503E-01
           55   6.000000E+00   1.200000E+01   2.971503E-01
           56   7.000000E+00   1.200000E+01   2.971503E-01
           57   8.000000E+00   1.200000E+01   2.971503E-01
           58   9.000000E+00   1.200000E+01   2.971503E-01
           59   1.000000E+01   1.200000E+01   2.971503E-01
           60   1.100000E+01   1.200000E+01   2.971503E-01
           61   1.200000E+01   1.200000E+01   2.971503E-01
           62   1.300000E+01   1.200000E+01   2.971503E-01
           63   1.400000E+01   1.200000E+01   2.971503E-01
           64   1.500000E+01   1.200000E+01   2.971503E-01
           65   0.000000E+00   1.100000E+01   2.971503E-01
           66   1.000000E+00   1.100000E+01   2.971503E-01
           67   2.000000E+00   1.100000E+01   2.971503E-01
           68   3.000000E+00   1.100000E+01   2.971503E-01
           69   4.000000E+00   1.100000E+01   2.971503E-01
           70   5.000000E+00   1.100000E+01   2.971503E-01
           71   6.000000E+00   1.100000E+01   2.971503E-01
           72   7.000000E+00   1.100000E+01   2.971503E-01
           73   8.000000E+00   1.100000E+01   2.971503E-01
           74   9.000000E+00   1.100000E+01   2.971503E-01
           75   1.000000E+01   1.100000E+01   2.971503E-01
           76   1.100000E+01   1.100000E+01   2.971503E-01
           77   1.200000E+01   1.100000E+01   2.971503E-01
           78   1.300000E+01   1.100000E+01   2.971503E-01
           79   1.400000E+01   1.100000E+01   2.971503E-01
           80   1.500000E+01   1.100000E+01   2.971503E-01
           81   0.000000E+00   1.000000E+01   2.971503E-01
           82   1.000000E+00   1.000000E+01   2.971503E-01
           83   2.000000E+00   1.000000E+01   2.971503E-01
           84   3.000000E+00   1.000000E+01   2.971503E-01
           85   4.000000E+00   1.000000E+01   2.971503E-01
           86   5.000000E+00   1.000000E+01   2.971503E-01
           87   6.000000E+00   1.000000E+01   2.971503E-01
           88   7.000000E+00   1.000000E+01   2.971503E-01
           89   8.000000E+00   1.000000E+01   2.971503E-01
           90   9.000000E+00   1.000000E+01   2.971503E-01
           91   1.000000E+01   1.000000E+01   2.971503E-01
           92   1.100000E+01   1.000000E+01   2.971503E-01
           93   1.200000E+01   1.000000E+01   2.971503E-01
           94   1.300000E+01   1.000000E+01   2.971503E-01
           95   1.400000E+01   1.000000E+01   2.971503E-01
           96   1.500000E+01   1.000000E+01   2.971503E-01
           97   0.000000E+00   9.000000E+00   2.971503E-01
           98   1.000000E+00   9.000000E+00   2.971503E-01
           99   2.000000E+00   9.000000E+00   2.971503E-01
          100   3.000000E+00   9.000000E+00   2.971503E-01
          101   4.000000E+00   9.000000E+00   2.971503E-01
          102   5.000000E+00   9.000000E+00   2.971503E-01
          103   6.000000E+00   9.000000E+00   2.971503E-01
          104   7.000000E+00   9.000000E+00   2.971503E-01
          105   8.000000E+00   9.000000E+00   2.971503E-01
          106   9.000000E+00   9.000000E+00   2.971503E-01
          107   1.000000E+01   9.000000E+00   2.971503E-01
          108   1.100000E+01   9.000000E+00   2.971503E-01
          109   1.200000E+01   9.000000E+00   2.971503E-01
          110   1.300000E+01   9.000000E+00   2.971503E-01
          111   1.400000E+01   9.000000E+00   2.971503E-01
          112   1.500000E+01   9.000000E+00   2.971503E-01
          113   0.000000E+00   8.000000E+00   2.971503E-01
          114   1.000000E+00   8.000000E+00   2.971503E-01
          115   2.000000E+00   8.000000E+00   2.971503E-01
          116   3.000000E+00   8.000000E+00   2.971503E-01
          117   4.000000E+00   8.000000E+00   2.971503E-01
          118   5.000000E+00   8.000000E+00   2.971503E-01
          119   6.000000E+00   8.000000E+00   2.971503E-01
          120   7.000000E+00   8.000000E+00   2.971503E-01
          121   8.000000E+00   8.000000E+00   2.971503E-01
          122   9.000000E+00   8.000000E+00   2.971503E-01
          123   1.000000E+01   8.000000E+00   2.971503E-01
          124   1.100000E+01   8.000000E+00   2.971503E-01
          125   1.200000E+01   8.000000E+00   2.971503E-01
          126   1.300000E+01   8.000000E+00   2.971503E-01
          127   1.400000E+01   8.000000E+00   2.971503E-01
          128   1.500000E+01   8.000000E+00   2.971503E-01
          129   0.000000E+00   7.000000E+00   2.971503E-01
          130   1.000000E+00   7.000000E+00   2.971503E-01
          131   2.000000E+00   7.000000E+00   2.971503E-01
          132   3.000000E+00   7.000000E+00   2.971503E-01
          133   4.000000E+00   7.000000E+00   2.971503E-01
          134   5.000000E+00   7.000000E+00   2.971503E-01
          135   6.000000E+00   7.000000E+00   2.971503E-01
          136   7.000000E+00   7.000000E+00   2.971503E-01
          137   8.000000E+00   7.000000E+00   2.971503E-01
          138   9.000000E+00   7.000000E+00   2.971503E-01
          139   1.000000E+01   7.000000E+00   2.971503E-01
          140   1.100000E+01   7.000000E+00   2.971503E-01
          141   1.200000E+01   7.000000E+00   2.971503E-01
          142   1.300000E+01   7.000000E+00   2.971503E-01
          143   1.400000E+01   7.000000E+00   2.971503E-01
          144   1.500000E+01   7.000000E+00   2.971503E-01
          145   0.000000E+00   6.000000E+00   2.971503E-01
          146   1.000000E+00   6.000000E+00   2.971503E-01
          147   2.000000E+00   6.000000E+00   2.971503E-01
          148   3.000000E+00   6.000000E+00   2.971503E-01
          149   4.000000E+00   6.000000E+00   2.971503E-01
          150   5.000000E+00   6.000000E+00   2.971503E-01
          151   6.000000E+00   6.000000E+00   2.971503E-01
          152   7.000000E+00   6.000000E+00   2.971503E-01
          153   8.000000E+00   6.000000E+00   2.971503E-01
          154   9.000000E+00   6.000000E+00   2.971503E-01
          155   1.000000E+01   6.000000E+00   2.971503E-01
          156   1.100000E+01   6.000000E+00   2.971503E-01
          157   1.200000E+01   6.000000E+00   2.971503E-01
          158   1.300000E+01   6.000000E+00   2.971503E-01
          159   1.400000E+01   6.000000E+00   2.971503E-01
          160   1.500000E+01   6.000000E+00   2.971503E-01
          161   0.000000E+00   5.000000E+00   2.971503E-01
          162   1.000000E+00   5.000000E+00   2.971503E-01
          163   2.000000E+00   5.000000E+00   2.971503E-01
          164   3.000000E+00   5.000000E+00   2.971503E-01
          165   4.000000E+00   5.000000E+00   2.971503E-01
          166   5.000000E+00   5.000000E+00   2.971503E-01
          167   6.000000E+00   5.000000E+00   2.971503E-01
          168   7.000000E+00   5.000000E+00   2.971503E-01
          169   8.000000E+00   5.000000E+00   2.971503E-01
          170   9.000000E+00   5.000000E+00   2.971503E-01
          171   1.000000E+01   5.000000E+00   2.971503E-01
          172   1.100000E+01   5.000000E+00   2.971503E-01
          173   1.200000E+01   5.000000E+00   2.971503E-01
          174   1.300000E+01   5.000000E+00   2.971503E-01
          175   1.400000E+01   5.000000E+00   2.971503E-01
          176   1.500000E+01   5.000000E+00   2.971503E-01
          177   0.000000E+00   4.000000E+00   2.971503E-01
          178   1.000000E+00   4.000000E+00   2.971503E-01
          179   2.000000E+00   4.000000E+00   2.971503E-01
          180   3.000000E+00   4.000000E+00   2.971503E-01
          181   4.000000E+00   4.000000E+00   2.971503E-01
          182   5.000000E+00   4.000000E+00   2.971503E-01
          183   6.000000E+00   4.000000E+00   2.971503E-01
          184   7.000000E+00   4.000000E+00   2.971503E-01
          185   8.000000E+00   4.000000E+00   2.971503E-01
          186   9.000000E+00   4.000000E+00   2.971503E-01
          187   1.000000E+01   4.000000E+00   2.971503E-01
          188   1.100000E+01   4.000000E+00   2.971503E-01
          189   1.200000E+01   4.000000E+00   2.971503E-01
          190   1.300000E+01   4.000000E+00   2.971503E-01
          191   1.400000E+01   4.000000E+00   2.971503E-01
          192   1.500000E+01   4.000000E+00   2.971503E-01
          193   0.000000E+00   3.000000E+00   2.971503E-01
          194   1.000000E+00   3.000000E+00   2.971503E-01
          195   2.000000E+00   3.000000E+00   2.971503E-01
          196   3.000000E+00   3.000000E+00   2.971503E-01
          197   4.000000E+00   3.000000E+00   2.971503E-01
          198   5.000000E+00   3.000000E+00   2.971503E-01
          199   6.000000E+00   3.000000E+00   2.971503E-01
          200   7.000000E+00   3.000000E+00   2.971503E-01
          201   8.000000E+00   3.000000E+00   2.971503E-01
          202   9.000000E+00   3.000000E+00   2.971503E-01
          203   1.000000E+01   3.000000E+00   2.971503E-01
          204   1.100000E+01   3.000000E+00   2.971503E-01
          205   1.200000E+01   3.000000E+00   2.971503E-01
          206   1.300000E+01   3.000000E+00   2.971503E-01
          207   1.400000E+01   3.000000E+00   2.971503E-01
          208   1.500000E+01   3.000000E+00   2.971503E-01
          209   0.000000E+00   2.000000E+00   2.971503E-01
          210   1.000000E+00   2.000000E+00   2.971503E-01
          211   2.000000E+00   2.000000E+00   2.971503E-01
          212   3.000000E+00   2.000000E+00   2.971503E-01
          213   4.000000E+00   2.000000E+00   2.971503E-01
          214   5.000000E+00   2.000000E+00   2.971503E-01
          215   6.000000E+00   2.000000E+00   2.971503E-01
          216   7.000000E+00   2.000000E+00   2.971503E-01
          217   8.000000E+00   2.000000E+00   2.971503E-01
          218   9.000000E+00   2.000000E+00   2.971503E-01
          219   1.000000E+01   2.000000E+00   2.971503E-01
          220   1.100000E+01   2.000000E+00   2.971503E-01
          221   1.200000E+01   2.000000E+00   2.971503E-01
          222   1.300000E+01   2.000000E+00   2.971503E-01
          223   1.400000E+01   2.000000E+00   2.971503E-01
          224   1.500000E+01   2.000000E+00   2.971503E-01
          225   0.000000E+00   1.000000E+00   2.971503E-01
          226   1.000000E+00   1.000000E+00   2.971503E-01
          227   2.000000E+00   1.000000E+00   2.971503E-01
          228   3.000000E+00   1.000000E+00   2.971503E-01
          229   4.000000E+00   1.000000E+00   2.971503E-01
          230   5.000000E+00   1.000000E+00   2.971503E-01
          231   6.000000E+00   1.000000E+00   2.971503E-01
          232   7.000000E+00   1.000000E+00   2.971503E-01
          233   8.000000E+00   1.000000E+00   2.971503E-01
          234   9.000000E+00   1.000000E+00   2.971503E-01
          235   1.000000E+01   1.000000E+00   2.971503E-01
          236   1.100000E+01   1.000000E+00   2.971503E-01
          237   1.200000E+01   1.000000E+00   2.971503E-01
          238   1.300000E+01   1.000000E+00   2.971503E-01
          239   1.400000E+01   1.000000E+00   2.971503E-01
          240   1.500000E+01   1.000000E+00   2.971503E-01
          241   0.000000E+00   0.000000E+00   2.971503E-01
          242   1.000000E+00   0.000000E+00   2.971503E-01
          243   2.000000E+00   0.000000E+00   2.971503E-01
          244   3.000000E+00   0.000000E+00   2.971503E-01
          245   4.000000E+00   0.000000E+00   2.971503E-01
          246   5.000000E+00   0.000000E+00   2.971503E-01
          247   6.000000E+00   0.000000E+00   2.971503E-01
          248   7.000000E+00   0.000000E+00   2.971503E-01
          249   8.000000E+00   0.000000E+00   2.971503E-01
          250   9.000000E+00   0.000000E+00   2.971503E-01
          251   1.000000E+01   0.000000E+00   2.971503E-01
          252   1.100000E+01   0.000000E+00   2.971503E-01
          253   1.200000E+01   0.000000E+00   2.971503E-01
          254   1.300000E+01   0.000000E+00   2.971503E-01
          255   1.400000E+01   0.000000E+00   2.971503E-01
          256   1.500000E+01   0.000000E+00   2.971503E-01
      1  1.95312500E-02     NSTEP   TIME
 SURFACE NODE              X              Y             SW
            1   0.000000E+00   1.500000E+01   3.431510E-01
            2   1.000000E+00   1.500000E+01   3.431510E-01
            3   2.000000E+00   1.500000E+01   3.431510E-01
            4   3.000000E+00   1.500000E+01   3.431510E-01
            5   4.000000E+00   1.500000E+01   3.431510E-01
            6   5.000000E+00   1.500000E+01   3.431510E-01
            7   6.000000E+00   1.500000E+01   3.431510E-01
            8   7.000000E+00   1.500000E+01   3.431510E-01
            9   8.000000E+00   1.500000E+01   3.431510E-01
           10   9.000000E+00   1.500000E+01   3.431510E-01
           11   1.000000E+01   1.500000E+01   3.431510E-01
           12   1.100000E+01   1.500000E+01   3.431510E-01
           13   1.200000E+01   1.500000E+01   3.431510E-01
           14   1.300000E+01   1.500000E+01   3.431510E-01
           15   1.400000E+01   1.500000E+01   3.431510E-01
           16   1.500000E+01   1.500000E+01   3.431510E-01
           17   0.000000E+00   1.400000E+01   3.431510E-01
           18   1.000000E+00   1.400000E+01   3.431510E-01
           19   2.000000E+00   1.400000E+01   3.431510E-01
           20   3.000000E+00   1.400000E+01   3.431510E-01
           21   4.000000E+00   1.400000E+01   3.431510E-01
           22   5.000000E+00   1.400000E+01   3.431510E-01
           23   6.000000E+00   1.400000E+01   3.431510E-01
           24   7.000000E+00   1.400000E+01   3.431510E-01
           25   8.000000E+00   1.400000E+01   3.431510E-01
           26   9.000000E+00   1.400000E+01   3.431510E-01
           27   1.000000E+01   1.400000E+01   3.431510E-01
           28   1.100000E+01   1.400000E+01   3.431510E-01
           29   1.200000E+01   1.400000E+01   3.431510E-01
           30   1.300000E+01   1.400000E+01   3.431510E-01
           31   1.400000E+01   1.400000E+01   3.431510E-01
           32   1.500000E+01   1.400000E+01   3.431510E-01
           33   0.000000E+00   1.300000E+01   3.431510E-01
           34   1.000000E+00   1.300000E+01   3.431510E-01
           35   2.000000E+00   1.300000E+01   3.431510E-01
           36   3.000000E+00   1.300000E+01   3.431510E-01
           37   4.000000E+00   1.300000E+01   3.431510E-01
           38   5.000000E+00   1.300000E+01   3.431510E-01
           39   6.000000E+00   1.300000E+01   3.431510E-01
           40   7.000000E+00   1.300000E+01   3.431510E-01
           41   8.000000E+00   1.300000E+01   3.431510E-01
           42   9.000000E+00   1.300000E+01   3.431510E-01
           43   1.000000E+01   1.300000E+01   3.431510E-01
           44   1.100000E+01   1.300000E+01   3.431510E-01
           45   1.200000E+01   1.300000E+01   3.431510E-01
           46   1.300000E+01   1.300000E+01   3.431510E-01
           47   1.400000E+01   1.300000E+01   3.431510E-01
           48   1.500000E+01   1.300000E+01   3.431510E-01
           49   0.000000E+00   1.200000E+01   3.431510E-01
           50   1.000000E+00   1.200000E+01   3.431510E-01
           51   2.000000E+00   1.200000E+01   3.431510E-01
           52   3.000000E+00   1.200000E+01   3.431510E-01
           53   4.000000E+00   1.200000E+01   3.431510E-01
           54   5.000000E+00   1.200000E+01   3.431510E-01
           55   6.000000E+00   1.200000E+01   3.431510E-01
           56   7.000000E+00   1.200000E+01   3.431510E-01
           57   8.000000E+00   1.200000E+01   3.431510E-01
           58   9.000000E+00   1.200000E+01   3.431510E-01
           59   1.000000E+01   1.200000E+01   3.431510E-01
           60   1.100000E+01   1.200000E+01   3.431510E-01
           61   1.200000E+01   1.200000E+01   3.431510E-01
           62   1.300000E+01   1.200000E+01   3.431510E-01
           63   1.400000E+01   1.200000E+01   3.431510E-01
           64   1.500000E+01   1.200000E+01   3.431510E-01
           65   0.000000E+00   1.100000E+01   3.431510E-01
           66   1.000000E+00   1.100000E+01   3.431510E-01
           67   2.000000E+00   1.100000E+01   3.431510E-01
           68   3.000000E+00   1.100000E+01   3.431510E-01
           69   4.000000E+00   1.100000E+01   3.431510E-01
           70   5.000000E+00   1.100000E+01   3.431510E-01
           71   6.000000E+00   1.100000E+01   3.431510E-01
           72   7.000000E+00   1.100000E+01   3.431510E-01
           73   8.000000E+00   1.100000E+01   3.431510E-01
           74   9.000000E+00   1.100000E+01   3.431510E-01
           75   1.000000E+01   1.100000E+01   3.431510E-01
           76   1.100000E+01   1.100000E+01   3.431510E-01
           77   1.200000E+01   1.100000E+01   3.431510E-01
           78   1.300000E+01   1.100000E+01   3.431510E-01
           79   1.400000E+01   1.100000E+01   3.431510E-01
           80   1.500000E+01   1.100000E+01   3.431510E-01
           81   0.000000E+00   1.000000E+01   3.431510E-01
           82   1.000000E+00   1.000000E+01   3.431510E-01
           83   2.000000E+00   1.000000E+01   3.431510E-01
           84   3.000000E+00   1.000000E+01   3.431510E-01
           85   4.000000E+00   1.000000E+01   3.431510E-01
           86   5.000000E+00   1.000000E+01   3.431510E-01
           87   6.000000E+00   1.000000E+01   3.431510E-01
           88   7.000000E+00   1.000000E+01   3.431510E-01
           89   8.000000E+00   1.000000E+01   3.431510E-01
           90   9.000000E+00   1.000000E+01   3.431510E-01
           91   1.000000E+01   1.000000E+01   3.431510E-01
           92   1.100000E+01   1.000000E+01   3.431510E-01
           93   1.200000E+01   1.000000E+01   3.431510E-01
           94   1.300000E+01   1.000000E+01   3.431510E-01
           95   1.400000E+01   1.000000E+01   3.431510E-01
           96   1.500000E+01   1.000000E+01   3.431510E-01
           97   0.000000E+00   9.000000E+00   3.431510E-01
           98   1.000000E+00   9.000000E+00   3.431510E-01
           99   2.000000E+00   9.000000E+00   3.431510E-01
          100   3.000000E+00   9.000000E+00   3.431510E-01
          101   4.000000E+00   9.000000E+00   3.431510E-01
          102   5.000000E+00   9.000000E+00   3.431510E-01
          103   6.000000E+00   9.000000E+00   3.431510E-01
          104   7.000000E+00   9.000000E+00   3.431510E-01
          105   8.000000E+00   9.000000E+00   3.431510E-01
          106   9.000000E+00   9.000000E+00   3.431510E-01
          107   1.000000E+01   9.000000E+00   3.431510E-01
          108   1.100000E+01   9.000000E+00   3.431510E-01
          109   1.200000E+01   9.000000E+00   3.431510E-01
          110   1.300000E+01   9.000000E+00   3.431510E-01
          111   1.400000E+01   9.000000E+00   3.431510E-01
          112   1.500000E+01   9.000000E+00   3.431510E-01
          113   0.000000E+00   8.000000E+00   3.431510E-01
          114   1.000000E+00   8.000000E+00   3.431510E-01
          115   2.000000E+00   8.000000E+00   3.431510E-01
          116   3.000000E+00   8.000000E+00   3.431510E-01
          117   4.000000E+00   8.000000E+00   3.431510E-01
          118   5.000000E+00   8.000000E+00   3.431510E-01
          119   6.000000E+00   8.000000E+00   3.431510E-01
          120   7.000000E+00   8.000000E+00   3.431510E-01
          121   8.000000E+00   8.000000E+00   3.431510E-01
          122   9.000000E+00   8.000000E+00   3.431510E-01
          123   1.000000E+01   8.000000E+00   3.431510E-01
          124   1.100000E+01   8.000000E+00   3.431510E-01
          125   1.200000E+01   8.000000E+00   3.431510E-01
          126   1.300000E+01   8.000000E+00   3.431510E-01
          127   1.400000E+01   8.000000E+00   3.431510E-01
          128   1.500000E+01   8.000000E+00   3.431510E-01
          129   0.000000E+00   7.000000E+00   3.431510E-01
          130   1.000000E+00   7.000000E+00   3.431510E-01
          131   2.000000E+00   7.000000E+00   3.431510E-01
          132   3.000000E+00   7.000000E+00   3.431510E-01
          133   4.000000E+00   7.000000E+00   3.431510E-01
          134   5.000000E+00   7.000000E+00   3.431510E-01
          135   6.000000E+00   7.000000E+00   3.431510E-01
          136   7.000000E+00   7.000000E+00   3.431510E-01
          137   8.000000E+00   7.000000E+00   3.431510E-01
          138   9.000000E+00   7.000000E+00   3.431510E-01
          139   1.000000E+01   7.000000E+00   3.431510E-01
          140   1.100000E+01   7.000000E+00   3.431510E-01
          141   1.200000E+01   7.000000E+00   3.431510E-01
          142   1.300000E+01   7.000000E+00   3.431510E-01
          143   1.400000E+01   7.000000E+00   3.431510E-01
          144   1.500000E+01   7.000000E+00   3.431510E-01
          145   0.000000E+00   6.000000E+00   3.431510E-01
          146   1.000000E+00   6.000000E+00   3.431510E-01
          147   2.000000E+00   6.000000E+00   3.431510E-01
          148   3.000000E+00   6.000000E+00   3.431510E-01
          149   4.000000E+00   6.000000E+00   3.431510E-01
          150   5.000000E+00   6.000000E+00   3.431510E-01
          151   6.000000E+00   6.000000E+00   3.431510E-01
          152   7.000000E+00   6.000000E+00   3.431510E-01
          153   8.000000E+00   6.000000E+00   3.431510E-01
          154   9.000000E+00   6.000000E+00   3.431510E-01
          155   1.000000E+01   6.000000E+00   3.431510E-01
          156   1.100000E+01   6.000000E+00   3.431510E-01
          157   1.200000E+01   6.000000E+00   3.431510E-01
          158   1.300000E+01   6.000000E+00   3.431510E-01
          159   1.400000E+01   6.000000E+00   3.431510E-01
          160   1.500000E+01   6.000000E+00   3.431510E-01
          161   0.000000E+00   5.000000E+00   3.431510E-01
          162   1.000000E+00   5.000000E+00   3.431510E-01
          163   2.000000E+00   5.000000E+00   3.431510E-01
          164   3.000000E+00   5.000000E+00   3.431510E-01
          165   4.000000E+00   5.000000E+00   3.431510E-01
          166   5.000000E+00   5.000000E+00   3.431510E-01
          167   6.000000E+00   5.000000E+00   3.431510E-01
          168   7.000000E+00   5.000000E+00   3.431510E-01
          169   8.000000E+00   5.000000E+00   3.431510E-01
          170   9.000000E+00   5.000000E+00   3.431510E-01
          171   1.000000E+01   5.000000E+00   3.431510E-01
          172   1.100000E+01   5.000000E+00   3.431510E-01
          173   1.200000E+01   5.000000E+00   3.431510E-01
          174   1.300000E+01   5.000000E+00   3.431510E-01
          175   1.400000E+01   5.000000E+00   3.431510E-01
          176   1.500000E+01   5.000000E+00   3.431510E-01
          177   0.000000E+00   4.000000E+00   3.431510E-01
          178   1.000000E+00   4.000000E+00   3.431510E-01
          179   2.000000E+00   4.000000E+00   3.431510E-01
          180   3.000000E+00   4.000000E+00   3.431510E-01
          181   4.000000E+00   4.000000E+00   3.431510E-01
          182   5.000000E+00   4.000000E+00   3.431510E-01
          183   6.000000E+00   4.000000E+00   3.431510E-01
          184   7.000000E+00   4.000000E+00   3.431510E-01
          185   8.000000E+00   4.000000E+00   3.431510E-01
          186   9.000000E+00   4.000000E+00   3.431510E-01
          187   1.000000E+01   4.000000E+00   3.431510E-01
          188   1.100000E+01   4.000000E+00   3.431510E-01
          189   1.200000E+01   4.000000E+00   3.431510E-01
          190   1.300000E+01   4.000000E+00   3.431510E-01
          191   1.400000E+01   4.000000E+00   3.431510E-01
          192   1.500000E+01   4.000000E+00   3.431510E-01
          193   0.000000E+00   3.000000E+00   3.431510E-01
          194   1.000000E+00   3.000000E+00   3.431510E-01
          195   2.000000E+00   3.000000E+00   3.431510E-01
          196   3.000000E+00   3.000000E+00   3.431510E-01
          197   4.000000E+00   3.000000E+00   3.431510E-01
          198   5.000000E+00   3.000000E+00   3.431510E-01
          199   6.000000E+00   3.000000E+00   3.431510E-01
          200   7.000000E+00   3.000000E+00   3.431510E-01
          201   8.000000E+00   3.000000E+00   3.431510E-01
          202   9.000000E+00   3.000000E+00   3.431510E-01
          203   1.000000E+01   3.000000E+00   3.431510E-01
          204   1.100000E+01   3.000000E+00   3.431510E-01
          205   1.200000E+01   3.000000E+00   3.431510E-01
          206   1.300000E+01   3.000000E+00   3.431510E-01
          207   1.400000E+01   3.000000E+00   3.431510E-01
          208   1.500000E+01   3.000000E+00   3.431510E-01
          209   0.000000E+00   2.000000E+00   3.431510E-01
          210   1.000000E+00   2.000000E+00   3.431510E-01
          211   2.000000E+00   2.000000E+00   3.431510E-01
          212   3.000000E+00   2.000000E+00   3.431510E-01
          213   4.000000E+00   2.000000E+00   3.431510E-01
          214   5.000000E+00   2.000000E+00   3.431510E-01
          215   6.000000E+00   2.000000E+00   3.431510E-01
          216   7.000000E+00   2.000000E+00   3.431510E-01
          217   8.000000E+00   2.000000E+00   3.431510E-01
          218   9.000000E+00   2.000000E+00   3.431510E-01
          219   1.000000E+01   2.000000E+00   3.431510E-01
          220   1.100000E+01   2.000000E+00   3.431510E-01
          221   1.200000E+01   2.000000E+00   3.431510E-01
          222   1.300000E+01   2.000000E+00   3.431510E-01
          223   1.400000E+01   2.000000E+00   3.431510E-01
          224   1.500000E+01   2.000000E+00   3.431510E-01
          225   0.000000E+00   1.000000E+00   3.431510E-01
          226   1.000000E+00   1.000000E+00   3.431510E-01
          227   2.000000E+00   1.000000E+00   3.431510E-01
          228   3.000000E+00   1.000000E+00   3.431510E-01
          229   4.000000E+00   1.000000E+00   3.431510E-01
          230   5.000000E+00   1.000000E+00   3.431510E-01
          231   6.000000E+00   1.000000E+00   3.431510E-01
          232   7.000000E+00   1.000000E+00   3.431510E-01
          233   8.000000E+00   1.000000E+00   3.431510E-01
          234   9.000000E+00   1.000000E+00   3.431510E-01
          235   1.000000E+01   1.000000E+00   3.431510E-01
          236   1.100000E+01   1.000000E+00   3.431510E-01
          237   1.200000E+01   1.000000E+00   3.431510E-01
          238   1.300000E+01   1.000000E+00   3.431510E-01
          239   1.400000E+01   1.000000E+00   3.431510E-01
          240   1.500000E+01   1.000000E+00   2.971504E-01
          241   0.000000E+00   0.000000E+00   2.971507E-01
          242   1.000000E+00   0.000000E+00   2.971504E-01
          243   2.000000E+00   0.000000E+00   2.971504E-01
          244   3.000000E+00   0.000000E+00   2.971504E-01
          245   4.000000E+00   0.000000E+00   2.971504E-01
          246   5.000000E+00   0.000000E+00   2.971504E-01
          247   6.000000E+00   0.000000E+00   2.971504E-01
          248   7.000000E+00   0.000000E+00   2.971504E-01
          249   8.000000E+00   0.000000E+00   2.971504E-01
          250   9.000000E+00   0.000000E+00   2.971504E-01
          251   1.000000E+01   0.000000E+00   2.971504E-01
          252   1.100000E+01   0.000000E+00   2.971504E-01
          253   1.200000E+01   0.000000E+00   2.971504E-01
          254   1.300000E+01   0.000000E+00   2.971504E-01
          255   1.400000E+01   0.000000E+00   2.971504E-01
          256   1.500000E+01   0.000000E+00   3.431510E-01
