         400
         400
         221
         241
         201
         341
         301
         321
         261
         281
         361
         141
          21
          41
         181
         161
         101
         121
          61
          81
         381
           1
         382
         392
         387
         393
         394
         388
         390
         391
         383
         395
         389
         385
         399
         398
         386
         397
         384
         396
         262
         242
         322
         222
         282
         302
         342
           2
          22
          42
          62
         379
         102
         202
         142
         162
         182
          82
         122
         380
         369
         372
         371
         367
         373
         365
         368
         364
         370
         366
         374
         375
         376
         362
         377
         363
         378
         356
         355
         223
         357
         353
         350
         263
         344
         354
         243
         203
         351
         352
         358
         283
         183
           3
          23
          43
          63
         143
         359
         123
         349
         163
         360
          83
         103
         343
         323
         346
         345
         347
         348
         303
          84
         326
         328
         325
         104
         264
         330
         124
         184
         224
         324
         329
         304
         244
         164
         144
          64
         327
          24
         335
         334
         284
          44
         339
         338
         204
           4
         337
         333
         340
         336
         331
         332
         306
         145
         305
         315
         317
         316
           5
         313
         165
         314
         318
         245
          65
         320
         312
         185
         265
         311
         310
          45
          85
         105
         319
         205
         225
         309
         125
         308
         285
         307
          25
         206
         166
           6
          26
          46
         295
         186
         106
         126
         146
          66
          86
         296
         246
         288
         287
         289
         290
         298
         226
         286
         299
         297
         293
         291
         300
         266
         292
         294
         276
         275
         274
          47
         277
         127
         167
         273
         268
         272
         270
         267
         269
         247
          67
         271
         147
          87
         279
         278
         280
          27
         187
         227
           7
         107
         207
          28
          68
          88
         253
         208
         108
         254
           8
         248
         148
         255
         249
         188
         251
         128
         228
         252
          48
         250
         257
         258
         259
         260
         168
         256
          89
         129
         234
         239
          49
         231
         230
         169
         232
          29
           9
         209
         229
         189
         240
         109
         238
         149
          69
         237
         233
         236
         235
          70
          10
          30
         110
          90
          50
         213
         130
         218
         217
         190
         150
         219
         216
         215
         170
         210
         220
         211
         214
         212
         197
         199
          51
         198
          71
         171
         194
         193
         192
         196
         195
         200
         151
         131
          31
         111
         191
          91
          11
         172
          32
         132
          72
         112
         173
          52
         179
          12
         180
         174
         176
         152
         175
          92
         177
         178
          53
         155
         113
          93
          73
         160
         153
         154
         133
         156
          13
         158
         159
          33
         157
          34
          74
         134
          94
         135
         136
         114
          54
         139
         140
          14
         137
         138
          15
          35
         115
          75
         120
         119
          55
          95
         117
         116
         118
          97
          96
          98
          99
          16
         100
          56
          36
          76
          80
          79
          37
          57
          78
          77
          17
          38
          58
          18
          59
          60
          40
          39
          19
          20
