1 0                         HSPATM IETO
   0.0000000e+00
   3.2523200e-07
   8.6400000e+04
   2.8819400e-07
   1.7300000e+05
   -9.259260e-09
   2.5900000e+05
   -4.986850e-08
   3.4600000e+05
   -4.986850e-08
   4.3200000e+05
   -2.893520e-08
   5.1800000e+05
   -4.629629e-08
   6.0500000e+05
   -3.009258e-08
   6.9100000e+05
   4.3981480e-08
   7.7800000e+05
   -8.101850e-09
   8.6400000e+05
   -4.513888e-08
   9.5000000e+05
   -5.092583e-08
   1.0400000e+06
   -5.787042e-08
   1.1200000e+06
   -6.250000e-08
   1.2100000e+06
   -6.481500e-08
   1.3000000e+06
   -6.481500e-08
   1.3800000e+06
   -7.060183e-08
   1.4700000e+06
   -3.125000e-08
   1.5600000e+06
   -6.365833e-08
   1.6400000e+06
   -5.324167e-08
   1.7300000e+06
   -2.777779e-08
   1.8100000e+06
   3.1481500e-07
   1.9000000e+06
   6.8287500e-08
   1.9900000e+06
   2.2222210e-07
   2.0700000e+06
   -5.440000e-08
   2.1600000e+06
   -4.861125e-08
   2.2500000e+06
   3.5860000e-08
   2.3300000e+06
   -3.240742e-08
   2.4200000e+06
   -5.902792e-08
   2.5100000e+06
   -5.787042e-08
   2.5900000e+06
   -5.424583e-08
   2.6800000e+06
   -3.624333e-09
   2.7600000e+06
   -4.166667e-08
   2.8500000e+06
   -1.273150e-08
   2.9400000e+06
   -5.555542e-08
   3.0200000e+06
   -6.481667e-08
   3.1100000e+06
   -6.825833e-08
   3.2000000e+06
   -7.051250e-08
   3.2800000e+06
   -6.877083e-08
   3.3700000e+06
   -7.255417e-08
   3.4600000e+06
   -7.259583e-08
   3.5400000e+06
   -7.522500e-08
   3.6300000e+06
   1.4550930e-07
   3.7200000e+06
   5.0212500e-08
   3.8000000e+06
   -5.633333e-08
   3.8900000e+06
   -6.437500e-08
   3.9700000e+06
   -6.777750e-08
   4.0600000e+06
   -5.132917e-08
   4.1500000e+06
   1.1206670e-07
   4.2300000e+06
   0.0000000e+00

0.0                         TIMEIN
0                           ATMINP
86400.0                     TIMEIN
0.0                         ATMINP

