north:     0
south:           0.00000000
east:      0
west:            0.00000000
rows:     20
cols:     20
 4 0 2 2 2 2 2 2 2 2 2 2 2 2 2 2 2 2 2 2
 8 2 2 2 2 2 2 2 2 2 2 2 2 2 2 2 2 2 2 2
 6 6 2 2 2 2 2 2 2 2 2 2 2 2 2 2 2 2 2 2
 6 6 6 2 2 2 2 2 2 2 2 2 2 2 2 2 2 2 2 2
 6 6 6 6 2 2 2 2 2 2 2 2 2 2 2 2 2 2 2 2
 6 6 6 6 6 2 2 2 2 2 2 2 2 2 2 2 2 2 2 2
 6 6 6 6 6 6 2 2 2 2 2 2 2 2 2 2 2 2 2 2
 6 6 6 6 6 6 6 2 2 2 2 2 2 2 2 2 2 2 2 2
 6 6 6 6 6 6 6 6 2 2 2 2 2 2 2 2 2 2 2 2
 6 6 6 6 6 6 6 6 6 2 2 2 2 2 2 2 2 2 2 2
 6 6 6 6 6 6 6 6 6 6 2 2 2 2 2 2 2 2 2 2
 6 6 6 6 6 6 6 6 6 6 6 2 2 2 2 2 2 2 2 2
 6 6 6 6 6 6 6 6 6 6 6 6 2 2 2 2 2 2 2 2
 6 6 6 6 6 6 6 6 6 6 6 6 6 2 2 2 2 2 2 2
 6 6 6 6 6 6 6 6 6 6 6 6 6 6 2 2 2 2 2 2
 6 6 6 6 6 6 6 6 6 6 6 6 6 6 6 2 2 2 2 2
 6 6 6 6 6 6 6 6 6 6 6 6 6 6 6 6 2 2 2 2
 6 6 6 6 6 6 6 6 6 6 6 6 6 6 6 6 6 2 2 2
 6 6 6 6 6 6 6 6 6 6 6 6 6 6 6 6 6 6 2 2
 6 6 6 6 6 6 6 6 6 6 6 6 6 6 6 6 6 6 6 2
