                     #***** Cumulative flow volumes ***** 
# Nstep    Deltat      Time  SeepageF  nansfDir  nansfNeu   Nudging  net (VTOT)
      1  1.95E-02  1.95E-02  0.00E+00  0.00E+00  0.00E+00  0.00E+00 -1.0535E-06
      2  1.00E-02  2.95E-02  0.00E+00  0.00E+00  0.00E+00  0.00E+00 -2.2190E-06
      3  1.10E-02  4.05E-02  0.00E+00  0.00E+00  0.00E+00  0.00E+00 -3.6722E-06
      4  1.21E-02  5.26E-02  0.00E+00  0.00E+00  0.00E+00  0.00E+00 -5.4346E-06
      5  1.00E-02  6.26E-02  0.00E+00  0.00E+00  0.00E+00  0.00E+00 -7.0000E-06
      6  1.00E-02  7.26E-02  0.00E+00  0.00E+00  0.00E+00  0.00E+00 -8.6454E-06
      7  1.00E-02  8.26E-02  0.00E+00  0.00E+00  0.00E+00  0.00E+00 -1.0365E-05
      8  1.00E-02  9.26E-02  0.00E+00  0.00E+00  0.00E+00  0.00E+00 -1.2152E-05
      9  1.00E-02  1.03E-01  0.00E+00  0.00E+00  0.00E+00  0.00E+00 -1.4002E-05
     10  1.00E-02  1.13E-01  0.00E+00  0.00E+00  0.00E+00  0.00E+00 -1.5909E-05
     11  1.00E-02  1.23E-01  0.00E+00  0.00E+00  0.00E+00  0.00E+00 -1.7868E-05
     12  1.00E-02  1.33E-01  0.00E+00  0.00E+00  0.00E+00  0.00E+00 -1.9877E-05
     13  1.00E-02  1.43E-01  0.00E+00  0.00E+00  0.00E+00  0.00E+00 -2.1931E-05
     14  1.00E-02  1.53E-01  0.00E+00  0.00E+00  0.00E+00  0.00E+00 -2.4028E-05
     15  1.00E-02  1.63E-01  0.00E+00  0.00E+00  0.00E+00  0.00E+00 -2.6167E-05
     16  1.00E-02  1.73E-01  0.00E+00  0.00E+00  0.00E+00  0.00E+00 -2.8343E-05
     17  1.00E-02  1.83E-01  0.00E+00  0.00E+00  0.00E+00  0.00E+00 -3.0556E-05
     18  1.00E-02  1.93E-01  0.00E+00  0.00E+00  0.00E+00  0.00E+00 -3.2803E-05
     19  1.00E-02  2.03E-01  0.00E+00  0.00E+00  0.00E+00  0.00E+00 -3.5083E-05
     20  1.00E-02  2.13E-01  0.00E+00  0.00E+00  0.00E+00  0.00E+00 -3.7392E-05
     21  1.00E-02  2.23E-01  0.00E+00  0.00E+00  0.00E+00  0.00E+00 -3.9735E-05
     22  1.00E-02  2.33E-01  0.00E+00  0.00E+00  0.00E+00  0.00E+00 -4.2107E-05
     23  1.00E-02  2.43E-01  0.00E+00  0.00E+00  0.00E+00  0.00E+00 -4.4500E-05
     24  1.00E-02  2.53E-01  0.00E+00  0.00E+00  0.00E+00  0.00E+00 -4.6917E-05
     25  1.00E-02  2.63E-01  0.00E+00  0.00E+00  0.00E+00  0.00E+00 -4.9355E-05
     26  1.10E-02  2.74E-01  0.00E+00  0.00E+00  0.00E+00  0.00E+00 -5.2059E-05
     27  1.10E-02  2.85E-01  0.00E+00  0.00E+00  0.00E+00  0.00E+00 -5.4788E-05
     28  1.10E-02  2.96E-01  0.00E+00  0.00E+00  0.00E+00  0.00E+00 -5.7539E-05
     29  1.21E-02  3.08E-01  0.00E+00  0.00E+00  0.00E+00  0.00E+00 -6.0586E-05
     30  1.21E-02  3.20E-01  0.00E+00  0.00E+00  0.00E+00  0.00E+00 -6.3657E-05
     31  1.21E-02  3.32E-01  0.00E+00  0.00E+00  0.00E+00  0.00E+00 -6.6746E-05
     32  1.33E-02  3.45E-01  0.00E+00  0.00E+00  0.00E+00  0.00E+00 -7.0170E-05
     33  1.33E-02  3.59E-01  0.00E+00  0.00E+00  0.00E+00  0.00E+00 -7.3616E-05
     34  1.33E-02  3.72E-01  0.00E+00  0.00E+00  0.00E+00  0.00E+00 -7.7076E-05
     35  1.46E-02  3.87E-01  0.00E+00  0.00E+00  0.00E+00  0.00E+00 -8.0902E-05
     36  1.46E-02  4.01E-01  0.00E+00  0.00E+00  0.00E+00  0.00E+00 -8.4750E-05
     37  1.61E-02  4.17E-01  0.00E+00  0.00E+00  0.00E+00  0.00E+00 -8.9001E-05
     38  1.77E-02  4.35E-01  0.00E+00  0.00E+00  0.00E+00  0.00E+00 -9.3703E-05
     39  1.77E-02  4.53E-01  0.00E+00  0.00E+00  0.00E+00  0.00E+00 -9.8425E-05
     40  1.95E-02  4.72E-01  0.00E+00  0.00E+00  0.00E+00  0.00E+00 -1.0363E-04
     41  2.14E-02  4.94E-01  0.00E+00  0.00E+00  0.00E+00  0.00E+00 -1.0939E-04
     42  2.36E-02  5.17E-01  0.00E+00  0.00E+00  0.00E+00  0.00E+00 -1.1573E-04
     43  2.36E-02  5.41E-01  0.00E+00  0.00E+00  0.00E+00  0.00E+00 -1.2210E-04
     44  2.59E-02  5.67E-01  0.00E+00  0.00E+00  0.00E+00  0.00E+00 -1.2913E-04
     45  2.59E-02  5.93E-01  0.00E+00  0.00E+00  0.00E+00  0.00E+00 -1.3618E-04
     46  2.85E-02  6.21E-01  0.00E+00  0.00E+00  0.00E+00  0.00E+00 -1.4393E-04
     47  2.85E-02  6.50E-01  0.00E+00  0.00E+00  0.00E+00  0.00E+00 -1.5170E-04
     48  2.85E-02  6.78E-01  0.00E+00  0.00E+00  0.00E+00  0.00E+00 -1.5948E-04
     49  3.14E-02  7.10E-01  0.00E+00  0.00E+00  0.00E+00  0.00E+00 -1.6805E-04
     50  3.45E-02  7.44E-01  0.00E+00  0.00E+00  0.00E+00  0.00E+00 -1.7749E-04
     51  3.45E-02  7.79E-01  0.00E+00  0.00E+00  0.00E+00  0.00E+00 -1.8693E-04
     52  3.80E-02  8.17E-01  0.00E+00  0.00E+00  0.00E+00  0.00E+00 -1.9732E-04
     53  4.18E-02  8.58E-01  0.00E+00  0.00E+00  0.00E+00  0.00E+00 -2.0876E-04
     54  4.59E-02  9.04E-01  0.00E+00  0.00E+00  0.00E+00  0.00E+00 -2.2135E-04
     55  5.05E-02  9.55E-01  0.00E+00  0.00E+00  0.00E+00  0.00E+00 -2.3520E-04
     56  5.56E-02  1.01E+00  0.00E+00  0.00E+00  0.00E+00  0.00E+00 -2.5044E-04
     57  6.12E-02  1.07E+00  0.00E+00  0.00E+00  0.00E+00  0.00E+00 -2.6720E-04
     58  6.12E-02  1.13E+00  0.00E+00  0.00E+00  0.00E+00  0.00E+00 -2.8396E-04
     59  6.73E-02  1.20E+00  0.00E+00  0.00E+00  0.00E+00  0.00E+00 -3.0238E-04
     60  6.73E-02  1.27E+00  0.00E+00  0.00E+00  0.00E+00  0.00E+00 -3.2080E-04
     61  7.40E-02  1.34E+00  0.00E+00  0.00E+00  0.00E+00  0.00E+00 -3.4105E-04
     62  8.14E-02  1.42E+00  0.00E+00  0.00E+00  0.00E+00  0.00E+00 -3.6333E-04
     63  8.14E-02  1.50E+00  0.00E+00  0.00E+00  0.00E+00  0.00E+00 -3.8559E-04
     64  8.95E-02  1.59E+00  0.00E+00  0.00E+00  0.00E+00  0.00E+00 -4.1006E-04
     65  9.85E-02  1.69E+00  0.00E+00  0.00E+00  0.00E+00  0.00E+00 -4.3697E-04
     66  9.85E-02  1.79E+00  0.00E+00  0.00E+00  0.00E+00  0.00E+00 -4.6387E-04
     67  1.08E-01  1.90E+00  0.00E+00  0.00E+00  0.00E+00  0.00E+00 -4.9345E-04
     68  1.08E-01  2.01E+00  0.00E+00  0.00E+00  0.00E+00  0.00E+00 -5.2302E-04
     69  1.08E-01  2.12E+00  0.00E+00  0.00E+00  0.00E+00  0.00E+00 -5.5256E-04
     70  1.19E-01  2.23E+00  0.00E+00  0.00E+00  0.00E+00  0.00E+00 -5.8503E-04
     71  1.31E-01  2.37E+00  0.00E+00  0.00E+00  0.00E+00  0.00E+00 -6.2073E-04
     72  1.44E-01  2.51E+00  0.00E+00  0.00E+00  0.00E+00  0.00E+00 -6.6000E-04
     73  1.44E-01  2.65E+00  0.00E+00  0.00E+00  0.00E+00  0.00E+00 -6.9924E-04
     74  1.59E-01  2.81E+00  0.00E+00  0.00E+00  0.00E+00  0.00E+00 -7.4240E-04
     75  1.59E-01  2.97E+00  0.00E+00  0.00E+00  0.00E+00  0.00E+00 -7.8553E-04
     76  1.74E-01  3.15E+00  0.00E+00  0.00E+00  0.00E+00  0.00E+00 -8.3291E-04
     77  1.92E-01  3.34E+00  0.00E+00  0.00E+00  0.00E+00  0.00E+00 -8.8504E-04
     78  1.92E-01  3.53E+00  0.00E+00  0.00E+00  0.00E+00  0.00E+00 -9.3713E-04
     79  2.11E-01  3.74E+00  0.00E+00  0.00E+00  0.00E+00  0.00E+00 -9.9438E-04
     80  2.32E-01  3.97E+00  0.00E+00  0.00E+00  0.00E+00  0.00E+00 -1.0573E-03
     81  2.32E-01  4.21E+00  0.00E+00  0.00E+00  0.00E+00  0.00E+00 -1.1202E-03
     82  2.55E-01  4.46E+00  0.00E+00  0.00E+00  0.00E+00  0.00E+00 -1.1894E-03
     83  2.81E-01  4.74E+00  0.00E+00  0.00E+00  0.00E+00  0.00E+00 -1.2654E-03
     84  2.81E-01  5.02E+00  0.00E+00  0.00E+00  0.00E+00  0.00E+00 -1.3413E-03
     85  3.09E-01  5.33E+00  0.00E+00  0.00E+00  0.00E+00  0.00E+00 -1.4248E-03
     86  3.40E-01  5.67E+00  0.00E+00  0.00E+00  0.00E+00  0.00E+00 -1.5165E-03
     87  3.74E-01  6.05E+00  0.00E+00  0.00E+00  0.00E+00  0.00E+00 -1.6173E-03
     88  4.11E-01  6.46E+00  0.00E+00  0.00E+00  0.00E+00  0.00E+00 -1.7282E-03
     89  4.11E-01  6.87E+00  0.00E+00  0.00E+00  0.00E+00  0.00E+00 -1.8390E-03
     90  4.53E-01  7.32E+00  0.00E+00  0.00E+00  0.00E+00  0.00E+00 -1.9606E-03
     91  4.53E-01  7.77E+00  0.00E+00  0.00E+00  0.00E+00  0.00E+00 -2.0822E-03
     92  4.98E-01  8.27E+00  0.00E+00  0.00E+00  0.00E+00  0.00E+00 -2.2157E-03
     93  5.48E-01  8.82E+00  0.00E+00  0.00E+00  0.00E+00  0.00E+00 -2.3625E-03
     94  5.48E-01  9.37E+00  0.00E+00  0.00E+00  0.00E+00  0.00E+00 -2.5093E-03
     95  6.02E-01  9.97E+00  0.00E+00  0.00E+00  0.00E+00  0.00E+00 -2.6703E-03
     96  6.63E-01  1.06E+01  0.00E+00  0.00E+00  0.00E+00  0.00E+00 -2.8474E-03
     97  6.63E-01  1.13E+01  0.00E+00  0.00E+00  0.00E+00  0.00E+00 -3.0243E-03
     98  7.29E-01  1.20E+01  0.00E+00  0.00E+00  0.00E+00  0.00E+00 -3.2186E-03
     99  8.02E-01  1.28E+01  0.00E+00  0.00E+00  0.00E+00  0.00E+00 -3.4321E-03
    100  8.82E-01  1.37E+01  0.00E+00  0.00E+00  0.00E+00  0.00E+00 -3.6667E-03
    101  9.70E-01  1.47E+01  0.00E+00  0.00E+00  0.00E+00  0.00E+00 -3.9244E-03
    102  1.07E+00  1.57E+01  0.00E+00  0.00E+00  0.00E+00  0.00E+00 -4.2075E-03
    103  1.17E+00  1.69E+01  0.00E+00  0.00E+00  0.00E+00  0.00E+00 -4.5185E-03
    104  1.17E+00  1.81E+01  0.00E+00  0.00E+00  0.00E+00  0.00E+00 -4.8291E-03
    105  1.17E+00  1.93E+01  0.00E+00  0.00E+00  0.00E+00  0.00E+00 -5.1390E-03
    106  1.29E+00  2.06E+01  0.00E+00  0.00E+00  0.00E+00  0.00E+00 -5.4792E-03
    107  1.42E+00  2.20E+01  0.00E+00  0.00E+00  0.00E+00  0.00E+00 -5.8529E-03
    108  1.56E+00  2.35E+01  0.00E+00  0.00E+00  0.00E+00  0.00E+00 -6.2635E-03
    109  1.56E+00  2.51E+01  0.00E+00  0.00E+00  0.00E+00  0.00E+00 -6.6734E-03
    110  1.72E+00  2.68E+01  0.00E+00  0.00E+00  0.00E+00  0.00E+00 -7.1236E-03
    111  1.72E+00  2.85E+01  0.00E+00  0.00E+00  0.00E+00  0.00E+00 -7.5732E-03
    112  1.72E+00  3.03E+01  0.00E+00  0.00E+00  0.00E+00  0.00E+00 -8.0215E-03
    113  1.89E+00  3.22E+01  0.00E+00  0.00E+00  0.00E+00  0.00E+00 -8.5136E-03
    114  2.08E+00  3.42E+01  0.00E+00  0.00E+00  0.00E+00  0.00E+00 -9.0547E-03
    115  2.08E+00  3.63E+01  0.00E+00  0.00E+00  0.00E+00  0.00E+00 -9.5948E-03
    116  2.29E+00  3.86E+01  0.00E+00  0.00E+00  0.00E+00  0.00E+00 -1.0187E-02
    117  2.52E+00  4.11E+01  0.00E+00  0.00E+00  0.00E+00  0.00E+00 -1.0838E-02
    118  2.77E+00  4.39E+01  0.00E+00  0.00E+00  0.00E+00  0.00E+00 -1.1552E-02
    119  3.04E+00  4.69E+01  0.00E+00  0.00E+00  0.00E+00  0.00E+00 -1.2337E-02
    120  3.35E+00  5.03E+01  0.00E+00  0.00E+00  0.00E+00  0.00E+00 -1.3199E-02
    121  3.35E+00  5.36E+01  0.00E+00  0.00E+00  0.00E+00  0.00E+00 -1.4058E-02
    122  3.68E+00  5.73E+01  0.00E+00  0.00E+00  0.00E+00  0.00E+00 -1.5001E-02
    123  4.05E+00  6.14E+01  0.00E+00  0.00E+00  0.00E+00  0.00E+00 -1.6037E-02
    124  4.46E+00  6.58E+01  0.00E+00  0.00E+00  0.00E+00  0.00E+00 -1.7174E-02
    125  4.90E+00  7.07E+01  0.00E+00  0.00E+00  0.00E+00  0.00E+00 -1.8420E-02
    126  5.39E+00  7.61E+01  0.00E+00  0.00E+00  0.00E+00  0.00E+00 -1.9790E-02
    127  5.39E+00  8.15E+01  0.00E+00  0.00E+00  0.00E+00  0.00E+00 -2.1155E-02
    128  5.93E+00  8.74E+01  0.00E+00  0.00E+00  0.00E+00  0.00E+00 -2.2651E-02
    129  6.53E+00  9.40E+01  0.00E+00  0.00E+00  0.00E+00  0.00E+00 -2.4292E-02
    130  7.18E+00  1.01E+02  0.00E+00  0.00E+00  0.00E+00  0.00E+00 -2.6092E-02
    131  7.90E+00  1.09E+02  0.00E+00  0.00E+00  0.00E+00  0.00E+00 -2.8066E-02
    132  8.69E+00  1.18E+02  0.00E+00  0.00E+00  0.00E+00  0.00E+00 -3.0231E-02
    133  9.56E+00  1.27E+02  0.00E+00  0.00E+00  0.00E+00  0.00E+00 -3.2603E-02
    134  1.05E+01  1.38E+02  0.00E+00  0.00E+00  0.00E+00  0.00E+00 -3.5202E-02
    135  1.16E+01  1.49E+02  0.00E+00  0.00E+00  0.00E+00  0.00E+00 -3.8051E-02
    136  1.27E+01  1.62E+02  0.00E+00  0.00E+00  0.00E+00  0.00E+00 -4.1169E-02
    137  1.40E+01  1.76E+02  0.00E+00  0.00E+00  0.00E+00  0.00E+00 -4.4581E-02
    138  1.54E+01  1.91E+02  0.00E+00  0.00E+00  0.00E+00  0.00E+00 -4.8323E-02
    139  1.54E+01  2.07E+02  0.00E+00  0.00E+00  0.00E+00  0.00E+00 -5.2047E-02
    140  1.69E+01  2.24E+02  0.00E+00  0.00E+00  0.00E+00  0.00E+00 -5.6122E-02
    141  1.69E+01  2.41E+02  0.00E+00  0.00E+00  0.00E+00  0.00E+00 -6.0182E-02
    142  1.86E+01  2.59E+02  0.00E+00  0.00E+00  0.00E+00  0.00E+00 -6.4624E-02
    143  1.86E+01  2.78E+02  0.00E+00  0.00E+00  0.00E+00  0.00E+00 -6.9041E-02
    144  2.05E+01  2.98E+02  0.00E+00  0.00E+00  0.00E+00  0.00E+00 -7.3877E-02
    145  2.05E+01  3.19E+02  0.00E+00  0.00E+00  0.00E+00  0.00E+00 -7.8690E-02
    146  2.25E+01  3.41E+02  0.00E+00  0.00E+00  0.00E+00  0.00E+00 -8.3963E-02
    147  2.48E+01  3.66E+02  0.00E+00  0.00E+00  0.00E+00  0.00E+00 -8.9740E-02
    148  2.48E+01  3.91E+02  0.00E+00  0.00E+00  0.00E+00  0.00E+00 -9.5486E-02
    149  2.73E+01  4.18E+02  0.00E+00  0.00E+00  0.00E+00  0.00E+00 -1.0177E-01
    150  3.00E+01  4.48E+02  0.00E+00  0.00E+00  0.00E+00  0.00E+00 -1.0863E-01
    151  3.30E+01  4.81E+02  0.00E+00  0.00E+00  0.00E+00  0.00E+00 -1.1613E-01
    152  3.63E+01  5.18E+02  0.00E+00  0.00E+00  0.00E+00  0.00E+00 -1.2435E-01
    153  1.81E+01  5.36E+02  0.00E+00  0.00E+00  0.00E+00  0.00E+00 -1.2843E-01
    154  2.00E+01  5.56E+02  0.00E+00  0.00E+00  0.00E+00  0.00E+00 -1.3287E-01
    155  2.20E+01  5.78E+02  0.00E+00  0.00E+00  0.00E+00  0.00E+00 -1.3777E-01
    156  2.42E+01  6.02E+02  0.00E+00  0.00E+00  0.00E+00  0.00E+00 -1.4314E-01
    157  2.42E+01  6.26E+02  0.00E+00  0.00E+00  0.00E+00  0.00E+00 -1.4850E-01
    158  2.66E+01  6.52E+02  0.00E+00  0.00E+00  0.00E+00  0.00E+00 -1.5437E-01
    159  2.92E+01  6.82E+02  0.00E+00  0.00E+00  0.00E+00  0.00E+00 -1.6080E-01
    160  3.21E+01  7.14E+02  0.00E+00  0.00E+00  0.00E+00  0.00E+00 -1.6783E-01
    161  3.21E+01  7.46E+02  0.00E+00  0.00E+00  0.00E+00  0.00E+00 -1.7484E-01
    162  3.21E+01  7.78E+02  0.00E+00  0.00E+00  0.00E+00  0.00E+00 -1.8180E-01
    163  3.54E+01  8.13E+02  0.00E+00  0.00E+00  0.00E+00  0.00E+00 -1.8943E-01
    164  3.89E+01  8.52E+02  0.00E+00  0.00E+00  0.00E+00  0.00E+00 -1.9778E-01
    165  3.89E+01  8.91E+02  0.00E+00  0.00E+00  0.00E+00  0.00E+00 -2.0608E-01
    166  4.28E+01  9.34E+02  0.00E+00  0.00E+00  0.00E+00  0.00E+00 -2.1517E-01
    167  4.71E+01  9.81E+02  0.00E+00  0.00E+00  0.00E+00  0.00E+00 -2.2512E-01
    168  4.71E+01  1.03E+03  0.00E+00  0.00E+00  0.00E+00  0.00E+00 -2.3498E-01
    169  5.18E+01  1.08E+03  0.00E+00  0.00E+00  0.00E+00  0.00E+00 -2.4577E-01
    170  5.69E+01  1.14E+03  0.00E+00  0.00E+00  0.00E+00  0.00E+00 -2.5757E-01
    171  6.26E+01  1.20E+03  0.00E+00  0.00E+00  0.00E+00  0.00E+00 -2.7045E-01
    172  6.89E+01  1.27E+03  0.00E+00  0.00E+00  0.00E+00  0.00E+00 -2.8452E-01
    173  7.58E+01  1.34E+03  0.00E+00  0.00E+00  0.00E+00  0.00E+00 -2.9987E-01
    174  7.58E+01  1.42E+03  0.00E+00  0.00E+00  0.00E+00  0.00E+00 -3.1508E-01
    175  8.34E+01  1.50E+03  0.00E+00  0.00E+00  0.00E+00  0.00E+00 -3.3164E-01
    176  9.17E+01  1.60E+03  0.00E+00  0.00E+00  0.00E+00  0.00E+00 -3.4969E-01
    177  1.00E+02  1.70E+03  0.00E+00  0.00E+00  0.00E+00  0.00E+00 -3.6918E-01
    178  1.00E+02  1.80E+03  0.00E+00  0.00E+00  0.00E+00  0.00E+00 -3.8845E-01
    179  1.00E+02  1.90E+03  0.00E+00  0.00E+00  0.00E+00  0.00E+00 -4.0751E-01
    180  1.00E+02  2.00E+03  0.00E+00  0.00E+00  0.00E+00  0.00E+00 -4.2639E-01
    181  5.00E+01  2.05E+03  0.00E+00  0.00E+00  0.00E+00  0.00E+00 -4.3574E-01
    182  5.50E+01  2.10E+03  0.00E+00  0.00E+00  0.00E+00  0.00E+00 -4.4596E-01
    183  6.05E+01  2.16E+03  0.00E+00  0.00E+00  0.00E+00  0.00E+00 -4.5718E-01
    184  6.66E+01  2.23E+03  0.00E+00  0.00E+00  0.00E+00  0.00E+00 -4.6944E-01
    185  7.32E+01  2.30E+03  0.00E+00  0.00E+00  0.00E+00  0.00E+00 -4.8284E-01
    186  8.05E+01  2.38E+03  0.00E+00  0.00E+00  0.00E+00  0.00E+00 -4.9749E-01
    187  8.86E+01  2.47E+03  0.00E+00  0.00E+00  0.00E+00  0.00E+00 -5.1347E-01
    188  9.74E+01  2.57E+03  0.00E+00  0.00E+00  0.00E+00  0.00E+00 -5.3089E-01
    189  1.00E+02  2.67E+03  0.00E+00  0.00E+00  0.00E+00  0.00E+00 -5.4861E-01
    190  1.00E+02  2.77E+03  0.00E+00  0.00E+00  0.00E+00  0.00E+00 -5.6617E-01
    191  1.00E+02  2.87E+03  0.00E+00  0.00E+00  0.00E+00  0.00E+00 -5.8356E-01
    192  1.00E+02  2.97E+03  0.00E+00  0.00E+00  0.00E+00  0.00E+00 -6.0082E-01
    193  1.00E+02  3.07E+03  0.00E+00  0.00E+00  0.00E+00  0.00E+00 -6.1796E-01
    194  1.00E+02  3.17E+03  0.00E+00  0.00E+00  0.00E+00  0.00E+00 -6.3491E-01
    195  1.00E+02  3.27E+03  0.00E+00  0.00E+00  0.00E+00  0.00E+00 -6.5173E-01
    196  1.00E+02  3.37E+03  0.00E+00  0.00E+00  0.00E+00  0.00E+00 -6.6842E-01
    197  1.00E+02  3.47E+03  0.00E+00  0.00E+00  0.00E+00  0.00E+00 -6.8497E-01
    198  1.00E+02  3.57E+03  0.00E+00  0.00E+00  0.00E+00  0.00E+00 -7.0137E-01
    199  1.00E+02  3.67E+03  0.00E+00  0.00E+00  0.00E+00  0.00E+00 -7.1766E-01
    200  1.00E+02  3.77E+03  0.00E+00  0.00E+00  0.00E+00  0.00E+00 -7.3381E-01
    201  1.00E+02  3.87E+03  0.00E+00  0.00E+00  0.00E+00  0.00E+00 -7.4983E-01
    202  1.00E+02  3.97E+03  0.00E+00  0.00E+00  0.00E+00  0.00E+00 -7.6572E-01
    203  1.00E+02  4.07E+03  0.00E+00  0.00E+00  0.00E+00  0.00E+00 -7.8149E-01
    204  1.00E+02  4.17E+03  0.00E+00  0.00E+00  0.00E+00  0.00E+00 -7.9713E-01
    205  1.00E+02  4.27E+03  0.00E+00  0.00E+00  0.00E+00  0.00E+00 -8.1267E-01
    206  1.00E+02  4.37E+03  0.00E+00  0.00E+00  0.00E+00  0.00E+00 -8.2810E-01
    207  1.00E+02  4.47E+03  0.00E+00  0.00E+00  0.00E+00  0.00E+00 -8.4340E-01
    208  1.00E+02  4.57E+03  0.00E+00  0.00E+00  0.00E+00  0.00E+00 -8.5858E-01
    209  1.00E+02  4.67E+03  0.00E+00  0.00E+00  0.00E+00  0.00E+00 -8.7366E-01
    210  1.00E+02  4.77E+03  0.00E+00  0.00E+00  0.00E+00  0.00E+00 -8.8863E-01
    211  1.00E+02  4.87E+03  0.00E+00  0.00E+00  0.00E+00  0.00E+00 -9.0348E-01
    212  1.00E+02  4.97E+03  0.00E+00  0.00E+00  0.00E+00  0.00E+00 -9.1825E-01
    213  1.00E+02  5.07E+03  0.00E+00  0.00E+00  0.00E+00  0.00E+00 -9.3290E-01
    214  1.00E+02  5.17E+03  0.00E+00  0.00E+00  0.00E+00  0.00E+00 -9.4744E-01
    215  1.00E+02  5.27E+03  0.00E+00  0.00E+00  0.00E+00  0.00E+00 -9.6189E-01
    216  1.00E+02  5.37E+03  0.00E+00  0.00E+00  0.00E+00  0.00E+00 -9.7624E-01
    217  1.00E+02  5.47E+03  0.00E+00  0.00E+00  0.00E+00  0.00E+00 -9.9049E-01
    218  1.00E+02  5.57E+03  0.00E+00  0.00E+00  0.00E+00  0.00E+00 -1.0046E+00
    219  1.00E+02  5.67E+03  0.00E+00  0.00E+00  0.00E+00  0.00E+00 -1.0187E+00
    220  1.00E+02  5.77E+03  0.00E+00  0.00E+00  0.00E+00  0.00E+00 -1.0326E+00
    221  1.00E+02  5.87E+03  0.00E+00  0.00E+00  0.00E+00  0.00E+00 -1.0465E+00
    222  1.00E+02  5.97E+03  0.00E+00  0.00E+00  0.00E+00  0.00E+00 -1.0603E+00
    223  1.00E+02  6.07E+03  0.00E+00  0.00E+00  0.00E+00  0.00E+00 -1.0739E+00
    224  1.00E+02  6.17E+03  0.00E+00  0.00E+00  0.00E+00  0.00E+00 -1.0875E+00
    225  1.00E+02  6.27E+03  0.00E+00  0.00E+00  0.00E+00  0.00E+00 -1.1010E+00
    226  1.00E+02  6.37E+03  0.00E+00  0.00E+00  0.00E+00  0.00E+00 -1.1144E+00
    227  1.00E+02  6.47E+03  0.00E+00  0.00E+00  0.00E+00  0.00E+00 -1.1277E+00
    228  1.00E+02  6.57E+03  0.00E+00  0.00E+00  0.00E+00  0.00E+00 -1.1410E+00
    229  1.00E+02  6.67E+03  0.00E+00  0.00E+00  0.00E+00  0.00E+00 -1.1541E+00
    230  1.00E+02  6.77E+03  0.00E+00  0.00E+00  0.00E+00  0.00E+00 -1.1672E+00
    231  1.00E+02  6.87E+03  0.00E+00  0.00E+00  0.00E+00  0.00E+00 -1.1802E+00
    232  1.00E+02  6.97E+03  0.00E+00  0.00E+00  0.00E+00  0.00E+00 -1.1931E+00
    233  1.00E+02  7.07E+03  0.00E+00  0.00E+00  0.00E+00  0.00E+00 -1.2059E+00
    234  1.00E+02  7.17E+03  0.00E+00  0.00E+00  0.00E+00  0.00E+00 -1.2186E+00
    235  1.00E+02  7.27E+03  0.00E+00  0.00E+00  0.00E+00  0.00E+00 -1.2313E+00
    236  1.00E+02  7.37E+03  0.00E+00  0.00E+00  0.00E+00  0.00E+00 -1.2439E+00
    237  1.00E+02  7.47E+03  0.00E+00  0.00E+00  0.00E+00  0.00E+00 -1.2564E+00
    238  1.00E+02  7.57E+03  0.00E+00  0.00E+00  0.00E+00  0.00E+00 -1.2688E+00
    239  1.00E+02  7.67E+03  0.00E+00  0.00E+00  0.00E+00  0.00E+00 -1.2812E+00
    240  1.00E+02  7.77E+03  0.00E+00  0.00E+00  0.00E+00  0.00E+00 -1.2935E+00
    241  1.00E+02  7.87E+03  0.00E+00  0.00E+00  0.00E+00  0.00E+00 -1.3057E+00
    242  1.00E+02  7.97E+03  0.00E+00  0.00E+00  0.00E+00  0.00E+00 -1.3178E+00
    243  1.00E+02  8.07E+03  0.00E+00  0.00E+00  0.00E+00  0.00E+00 -1.3299E+00
    244  1.00E+02  8.17E+03  0.00E+00  0.00E+00  0.00E+00  0.00E+00 -1.3419E+00
    245  1.00E+02  8.27E+03  0.00E+00  0.00E+00  0.00E+00  0.00E+00 -1.3538E+00
    246  1.00E+02  8.37E+03  0.00E+00  0.00E+00  0.00E+00  0.00E+00 -1.3657E+00
    247  1.00E+02  8.47E+03  0.00E+00  0.00E+00  0.00E+00  0.00E+00 -1.3774E+00
    248  1.00E+02  8.57E+03  0.00E+00  0.00E+00  0.00E+00  0.00E+00 -1.3891E+00
    249  1.00E+02  8.67E+03  0.00E+00  0.00E+00  0.00E+00  0.00E+00 -1.4008E+00
    250  1.00E+02  8.77E+03  0.00E+00  0.00E+00  0.00E+00  0.00E+00 -1.4124E+00
    251  1.00E+02  8.87E+03  0.00E+00  0.00E+00  0.00E+00  0.00E+00 -1.4239E+00
    252  1.00E+02  8.97E+03  0.00E+00  0.00E+00  0.00E+00  0.00E+00 -1.4353E+00
    253  1.00E+02  9.07E+03  0.00E+00  0.00E+00  0.00E+00  0.00E+00 -1.4467E+00
    254  1.00E+02  9.17E+03  0.00E+00  0.00E+00  0.00E+00  0.00E+00 -1.4580E+00
    255  1.00E+02  9.27E+03  0.00E+00  0.00E+00  0.00E+00  0.00E+00 -1.4693E+00
    256  1.00E+02  9.37E+03  0.00E+00  0.00E+00  0.00E+00  0.00E+00 -1.4805E+00
    257  1.00E+02  9.47E+03  0.00E+00  0.00E+00  0.00E+00  0.00E+00 -1.4916E+00
    258  1.00E+02  9.57E+03  0.00E+00  0.00E+00  0.00E+00  0.00E+00 -1.5027E+00
    259  1.00E+02  9.67E+03  0.00E+00  0.00E+00  0.00E+00  0.00E+00 -1.5137E+00
    260  1.00E+02  9.77E+03  0.00E+00  0.00E+00  0.00E+00  0.00E+00 -1.5246E+00
    261  1.00E+02  9.87E+03  0.00E+00  0.00E+00  0.00E+00  0.00E+00 -1.5355E+00
    262  1.00E+02  9.97E+03  0.00E+00  0.00E+00  0.00E+00  0.00E+00 -1.5463E+00
    263  1.00E+02  1.01E+04  0.00E+00  0.00E+00  0.00E+00  0.00E+00 -1.5571E+00
    264  1.00E+02  1.02E+04  0.00E+00  0.00E+00  0.00E+00  0.00E+00 -1.5678E+00
    265  1.00E+02  1.03E+04  0.00E+00  0.00E+00  0.00E+00  0.00E+00 -1.5784E+00
    266  1.00E+02  1.04E+04  0.00E+00  0.00E+00  0.00E+00  0.00E+00 -1.5890E+00
    267  1.00E+02  1.05E+04  0.00E+00  0.00E+00  0.00E+00  0.00E+00 -1.5995E+00
    268  1.00E+02  1.06E+04  0.00E+00  0.00E+00  0.00E+00  0.00E+00 -1.6100E+00
    269  1.00E+02  1.07E+04  0.00E+00  0.00E+00  0.00E+00  0.00E+00 -1.6204E+00
    270  1.00E+02  1.08E+04  0.00E+00  0.00E+00  0.00E+00  0.00E+00 -1.6308E+00
    271  1.00E+02  1.09E+04  0.00E+00  0.00E+00  0.00E+00  0.00E+00 -1.6411E+00
    272  1.00E+02  1.10E+04  0.00E+00  0.00E+00  0.00E+00  0.00E+00 -1.6514E+00
    273  1.00E+02  1.11E+04  0.00E+00  0.00E+00  0.00E+00  0.00E+00 -1.6616E+00
    274  1.00E+02  1.12E+04  0.00E+00  0.00E+00  0.00E+00  0.00E+00 -1.6717E+00
    275  1.00E+02  1.13E+04  0.00E+00  0.00E+00  0.00E+00  0.00E+00 -1.6818E+00
    276  1.00E+02  1.14E+04  0.00E+00  0.00E+00  0.00E+00  0.00E+00 -1.6919E+00
    277  1.00E+02  1.15E+04  0.00E+00  0.00E+00  0.00E+00  0.00E+00 -1.7019E+00
    278  1.00E+02  1.16E+04  0.00E+00  0.00E+00  0.00E+00  0.00E+00 -1.7118E+00
    279  1.00E+02  1.17E+04  0.00E+00  0.00E+00  0.00E+00  0.00E+00 -1.7217E+00
    280  1.00E+02  1.18E+04  0.00E+00  0.00E+00  0.00E+00  0.00E+00 -1.7316E+00
    281  1.00E+02  1.19E+04  0.00E+00  0.00E+00  0.00E+00  0.00E+00 -1.7414E+00
    282  1.00E+02  1.20E+04  0.00E+00  0.00E+00  0.00E+00  0.00E+00 -1.7511E+00
    283  1.00E+02  1.21E+04  0.00E+00  0.00E+00  0.00E+00  0.00E+00 -1.7608E+00
    284  1.00E+02  1.22E+04  0.00E+00  0.00E+00  0.00E+00  0.00E+00 -1.7705E+00
    285  1.00E+02  1.23E+04  0.00E+00  0.00E+00  0.00E+00  0.00E+00 -1.7801E+00
    286  1.00E+02  1.24E+04  0.00E+00  0.00E+00  0.00E+00  0.00E+00 -1.7896E+00
    287  1.00E+02  1.25E+04  0.00E+00  0.00E+00  0.00E+00  0.00E+00 -1.7992E+00
    288  1.00E+02  1.26E+04  0.00E+00  0.00E+00  0.00E+00  0.00E+00 -1.8086E+00
    289  1.00E+02  1.27E+04  0.00E+00  0.00E+00  0.00E+00  0.00E+00 -1.8180E+00
    290  1.00E+02  1.28E+04  0.00E+00  0.00E+00  0.00E+00  0.00E+00 -1.8274E+00
    291  1.00E+02  1.29E+04  0.00E+00  0.00E+00  0.00E+00  0.00E+00 -1.8367E+00
    292  1.00E+02  1.30E+04  0.00E+00  0.00E+00  0.00E+00  0.00E+00 -1.8460E+00
    293  1.00E+02  1.31E+04  0.00E+00  0.00E+00  0.00E+00  0.00E+00 -1.8552E+00
    294  1.00E+02  1.32E+04  0.00E+00  0.00E+00  0.00E+00  0.00E+00 -1.8644E+00
    295  1.00E+02  1.33E+04  0.00E+00  0.00E+00  0.00E+00  0.00E+00 -1.8735E+00
    296  1.00E+02  1.34E+04  0.00E+00  0.00E+00  0.00E+00  0.00E+00 -1.8826E+00
    297  1.00E+02  1.35E+04  0.00E+00  0.00E+00  0.00E+00  0.00E+00 -1.8917E+00
    298  1.00E+02  1.36E+04  0.00E+00  0.00E+00  0.00E+00  0.00E+00 -1.9007E+00
    299  1.00E+02  1.37E+04  0.00E+00  0.00E+00  0.00E+00  0.00E+00 -1.9096E+00
    300  1.00E+02  1.38E+04  0.00E+00  0.00E+00  0.00E+00  0.00E+00 -1.9185E+00
    301  1.00E+02  1.39E+04  0.00E+00  0.00E+00  0.00E+00  0.00E+00 -1.9274E+00
    302  1.00E+02  1.40E+04  0.00E+00  0.00E+00  0.00E+00  0.00E+00 -1.9363E+00
    303  1.00E+02  1.41E+04  0.00E+00  0.00E+00  0.00E+00  0.00E+00 -1.9450E+00
    304  1.00E+02  1.42E+04  0.00E+00  0.00E+00  0.00E+00  0.00E+00 -1.9538E+00
    305  1.00E+02  1.43E+04  0.00E+00  0.00E+00  0.00E+00  0.00E+00 -1.9625E+00
    306  1.00E+02  1.44E+04  0.00E+00  0.00E+00  0.00E+00  0.00E+00 -1.9712E+00
    307  1.00E+02  1.45E+04  0.00E+00  0.00E+00  0.00E+00  0.00E+00 -1.9798E+00
    308  1.00E+02  1.46E+04  0.00E+00  0.00E+00  0.00E+00  0.00E+00 -1.9884E+00
    309  1.00E+02  1.47E+04  0.00E+00  0.00E+00  0.00E+00  0.00E+00 -1.9970E+00
    310  1.00E+02  1.48E+04  0.00E+00  0.00E+00  0.00E+00  0.00E+00 -2.0055E+00
    311  1.00E+02  1.49E+04  0.00E+00  0.00E+00  0.00E+00  0.00E+00 -2.0140E+00
    312  1.00E+02  1.50E+04  0.00E+00  0.00E+00  0.00E+00  0.00E+00 -2.0224E+00
