#NSTP            DELTAT         TIME    POT. FLUX    ACT. FLUX    OVL. FLUX    RET. FLUX    SEEP FLUX    REC. FLUX     REC.VOL.
         1  1.95312E-02  1.95312E-02  0.00000E+00 -1.07883E-04  1.07883E-04  1.07883E-04  0.00000E+00  8.82706E-05  1.72404E-08
         2  1.00000E-02  2.95313E-02  0.00000E+00 -1.25203E-04  1.26251E-04  1.26313E-04  0.00000E+00  1.13052E-04  2.85455E-08
         3  1.10000E-02  4.05313E-02  0.00000E+00 -1.39018E-04  1.39994E-04  1.40985E-04  0.00000E+00  1.33258E-04  4.32039E-08
         4  1.21000E-02  5.26313E-02  0.00000E+00 -1.52289E-04  1.53093E-04  1.54036E-04  0.00000E+00  1.51219E-04  6.15014E-08
         5  1.00000E-02  6.26312E-02  0.00000E+00 -1.60791E-04  1.62356E-04  1.63244E-04  0.00000E+00  1.64177E-04  7.79191E-08
         6  1.00000E-02  7.26312E-02  0.00000E+00 -1.68288E-04  1.70053E-04  1.71460E-04  0.00000E+00  1.75737E-04  9.54928E-08
         7  1.00000E-02  8.26312E-02  0.00000E+00 -1.75626E-04  1.77145E-04  1.78829E-04  0.00000E+00  1.86184E-04  1.14111E-07
         8  1.00000E-02  9.26312E-02  0.00000E+00 -1.81855E-04  1.83315E-04  1.85613E-04  0.00000E+00  1.95710E-04  1.33682E-07
         9  1.00000E-02  1.02631E-01  0.00000E+00 -1.88154E-04  1.89558E-04  1.91856E-04  0.00000E+00  2.04456E-04  1.54128E-07
        10  1.00000E-02  1.12631E-01  0.00000E+00 -1.93263E-04  1.94994E-04  1.97623E-04  0.00000E+00  2.12540E-04  1.75382E-07
        11  1.00000E-02  1.22631E-01  0.00000E+00 -1.98434E-04  2.00123E-04  2.02994E-04  0.00000E+00  2.20033E-04  1.97385E-07
        12  1.00000E-02  1.32631E-01  0.00000E+00 -2.03348E-04  2.05048E-04  2.07975E-04  0.00000E+00  2.26957E-04  2.20081E-07
        13  1.00000E-02  1.42631E-01  0.00000E+00 -2.07389E-04  2.09219E-04  2.12623E-04  0.00000E+00  2.33409E-04  2.43422E-07
        14  1.00000E-02  1.52631E-01  0.00000E+00 -2.12147E-04  2.13771E-04  2.16969E-04  0.00000E+00  2.39387E-04  2.67360E-07
        15  1.00000E-02  1.62631E-01  0.00000E+00 -2.15615E-04  2.17468E-04  2.21017E-04  0.00000E+00  2.44980E-04  2.91858E-07
        16  1.00000E-02  1.72631E-01  0.00000E+00 -2.19620E-04  2.21259E-04  2.24798E-04  0.00000E+00  2.50187E-04  3.16877E-07
        17  1.00000E-02  1.82631E-01  0.00000E+00 -2.22864E-04  2.24570E-04  2.28345E-04  0.00000E+00  2.55040E-04  3.42381E-07
        18  1.00000E-02  1.92631E-01  0.00000E+00 -2.26531E-04  2.28145E-04  2.31653E-04  0.00000E+00  2.59554E-04  3.68337E-07
        19  1.00000E-02  2.02631E-01  0.00000E+00 -2.29484E-04  2.31377E-04  2.34755E-04  0.00000E+00  2.63746E-04  3.94711E-07
        20  1.00000E-02  2.12631E-01  0.00000E+00 -2.32473E-04  2.33474E-04  2.37669E-04  0.00000E+00  2.67672E-04  4.21478E-07
        21  1.00000E-02  2.22631E-01  0.00000E+00 -2.36124E-04  2.36988E-04  2.40386E-04  0.00000E+00  2.71310E-04  4.48609E-07
        22  1.00000E-02  2.32631E-01  0.00000E+00 -2.38114E-04  2.39431E-04  2.42929E-04  0.00000E+00  2.74702E-04  4.76080E-07
        23  1.00000E-02  2.42631E-01  0.00000E+00 -2.40528E-04  2.41736E-04  2.45302E-04  0.00000E+00  2.77872E-04  5.03867E-07
        24  1.00000E-02  2.52631E-01  0.00000E+00 -2.42956E-04  2.44111E-04  2.47516E-04  0.00000E+00  2.80817E-04  5.31949E-07
        25  1.00000E-02  2.62631E-01  0.00000E+00 -2.44656E-04  2.45975E-04  2.49580E-04  0.00000E+00  2.83581E-04  5.60307E-07
        26  1.10000E-02  2.73631E-01  0.00000E+00 -2.46974E-04  2.48050E-04  2.51688E-04  0.00000E+00  2.86380E-04  5.91808E-07
        27  1.10000E-02  2.84631E-01  0.00000E+00 -2.49222E-04  2.50115E-04  2.53645E-04  0.00000E+00  2.88961E-04  6.23594E-07
        28  1.10000E-02  2.95631E-01  0.00000E+00 -2.50829E-04  2.51969E-04  2.55474E-04  0.00000E+00  2.91365E-04  6.55644E-07
        29  1.21000E-02  3.07731E-01  0.00000E+00 -2.52902E-04  2.53793E-04  2.57307E-04  0.00000E+00  2.93782E-04  6.91192E-07
        30  1.21000E-02  3.19831E-01  0.00000E+00 -2.54629E-04  2.55492E-04  2.58991E-04  0.00000E+00  2.96009E-04  7.27009E-07
        31  1.21000E-02  3.31931E-01  0.00000E+00 -2.56036E-04  2.56900E-04  2.60537E-04  0.00000E+00  2.98067E-04  7.63075E-07
        32  1.33100E-02  3.45241E-01  0.00000E+00 -2.58362E-04  2.59081E-04  2.62085E-04  0.00000E+00  3.00089E-04  8.03017E-07
        33  1.33100E-02  3.58551E-01  0.00000E+00 -2.59440E-04  2.60688E-04  2.63495E-04  0.00000E+00  3.01942E-04  8.43206E-07
        34  1.33100E-02  3.71861E-01  0.00000E+00 -2.60517E-04  2.61875E-04  2.64781E-04  0.00000E+00  3.03640E-04  8.83620E-07
        35  1.46410E-02  3.86502E-01  0.00000E+00 -2.62184E-04  2.62929E-04  2.66058E-04  0.00000E+00  3.05310E-04  9.28321E-07
        36  1.46410E-02  4.01143E-01  0.00000E+00 -2.63360E-04  2.64098E-04  2.67210E-04  0.00000E+00  3.06825E-04  9.73243E-07
        37  1.61051E-02  4.17248E-01  0.00000E+00 -2.64580E-04  2.65134E-04  2.68341E-04  0.00000E+00  3.08304E-04  1.02290E-06
        38  1.77156E-02  4.34964E-01  0.00000E+00 -2.66250E-04  2.66668E-04  2.69438E-04  0.00000E+00  3.09699E-04  1.07776E-06
        39  1.77156E-02  4.52680E-01  0.00000E+00 -2.66802E-04  2.67562E-04  2.70406E-04  0.00000E+00  3.10946E-04  1.13285E-06
        40  1.94872E-02  4.72167E-01  0.00000E+00 -2.67839E-04  2.68413E-04  2.71333E-04  0.00000E+00  3.12134E-04  1.19367E-06
        41  2.14359E-02  4.93603E-01  0.00000E+00 -2.68764E-04  2.69211E-04  2.72210E-04  0.00000E+00  3.13241E-04  1.26082E-06
        42  2.35795E-02  5.17182E-01  0.00000E+00 -2.69727E-04  2.70099E-04  2.73027E-04  0.00000E+00  3.14234E-04  1.33491E-06
        43  2.35795E-02  5.40762E-01  0.00000E+00 -2.70266E-04  2.70719E-04  2.73716E-04  0.00000E+00  3.15083E-04  1.40921E-06
        44  2.59374E-02  5.66699E-01  0.00000E+00 -2.71781E-04  2.72153E-04  2.74341E-04  0.00000E+00  3.15784E-04  1.49111E-06
        45  2.59374E-02  5.92636E-01  0.00000E+00 -2.71485E-04  2.72619E-04  2.74865E-04  0.00000E+00  3.16297E-04  1.57315E-06
        46  2.85312E-02  6.21168E-01  0.00000E+00 -2.72182E-04  2.73161E-04  2.75335E-04  0.00000E+00  3.16457E-04  1.66344E-06
        47  2.85312E-02  6.49699E-01  0.00000E+00 -2.72587E-04  2.73623E-04  2.75715E-04  0.00000E+00  3.16605E-04  1.75377E-06
        48  2.85312E-02  6.78230E-01  0.00000E+00 -2.72776E-04  2.73878E-04  2.76019E-04  0.00000E+00  3.16712E-04  1.84414E-06
        49  3.13843E-02  7.09614E-01  0.00000E+00 -2.73145E-04  2.74088E-04  2.76281E-04  0.00000E+00  3.16752E-04  1.94355E-06
        50  3.45227E-02  7.44137E-01  0.00000E+00 -2.73566E-04  2.74378E-04  2.76496E-04  0.00000E+00  3.16706E-04  2.05288E-06
        51  3.45227E-02  7.78660E-01  0.00000E+00 -2.73597E-04  2.74491E-04  2.76657E-04  0.00000E+00  3.16637E-04  2.16219E-06
        52  3.79750E-02  8.16635E-01  0.00000E+00 -2.73793E-04  2.74565E-04  2.76782E-04  0.00000E+00  3.16498E-04  2.28238E-06
        53  4.17725E-02  8.58407E-01  0.00000E+00 -2.73931E-04  2.74600E-04  2.76870E-04  0.00000E+00  3.16458E-04  2.41458E-06
        54  4.59497E-02  9.04357E-01  0.00000E+00 -2.74017E-04  2.74598E-04  2.76924E-04  0.00000E+00  3.15809E-04  2.55969E-06
        55  5.05447E-02  9.54902E-01  0.00000E+00 -2.74039E-04  2.74560E-04  2.76945E-04  0.00000E+00  3.15299E-04  2.71906E-06
        56  5.55992E-02  1.01050E+00  0.00000E+00 -2.74020E-04  2.74491E-04  2.76938E-04  0.00000E+00  3.14400E-04  2.89386E-06
        57  6.11591E-02  1.07166E+00  0.00000E+00 -2.74100E-04  2.74527E-04  2.76903E-04  0.00000E+00  3.13369E-04  3.08551E-06
        58  6.11591E-02  1.13282E+00  0.00000E+00 -2.73866E-04  2.74417E-04  2.76853E-04  0.00000E+00  3.11537E-04  3.27605E-06
        59  6.72750E-02  1.20009E+00  0.00000E+00 -2.73912E-04  2.74404E-04  2.76782E-04  0.00000E+00  3.08380E-04  3.48351E-06
        60  6.72750E-02  1.26737E+00  0.00000E+00 -2.73681E-04  2.74269E-04  2.76707E-04  0.00000E+00  3.05251E-04  3.68887E-06
        61  7.40025E-02  1.34137E+00  0.00000E+00 -2.73591E-04  2.74118E-04  2.76619E-04  0.00000E+00  3.02078E-04  3.91241E-06
        62  8.14027E-02  1.42277E+00  0.00000E+00 -2.73619E-04  2.74095E-04  2.76515E-04  0.00000E+00  2.99723E-04  4.15639E-06
        63  8.14027E-02  1.50418E+00  0.00000E+00 -2.73326E-04  2.73934E-04  2.76416E-04  0.00000E+00  2.96939E-04  4.39811E-06
        64  8.95430E-02  1.59372E+00  0.00000E+00 -2.73212E-04  2.73759E-04  2.76308E-04  0.00000E+00  2.94307E-04  4.66164E-06
        65  9.84973E-02  1.69222E+00  0.00000E+00 -2.73301E-04  2.73795E-04  2.76192E-04  0.00000E+00  2.92281E-04  4.94953E-06
        66  9.84973E-02  1.79071E+00  0.00000E+00 -2.72918E-04  2.73615E-04  2.76080E-04  0.00000E+00  2.90652E-04  5.23582E-06
        67  1.08347E-01  1.89906E+00  0.00000E+00 -2.73102E-04  2.73733E-04  2.75954E-04  0.00000E+00  2.89314E-04  5.54928E-06
        68  1.08347E-01  2.00741E+00  0.00000E+00 -2.72747E-04  2.73667E-04  2.75833E-04  0.00000E+00  2.88446E-04  5.86180E-06
        69  1.08347E-01  2.11576E+00  0.00000E+00 -2.72466E-04  2.73490E-04  2.75721E-04  0.00000E+00  2.86686E-04  6.17242E-06
        70  1.19182E-01  2.23494E+00  0.00000E+00 -2.72382E-04  2.73299E-04  2.75602E-04  0.00000E+00  2.83043E-04  6.50975E-06
        71  1.31100E-01  2.36604E+00  0.00000E+00 -2.72268E-04  2.73092E-04  2.75475E-04  0.00000E+00  2.79664E-04  6.87639E-06
        72  1.44210E-01  2.51025E+00  0.00000E+00 -2.72341E-04  2.73084E-04  2.75335E-04  0.00000E+00  2.76934E-04  7.27576E-06
        73  1.44210E-01  2.65446E+00  0.00000E+00 -2.71949E-04  2.72872E-04  2.75204E-04  0.00000E+00  2.72902E-04  7.66931E-06
        74  1.58631E-01  2.81309E+00  0.00000E+00 -2.72132E-04  2.72962E-04  2.75050E-04  0.00000E+00  2.69971E-04  8.09757E-06
        75  1.58631E-01  2.97172E+00  0.00000E+00 -2.71629E-04  2.72748E-04  2.74915E-04  0.00000E+00  2.67649E-04  8.52214E-06
        76  1.74494E-01  3.14621E+00  0.00000E+00 -2.71516E-04  2.72517E-04  2.74769E-04  0.00000E+00  2.64359E-04  8.98343E-06
        77  1.91943E-01  3.33816E+00  0.00000E+00 -2.71629E-04  2.72527E-04  2.74604E-04  0.00000E+00  2.62608E-04  9.48749E-06
        78  1.91943E-01  3.53010E+00  0.00000E+00 -2.71180E-04  2.72296E-04  2.74451E-04  0.00000E+00  2.59592E-04  9.98576E-06
        79  2.11138E-01  3.74124E+00  0.00000E+00 -2.71053E-04  2.72046E-04  2.74287E-04  0.00000E+00  2.58387E-04  1.05313E-05
        80  2.32252E-01  3.97349E+00  0.00000E+00 -2.71088E-04  2.71974E-04  2.74103E-04  0.00000E+00  2.54683E-04  1.11228E-05
        81  2.32252E-01  4.20574E+00  0.00000E+00 -2.70639E-04  2.71720E-04  2.73938E-04  0.00000E+00  2.51354E-04  1.17066E-05
        82  2.55477E-01  4.46122E+00  0.00000E+00 -2.70485E-04  2.71446E-04  2.73760E-04  0.00000E+00  2.48205E-04  1.23407E-05
        83  2.81024E-01  4.74224E+00  0.00000E+00 -2.70436E-04  2.71290E-04  2.73561E-04  0.00000E+00  2.45372E-04  1.30303E-05
        84  2.81024E-01  5.02327E+00  0.00000E+00 -2.70041E-04  2.71010E-04  2.73377E-04  0.00000E+00  2.42286E-04  1.37111E-05
        85  3.09127E-01  5.33239E+00  0.00000E+00 -2.69852E-04  2.70708E-04  2.73181E-04  0.00000E+00  2.39356E-04  1.44510E-05
        86  3.40039E-01  5.67243E+00  0.00000E+00 -2.69624E-04  2.70384E-04  2.72978E-04  0.00000E+00  2.36761E-04  1.52561E-05
        87  3.74043E-01  6.04648E+00  0.00000E+00 -2.69360E-04  2.70039E-04  2.72761E-04  0.00000E+00  2.33094E-04  1.61280E-05
        88  4.11448E-01  6.45792E+00  0.00000E+00 -2.69742E-04  2.70346E-04  2.72479E-04  0.00000E+00  2.30391E-04  1.70759E-05
        89  4.11448E-01  6.86937E+00  0.00000E+00 -2.68754E-04  2.70017E-04  2.72258E-04  0.00000E+00  2.27239E-04  1.80109E-05
        90  4.52593E-01  7.32196E+00  0.00000E+00 -2.68831E-04  2.69949E-04  2.72009E-04  0.00000E+00  2.24152E-04  1.90254E-05
        91  4.52593E-01  7.77456E+00  0.00000E+00 -2.68238E-04  2.69615E-04  2.71787E-04  0.00000E+00  2.21955E-04  2.00300E-05
        92  4.97852E-01  8.27241E+00  0.00000E+00 -2.68024E-04  2.69254E-04  2.71553E-04  0.00000E+00  2.19239E-04  2.11214E-05
        93  5.47637E-01  8.82005E+00  0.00000E+00 -2.68395E-04  2.69496E-04  2.71277E-04  0.00000E+00  2.16540E-04  2.23073E-05
        94  5.47637E-01  9.36768E+00  0.00000E+00 -2.67428E-04  2.69138E-04  2.71040E-04  0.00000E+00  2.15356E-04  2.34867E-05
        95  6.02401E-01  9.97008E+00  0.00000E+00 -2.67230E-04  2.68751E-04  2.70790E-04  0.00000E+00  2.12748E-04  2.47683E-05
        96  6.62641E-01  1.06327E+01  0.00000E+00 -2.67335E-04  2.68685E-04  2.70497E-04  0.00000E+00  2.09979E-04  2.61597E-05
        97  6.62641E-01  1.12954E+01  0.00000E+00 -2.66627E-04  2.68303E-04  2.70249E-04  0.00000E+00  2.09292E-04  2.75465E-05
        98  7.28905E-01  1.20243E+01  0.00000E+00 -2.66418E-04  2.67885E-04  2.69983E-04  0.00000E+00  2.07131E-04  2.90563E-05
        99  8.01795E-01  1.28261E+01  0.00000E+00 -2.66156E-04  2.67432E-04  2.69698E-04  0.00000E+00  2.06157E-04  3.07093E-05
       100  8.81975E-01  1.37080E+01  0.00000E+00 -2.65847E-04  2.66947E-04  2.69393E-04  0.00000E+00  2.04448E-04  3.25124E-05
       101  9.70172E-01  1.46782E+01  0.00000E+00 -2.65484E-04  2.66429E-04  2.69068E-04  0.00000E+00  2.05552E-04  3.45067E-05
       102  1.06719E+00  1.57454E+01  0.00000E+00 -2.65067E-04  2.65886E-04  2.68728E-04  0.00000E+00  2.06921E-04  3.67149E-05
       103  1.17391E+00  1.69193E+01  0.00000E+00 -2.64785E-04  2.65494E-04  2.68351E-04  0.00000E+00  2.07134E-04  3.91465E-05
       104  1.17391E+00  1.80932E+01  0.00000E+00 -2.64282E-04  2.65134E-04  2.68027E-04  0.00000E+00  2.08475E-04  4.15938E-05
       105  1.17391E+00  1.92671E+01  0.00000E+00 -2.63666E-04  2.64643E-04  2.67741E-04  0.00000E+00  2.05584E-04  4.40071E-05
       106  1.29130E+00  2.05584E+01  0.00000E+00 -2.63307E-04  2.64110E-04  2.67429E-04  0.00000E+00  2.07051E-04  4.66808E-05
       107  1.42043E+00  2.19789E+01  0.00000E+00 -2.62897E-04  2.63539E-04  2.67096E-04  0.00000E+00  2.06221E-04  4.96100E-05
       108  1.56247E+00  2.35413E+01  0.00000E+00 -2.62699E-04  2.63200E-04  2.66681E-04  0.00000E+00  2.08748E-04  5.28717E-05
       109  1.56247E+00  2.51038E+01  0.00000E+00 -2.61901E-04  2.62644E-04  2.66357E-04  0.00000E+00  2.08615E-04  5.61312E-05
       110  1.71872E+00  2.68225E+01  0.00000E+00 -2.61998E-04  2.62605E-04  2.65932E-04  0.00000E+00  2.07266E-04  5.96935E-05
       111  1.71872E+00  2.85412E+01  0.00000E+00 -2.61168E-04  2.62344E-04  2.65585E-04  0.00000E+00  2.08788E-04  6.32820E-05
       112  1.71872E+00  3.02600E+01  0.00000E+00 -2.60477E-04  2.61852E-04  2.65292E-04  0.00000E+00  2.06342E-04  6.68284E-05
       113  1.89059E+00  3.21506E+01  0.00000E+00 -2.60160E-04  2.61291E-04  2.64957E-04  0.00000E+00  2.04413E-04  7.06931E-05
       114  2.07965E+00  3.42302E+01  0.00000E+00 -2.60221E-04  2.61148E-04  2.64504E-04  0.00000E+00  2.04550E-04  7.49470E-05
       115  2.07965E+00  3.63099E+01  0.00000E+00 -2.59225E-04  2.60604E-04  2.64162E-04  0.00000E+00  2.04889E-04  7.92080E-05
       116  2.28762E+00  3.85975E+01  0.00000E+00 -2.58827E-04  2.59996E-04  2.63784E-04  0.00000E+00  2.04328E-04  8.38822E-05
       117  2.51638E+00  4.11138E+01  0.00000E+00 -2.58347E-04  2.59334E-04  2.63396E-04  0.00000E+00  2.04401E-04  8.90257E-05
       118  2.76801E+00  4.38819E+01  0.00000E+00 -2.57811E-04  2.58632E-04  2.62990E-04  0.00000E+00  2.05071E-04  9.47021E-05
       119  3.04482E+00  4.69267E+01  0.00000E+00 -2.57425E-04  2.58091E-04  2.62512E-04  0.00000E+00  2.05993E-04  1.00974E-04
       120  3.34930E+00  5.02760E+01  0.00000E+00 -2.57214E-04  2.57927E-04  2.61976E-04  0.00000E+00  2.04645E-04  1.07828E-04
       121  3.34930E+00  5.36253E+01  0.00000E+00 -2.56021E-04  2.57263E-04  2.61573E-04  0.00000E+00  2.04442E-04  1.14676E-04
       122  3.68423E+00  5.73095E+01  0.00000E+00 -2.55983E-04  2.56954E-04  2.61004E-04  0.00000E+00  2.02938E-04  1.22152E-04
       123  4.05265E+00  6.13622E+01  0.00000E+00 -2.55330E-04  2.56521E-04  2.60440E-04  0.00000E+00  2.05126E-04  1.30465E-04
       124  4.45792E+00  6.58201E+01  0.00000E+00 -2.54458E-04  2.55733E-04  2.59919E-04  0.00000E+00  2.03411E-04  1.39533E-04
       125  4.90371E+00  7.07238E+01  0.00000E+00 -2.53838E-04  2.54855E-04  2.59351E-04  0.00000E+00  2.04117E-04  1.49543E-04
       126  5.39408E+00  7.61179E+01  0.00000E+00 -2.53957E-04  2.54772E-04  2.58563E-04  0.00000E+00  2.03650E-04  1.60528E-04
       127  5.39408E+00  8.15119E+01  0.00000E+00 -2.52305E-04  2.54009E-04  2.58045E-04  0.00000E+00  2.05503E-04  1.71613E-04
       128  5.93349E+00  8.74454E+01  0.00000E+00 -2.51964E-04  2.53366E-04  2.57365E-04  0.00000E+00  2.05407E-04  1.83801E-04
       129  6.52683E+00  9.39722E+01  0.00000E+00 -2.50977E-04  2.52425E-04  2.56719E-04  0.00000E+00  2.06997E-04  1.97311E-04
       130  7.17952E+00  1.01152E+02  0.00000E+00 -2.50411E-04  2.51580E-04  2.55939E-04  0.00000E+00  2.06193E-04  2.12115E-04
       131  7.89747E+00  1.09049E+02  0.00000E+00 -2.49539E-04  2.50705E-04  2.55182E-04  0.00000E+00  2.06769E-04  2.28444E-04
       132  8.68722E+00  1.17736E+02  0.00000E+00 -2.48793E-04  2.49961E-04  2.54353E-04  0.00000E+00  2.06300E-04  2.46366E-04
       133  9.55594E+00  1.27292E+02  0.00000E+00 -2.47725E-04  2.49080E-04  2.53480E-04  0.00000E+00  2.05687E-04  2.66021E-04
       134  1.05115E+01  1.37804E+02  0.00000E+00 -2.46809E-04  2.48237E-04  2.52600E-04  0.00000E+00  2.02607E-04  2.87318E-04
       135  1.15627E+01  1.49367E+02  0.00000E+00 -2.45878E-04  2.47419E-04  2.51616E-04  0.00000E+00  2.02983E-04  3.10788E-04
       136  1.27190E+01  1.62086E+02  0.00000E+00 -2.44417E-04  2.46181E-04  2.50803E-04  0.00000E+00  2.01476E-04  3.36414E-04
       137  1.39908E+01  1.76076E+02  0.00000E+00 -2.43341E-04  2.44728E-04  2.49877E-04  0.00000E+00  2.00333E-04  3.64442E-04
       138  1.53899E+01  1.91466E+02  0.00000E+00 -2.43026E-04  2.44093E-04  2.48383E-04  0.00000E+00  1.99350E-04  3.95122E-04
       139  1.53899E+01  2.06856E+02  0.00000E+00 -2.40911E-04  2.43241E-04  2.47606E-04  0.00000E+00  1.99636E-04  4.25846E-04
       140  1.69289E+01  2.23785E+02  0.00000E+00 -2.40499E-04  2.42653E-04  2.46354E-04  0.00000E+00  1.98880E-04  4.59514E-04
       141  1.69289E+01  2.40714E+02  0.00000E+00 -2.39160E-04  2.42009E-04  2.45310E-04  0.00000E+00  1.97977E-04  4.93030E-04
       142  1.86218E+01  2.59336E+02  0.00000E+00 -2.37849E-04  2.40783E-04  2.44162E-04  0.00000E+00  1.98684E-04  5.30028E-04
       143  1.86218E+01  2.77958E+02  0.00000E+00 -2.36594E-04  2.39392E-04  2.43195E-04  0.00000E+00  1.98290E-04  5.66953E-04
       144  2.04840E+01  2.98442E+02  0.00000E+00 -2.35566E-04  2.37709E-04  2.42062E-04  0.00000E+00  1.96213E-04  6.07146E-04
       145  2.04840E+01  3.18926E+02  0.00000E+00 -2.34333E-04  2.36148E-04  2.41075E-04  0.00000E+00  1.94889E-04  6.47067E-04
       146  2.25324E+01  3.41458E+02  0.00000E+00 -2.33723E-04  2.35051E-04  2.39483E-04  0.00000E+00  1.94859E-04  6.90973E-04
       147  2.47856E+01  3.66244E+02  0.00000E+00 -2.32442E-04  2.34281E-04  2.38118E-04  0.00000E+00  1.93860E-04  7.39022E-04
       148  2.47856E+01  3.91029E+02  0.00000E+00 -2.31177E-04  2.33911E-04  2.36902E-04  0.00000E+00  1.91200E-04  7.86413E-04
       149  2.72642E+01  4.18294E+02  0.00000E+00 -2.29538E-04  2.32759E-04  2.35754E-04  0.00000E+00  1.89930E-04  8.38195E-04
       150  2.99906E+01  4.48284E+02  0.00000E+00 -2.28111E-04  2.31004E-04  2.34522E-04  0.00000E+00  1.90018E-04  8.95183E-04
       151  3.29897E+01  4.81274E+02  0.00000E+00 -2.26879E-04  2.29132E-04  2.33043E-04  0.00000E+00  1.89918E-04  9.57836E-04
       152  3.62887E+01  5.17563E+02  0.00000E+00 -2.26146E-04  2.28151E-04  2.31186E-04  0.00000E+00  1.87569E-04  1.02590E-03
       153  1.81443E+01  5.35707E+02  0.00000E+00 -2.22707E-04  2.27441E-04  2.31551E-04  0.00000E+00  1.86548E-04  1.05975E-03
       154  1.99588E+01  5.55666E+02  0.00000E+00 -2.23069E-04  2.26686E-04  2.30851E-04  0.00000E+00  1.86135E-04  1.09690E-03
       155  2.19546E+01  5.77620E+02  0.00000E+00 -2.22562E-04  2.25322E-04  2.29945E-04  0.00000E+00  1.86835E-04  1.13792E-03
       156  2.41501E+01  6.01770E+02  0.00000E+00 -2.22864E-04  2.24932E-04  2.28465E-04  0.00000E+00  1.85045E-04  1.18261E-03
       157  2.41501E+01  6.25921E+02  0.00000E+00 -2.20943E-04  2.24056E-04  2.27846E-04  0.00000E+00  1.83406E-04  1.22690E-03
       158  2.65651E+01  6.52486E+02  0.00000E+00 -2.20563E-04  2.22869E-04  2.26711E-04  0.00000E+00  1.82475E-04  1.27538E-03
       159  2.92216E+01  6.81707E+02  0.00000E+00 -2.19350E-04  2.21397E-04  2.25776E-04  0.00000E+00  1.81846E-04  1.32851E-03
       160  3.21438E+01  7.13851E+02  0.00000E+00 -2.18459E-04  2.19953E-04  2.24581E-04  0.00000E+00  1.82581E-04  1.38720E-03
       161  3.21438E+01  7.45995E+02  0.00000E+00 -2.17343E-04  2.18843E-04  2.23526E-04  0.00000E+00  1.81736E-04  1.44562E-03
       162  3.21438E+01  7.78139E+02  0.00000E+00 -2.16261E-04  2.17978E-04  2.22508E-04  0.00000E+00  1.79621E-04  1.50336E-03
       163  3.53582E+01  8.13497E+02  0.00000E+00 -2.15314E-04  2.17132E-04  2.21151E-04  0.00000E+00  1.79405E-04  1.56679E-03
       164  3.88940E+01  8.52391E+02  0.00000E+00 -2.13841E-04  2.15875E-04  2.19996E-04  0.00000E+00  1.78183E-04  1.63609E-03
       165  3.88940E+01  8.91285E+02  0.00000E+00 -2.12850E-04  2.14841E-04  2.18723E-04  0.00000E+00  1.75188E-04  1.70423E-03
       166  4.27834E+01  9.34068E+02  0.00000E+00 -2.12376E-04  2.14519E-04  2.17034E-04  0.00000E+00  1.74285E-04  1.77880E-03
       167  4.70617E+01  9.81130E+02  0.00000E+00 -2.10208E-04  2.13016E-04  2.15932E-04  0.00000E+00  1.74439E-04  1.86089E-03
       168  4.70617E+01  1.02819E+03  0.00000E+00 -2.08983E-04  2.11257E-04  2.14677E-04  0.00000E+00  1.72382E-04  1.94202E-03
       169  5.17679E+01  1.07996E+03  0.00000E+00 -2.07856E-04  2.09443E-04  2.13064E-04  0.00000E+00  1.69564E-04  2.02980E-03
       170  5.69447E+01  1.13690E+03  0.00000E+00 -2.06470E-04  2.07788E-04  2.11403E-04  0.00000E+00  1.69584E-04  2.12636E-03
       171  6.26391E+01  1.19954E+03  0.00000E+00 -2.04866E-04  2.06149E-04  2.09659E-04  0.00000E+00  1.69263E-04  2.23239E-03
       172  6.89031E+01  1.26845E+03  0.00000E+00 -2.03471E-04  2.04840E-04  2.07566E-04  0.00000E+00  1.66907E-04  2.34739E-03
       173  7.57934E+01  1.34424E+03  0.00000E+00 -2.01708E-04  2.03734E-04  2.05522E-04  0.00000E+00  1.64242E-04  2.47188E-03
       174  7.57934E+01  1.42003E+03  0.00000E+00 -1.99476E-04  2.02296E-04  2.04093E-04  0.00000E+00  1.62891E-04  2.59534E-03
       175  8.33727E+01  1.50341E+03  0.00000E+00 -1.97886E-04  2.00237E-04  2.01924E-04  0.00000E+00  1.61176E-04  2.72972E-03
       176  9.17100E+01  1.59512E+03  0.00000E+00 -1.95723E-04  1.97805E-04  2.00055E-04  0.00000E+00  1.57855E-04  2.87449E-03
       177  1.00000E+02  1.69512E+03  0.00000E+00 -1.93983E-04  1.95467E-04  1.97531E-04  0.00000E+00  1.55796E-04  3.03028E-03
       178  1.00000E+02  1.79512E+03  0.00000E+00 -1.91476E-04  1.93424E-04  1.96054E-04  0.00000E+00  1.55707E-04  3.18599E-03
       179  1.00000E+02  1.89512E+03  0.00000E+00 -1.89733E-04  1.91268E-04  1.93935E-04  0.00000E+00  1.53315E-04  3.33930E-03
       180  1.00000E+02  1.99512E+03  0.00000E+00 -1.87965E-04  1.89703E-04  1.91988E-04  0.00000E+00  1.49804E-04  3.48911E-03
       181  5.00000E+01  2.04512E+03  0.00000E+00 -1.85899E-04  1.88986E-04  1.92707E-04  0.00000E+00  1.50069E-04  3.56414E-03
       182  5.50000E+01  2.10012E+03  0.00000E+00 -1.85746E-04  1.88022E-04  1.91470E-04  0.00000E+00  1.48817E-04  3.64599E-03
       183  6.05000E+01  2.16062E+03  0.00000E+00 -1.84991E-04  1.87084E-04  1.89821E-04  0.00000E+00  1.47520E-04  3.73524E-03
       184  6.65500E+01  2.22717E+03  0.00000E+00 -1.83571E-04  1.85970E-04  1.88697E-04  0.00000E+00  1.47138E-04  3.83316E-03
       185  7.32050E+01  2.30037E+03  0.00000E+00 -1.82435E-04  1.84560E-04  1.87239E-04  0.00000E+00  1.45376E-04  3.93958E-03
       186  8.05255E+01  2.38090E+03  0.00000E+00 -1.81420E-04  1.83318E-04  1.85444E-04  0.00000E+00  1.42824E-04  4.05459E-03
       187  8.85781E+01  2.46947E+03  0.00000E+00 -1.79493E-04  1.81753E-04  1.84158E-04  0.00000E+00  1.41441E-04  4.17988E-03
       188  9.74359E+01  2.56691E+03  0.00000E+00 -1.78019E-04  1.79779E-04  1.82289E-04  0.00000E+00  1.40735E-04  4.31701E-03
       189  1.00000E+02  2.66691E+03  0.00000E+00 -1.76489E-04  1.78159E-04  1.80571E-04  0.00000E+00  1.38502E-04  4.45551E-03
       190  1.00000E+02  2.76691E+03  0.00000E+00 -1.74642E-04  1.76546E-04  1.79423E-04  0.00000E+00  1.38137E-04  4.59364E-03
       191  1.00000E+02  2.86691E+03  0.00000E+00 -1.73077E-04  1.74702E-04  1.78116E-04  0.00000E+00  1.35017E-04  4.72866E-03
       192  1.00000E+02  2.96691E+03  0.00000E+00 -1.72228E-04  1.73612E-04  1.75856E-04  0.00000E+00  1.32892E-04  4.86155E-03
       193  1.00000E+02  3.06691E+03  0.00000E+00 -1.70439E-04  1.73170E-04  1.74663E-04  0.00000E+00  1.32730E-04  4.99428E-03
       194  1.00000E+02  3.16691E+03  0.00000E+00 -1.68671E-04  1.71815E-04  1.73642E-04  0.00000E+00  1.31617E-04  5.12590E-03
       195  1.00000E+02  3.26691E+03  0.00000E+00 -1.67678E-04  1.70530E-04  1.71903E-04  0.00000E+00  1.28996E-04  5.25490E-03
       196  1.00000E+02  3.36691E+03  0.00000E+00 -1.66220E-04  1.69532E-04  1.70410E-04  0.00000E+00  1.28783E-04  5.38368E-03
       197  1.00000E+02  3.46691E+03  0.00000E+00 -1.64688E-04  1.68235E-04  1.69311E-04  0.00000E+00  1.27514E-04  5.51119E-03
       198  1.00000E+02  3.56691E+03  0.00000E+00 -1.63409E-04  1.66633E-04  1.68014E-04  0.00000E+00  1.26220E-04  5.63741E-03
       199  1.00000E+02  3.66691E+03  0.00000E+00 -1.62267E-04  1.65192E-04  1.66504E-04  0.00000E+00  1.25511E-04  5.76292E-03
       200  1.00000E+02  3.76691E+03  0.00000E+00 -1.60796E-04  1.63795E-04  1.65351E-04  0.00000E+00  1.24641E-04  5.88757E-03
       201  1.00000E+02  3.86691E+03  0.00000E+00 -1.59524E-04  1.62251E-04  1.64166E-04  0.00000E+00  1.22235E-04  6.00980E-03
       202  1.00000E+02  3.96691E+03  0.00000E+00 -1.58404E-04  1.60864E-04  1.62874E-04  0.00000E+00  1.21247E-04  6.13105E-03
       203  1.00000E+02  4.06691E+03  0.00000E+00 -1.57017E-04  1.59508E-04  1.61907E-04  0.00000E+00  1.21008E-04  6.25206E-03
       204  1.00000E+02  4.16691E+03  0.00000E+00 -1.55784E-04  1.58030E-04  1.60864E-04  0.00000E+00  1.19596E-04  6.37165E-03
       205  1.00000E+02  4.26691E+03  0.00000E+00 -1.54910E-04  1.56925E-04  1.59366E-04  0.00000E+00  1.17757E-04  6.48941E-03
       206  1.00000E+02  4.36691E+03  0.00000E+00 -1.53728E-04  1.56296E-04  1.58260E-04  0.00000E+00  1.17986E-04  6.60740E-03
       207  1.00000E+02  4.46691E+03  0.00000E+00 -1.52245E-04  1.55293E-04  1.57431E-04  0.00000E+00  1.16140E-04  6.72353E-03
       208  1.00000E+02  4.56691E+03  0.00000E+00 -1.51393E-04  1.54193E-04  1.56094E-04  0.00000E+00  1.14303E-04  6.83784E-03
       209  1.00000E+02  4.66691E+03  0.00000E+00 -1.50217E-04  1.53231E-04  1.54990E-04  0.00000E+00  1.14089E-04  6.95193E-03
       210  1.00000E+02  4.76691E+03  0.00000E+00 -1.49142E-04  1.52254E-04  1.53919E-04  0.00000E+00  1.13237E-04  7.06516E-03
       211  1.00000E+02  4.86691E+03  0.00000E+00 -1.47957E-04  1.51142E-04  1.53010E-04  0.00000E+00  1.12322E-04  7.17748E-03
       212  1.00000E+02  4.96691E+03  0.00000E+00 -1.47290E-04  1.50243E-04  1.51669E-04  0.00000E+00  1.10757E-04  7.28824E-03
       213  1.00000E+02  5.06691E+03  0.00000E+00 -1.45879E-04  1.49301E-04  1.50874E-04  0.00000E+00  1.09853E-04  7.39809E-03
       214  1.00000E+02  5.16691E+03  0.00000E+00 -1.44880E-04  1.48070E-04  1.49878E-04  0.00000E+00  1.09554E-04  7.50765E-03
       215  1.00000E+02  5.26691E+03  0.00000E+00 -1.44026E-04  1.47009E-04  1.48672E-04  0.00000E+00  1.08402E-04  7.61605E-03
       216  1.00000E+02  5.36691E+03  0.00000E+00 -1.43078E-04  1.46213E-04  1.47561E-04  0.00000E+00  1.07778E-04  7.72383E-03
       217  1.00000E+02  5.46691E+03  0.00000E+00 -1.41850E-04  1.45266E-04  1.46755E-04  0.00000E+00  1.07042E-04  7.83087E-03
       218  1.00000E+02  5.56691E+03  0.00000E+00 -1.41039E-04  1.44250E-04  1.45560E-04  0.00000E+00  1.06334E-04  7.93720E-03
       219  1.00000E+02  5.66691E+03  0.00000E+00 -1.39931E-04  1.43260E-04  1.44757E-04  0.00000E+00  1.04887E-04  8.04209E-03
       220  1.00000E+02  5.76691E+03  0.00000E+00 -1.38994E-04  1.42110E-04  1.43844E-04  0.00000E+00  1.03715E-04  8.14581E-03
       221  1.00000E+02  5.86691E+03  0.00000E+00 -1.38198E-04  1.41100E-04  1.42781E-04  0.00000E+00  1.03891E-04  8.24970E-03
       222  1.00000E+02  5.96691E+03  0.00000E+00 -1.37109E-04  1.40142E-04  1.42057E-04  0.00000E+00  1.03489E-04  8.35319E-03
       223  1.00000E+02  6.06691E+03  0.00000E+00 -1.36196E-04  1.39031E-04  1.41272E-04  0.00000E+00  1.02277E-04  8.45546E-03
       224  1.00000E+02  6.16691E+03  0.00000E+00 -1.35449E-04  1.38091E-04  1.40303E-04  0.00000E+00  1.01229E-04  8.55669E-03
       225  1.00000E+02  6.26691E+03  0.00000E+00 -1.34373E-04  1.37199E-04  1.39664E-04  0.00000E+00  9.98561E-05  8.65655E-03
       226  1.00000E+02  6.36691E+03  0.00000E+00 -1.33748E-04  1.36367E-04  1.38707E-04  0.00000E+00  9.94186E-05  8.75597E-03
       227  1.00000E+02  6.46691E+03  0.00000E+00 -1.32879E-04  1.35692E-04  1.37795E-04  0.00000E+00  9.94020E-05  8.85537E-03
       228  1.00000E+02  6.56691E+03  0.00000E+00 -1.31808E-04  1.34916E-04  1.37166E-04  0.00000E+00  9.90250E-05  8.95439E-03
       229  1.00000E+02  6.66691E+03  0.00000E+00 -1.31001E-04  1.33916E-04  1.36379E-04  0.00000E+00  9.75077E-05  9.05190E-03
       230  1.00000E+02  6.76691E+03  0.00000E+00 -1.30404E-04  1.33145E-04  1.35301E-04  0.00000E+00  9.58851E-05  9.14779E-03
       231  1.00000E+02  6.86691E+03  0.00000E+00 -1.29698E-04  1.32770E-04  1.34415E-04  0.00000E+00  9.51898E-05  9.24298E-03
       232  1.00000E+02  6.96691E+03  0.00000E+00 -1.28490E-04  1.32167E-04  1.33899E-04  0.00000E+00  9.61245E-05  9.33910E-03
       233  1.00000E+02  7.06691E+03  0.00000E+00 -1.27719E-04  1.31238E-04  1.33177E-04  0.00000E+00  9.46504E-05  9.43375E-03
       234  6.65449E+01  7.13346E+03  0.00000E+00 -1.26602E-04  1.30596E-04  1.33595E-04  0.00000E+00  9.48409E-05  9.49686E-03
       235  6.65449E+01  7.20000E+03  0.00000E+00 -1.26332E-04  1.30009E-04  1.33142E-04  0.00000E+00  9.54461E-05  9.56038E-03
