# NSTEP            DELTAT              TIME NET NANSF DIR VOL NET NANSF DIR FLX
      1      1.953125000E-02      1.953125000E-02      0.000000000E+00      0.000000000E+00
      2      1.000000000E-02      2.953125000E-02      0.000000000E+00      0.000000000E+00
      3      1.100000000E-02      4.053125000E-02      0.000000000E+00      0.000000000E+00
      4      1.210000000E-02      5.263125000E-02      0.000000000E+00      0.000000000E+00
      5      1.000000000E-02      6.263125000E-02      0.000000000E+00      0.000000000E+00
      6      1.000000000E-02      7.263125000E-02      0.000000000E+00      0.000000000E+00
      7      1.000000000E-02      8.263125000E-02      0.000000000E+00      0.000000000E+00
      8      1.000000000E-02      9.263125000E-02      0.000000000E+00      0.000000000E+00
      9      1.000000000E-02      1.026312500E-01      0.000000000E+00      0.000000000E+00
     10      1.000000000E-02      1.126312500E-01      0.000000000E+00      0.000000000E+00
     11      1.000000000E-02      1.226312500E-01      0.000000000E+00      0.000000000E+00
     12      1.000000000E-02      1.326312500E-01      0.000000000E+00      0.000000000E+00
     13      1.000000000E-02      1.426312500E-01      0.000000000E+00      0.000000000E+00
     14      1.000000000E-02      1.526312500E-01      0.000000000E+00      0.000000000E+00
     15      1.000000000E-02      1.626312500E-01      0.000000000E+00      0.000000000E+00
     16      1.000000000E-02      1.726312500E-01      0.000000000E+00      0.000000000E+00
     17      1.000000000E-02      1.826312500E-01      0.000000000E+00      0.000000000E+00
     18      1.000000000E-02      1.926312500E-01      0.000000000E+00      0.000000000E+00
     19      1.000000000E-02      2.026312500E-01      0.000000000E+00      0.000000000E+00
     20      1.000000000E-02      2.126312500E-01      0.000000000E+00      0.000000000E+00
     21      1.000000000E-02      2.226312500E-01      0.000000000E+00      0.000000000E+00
     22      1.000000000E-02      2.326312500E-01      0.000000000E+00      0.000000000E+00
     23      1.000000000E-02      2.426312500E-01      0.000000000E+00      0.000000000E+00
     24      1.000000000E-02      2.526312500E-01      0.000000000E+00      0.000000000E+00
     25      1.000000000E-02      2.626312500E-01      0.000000000E+00      0.000000000E+00
     26      1.100000000E-02      2.736312500E-01      0.000000000E+00      0.000000000E+00
     27      1.100000000E-02      2.846312500E-01      0.000000000E+00      0.000000000E+00
     28      1.100000000E-02      2.956312500E-01      0.000000000E+00      0.000000000E+00
     29      1.210000000E-02      3.077312500E-01      0.000000000E+00      0.000000000E+00
     30      1.210000000E-02      3.198312500E-01      0.000000000E+00      0.000000000E+00
     31      1.210000000E-02      3.319312500E-01      0.000000000E+00      0.000000000E+00
     32      1.331000000E-02      3.452412500E-01      0.000000000E+00      0.000000000E+00
     33      1.331000000E-02      3.585512500E-01      0.000000000E+00      0.000000000E+00
     34      1.331000000E-02      3.718612500E-01      0.000000000E+00      0.000000000E+00
     35      1.464100000E-02      3.865022500E-01      0.000000000E+00      0.000000000E+00
     36      1.464100000E-02      4.011432500E-01      0.000000000E+00      0.000000000E+00
     37      1.610510000E-02      4.172483500E-01      0.000000000E+00      0.000000000E+00
     38      1.771561000E-02      4.349639600E-01      0.000000000E+00      0.000000000E+00
     39      1.771561000E-02      4.526795700E-01      0.000000000E+00      0.000000000E+00
     40      1.948717100E-02      4.721667410E-01      0.000000000E+00      0.000000000E+00
     41      2.143588810E-02      4.936026291E-01      0.000000000E+00      0.000000000E+00
     42      2.357947691E-02      5.171821060E-01      0.000000000E+00      0.000000000E+00
     43      2.357947691E-02      5.407615829E-01      0.000000000E+00      0.000000000E+00
     44      2.593742460E-02      5.666990075E-01      0.000000000E+00      0.000000000E+00
     45      2.593742460E-02      5.926364321E-01      0.000000000E+00      0.000000000E+00
     46      2.853116706E-02      6.211675992E-01      0.000000000E+00      0.000000000E+00
     47      2.853116706E-02      6.496987662E-01      0.000000000E+00      0.000000000E+00
     48      2.853116706E-02      6.782299333E-01      0.000000000E+00      0.000000000E+00
     49      3.138428377E-02      7.096142171E-01      0.000000000E+00      0.000000000E+00
     50      3.452271214E-02      7.441369292E-01      0.000000000E+00      0.000000000E+00
     51      3.452271214E-02      7.786596414E-01      0.000000000E+00      0.000000000E+00
     52      3.797498336E-02      8.166346247E-01      0.000000000E+00      0.000000000E+00
     53      4.177248169E-02      8.584071064E-01      0.000000000E+00      0.000000000E+00
     54      4.594972986E-02      9.043568363E-01      0.000000000E+00      0.000000000E+00
     55      5.054470285E-02      9.549015391E-01      0.000000000E+00      0.000000000E+00
     56      5.559917313E-02      1.010500712E+00      0.000000000E+00      0.000000000E+00
     57      6.115909045E-02      1.071659803E+00      0.000000000E+00      0.000000000E+00
     58      6.115909045E-02      1.132818893E+00      0.000000000E+00      0.000000000E+00
     59      6.727499949E-02      1.200093893E+00      0.000000000E+00      0.000000000E+00
     60      6.727499949E-02      1.267368892E+00      0.000000000E+00      0.000000000E+00
     61      7.400249944E-02      1.341371392E+00      0.000000000E+00      0.000000000E+00
     62      8.140274939E-02      1.422774141E+00      0.000000000E+00      0.000000000E+00
     63      8.140274939E-02      1.504176890E+00      0.000000000E+00      0.000000000E+00
     64      8.954302433E-02      1.593719915E+00      0.000000000E+00      0.000000000E+00
     65      9.849732676E-02      1.692217241E+00      0.000000000E+00      0.000000000E+00
     66      9.849732676E-02      1.790714568E+00      0.000000000E+00      0.000000000E+00
     67      1.083470594E-01      1.899061628E+00      0.000000000E+00      0.000000000E+00
     68      1.083470594E-01      2.007408687E+00      0.000000000E+00      0.000000000E+00
     69      1.083470594E-01      2.115755747E+00      0.000000000E+00      0.000000000E+00
     70      1.191817654E-01      2.234937512E+00      0.000000000E+00      0.000000000E+00
     71      1.310999419E-01      2.366037454E+00      0.000000000E+00      0.000000000E+00
     72      1.442099361E-01      2.510247390E+00      0.000000000E+00      0.000000000E+00
     73      1.442099361E-01      2.654457326E+00      0.000000000E+00      0.000000000E+00
     74      1.586309297E-01      2.813088256E+00      0.000000000E+00      0.000000000E+00
     75      1.586309297E-01      2.971719185E+00      0.000000000E+00      0.000000000E+00
     76      1.744940227E-01      3.146213208E+00      0.000000000E+00      0.000000000E+00
     77      1.919434250E-01      3.338156633E+00      0.000000000E+00      0.000000000E+00
     78      1.919434250E-01      3.530100058E+00      0.000000000E+00      0.000000000E+00
     79      2.111377675E-01      3.741237826E+00      0.000000000E+00      0.000000000E+00
     80      2.322515442E-01      3.973489370E+00      0.000000000E+00      0.000000000E+00
     81      2.322515442E-01      4.205740914E+00      0.000000000E+00      0.000000000E+00
     82      2.554766986E-01      4.461217613E+00      0.000000000E+00      0.000000000E+00
     83      2.810243685E-01      4.742241981E+00      0.000000000E+00      0.000000000E+00
     84      2.810243685E-01      5.023266349E+00      0.000000000E+00      0.000000000E+00
     85      3.091268053E-01      5.332393155E+00      0.000000000E+00      0.000000000E+00
     86      3.400394859E-01      5.672432641E+00      0.000000000E+00      0.000000000E+00
     87      3.740434344E-01      6.046476075E+00      0.000000000E+00      0.000000000E+00
     88      4.114477779E-01      6.457923853E+00      0.000000000E+00      0.000000000E+00
     89      4.114477779E-01      6.869371631E+00      0.000000000E+00      0.000000000E+00
     90      4.525925557E-01      7.321964187E+00      0.000000000E+00      0.000000000E+00
     91      4.525925557E-01      7.774556742E+00      0.000000000E+00      0.000000000E+00
     92      4.978518112E-01      8.272408554E+00      0.000000000E+00      0.000000000E+00
     93      5.476369924E-01      8.820045546E+00      0.000000000E+00      0.000000000E+00
     94      5.476369924E-01      9.367682538E+00      0.000000000E+00      0.000000000E+00
     95      6.024006916E-01      9.970083230E+00      0.000000000E+00      0.000000000E+00
     96      6.626407608E-01      1.063272399E+01      0.000000000E+00      0.000000000E+00
     97      6.626407608E-01      1.129536475E+01      0.000000000E+00      0.000000000E+00
     98      7.289048369E-01      1.202426959E+01      0.000000000E+00      0.000000000E+00
     99      8.017953205E-01      1.282606491E+01      0.000000000E+00      0.000000000E+00
    100      8.819748526E-01      1.370803976E+01      0.000000000E+00      0.000000000E+00
    101      9.701723378E-01      1.467821210E+01      0.000000000E+00      0.000000000E+00
    102      1.067189572E+00      1.574540167E+01      0.000000000E+00      0.000000000E+00
    103      1.173908529E+00      1.691931020E+01      0.000000000E+00      0.000000000E+00
    104      1.173908529E+00      1.809321873E+01      0.000000000E+00      0.000000000E+00
    105      1.173908529E+00      1.926712726E+01      0.000000000E+00      0.000000000E+00
    106      1.291299382E+00      2.055842664E+01      0.000000000E+00      0.000000000E+00
    107      1.420429320E+00      2.197885596E+01      0.000000000E+00      0.000000000E+00
    108      1.562472252E+00      2.354132821E+01      0.000000000E+00      0.000000000E+00
    109      1.562472252E+00      2.510380046E+01      0.000000000E+00      0.000000000E+00
    110      1.718719477E+00      2.682251994E+01      0.000000000E+00      0.000000000E+00
    111      1.718719477E+00      2.854123942E+01      0.000000000E+00      0.000000000E+00
    112      1.718719477E+00      3.025995889E+01      0.000000000E+00      0.000000000E+00
    113      1.890591425E+00      3.215055032E+01      0.000000000E+00      0.000000000E+00
    114      2.079650567E+00      3.423020089E+01      0.000000000E+00      0.000000000E+00
    115      2.079650567E+00      3.630985145E+01      0.000000000E+00      0.000000000E+00
    116      2.287615624E+00      3.859746708E+01      0.000000000E+00      0.000000000E+00
    117      2.516377186E+00      4.111384426E+01      0.000000000E+00      0.000000000E+00
    118      2.768014905E+00      4.388185917E+01      0.000000000E+00      0.000000000E+00
    119      3.044816395E+00      4.692667556E+01      0.000000000E+00      0.000000000E+00
    120      3.349298035E+00      5.027597360E+01      0.000000000E+00      0.000000000E+00
    121      3.349298035E+00      5.362527163E+01      0.000000000E+00      0.000000000E+00
    122      3.684227838E+00      5.730949947E+01      0.000000000E+00      0.000000000E+00
    123      4.052650622E+00      6.136215009E+01      0.000000000E+00      0.000000000E+00
    124      4.457915685E+00      6.582006578E+01      0.000000000E+00      0.000000000E+00
    125      4.903707253E+00      7.072377303E+01      0.000000000E+00      0.000000000E+00
    126      5.394077978E+00      7.611785101E+01      0.000000000E+00      0.000000000E+00
    127      5.394077978E+00      8.151192899E+01      0.000000000E+00      0.000000000E+00
    128      5.933485776E+00      8.744541476E+01      0.000000000E+00      0.000000000E+00
    129      6.526834354E+00      9.397224912E+01      0.000000000E+00      0.000000000E+00
    130      7.179517789E+00      1.011517669E+02      0.000000000E+00      0.000000000E+00
    131      7.897469568E+00      1.090492365E+02      0.000000000E+00      0.000000000E+00
    132      8.687216525E+00      1.177364530E+02      0.000000000E+00      0.000000000E+00
    133      9.555938177E+00      1.272923912E+02      0.000000000E+00      0.000000000E+00
    134      1.051153200E+01      1.378039232E+02      0.000000000E+00      0.000000000E+00
    135      1.156268519E+01      1.493666084E+02      0.000000000E+00      0.000000000E+00
    136      1.271895371E+01      1.620855621E+02      0.000000000E+00      0.000000000E+00
    137      1.399084909E+01      1.760764112E+02      0.000000000E+00      0.000000000E+00
    138      1.538993399E+01      1.914663452E+02      0.000000000E+00      0.000000000E+00
    139      1.538993399E+01      2.068562792E+02      0.000000000E+00      0.000000000E+00
    140      1.692892739E+01      2.237852065E+02      0.000000000E+00      0.000000000E+00
    141      1.692892739E+01      2.407141339E+02      0.000000000E+00      0.000000000E+00
    142      1.862182013E+01      2.593359541E+02      0.000000000E+00      0.000000000E+00
    143      1.862182013E+01      2.779577742E+02      0.000000000E+00      0.000000000E+00
    144      2.048400215E+01      2.984417764E+02      0.000000000E+00      0.000000000E+00
    145      2.048400215E+01      3.189257785E+02      0.000000000E+00      0.000000000E+00
    146      2.253240236E+01      3.414581809E+02      0.000000000E+00      0.000000000E+00
    147      2.478564260E+01      3.662438235E+02      0.000000000E+00      0.000000000E+00
    148      2.478564260E+01      3.910294661E+02      0.000000000E+00      0.000000000E+00
    149      2.726420686E+01      4.182936729E+02      0.000000000E+00      0.000000000E+00
    150      2.999062754E+01      4.482843004E+02      0.000000000E+00      0.000000000E+00
    151      3.298969030E+01      4.812739907E+02      0.000000000E+00      0.000000000E+00
    152      3.628865933E+01      5.175626501E+02      0.000000000E+00      0.000000000E+00
    153      1.814432966E+01      5.357069797E+02      0.000000000E+00      0.000000000E+00
    154      1.995876263E+01      5.556657424E+02      0.000000000E+00      0.000000000E+00
    155      2.195463889E+01      5.776203813E+02      0.000000000E+00      0.000000000E+00
    156      2.415010278E+01      6.017704840E+02      0.000000000E+00      0.000000000E+00
    157      2.415010278E+01      6.259205868E+02      0.000000000E+00      0.000000000E+00
    158      2.656511306E+01      6.524856999E+02      0.000000000E+00      0.000000000E+00
    159      2.922162437E+01      6.817073242E+02      0.000000000E+00      0.000000000E+00
    160      3.214378680E+01      7.138511110E+02      0.000000000E+00      0.000000000E+00
    161      3.214378680E+01      7.459948978E+02      0.000000000E+00      0.000000000E+00
    162      3.214378680E+01      7.781386846E+02      0.000000000E+00      0.000000000E+00
    163      3.535816548E+01      8.134968501E+02      0.000000000E+00      0.000000000E+00
    164      3.889398203E+01      8.523908322E+02      0.000000000E+00      0.000000000E+00
    165      3.889398203E+01      8.912848142E+02      0.000000000E+00      0.000000000E+00
    166      4.278338023E+01      9.340681944E+02      0.000000000E+00      0.000000000E+00
    167      4.706171826E+01      9.811299127E+02      0.000000000E+00      0.000000000E+00
    168      4.706171826E+01      1.028191631E+03      0.000000000E+00      0.000000000E+00
    169      5.176789008E+01      1.079959521E+03      0.000000000E+00      0.000000000E+00
    170      5.694467909E+01      1.136904200E+03      0.000000000E+00      0.000000000E+00
    171      6.263914700E+01      1.199543347E+03      0.000000000E+00      0.000000000E+00
    172      6.890306170E+01      1.268446409E+03      0.000000000E+00      0.000000000E+00
    173      7.579336787E+01      1.344239777E+03      0.000000000E+00      0.000000000E+00
    174      7.579336787E+01      1.420033145E+03      0.000000000E+00      0.000000000E+00
    175      8.337270466E+01      1.503405849E+03      0.000000000E+00      0.000000000E+00
    176      9.170997512E+01      1.595115824E+03      0.000000000E+00      0.000000000E+00
    177      1.000000000E+02      1.695115824E+03      0.000000000E+00      0.000000000E+00
    178      1.000000000E+02      1.795115824E+03      0.000000000E+00      0.000000000E+00
    179      1.000000000E+02      1.895115824E+03      0.000000000E+00      0.000000000E+00
    180      1.000000000E+02      1.995115824E+03      0.000000000E+00      0.000000000E+00
    181      5.000000000E+01      2.045115824E+03      0.000000000E+00      0.000000000E+00
    182      5.500000000E+01      2.100115824E+03      0.000000000E+00      0.000000000E+00
    183      6.050000000E+01      2.160615824E+03      0.000000000E+00      0.000000000E+00
    184      6.655000000E+01      2.227165824E+03      0.000000000E+00      0.000000000E+00
    185      7.320500000E+01      2.300370824E+03      0.000000000E+00      0.000000000E+00
    186      8.052550000E+01      2.380896324E+03      0.000000000E+00      0.000000000E+00
    187      8.857805000E+01      2.469474374E+03      0.000000000E+00      0.000000000E+00
    188      9.743585500E+01      2.566910229E+03      0.000000000E+00      0.000000000E+00
    189      1.000000000E+02      2.666910229E+03      0.000000000E+00      0.000000000E+00
    190      1.000000000E+02      2.766910229E+03      0.000000000E+00      0.000000000E+00
    191      1.000000000E+02      2.866910229E+03      0.000000000E+00      0.000000000E+00
    192      1.000000000E+02      2.966910229E+03      0.000000000E+00      0.000000000E+00
    193      1.000000000E+02      3.066910229E+03      0.000000000E+00      0.000000000E+00
    194      1.000000000E+02      3.166910229E+03      0.000000000E+00      0.000000000E+00
    195      1.000000000E+02      3.266910229E+03      0.000000000E+00      0.000000000E+00
    196      1.000000000E+02      3.366910229E+03      0.000000000E+00      0.000000000E+00
    197      1.000000000E+02      3.466910229E+03      0.000000000E+00      0.000000000E+00
    198      1.000000000E+02      3.566910229E+03      0.000000000E+00      0.000000000E+00
    199      1.000000000E+02      3.666910229E+03      0.000000000E+00      0.000000000E+00
    200      1.000000000E+02      3.766910229E+03      0.000000000E+00      0.000000000E+00
    201      1.000000000E+02      3.866910229E+03      0.000000000E+00      0.000000000E+00
    202      1.000000000E+02      3.966910229E+03      0.000000000E+00      0.000000000E+00
    203      1.000000000E+02      4.066910229E+03      0.000000000E+00      0.000000000E+00
    204      1.000000000E+02      4.166910229E+03      0.000000000E+00      0.000000000E+00
    205      1.000000000E+02      4.266910229E+03      0.000000000E+00      0.000000000E+00
    206      1.000000000E+02      4.366910229E+03      0.000000000E+00      0.000000000E+00
    207      1.000000000E+02      4.466910229E+03      0.000000000E+00      0.000000000E+00
    208      1.000000000E+02      4.566910229E+03      0.000000000E+00      0.000000000E+00
    209      1.000000000E+02      4.666910229E+03      0.000000000E+00      0.000000000E+00
    210      1.000000000E+02      4.766910229E+03      0.000000000E+00      0.000000000E+00
    211      1.000000000E+02      4.866910229E+03      0.000000000E+00      0.000000000E+00
    212      1.000000000E+02      4.966910229E+03      0.000000000E+00      0.000000000E+00
    213      1.000000000E+02      5.066910229E+03      0.000000000E+00      0.000000000E+00
    214      1.000000000E+02      5.166910229E+03      0.000000000E+00      0.000000000E+00
    215      1.000000000E+02      5.266910229E+03      0.000000000E+00      0.000000000E+00
    216      1.000000000E+02      5.366910229E+03      0.000000000E+00      0.000000000E+00
    217      1.000000000E+02      5.466910229E+03      0.000000000E+00      0.000000000E+00
    218      1.000000000E+02      5.566910229E+03      0.000000000E+00      0.000000000E+00
    219      1.000000000E+02      5.666910229E+03      0.000000000E+00      0.000000000E+00
    220      1.000000000E+02      5.766910229E+03      0.000000000E+00      0.000000000E+00
    221      1.000000000E+02      5.866910229E+03      0.000000000E+00      0.000000000E+00
    222      1.000000000E+02      5.966910229E+03      0.000000000E+00      0.000000000E+00
    223      1.000000000E+02      6.066910229E+03      0.000000000E+00      0.000000000E+00
    224      1.000000000E+02      6.166910229E+03      0.000000000E+00      0.000000000E+00
    225      1.000000000E+02      6.266910229E+03      0.000000000E+00      0.000000000E+00
    226      1.000000000E+02      6.366910229E+03      0.000000000E+00      0.000000000E+00
    227      1.000000000E+02      6.466910229E+03      0.000000000E+00      0.000000000E+00
    228      1.000000000E+02      6.566910229E+03      0.000000000E+00      0.000000000E+00
    229      1.000000000E+02      6.666910229E+03      0.000000000E+00      0.000000000E+00
    230      1.000000000E+02      6.766910229E+03      0.000000000E+00      0.000000000E+00
    231      1.000000000E+02      6.866910229E+03      0.000000000E+00      0.000000000E+00
    232      1.000000000E+02      6.966910229E+03      0.000000000E+00      0.000000000E+00
    233      1.000000000E+02      7.066910229E+03      0.000000000E+00      0.000000000E+00
    234      1.000000000E+02      7.166910229E+03      0.000000000E+00      0.000000000E+00
    235      1.000000000E+02      7.266910229E+03      0.000000000E+00      0.000000000E+00
    236      1.000000000E+02      7.366910229E+03      0.000000000E+00      0.000000000E+00
    237      1.000000000E+02      7.466910229E+03      0.000000000E+00      0.000000000E+00
    238      1.000000000E+02      7.566910229E+03      0.000000000E+00      0.000000000E+00
    239      1.000000000E+02      7.666910229E+03      0.000000000E+00      0.000000000E+00
    240      1.000000000E+02      7.766910229E+03      0.000000000E+00      0.000000000E+00
    241      1.000000000E+02      7.866910229E+03      0.000000000E+00      0.000000000E+00
    242      1.000000000E+02      7.966910229E+03      0.000000000E+00      0.000000000E+00
    243      1.000000000E+02      8.066910229E+03      0.000000000E+00      0.000000000E+00
    244      1.000000000E+02      8.166910229E+03      0.000000000E+00      0.000000000E+00
    245      1.000000000E+02      8.266910229E+03      0.000000000E+00      0.000000000E+00
    246      1.000000000E+02      8.366910229E+03      0.000000000E+00      0.000000000E+00
    247      1.000000000E+02      8.466910229E+03      0.000000000E+00      0.000000000E+00
    248      1.000000000E+02      8.566910229E+03      0.000000000E+00      0.000000000E+00
    249      1.000000000E+02      8.666910229E+03      0.000000000E+00      0.000000000E+00
    250      1.000000000E+02      8.766910229E+03      0.000000000E+00      0.000000000E+00
    251      1.000000000E+02      8.866910229E+03      0.000000000E+00      0.000000000E+00
    252      1.000000000E+02      8.966910229E+03      0.000000000E+00      0.000000000E+00
    253      1.000000000E+02      9.066910229E+03      0.000000000E+00      0.000000000E+00
    254      1.000000000E+02      9.166910229E+03      0.000000000E+00      0.000000000E+00
    255      1.000000000E+02      9.266910229E+03      0.000000000E+00      0.000000000E+00
    256      1.000000000E+02      9.366910229E+03      0.000000000E+00      0.000000000E+00
    257      1.000000000E+02      9.466910229E+03      0.000000000E+00      0.000000000E+00
    258      1.000000000E+02      9.566910229E+03      0.000000000E+00      0.000000000E+00
    259      1.000000000E+02      9.666910229E+03      0.000000000E+00      0.000000000E+00
    260      1.000000000E+02      9.766910229E+03      0.000000000E+00      0.000000000E+00
    261      1.000000000E+02      9.866910229E+03      0.000000000E+00      0.000000000E+00
    262      1.000000000E+02      9.966910229E+03      0.000000000E+00      0.000000000E+00
    263      1.000000000E+02      1.006691023E+04      0.000000000E+00      0.000000000E+00
    264      1.000000000E+02      1.016691023E+04      0.000000000E+00      0.000000000E+00
    265      1.000000000E+02      1.026691023E+04      0.000000000E+00      0.000000000E+00
    266      1.000000000E+02      1.036691023E+04      0.000000000E+00      0.000000000E+00
    267      1.000000000E+02      1.046691023E+04      0.000000000E+00      0.000000000E+00
    268      1.000000000E+02      1.056691023E+04      0.000000000E+00      0.000000000E+00
    269      1.000000000E+02      1.066691023E+04      0.000000000E+00      0.000000000E+00
    270      1.000000000E+02      1.076691023E+04      0.000000000E+00      0.000000000E+00
    271      1.000000000E+02      1.086691023E+04      0.000000000E+00      0.000000000E+00
    272      1.000000000E+02      1.096691023E+04      0.000000000E+00      0.000000000E+00
    273      1.000000000E+02      1.106691023E+04      0.000000000E+00      0.000000000E+00
    274      1.000000000E+02      1.116691023E+04      0.000000000E+00      0.000000000E+00
    275      1.000000000E+02      1.126691023E+04      0.000000000E+00      0.000000000E+00
    276      1.000000000E+02      1.136691023E+04      0.000000000E+00      0.000000000E+00
    277      1.000000000E+02      1.146691023E+04      0.000000000E+00      0.000000000E+00
    278      1.000000000E+02      1.156691023E+04      0.000000000E+00      0.000000000E+00
    279      1.000000000E+02      1.166691023E+04      0.000000000E+00      0.000000000E+00
    280      1.000000000E+02      1.176691023E+04      0.000000000E+00      0.000000000E+00
    281      1.000000000E+02      1.186691023E+04      0.000000000E+00      0.000000000E+00
    282      1.000000000E+02      1.196691023E+04      0.000000000E+00      0.000000000E+00
    283      1.000000000E+02      1.206691023E+04      0.000000000E+00      0.000000000E+00
    284      1.000000000E+02      1.216691023E+04      0.000000000E+00      0.000000000E+00
    285      1.000000000E+02      1.226691023E+04      0.000000000E+00      0.000000000E+00
    286      1.000000000E+02      1.236691023E+04      0.000000000E+00      0.000000000E+00
    287      1.000000000E+02      1.246691023E+04      0.000000000E+00      0.000000000E+00
    288      1.000000000E+02      1.256691023E+04      0.000000000E+00      0.000000000E+00
    289      1.000000000E+02      1.266691023E+04      0.000000000E+00      0.000000000E+00
    290      1.000000000E+02      1.276691023E+04      0.000000000E+00      0.000000000E+00
    291      1.000000000E+02      1.286691023E+04      0.000000000E+00      0.000000000E+00
    292      1.000000000E+02      1.296691023E+04      0.000000000E+00      0.000000000E+00
    293      1.000000000E+02      1.306691023E+04      0.000000000E+00      0.000000000E+00
    294      1.000000000E+02      1.316691023E+04      0.000000000E+00      0.000000000E+00
    295      1.000000000E+02      1.326691023E+04      0.000000000E+00      0.000000000E+00
    296      1.000000000E+02      1.336691023E+04      0.000000000E+00      0.000000000E+00
    297      1.000000000E+02      1.346691023E+04      0.000000000E+00      0.000000000E+00
    298      1.000000000E+02      1.356691023E+04      0.000000000E+00      0.000000000E+00
    299      1.000000000E+02      1.366691023E+04      0.000000000E+00      0.000000000E+00
    300      1.000000000E+02      1.376691023E+04      0.000000000E+00      0.000000000E+00
    301      1.000000000E+02      1.386691023E+04      0.000000000E+00      0.000000000E+00
    302      1.000000000E+02      1.396691023E+04      0.000000000E+00      0.000000000E+00
    303      1.000000000E+02      1.406691023E+04      0.000000000E+00      0.000000000E+00
    304      1.000000000E+02      1.416691023E+04      0.000000000E+00      0.000000000E+00
    305      1.000000000E+02      1.426691023E+04      0.000000000E+00      0.000000000E+00
    306      1.000000000E+02      1.436691023E+04      0.000000000E+00      0.000000000E+00
    307      1.000000000E+02      1.446691023E+04      0.000000000E+00      0.000000000E+00
    308      1.000000000E+02      1.456691023E+04      0.000000000E+00      0.000000000E+00
    309      1.000000000E+02      1.466691023E+04      0.000000000E+00      0.000000000E+00
    310      1.000000000E+02      1.476691023E+04      0.000000000E+00      0.000000000E+00
    311      1.000000000E+02      1.486691023E+04      0.000000000E+00      0.000000000E+00
    312      1.000000000E+02      1.496691023E+04      0.000000000E+00      0.000000000E+00
    313      1.000000000E+02      1.506691023E+04      0.000000000E+00      0.000000000E+00
    314      1.000000000E+02      1.516691023E+04      0.000000000E+00      0.000000000E+00
    315      1.000000000E+02      1.526691023E+04      0.000000000E+00      0.000000000E+00
    316      1.000000000E+02      1.536691023E+04      0.000000000E+00      0.000000000E+00
    317      1.000000000E+02      1.546691023E+04      0.000000000E+00      0.000000000E+00
    318      1.000000000E+02      1.556691023E+04      0.000000000E+00      0.000000000E+00
    319      1.000000000E+02      1.566691023E+04      0.000000000E+00      0.000000000E+00
    320      1.000000000E+02      1.576691023E+04      0.000000000E+00      0.000000000E+00
    321      1.000000000E+02      1.586691023E+04      0.000000000E+00      0.000000000E+00
    322      1.000000000E+02      1.596691023E+04      0.000000000E+00      0.000000000E+00
    323      1.000000000E+02      1.606691023E+04      0.000000000E+00      0.000000000E+00
    324      1.000000000E+02      1.616691023E+04      0.000000000E+00      0.000000000E+00
    325      1.000000000E+02      1.626691023E+04      0.000000000E+00      0.000000000E+00
    326      1.000000000E+02      1.636691023E+04      0.000000000E+00      0.000000000E+00
    327      1.000000000E+02      1.646691023E+04      0.000000000E+00      0.000000000E+00
    328      1.000000000E+02      1.656691023E+04      0.000000000E+00      0.000000000E+00
    329      1.000000000E+02      1.666691023E+04      0.000000000E+00      0.000000000E+00
    330      1.000000000E+02      1.676691023E+04      0.000000000E+00      0.000000000E+00
    331      1.000000000E+02      1.686691023E+04      0.000000000E+00      0.000000000E+00
    332      1.000000000E+02      1.696691023E+04      0.000000000E+00      0.000000000E+00
    333      1.000000000E+02      1.706691023E+04      0.000000000E+00      0.000000000E+00
    334      1.000000000E+02      1.716691023E+04      0.000000000E+00      0.000000000E+00
    335      1.000000000E+02      1.726691023E+04      0.000000000E+00      0.000000000E+00
    336      1.000000000E+02      1.736691023E+04      0.000000000E+00      0.000000000E+00
    337      1.000000000E+02      1.746691023E+04      0.000000000E+00      0.000000000E+00
    338      1.000000000E+02      1.756691023E+04      0.000000000E+00      0.000000000E+00
    339      1.000000000E+02      1.766691023E+04      0.000000000E+00      0.000000000E+00
    340      1.000000000E+02      1.776691023E+04      0.000000000E+00      0.000000000E+00
    341      1.000000000E+02      1.786691023E+04      0.000000000E+00      0.000000000E+00
    342      1.000000000E+02      1.796691023E+04      0.000000000E+00      0.000000000E+00
    343      1.000000000E+02      1.806691023E+04      0.000000000E+00      0.000000000E+00
    344      1.000000000E+02      1.816691023E+04      0.000000000E+00      0.000000000E+00
    345      1.000000000E+02      1.826691023E+04      0.000000000E+00      0.000000000E+00
    346      1.000000000E+02      1.836691023E+04      0.000000000E+00      0.000000000E+00
    347      1.000000000E+02      1.846691023E+04      0.000000000E+00      0.000000000E+00
    348      1.000000000E+02      1.856691023E+04      0.000000000E+00      0.000000000E+00
    349      1.000000000E+02      1.866691023E+04      0.000000000E+00      0.000000000E+00
    350      1.000000000E+02      1.876691023E+04      0.000000000E+00      0.000000000E+00
    351      1.000000000E+02      1.886691023E+04      0.000000000E+00      0.000000000E+00
    352      1.000000000E+02      1.896691023E+04      0.000000000E+00      0.000000000E+00
    353      1.000000000E+02      1.906691023E+04      0.000000000E+00      0.000000000E+00
    354      1.000000000E+02      1.916691023E+04      0.000000000E+00      0.000000000E+00
    355      1.000000000E+02      1.926691023E+04      0.000000000E+00      0.000000000E+00
    356      1.000000000E+02      1.936691023E+04      0.000000000E+00      0.000000000E+00
    357      1.000000000E+02      1.946691023E+04      0.000000000E+00      0.000000000E+00
    358      1.000000000E+02      1.956691023E+04      0.000000000E+00      0.000000000E+00
    359      1.000000000E+02      1.966691023E+04      0.000000000E+00      0.000000000E+00
    360      1.000000000E+02      1.976691023E+04      0.000000000E+00      0.000000000E+00
    361      1.000000000E+02      1.986691023E+04      0.000000000E+00      0.000000000E+00
    362      1.000000000E+02      1.996691023E+04      0.000000000E+00      0.000000000E+00
    363      1.000000000E+02      2.006691023E+04      0.000000000E+00      0.000000000E+00
    364      1.000000000E+02      2.016691023E+04      0.000000000E+00      0.000000000E+00
    365      1.000000000E+02      2.026691023E+04      0.000000000E+00      0.000000000E+00
    366      1.000000000E+02      2.036691023E+04      0.000000000E+00      0.000000000E+00
    367      1.000000000E+02      2.046691023E+04      0.000000000E+00      0.000000000E+00
    368      1.000000000E+02      2.056691023E+04      0.000000000E+00      0.000000000E+00
    369      1.000000000E+02      2.066691023E+04      0.000000000E+00      0.000000000E+00
    370      1.000000000E+02      2.076691023E+04      0.000000000E+00      0.000000000E+00
    371      1.000000000E+02      2.086691023E+04      0.000000000E+00      0.000000000E+00
    372      1.000000000E+02      2.096691023E+04      0.000000000E+00      0.000000000E+00
    373      1.000000000E+02      2.106691023E+04      0.000000000E+00      0.000000000E+00
    374      1.000000000E+02      2.116691023E+04      0.000000000E+00      0.000000000E+00
    375      1.000000000E+02      2.126691023E+04      0.000000000E+00      0.000000000E+00
    376      1.000000000E+02      2.136691023E+04      0.000000000E+00      0.000000000E+00
    377      1.000000000E+02      2.146691023E+04      0.000000000E+00      0.000000000E+00
    378      1.000000000E+02      2.156691023E+04      0.000000000E+00      0.000000000E+00
    379      1.000000000E+02      2.166691023E+04      0.000000000E+00      0.000000000E+00
    380      1.000000000E+02      2.176691023E+04      0.000000000E+00      0.000000000E+00
    381      1.000000000E+02      2.186691023E+04      0.000000000E+00      0.000000000E+00
    382      1.000000000E+02      2.196691023E+04      0.000000000E+00      0.000000000E+00
    383      1.000000000E+02      2.206691023E+04      0.000000000E+00      0.000000000E+00
    384      1.000000000E+02      2.216691023E+04      0.000000000E+00      0.000000000E+00
    385      1.000000000E+02      2.226691023E+04      0.000000000E+00      0.000000000E+00
    386      1.000000000E+02      2.236691023E+04      0.000000000E+00      0.000000000E+00
    387      1.000000000E+02      2.246691023E+04      0.000000000E+00      0.000000000E+00
    388      1.000000000E+02      2.256691023E+04      0.000000000E+00      0.000000000E+00
    389      1.000000000E+02      2.266691023E+04      0.000000000E+00      0.000000000E+00
    390      1.000000000E+02      2.276691023E+04      0.000000000E+00      0.000000000E+00
    391      1.000000000E+02      2.286691023E+04      0.000000000E+00      0.000000000E+00
    392      1.000000000E+02      2.296691023E+04      0.000000000E+00      0.000000000E+00
    393      1.000000000E+02      2.306691023E+04      0.000000000E+00      0.000000000E+00
    394      1.000000000E+02      2.316691023E+04      0.000000000E+00      0.000000000E+00
    395      1.000000000E+02      2.326691023E+04      0.000000000E+00      0.000000000E+00
    396      1.000000000E+02      2.336691023E+04      0.000000000E+00      0.000000000E+00
    397      1.000000000E+02      2.346691023E+04      0.000000000E+00      0.000000000E+00
    398      1.000000000E+02      2.356691023E+04      0.000000000E+00      0.000000000E+00
    399      1.000000000E+02      2.366691023E+04      0.000000000E+00      0.000000000E+00
    400      1.000000000E+02      2.376691023E+04      0.000000000E+00      0.000000000E+00
    401      1.000000000E+02      2.386691023E+04      0.000000000E+00      0.000000000E+00
    402      1.000000000E+02      2.396691023E+04      0.000000000E+00      0.000000000E+00
    403      1.000000000E+02      2.406691023E+04      0.000000000E+00      0.000000000E+00
    404      1.000000000E+02      2.416691023E+04      0.000000000E+00      0.000000000E+00
    405      1.000000000E+02      2.426691023E+04      0.000000000E+00      0.000000000E+00
    406      1.000000000E+02      2.436691023E+04      0.000000000E+00      0.000000000E+00
    407      1.000000000E+02      2.446691023E+04      0.000000000E+00      0.000000000E+00
    408      1.000000000E+02      2.456691023E+04      0.000000000E+00      0.000000000E+00
    409      1.000000000E+02      2.466691023E+04      0.000000000E+00      0.000000000E+00
    410      1.000000000E+02      2.476691023E+04      0.000000000E+00      0.000000000E+00
    411      1.000000000E+02      2.486691023E+04      0.000000000E+00      0.000000000E+00
    412      1.000000000E+02      2.496691023E+04      0.000000000E+00      0.000000000E+00
    413      1.000000000E+02      2.506691023E+04      0.000000000E+00      0.000000000E+00
    414      1.000000000E+02      2.516691023E+04      0.000000000E+00      0.000000000E+00
    415      1.000000000E+02      2.526691023E+04      0.000000000E+00      0.000000000E+00
    416      1.000000000E+02      2.536691023E+04      0.000000000E+00      0.000000000E+00
    417      1.000000000E+02      2.546691023E+04      0.000000000E+00      0.000000000E+00
    418      1.000000000E+02      2.556691023E+04      0.000000000E+00      0.000000000E+00
    419      1.000000000E+02      2.566691023E+04      0.000000000E+00      0.000000000E+00
    420      1.000000000E+02      2.576691023E+04      0.000000000E+00      0.000000000E+00
    421      1.000000000E+02      2.586691023E+04      0.000000000E+00      0.000000000E+00
    422      1.000000000E+02      2.596691023E+04      0.000000000E+00      0.000000000E+00
    423      1.000000000E+02      2.606691023E+04      0.000000000E+00      0.000000000E+00
    424      1.000000000E+02      2.616691023E+04      0.000000000E+00      0.000000000E+00
    425      1.000000000E+02      2.626691023E+04      0.000000000E+00      0.000000000E+00
    426      1.000000000E+02      2.636691023E+04      0.000000000E+00      0.000000000E+00
    427      1.000000000E+02      2.646691023E+04      0.000000000E+00      0.000000000E+00
    428      1.000000000E+02      2.656691023E+04      0.000000000E+00      0.000000000E+00
    429      1.000000000E+02      2.666691023E+04      0.000000000E+00      0.000000000E+00
    430      1.000000000E+02      2.676691023E+04      0.000000000E+00      0.000000000E+00
    431      1.000000000E+02      2.686691023E+04      0.000000000E+00      0.000000000E+00
    432      1.000000000E+02      2.696691023E+04      0.000000000E+00      0.000000000E+00
    433      1.000000000E+02      2.706691023E+04      0.000000000E+00      0.000000000E+00
    434      1.000000000E+02      2.716691023E+04      0.000000000E+00      0.000000000E+00
    435      1.000000000E+02      2.726691023E+04      0.000000000E+00      0.000000000E+00
    436      1.000000000E+02      2.736691023E+04      0.000000000E+00      0.000000000E+00
    437      1.000000000E+02      2.746691023E+04      0.000000000E+00      0.000000000E+00
    438      1.000000000E+02      2.756691023E+04      0.000000000E+00      0.000000000E+00
    439      1.000000000E+02      2.766691023E+04      0.000000000E+00      0.000000000E+00
    440      1.000000000E+02      2.776691023E+04      0.000000000E+00      0.000000000E+00
    441      1.000000000E+02      2.786691023E+04      0.000000000E+00      0.000000000E+00
    442      1.000000000E+02      2.796691023E+04      0.000000000E+00      0.000000000E+00
    443      1.000000000E+02      2.806691023E+04      0.000000000E+00      0.000000000E+00
    444      1.000000000E+02      2.816691023E+04      0.000000000E+00      0.000000000E+00
    445      1.000000000E+02      2.826691023E+04      0.000000000E+00      0.000000000E+00
    446      1.000000000E+02      2.836691023E+04      0.000000000E+00      0.000000000E+00
    447      1.000000000E+02      2.846691023E+04      0.000000000E+00      0.000000000E+00
    448      1.000000000E+02      2.856691023E+04      0.000000000E+00      0.000000000E+00
    449      1.000000000E+02      2.866691023E+04      0.000000000E+00      0.000000000E+00
    450      1.000000000E+02      2.876691023E+04      0.000000000E+00      0.000000000E+00
    451      1.000000000E+02      2.886691023E+04      0.000000000E+00      0.000000000E+00
    452      1.000000000E+02      2.896691023E+04      0.000000000E+00      0.000000000E+00
    453      1.000000000E+02      2.906691023E+04      0.000000000E+00      0.000000000E+00
    454      1.000000000E+02      2.916691023E+04      0.000000000E+00      0.000000000E+00
    455      1.000000000E+02      2.926691023E+04      0.000000000E+00      0.000000000E+00
    456      1.000000000E+02      2.936691023E+04      0.000000000E+00      0.000000000E+00
    457      1.000000000E+02      2.946691023E+04      0.000000000E+00      0.000000000E+00
    458      1.000000000E+02      2.956691023E+04      0.000000000E+00      0.000000000E+00
    459      1.000000000E+02      2.966691023E+04      0.000000000E+00      0.000000000E+00
    460      1.000000000E+02      2.976691023E+04      0.000000000E+00      0.000000000E+00
    461      1.000000000E+02      2.986691023E+04      0.000000000E+00      0.000000000E+00
    462      1.000000000E+02      2.996691023E+04      0.000000000E+00      0.000000000E+00
    463      1.000000000E+02      3.006691023E+04      0.000000000E+00      0.000000000E+00
    464      1.000000000E+02      3.016691023E+04      0.000000000E+00      0.000000000E+00
    465      1.000000000E+02      3.026691023E+04      0.000000000E+00      0.000000000E+00
    466      1.000000000E+02      3.036691023E+04      0.000000000E+00      0.000000000E+00
    467      1.000000000E+02      3.046691023E+04      0.000000000E+00      0.000000000E+00
    468      1.000000000E+02      3.056691023E+04      0.000000000E+00      0.000000000E+00
    469      1.000000000E+02      3.066691023E+04      0.000000000E+00      0.000000000E+00
    470      1.000000000E+02      3.076691023E+04      0.000000000E+00      0.000000000E+00
    471      1.000000000E+02      3.086691023E+04      0.000000000E+00      0.000000000E+00
    472      1.000000000E+02      3.096691023E+04      0.000000000E+00      0.000000000E+00
    473      1.000000000E+02      3.106691023E+04      0.000000000E+00      0.000000000E+00
    474      1.000000000E+02      3.116691023E+04      0.000000000E+00      0.000000000E+00
    475      1.000000000E+02      3.126691023E+04      0.000000000E+00      0.000000000E+00
    476      1.000000000E+02      3.136691023E+04      0.000000000E+00      0.000000000E+00
    477      1.000000000E+02      3.146691023E+04      0.000000000E+00      0.000000000E+00
    478      1.000000000E+02      3.156691023E+04      0.000000000E+00      0.000000000E+00
    479      1.000000000E+02      3.166691023E+04      0.000000000E+00      0.000000000E+00
    480      1.000000000E+02      3.176691023E+04      0.000000000E+00      0.000000000E+00
    481      1.000000000E+02      3.186691023E+04      0.000000000E+00      0.000000000E+00
    482      1.000000000E+02      3.196691023E+04      0.000000000E+00      0.000000000E+00
    483      1.000000000E+02      3.206691023E+04      0.000000000E+00      0.000000000E+00
    484      1.000000000E+02      3.216691023E+04      0.000000000E+00      0.000000000E+00
    485      1.000000000E+02      3.226691023E+04      0.000000000E+00      0.000000000E+00
    486      1.000000000E+02      3.236691023E+04      0.000000000E+00      0.000000000E+00
    487      1.000000000E+02      3.246691023E+04      0.000000000E+00      0.000000000E+00
    488      1.000000000E+02      3.256691023E+04      0.000000000E+00      0.000000000E+00
    489      1.000000000E+02      3.266691023E+04      0.000000000E+00      0.000000000E+00
    490      1.000000000E+02      3.276691023E+04      0.000000000E+00      0.000000000E+00
    491      1.000000000E+02      3.286691023E+04      0.000000000E+00      0.000000000E+00
    492      1.000000000E+02      3.296691023E+04      0.000000000E+00      0.000000000E+00
    493      1.000000000E+02      3.306691023E+04      0.000000000E+00      0.000000000E+00
    494      1.000000000E+02      3.316691023E+04      0.000000000E+00      0.000000000E+00
    495      1.000000000E+02      3.326691023E+04      0.000000000E+00      0.000000000E+00
    496      1.000000000E+02      3.336691023E+04      0.000000000E+00      0.000000000E+00
    497      1.000000000E+02      3.346691023E+04      0.000000000E+00      0.000000000E+00
    498      1.000000000E+02      3.356691023E+04      0.000000000E+00      0.000000000E+00
    499      1.000000000E+02      3.366691023E+04      0.000000000E+00      0.000000000E+00
    500      1.000000000E+02      3.376691023E+04      0.000000000E+00      0.000000000E+00
    501      1.000000000E+02      3.386691023E+04      0.000000000E+00      0.000000000E+00
    502      1.000000000E+02      3.396691023E+04      0.000000000E+00      0.000000000E+00
    503      1.000000000E+02      3.406691023E+04      0.000000000E+00      0.000000000E+00
    504      1.000000000E+02      3.416691023E+04      0.000000000E+00      0.000000000E+00
    505      1.000000000E+02      3.426691023E+04      0.000000000E+00      0.000000000E+00
    506      1.000000000E+02      3.436691023E+04      0.000000000E+00      0.000000000E+00
    507      1.000000000E+02      3.446691023E+04      0.000000000E+00      0.000000000E+00
    508      1.000000000E+02      3.456691023E+04      0.000000000E+00      0.000000000E+00
    509      1.000000000E+02      3.466691023E+04      0.000000000E+00      0.000000000E+00
    510      1.000000000E+02      3.476691023E+04      0.000000000E+00      0.000000000E+00
    511      1.000000000E+02      3.486691023E+04      0.000000000E+00      0.000000000E+00
    512      1.000000000E+02      3.496691023E+04      0.000000000E+00      0.000000000E+00
    513      1.000000000E+02      3.506691023E+04      0.000000000E+00      0.000000000E+00
    514      1.000000000E+02      3.516691023E+04      0.000000000E+00      0.000000000E+00
    515      1.000000000E+02      3.526691023E+04      0.000000000E+00      0.000000000E+00
    516      1.000000000E+02      3.536691023E+04      0.000000000E+00      0.000000000E+00
    517      1.000000000E+02      3.546691023E+04      0.000000000E+00      0.000000000E+00
    518      1.000000000E+02      3.556691023E+04      0.000000000E+00      0.000000000E+00
    519      1.000000000E+02      3.566691023E+04      0.000000000E+00      0.000000000E+00
    520      1.000000000E+02      3.576691023E+04      0.000000000E+00      0.000000000E+00
    521      1.000000000E+02      3.586691023E+04      0.000000000E+00      0.000000000E+00
    522      1.000000000E+02      3.596691023E+04      0.000000000E+00      0.000000000E+00
    523      1.000000000E+02      3.606691023E+04      0.000000000E+00      0.000000000E+00
    524      1.000000000E+02      3.616691023E+04      0.000000000E+00      0.000000000E+00
    525      1.000000000E+02      3.626691023E+04      0.000000000E+00      0.000000000E+00
    526      1.000000000E+02      3.636691023E+04      0.000000000E+00      0.000000000E+00
    527      1.000000000E+02      3.646691023E+04      0.000000000E+00      0.000000000E+00
    528      1.000000000E+02      3.656691023E+04      0.000000000E+00      0.000000000E+00
    529      1.000000000E+02      3.666691023E+04      0.000000000E+00      0.000000000E+00
    530      1.000000000E+02      3.676691023E+04      0.000000000E+00      0.000000000E+00
    531      1.000000000E+02      3.686691023E+04      0.000000000E+00      0.000000000E+00
    532      1.000000000E+02      3.696691023E+04      0.000000000E+00      0.000000000E+00
    533      1.000000000E+02      3.706691023E+04      0.000000000E+00      0.000000000E+00
    534      1.000000000E+02      3.716691023E+04      0.000000000E+00      0.000000000E+00
    535      1.000000000E+02      3.726691023E+04      0.000000000E+00      0.000000000E+00
    536      1.000000000E+02      3.736691023E+04      0.000000000E+00      0.000000000E+00
    537      1.000000000E+02      3.746691023E+04      0.000000000E+00      0.000000000E+00
    538      1.000000000E+02      3.756691023E+04      0.000000000E+00      0.000000000E+00
    539      1.000000000E+02      3.766691023E+04      0.000000000E+00      0.000000000E+00
    540      1.000000000E+02      3.776691023E+04      0.000000000E+00      0.000000000E+00
    541      1.000000000E+02      3.786691023E+04      0.000000000E+00      0.000000000E+00
    542      1.000000000E+02      3.796691023E+04      0.000000000E+00      0.000000000E+00
    543      1.000000000E+02      3.806691023E+04      0.000000000E+00      0.000000000E+00
    544      1.000000000E+02      3.816691023E+04      0.000000000E+00      0.000000000E+00
    545      1.000000000E+02      3.826691023E+04      0.000000000E+00      0.000000000E+00
    546      1.000000000E+02      3.836691023E+04      0.000000000E+00      0.000000000E+00
    547      1.000000000E+02      3.846691023E+04      0.000000000E+00      0.000000000E+00
    548      1.000000000E+02      3.856691023E+04      0.000000000E+00      0.000000000E+00
    549      1.000000000E+02      3.866691023E+04      0.000000000E+00      0.000000000E+00
    550      1.000000000E+02      3.876691023E+04      0.000000000E+00      0.000000000E+00
    551      1.000000000E+02      3.886691023E+04      0.000000000E+00      0.000000000E+00
    552      1.000000000E+02      3.896691023E+04      0.000000000E+00      0.000000000E+00
    553      1.000000000E+02      3.906691023E+04      0.000000000E+00      0.000000000E+00
    554      1.000000000E+02      3.916691023E+04      0.000000000E+00      0.000000000E+00
    555      1.000000000E+02      3.926691023E+04      0.000000000E+00      0.000000000E+00
    556      1.000000000E+02      3.936691023E+04      0.000000000E+00      0.000000000E+00
    557      1.000000000E+02      3.946691023E+04      0.000000000E+00      0.000000000E+00
    558      1.000000000E+02      3.956691023E+04      0.000000000E+00      0.000000000E+00
    559      1.000000000E+02      3.966691023E+04      0.000000000E+00      0.000000000E+00
    560      1.000000000E+02      3.976691023E+04      0.000000000E+00      0.000000000E+00
    561      1.000000000E+02      3.986691023E+04      0.000000000E+00      0.000000000E+00
    562      1.000000000E+02      3.996691023E+04      0.000000000E+00      0.000000000E+00
    563      1.000000000E+02      4.006691023E+04      0.000000000E+00      0.000000000E+00
    564      1.000000000E+02      4.016691023E+04      0.000000000E+00      0.000000000E+00
    565      1.000000000E+02      4.026691023E+04      0.000000000E+00      0.000000000E+00
    566      1.000000000E+02      4.036691023E+04      0.000000000E+00      0.000000000E+00
    567      1.000000000E+02      4.046691023E+04      0.000000000E+00      0.000000000E+00
    568      1.000000000E+02      4.056691023E+04      0.000000000E+00      0.000000000E+00
    569      1.000000000E+02      4.066691023E+04      0.000000000E+00      0.000000000E+00
    570      1.000000000E+02      4.076691023E+04      0.000000000E+00      0.000000000E+00
    571      1.000000000E+02      4.086691023E+04      0.000000000E+00      0.000000000E+00
    572      1.000000000E+02      4.096691023E+04      0.000000000E+00      0.000000000E+00
    573      1.000000000E+02      4.106691023E+04      0.000000000E+00      0.000000000E+00
    574      1.000000000E+02      4.116691023E+04      0.000000000E+00      0.000000000E+00
    575      1.000000000E+02      4.126691023E+04      0.000000000E+00      0.000000000E+00
    576      1.000000000E+02      4.136691023E+04      0.000000000E+00      0.000000000E+00
    577      1.000000000E+02      4.146691023E+04      0.000000000E+00      0.000000000E+00
    578      1.000000000E+02      4.156691023E+04      0.000000000E+00      0.000000000E+00
    579      1.000000000E+02      4.166691023E+04      0.000000000E+00      0.000000000E+00
    580      1.000000000E+02      4.176691023E+04      0.000000000E+00      0.000000000E+00
    581      1.000000000E+02      4.186691023E+04      0.000000000E+00      0.000000000E+00
    582      1.000000000E+02      4.196691023E+04      0.000000000E+00      0.000000000E+00
    583      1.000000000E+02      4.206691023E+04      0.000000000E+00      0.000000000E+00
    584      1.000000000E+02      4.216691023E+04      0.000000000E+00      0.000000000E+00
    585      1.000000000E+02      4.226691023E+04      0.000000000E+00      0.000000000E+00
    586      1.000000000E+02      4.236691023E+04      0.000000000E+00      0.000000000E+00
    587      1.000000000E+02      4.246691023E+04      0.000000000E+00      0.000000000E+00
    588      1.000000000E+02      4.256691023E+04      0.000000000E+00      0.000000000E+00
    589      1.000000000E+02      4.266691023E+04      0.000000000E+00      0.000000000E+00
    590      1.000000000E+02      4.276691023E+04      0.000000000E+00      0.000000000E+00
    591      1.000000000E+02      4.286691023E+04      0.000000000E+00      0.000000000E+00
    592      1.000000000E+02      4.296691023E+04      0.000000000E+00      0.000000000E+00
    593      1.000000000E+02      4.306691023E+04      0.000000000E+00      0.000000000E+00
    594      1.000000000E+02      4.316691023E+04      0.000000000E+00      0.000000000E+00
    595      1.000000000E+02      4.326691023E+04      0.000000000E+00      0.000000000E+00
    596      1.000000000E+02      4.336691023E+04      0.000000000E+00      0.000000000E+00
    597      1.000000000E+02      4.346691023E+04      0.000000000E+00      0.000000000E+00
    598      1.000000000E+02      4.356691023E+04      0.000000000E+00      0.000000000E+00
    599      1.000000000E+02      4.366691023E+04      0.000000000E+00      0.000000000E+00
    600      1.000000000E+02      4.376691023E+04      0.000000000E+00      0.000000000E+00
    601      1.000000000E+02      4.386691023E+04      0.000000000E+00      0.000000000E+00
    602      1.000000000E+02      4.396691023E+04      0.000000000E+00      0.000000000E+00
    603      1.000000000E+02      4.406691023E+04      0.000000000E+00      0.000000000E+00
    604      1.000000000E+02      4.416691023E+04      0.000000000E+00      0.000000000E+00
    605      1.000000000E+02      4.426691023E+04      0.000000000E+00      0.000000000E+00
    606      1.000000000E+02      4.436691023E+04      0.000000000E+00      0.000000000E+00
    607      1.000000000E+02      4.446691023E+04      0.000000000E+00      0.000000000E+00
    608      1.000000000E+02      4.456691023E+04      0.000000000E+00      0.000000000E+00
    609      1.000000000E+02      4.466691023E+04      0.000000000E+00      0.000000000E+00
    610      1.000000000E+02      4.476691023E+04      0.000000000E+00      0.000000000E+00
    611      1.000000000E+02      4.486691023E+04      0.000000000E+00      0.000000000E+00
    612      1.000000000E+02      4.496691023E+04      0.000000000E+00      0.000000000E+00
    613      1.000000000E+02      4.506691023E+04      0.000000000E+00      0.000000000E+00
    614      1.000000000E+02      4.516691023E+04      0.000000000E+00      0.000000000E+00
    615      1.000000000E+02      4.526691023E+04      0.000000000E+00      0.000000000E+00
    616      1.000000000E+02      4.536691023E+04      0.000000000E+00      0.000000000E+00
    617      1.000000000E+02      4.546691023E+04      0.000000000E+00      0.000000000E+00
    618      1.000000000E+02      4.556691023E+04      0.000000000E+00      0.000000000E+00
    619      1.000000000E+02      4.566691023E+04      0.000000000E+00      0.000000000E+00
    620      1.000000000E+02      4.576691023E+04      0.000000000E+00      0.000000000E+00
    621      1.000000000E+02      4.586691023E+04      0.000000000E+00      0.000000000E+00
    622      1.000000000E+02      4.596691023E+04      0.000000000E+00      0.000000000E+00
    623      1.000000000E+02      4.606691023E+04      0.000000000E+00      0.000000000E+00
    624      1.000000000E+02      4.616691023E+04      0.000000000E+00      0.000000000E+00
    625      1.000000000E+02      4.626691023E+04      0.000000000E+00      0.000000000E+00
    626      1.000000000E+02      4.636691023E+04      0.000000000E+00      0.000000000E+00
    627      1.000000000E+02      4.646691023E+04      0.000000000E+00      0.000000000E+00
    628      1.000000000E+02      4.656691023E+04      0.000000000E+00      0.000000000E+00
    629      1.000000000E+02      4.666691023E+04      0.000000000E+00      0.000000000E+00
    630      1.000000000E+02      4.676691023E+04      0.000000000E+00      0.000000000E+00
    631      1.000000000E+02      4.686691023E+04      0.000000000E+00      0.000000000E+00
    632      1.000000000E+02      4.696691023E+04      0.000000000E+00      0.000000000E+00
    633      1.000000000E+02      4.706691023E+04      0.000000000E+00      0.000000000E+00
    634      1.000000000E+02      4.716691023E+04      0.000000000E+00      0.000000000E+00
    635      1.000000000E+02      4.726691023E+04      0.000000000E+00      0.000000000E+00
    636      1.000000000E+02      4.736691023E+04      0.000000000E+00      0.000000000E+00
    637      1.000000000E+02      4.746691023E+04      0.000000000E+00      0.000000000E+00
    638      1.000000000E+02      4.756691023E+04      0.000000000E+00      0.000000000E+00
    639      1.000000000E+02      4.766691023E+04      0.000000000E+00      0.000000000E+00
    640      1.000000000E+02      4.776691023E+04      0.000000000E+00      0.000000000E+00
    641      1.000000000E+02      4.786691023E+04      0.000000000E+00      0.000000000E+00
    642      1.000000000E+02      4.796691023E+04      0.000000000E+00      0.000000000E+00
    643      1.000000000E+02      4.806691023E+04      0.000000000E+00      0.000000000E+00
    644      1.000000000E+02      4.816691023E+04      0.000000000E+00      0.000000000E+00
    645      1.000000000E+02      4.826691023E+04      0.000000000E+00      0.000000000E+00
    646      1.000000000E+02      4.836691023E+04      0.000000000E+00      0.000000000E+00
    647      1.000000000E+02      4.846691023E+04      0.000000000E+00      0.000000000E+00
    648      1.000000000E+02      4.856691023E+04      0.000000000E+00      0.000000000E+00
    649      1.000000000E+02      4.866691023E+04      0.000000000E+00      0.000000000E+00
    650      1.000000000E+02      4.876691023E+04      0.000000000E+00      0.000000000E+00
    651      1.000000000E+02      4.886691023E+04      0.000000000E+00      0.000000000E+00
    652      1.000000000E+02      4.896691023E+04      0.000000000E+00      0.000000000E+00
    653      1.000000000E+02      4.906691023E+04      0.000000000E+00      0.000000000E+00
    654      1.000000000E+02      4.916691023E+04      0.000000000E+00      0.000000000E+00
    655      1.000000000E+02      4.926691023E+04      0.000000000E+00      0.000000000E+00
    656      1.000000000E+02      4.936691023E+04      0.000000000E+00      0.000000000E+00
    657      1.000000000E+02      4.946691023E+04      0.000000000E+00      0.000000000E+00
    658      1.000000000E+02      4.956691023E+04      0.000000000E+00      0.000000000E+00
    659      1.000000000E+02      4.966691023E+04      0.000000000E+00      0.000000000E+00
    660      1.000000000E+02      4.976691023E+04      0.000000000E+00      0.000000000E+00
    661      1.000000000E+02      4.986691023E+04      0.000000000E+00      0.000000000E+00
    662      1.000000000E+02      4.996691023E+04      0.000000000E+00      0.000000000E+00
    663      1.000000000E+02      5.006691023E+04      0.000000000E+00      0.000000000E+00
    664      1.000000000E+02      5.016691023E+04      0.000000000E+00      0.000000000E+00
    665      1.000000000E+02      5.026691023E+04      0.000000000E+00      0.000000000E+00
    666      1.000000000E+02      5.036691023E+04      0.000000000E+00      0.000000000E+00
    667      1.000000000E+02      5.046691023E+04      0.000000000E+00      0.000000000E+00
    668      1.000000000E+02      5.056691023E+04      0.000000000E+00      0.000000000E+00
    669      1.000000000E+02      5.066691023E+04      0.000000000E+00      0.000000000E+00
    670      1.000000000E+02      5.076691023E+04      0.000000000E+00      0.000000000E+00
    671      1.000000000E+02      5.086691023E+04      0.000000000E+00      0.000000000E+00
    672      1.000000000E+02      5.096691023E+04      0.000000000E+00      0.000000000E+00
    673      1.000000000E+02      5.106691023E+04      0.000000000E+00      0.000000000E+00
    674      1.000000000E+02      5.116691023E+04      0.000000000E+00      0.000000000E+00
    675      1.000000000E+02      5.126691023E+04      0.000000000E+00      0.000000000E+00
    676      1.000000000E+02      5.136691023E+04      0.000000000E+00      0.000000000E+00
    677      1.000000000E+02      5.146691023E+04      0.000000000E+00      0.000000000E+00
    678      1.000000000E+02      5.156691023E+04      0.000000000E+00      0.000000000E+00
    679      1.000000000E+02      5.166691023E+04      0.000000000E+00      0.000000000E+00
    680      1.000000000E+02      5.176691023E+04      0.000000000E+00      0.000000000E+00
    681      1.000000000E+02      5.186691023E+04      0.000000000E+00      0.000000000E+00
    682      1.000000000E+02      5.196691023E+04      0.000000000E+00      0.000000000E+00
    683      1.000000000E+02      5.206691023E+04      0.000000000E+00      0.000000000E+00
    684      1.000000000E+02      5.216691023E+04      0.000000000E+00      0.000000000E+00
    685      1.000000000E+02      5.226691023E+04      0.000000000E+00      0.000000000E+00
    686      1.000000000E+02      5.236691023E+04      0.000000000E+00      0.000000000E+00
    687      1.000000000E+02      5.246691023E+04      0.000000000E+00      0.000000000E+00
    688      1.000000000E+02      5.256691023E+04      0.000000000E+00      0.000000000E+00
    689      1.000000000E+02      5.266691023E+04      0.000000000E+00      0.000000000E+00
    690      1.000000000E+02      5.276691023E+04      0.000000000E+00      0.000000000E+00
    691      1.000000000E+02      5.286691023E+04      0.000000000E+00      0.000000000E+00
    692      1.000000000E+02      5.296691023E+04      0.000000000E+00      0.000000000E+00
    693      1.000000000E+02      5.306691023E+04      0.000000000E+00      0.000000000E+00
    694      1.000000000E+02      5.316691023E+04      0.000000000E+00      0.000000000E+00
    695      1.000000000E+02      5.326691023E+04      0.000000000E+00      0.000000000E+00
    696      1.000000000E+02      5.336691023E+04      0.000000000E+00      0.000000000E+00
    697      1.000000000E+02      5.346691023E+04      0.000000000E+00      0.000000000E+00
    698      1.000000000E+02      5.356691023E+04      0.000000000E+00      0.000000000E+00
    699      1.000000000E+02      5.366691023E+04      0.000000000E+00      0.000000000E+00
    700      1.000000000E+02      5.376691023E+04      0.000000000E+00      0.000000000E+00
    701      1.000000000E+02      5.386691023E+04      0.000000000E+00      0.000000000E+00
    702      1.000000000E+02      5.396691023E+04      0.000000000E+00      0.000000000E+00
    703      1.000000000E+02      5.406691023E+04      0.000000000E+00      0.000000000E+00
    704      1.000000000E+02      5.416691023E+04      0.000000000E+00      0.000000000E+00
    705      1.000000000E+02      5.426691023E+04      0.000000000E+00      0.000000000E+00
    706      1.000000000E+02      5.436691023E+04      0.000000000E+00      0.000000000E+00
    707      1.000000000E+02      5.446691023E+04      0.000000000E+00      0.000000000E+00
    708      1.000000000E+02      5.456691023E+04      0.000000000E+00      0.000000000E+00
    709      1.000000000E+02      5.466691023E+04      0.000000000E+00      0.000000000E+00
    710      1.000000000E+02      5.476691023E+04      0.000000000E+00      0.000000000E+00
    711      1.000000000E+02      5.486691023E+04      0.000000000E+00      0.000000000E+00
    712      1.000000000E+02      5.496691023E+04      0.000000000E+00      0.000000000E+00
    713      1.000000000E+02      5.506691023E+04      0.000000000E+00      0.000000000E+00
    714      1.000000000E+02      5.516691023E+04      0.000000000E+00      0.000000000E+00
    715      1.000000000E+02      5.526691023E+04      0.000000000E+00      0.000000000E+00
    716      1.000000000E+02      5.536691023E+04      0.000000000E+00      0.000000000E+00
    717      1.000000000E+02      5.546691023E+04      0.000000000E+00      0.000000000E+00
    718      1.000000000E+02      5.556691023E+04      0.000000000E+00      0.000000000E+00
    719      1.000000000E+02      5.566691023E+04      0.000000000E+00      0.000000000E+00
    720      1.000000000E+02      5.576691023E+04      0.000000000E+00      0.000000000E+00
    721      1.000000000E+02      5.586691023E+04      0.000000000E+00      0.000000000E+00
    722      1.000000000E+02      5.596691023E+04      0.000000000E+00      0.000000000E+00
    723      1.000000000E+02      5.606691023E+04      0.000000000E+00      0.000000000E+00
    724      1.000000000E+02      5.616691023E+04      0.000000000E+00      0.000000000E+00
    725      1.000000000E+02      5.626691023E+04      0.000000000E+00      0.000000000E+00
    726      1.000000000E+02      5.636691023E+04      0.000000000E+00      0.000000000E+00
    727      1.000000000E+02      5.646691023E+04      0.000000000E+00      0.000000000E+00
    728      1.000000000E+02      5.656691023E+04      0.000000000E+00      0.000000000E+00
    729      1.000000000E+02      5.666691023E+04      0.000000000E+00      0.000000000E+00
    730      1.000000000E+02      5.676691023E+04      0.000000000E+00      0.000000000E+00
    731      1.000000000E+02      5.686691023E+04      0.000000000E+00      0.000000000E+00
    732      1.000000000E+02      5.696691023E+04      0.000000000E+00      0.000000000E+00
    733      1.000000000E+02      5.706691023E+04      0.000000000E+00      0.000000000E+00
    734      1.000000000E+02      5.716691023E+04      0.000000000E+00      0.000000000E+00
    735      1.000000000E+02      5.726691023E+04      0.000000000E+00      0.000000000E+00
    736      1.000000000E+02      5.736691023E+04      0.000000000E+00      0.000000000E+00
    737      1.000000000E+02      5.746691023E+04      0.000000000E+00      0.000000000E+00
    738      1.000000000E+02      5.756691023E+04      0.000000000E+00      0.000000000E+00
    739      1.000000000E+02      5.766691023E+04      0.000000000E+00      0.000000000E+00
    740      1.000000000E+02      5.776691023E+04      0.000000000E+00      0.000000000E+00
    741      1.000000000E+02      5.786691023E+04      0.000000000E+00      0.000000000E+00
    742      1.000000000E+02      5.796691023E+04      0.000000000E+00      0.000000000E+00
    743      1.000000000E+02      5.806691023E+04      0.000000000E+00      0.000000000E+00
    744      1.000000000E+02      5.816691023E+04      0.000000000E+00      0.000000000E+00
    745      1.000000000E+02      5.826691023E+04      0.000000000E+00      0.000000000E+00
    746      1.000000000E+02      5.836691023E+04      0.000000000E+00      0.000000000E+00
    747      1.000000000E+02      5.846691023E+04      0.000000000E+00      0.000000000E+00
    748      1.000000000E+02      5.856691023E+04      0.000000000E+00      0.000000000E+00
    749      1.000000000E+02      5.866691023E+04      0.000000000E+00      0.000000000E+00
    750      1.000000000E+02      5.876691023E+04      0.000000000E+00      0.000000000E+00
    751      1.000000000E+02      5.886691023E+04      0.000000000E+00      0.000000000E+00
    752      1.000000000E+02      5.896691023E+04      0.000000000E+00      0.000000000E+00
    753      1.000000000E+02      5.906691023E+04      0.000000000E+00      0.000000000E+00
    754      1.000000000E+02      5.916691023E+04      0.000000000E+00      0.000000000E+00
    755      1.000000000E+02      5.926691023E+04      0.000000000E+00      0.000000000E+00
    756      1.000000000E+02      5.936691023E+04      0.000000000E+00      0.000000000E+00
    757      1.000000000E+02      5.946691023E+04      0.000000000E+00      0.000000000E+00
    758      1.000000000E+02      5.956691023E+04      0.000000000E+00      0.000000000E+00
    759      1.000000000E+02      5.966691023E+04      0.000000000E+00      0.000000000E+00
    760      1.000000000E+02      5.976691023E+04      0.000000000E+00      0.000000000E+00
    761      1.000000000E+02      5.986691023E+04      0.000000000E+00      0.000000000E+00
    762      1.000000000E+02      5.996691023E+04      0.000000000E+00      0.000000000E+00
    763      1.000000000E+02      6.006691023E+04      0.000000000E+00      0.000000000E+00
    764      1.000000000E+02      6.016691023E+04      0.000000000E+00      0.000000000E+00
    765      1.000000000E+02      6.026691023E+04      0.000000000E+00      0.000000000E+00
    766      1.000000000E+02      6.036691023E+04      0.000000000E+00      0.000000000E+00
    767      1.000000000E+02      6.046691023E+04      0.000000000E+00      0.000000000E+00
    768      1.000000000E+02      6.056691023E+04      0.000000000E+00      0.000000000E+00
    769      1.000000000E+02      6.066691023E+04      0.000000000E+00      0.000000000E+00
    770      1.000000000E+02      6.076691023E+04      0.000000000E+00      0.000000000E+00
    771      1.000000000E+02      6.086691023E+04      0.000000000E+00      0.000000000E+00
    772      1.000000000E+02      6.096691023E+04      0.000000000E+00      0.000000000E+00
    773      1.000000000E+02      6.106691023E+04      0.000000000E+00      0.000000000E+00
    774      1.000000000E+02      6.116691023E+04      0.000000000E+00      0.000000000E+00
    775      1.000000000E+02      6.126691023E+04      0.000000000E+00      0.000000000E+00
    776      1.000000000E+02      6.136691023E+04      0.000000000E+00      0.000000000E+00
    777      1.000000000E+02      6.146691023E+04      0.000000000E+00      0.000000000E+00
    778      1.000000000E+02      6.156691023E+04      0.000000000E+00      0.000000000E+00
    779      1.000000000E+02      6.166691023E+04      0.000000000E+00      0.000000000E+00
    780      1.000000000E+02      6.176691023E+04      0.000000000E+00      0.000000000E+00
    781      1.000000000E+02      6.186691023E+04      0.000000000E+00      0.000000000E+00
    782      1.000000000E+02      6.196691023E+04      0.000000000E+00      0.000000000E+00
    783      1.000000000E+02      6.206691023E+04      0.000000000E+00      0.000000000E+00
    784      1.000000000E+02      6.216691023E+04      0.000000000E+00      0.000000000E+00
    785      1.000000000E+02      6.226691023E+04      0.000000000E+00      0.000000000E+00
    786      1.000000000E+02      6.236691023E+04      0.000000000E+00      0.000000000E+00
    787      1.000000000E+02      6.246691023E+04      0.000000000E+00      0.000000000E+00
    788      1.000000000E+02      6.256691023E+04      0.000000000E+00      0.000000000E+00
    789      1.000000000E+02      6.266691023E+04      0.000000000E+00      0.000000000E+00
    790      1.000000000E+02      6.276691023E+04      0.000000000E+00      0.000000000E+00
    791      1.000000000E+02      6.286691023E+04      0.000000000E+00      0.000000000E+00
    792      1.000000000E+02      6.296691023E+04      0.000000000E+00      0.000000000E+00
    793      1.000000000E+02      6.306691023E+04      0.000000000E+00      0.000000000E+00
    794      1.000000000E+02      6.316691023E+04      0.000000000E+00      0.000000000E+00
    795      1.000000000E+02      6.326691023E+04      0.000000000E+00      0.000000000E+00
    796      1.000000000E+02      6.336691023E+04      0.000000000E+00      0.000000000E+00
    797      1.000000000E+02      6.346691023E+04      0.000000000E+00      0.000000000E+00
    798      1.000000000E+02      6.356691023E+04      0.000000000E+00      0.000000000E+00
    799      1.000000000E+02      6.366691023E+04      0.000000000E+00      0.000000000E+00
    800      1.000000000E+02      6.376691023E+04      0.000000000E+00      0.000000000E+00
    801      1.000000000E+02      6.386691023E+04      0.000000000E+00      0.000000000E+00
    802      1.000000000E+02      6.396691023E+04      0.000000000E+00      0.000000000E+00
    803      1.000000000E+02      6.406691023E+04      0.000000000E+00      0.000000000E+00
    804      1.000000000E+02      6.416691023E+04      0.000000000E+00      0.000000000E+00
    805      1.000000000E+02      6.426691023E+04      0.000000000E+00      0.000000000E+00
    806      1.000000000E+02      6.436691023E+04      0.000000000E+00      0.000000000E+00
    807      1.000000000E+02      6.446691023E+04      0.000000000E+00      0.000000000E+00
    808      1.000000000E+02      6.456691023E+04      0.000000000E+00      0.000000000E+00
    809      1.000000000E+02      6.466691023E+04      0.000000000E+00      0.000000000E+00
    810      1.000000000E+02      6.476691023E+04      0.000000000E+00      0.000000000E+00
    811      1.000000000E+02      6.486691023E+04      0.000000000E+00      0.000000000E+00
    812      1.000000000E+02      6.496691023E+04      0.000000000E+00      0.000000000E+00
    813      1.000000000E+02      6.506691023E+04      0.000000000E+00      0.000000000E+00
    814      1.000000000E+02      6.516691023E+04      0.000000000E+00      0.000000000E+00
    815      1.000000000E+02      6.526691023E+04      0.000000000E+00      0.000000000E+00
    816      1.000000000E+02      6.536691023E+04      0.000000000E+00      0.000000000E+00
    817      1.000000000E+02      6.546691023E+04      0.000000000E+00      0.000000000E+00
    818      1.000000000E+02      6.556691023E+04      0.000000000E+00      0.000000000E+00
    819      1.000000000E+02      6.566691023E+04      0.000000000E+00      0.000000000E+00
    820      1.000000000E+02      6.576691023E+04      0.000000000E+00      0.000000000E+00
    821      1.000000000E+02      6.586691023E+04      0.000000000E+00      0.000000000E+00
    822      1.000000000E+02      6.596691023E+04      0.000000000E+00      0.000000000E+00
    823      1.000000000E+02      6.606691023E+04      0.000000000E+00      0.000000000E+00
    824      1.000000000E+02      6.616691023E+04      0.000000000E+00      0.000000000E+00
    825      1.000000000E+02      6.626691023E+04      0.000000000E+00      0.000000000E+00
    826      1.000000000E+02      6.636691023E+04      0.000000000E+00      0.000000000E+00
    827      1.000000000E+02      6.646691023E+04      0.000000000E+00      0.000000000E+00
    828      1.000000000E+02      6.656691023E+04      0.000000000E+00      0.000000000E+00
    829      1.000000000E+02      6.666691023E+04      0.000000000E+00      0.000000000E+00
    830      1.000000000E+02      6.676691023E+04      0.000000000E+00      0.000000000E+00
    831      1.000000000E+02      6.686691023E+04      0.000000000E+00      0.000000000E+00
    832      1.000000000E+02      6.696691023E+04      0.000000000E+00      0.000000000E+00
    833      1.000000000E+02      6.706691023E+04      0.000000000E+00      0.000000000E+00
    834      1.000000000E+02      6.716691023E+04      0.000000000E+00      0.000000000E+00
    835      1.000000000E+02      6.726691023E+04      0.000000000E+00      0.000000000E+00
    836      1.000000000E+02      6.736691023E+04      0.000000000E+00      0.000000000E+00
    837      1.000000000E+02      6.746691023E+04      0.000000000E+00      0.000000000E+00
    838      1.000000000E+02      6.756691023E+04      0.000000000E+00      0.000000000E+00
    839      1.000000000E+02      6.766691023E+04      0.000000000E+00      0.000000000E+00
    840      1.000000000E+02      6.776691023E+04      0.000000000E+00      0.000000000E+00
    841      1.000000000E+02      6.786691023E+04      0.000000000E+00      0.000000000E+00
    842      1.000000000E+02      6.796691023E+04      0.000000000E+00      0.000000000E+00
    843      1.000000000E+02      6.806691023E+04      0.000000000E+00      0.000000000E+00
    844      1.000000000E+02      6.816691023E+04      0.000000000E+00      0.000000000E+00
    845      1.000000000E+02      6.826691023E+04      0.000000000E+00      0.000000000E+00
    846      1.000000000E+02      6.836691023E+04      0.000000000E+00      0.000000000E+00
    847      1.000000000E+02      6.846691023E+04      0.000000000E+00      0.000000000E+00
    848      1.000000000E+02      6.856691023E+04      0.000000000E+00      0.000000000E+00
    849      1.000000000E+02      6.866691023E+04      0.000000000E+00      0.000000000E+00
    850      1.000000000E+02      6.876691023E+04      0.000000000E+00      0.000000000E+00
    851      1.000000000E+02      6.886691023E+04      0.000000000E+00      0.000000000E+00
    852      1.000000000E+02      6.896691023E+04      0.000000000E+00      0.000000000E+00
    853      1.000000000E+02      6.906691023E+04      0.000000000E+00      0.000000000E+00
    854      1.000000000E+02      6.916691023E+04      0.000000000E+00      0.000000000E+00
    855      1.000000000E+02      6.926691023E+04      0.000000000E+00      0.000000000E+00
    856      1.000000000E+02      6.936691023E+04      0.000000000E+00      0.000000000E+00
    857      1.000000000E+02      6.946691023E+04      0.000000000E+00      0.000000000E+00
    858      1.000000000E+02      6.956691023E+04      0.000000000E+00      0.000000000E+00
    859      1.000000000E+02      6.966691023E+04      0.000000000E+00      0.000000000E+00
    860      1.000000000E+02      6.976691023E+04      0.000000000E+00      0.000000000E+00
    861      1.000000000E+02      6.986691023E+04      0.000000000E+00      0.000000000E+00
    862      1.000000000E+02      6.996691023E+04      0.000000000E+00      0.000000000E+00
    863      1.000000000E+02      7.006691023E+04      0.000000000E+00      0.000000000E+00
    864      1.000000000E+02      7.016691023E+04      0.000000000E+00      0.000000000E+00
    865      1.000000000E+02      7.026691023E+04      0.000000000E+00      0.000000000E+00
    866      1.000000000E+02      7.036691023E+04      0.000000000E+00      0.000000000E+00
    867      1.000000000E+02      7.046691023E+04      0.000000000E+00      0.000000000E+00
    868      1.000000000E+02      7.056691023E+04      0.000000000E+00      0.000000000E+00
    869      1.000000000E+02      7.066691023E+04      0.000000000E+00      0.000000000E+00
    870      1.000000000E+02      7.076691023E+04      0.000000000E+00      0.000000000E+00
    871      1.000000000E+02      7.086691023E+04      0.000000000E+00      0.000000000E+00
    872      1.000000000E+02      7.096691023E+04      0.000000000E+00      0.000000000E+00
    873      1.000000000E+02      7.106691023E+04      0.000000000E+00      0.000000000E+00
    874      1.000000000E+02      7.116691023E+04      0.000000000E+00      0.000000000E+00
    875      1.000000000E+02      7.126691023E+04      0.000000000E+00      0.000000000E+00
    876      1.000000000E+02      7.136691023E+04      0.000000000E+00      0.000000000E+00
    877      1.000000000E+02      7.146691023E+04      0.000000000E+00      0.000000000E+00
    878      1.000000000E+02      7.156691023E+04      0.000000000E+00      0.000000000E+00
    879      1.000000000E+02      7.166691023E+04      0.000000000E+00      0.000000000E+00
    880      1.000000000E+02      7.176691023E+04      0.000000000E+00      0.000000000E+00
    881      1.000000000E+02      7.186691023E+04      0.000000000E+00      0.000000000E+00
    882      1.000000000E+02      7.196691023E+04      0.000000000E+00      0.000000000E+00
    883      1.000000000E+02      7.206691023E+04      0.000000000E+00      0.000000000E+00
    884      1.000000000E+02      7.216691023E+04      0.000000000E+00      0.000000000E+00
    885      1.000000000E+02      7.226691023E+04      0.000000000E+00      0.000000000E+00
    886      1.000000000E+02      7.236691023E+04      0.000000000E+00      0.000000000E+00
    887      1.000000000E+02      7.246691023E+04      0.000000000E+00      0.000000000E+00
    888      1.000000000E+02      7.256691023E+04      0.000000000E+00      0.000000000E+00
    889      1.000000000E+02      7.266691023E+04      0.000000000E+00      0.000000000E+00
    890      1.000000000E+02      7.276691023E+04      0.000000000E+00      0.000000000E+00
    891      1.000000000E+02      7.286691023E+04      0.000000000E+00      0.000000000E+00
    892      1.000000000E+02      7.296691023E+04      0.000000000E+00      0.000000000E+00
    893      1.000000000E+02      7.306691023E+04      0.000000000E+00      0.000000000E+00
    894      1.000000000E+02      7.316691023E+04      0.000000000E+00      0.000000000E+00
    895      1.000000000E+02      7.326691023E+04      0.000000000E+00      0.000000000E+00
    896      1.000000000E+02      7.336691023E+04      0.000000000E+00      0.000000000E+00
    897      1.000000000E+02      7.346691023E+04      0.000000000E+00      0.000000000E+00
    898      1.000000000E+02      7.356691023E+04      0.000000000E+00      0.000000000E+00
    899      1.000000000E+02      7.366691023E+04      0.000000000E+00      0.000000000E+00
    900      1.000000000E+02      7.376691023E+04      0.000000000E+00      0.000000000E+00
    901      1.000000000E+02      7.386691023E+04      0.000000000E+00      0.000000000E+00
    902      1.000000000E+02      7.396691023E+04      0.000000000E+00      0.000000000E+00
    903      1.000000000E+02      7.406691023E+04      0.000000000E+00      0.000000000E+00
    904      1.000000000E+02      7.416691023E+04      0.000000000E+00      0.000000000E+00
    905      1.000000000E+02      7.426691023E+04      0.000000000E+00      0.000000000E+00
    906      1.000000000E+02      7.436691023E+04      0.000000000E+00      0.000000000E+00
    907      1.000000000E+02      7.446691023E+04      0.000000000E+00      0.000000000E+00
    908      1.000000000E+02      7.456691023E+04      0.000000000E+00      0.000000000E+00
    909      1.000000000E+02      7.466691023E+04      0.000000000E+00      0.000000000E+00
    910      1.000000000E+02      7.476691023E+04      0.000000000E+00      0.000000000E+00
    911      1.000000000E+02      7.486691023E+04      0.000000000E+00      0.000000000E+00
    912      1.000000000E+02      7.496691023E+04      0.000000000E+00      0.000000000E+00
    913      1.000000000E+02      7.506691023E+04      0.000000000E+00      0.000000000E+00
    914      1.000000000E+02      7.516691023E+04      0.000000000E+00      0.000000000E+00
    915      1.000000000E+02      7.526691023E+04      0.000000000E+00      0.000000000E+00
    916      1.000000000E+02      7.536691023E+04      0.000000000E+00      0.000000000E+00
    917      1.000000000E+02      7.546691023E+04      0.000000000E+00      0.000000000E+00
    918      1.000000000E+02      7.556691023E+04      0.000000000E+00      0.000000000E+00
    919      1.000000000E+02      7.566691023E+04      0.000000000E+00      0.000000000E+00
    920      1.000000000E+02      7.576691023E+04      0.000000000E+00      0.000000000E+00
    921      1.000000000E+02      7.586691023E+04      0.000000000E+00      0.000000000E+00
    922      1.000000000E+02      7.596691023E+04      0.000000000E+00      0.000000000E+00
    923      1.000000000E+02      7.606691023E+04      0.000000000E+00      0.000000000E+00
    924      1.000000000E+02      7.616691023E+04      0.000000000E+00      0.000000000E+00
    925      1.000000000E+02      7.626691023E+04      0.000000000E+00      0.000000000E+00
    926      1.000000000E+02      7.636691023E+04      0.000000000E+00      0.000000000E+00
    927      1.000000000E+02      7.646691023E+04      0.000000000E+00      0.000000000E+00
    928      1.000000000E+02      7.656691023E+04      0.000000000E+00      0.000000000E+00
    929      1.000000000E+02      7.666691023E+04      0.000000000E+00      0.000000000E+00
    930      1.000000000E+02      7.676691023E+04      0.000000000E+00      0.000000000E+00
    931      1.000000000E+02      7.686691023E+04      0.000000000E+00      0.000000000E+00
    932      1.000000000E+02      7.696691023E+04      0.000000000E+00      0.000000000E+00
    933      1.000000000E+02      7.706691023E+04      0.000000000E+00      0.000000000E+00
    934      1.000000000E+02      7.716691023E+04      0.000000000E+00      0.000000000E+00
    935      1.000000000E+02      7.726691023E+04      0.000000000E+00      0.000000000E+00
    936      1.000000000E+02      7.736691023E+04      0.000000000E+00      0.000000000E+00
    937      1.000000000E+02      7.746691023E+04      0.000000000E+00      0.000000000E+00
    938      1.000000000E+02      7.756691023E+04      0.000000000E+00      0.000000000E+00
    939      1.000000000E+02      7.766691023E+04      0.000000000E+00      0.000000000E+00
    940      1.000000000E+02      7.776691023E+04      0.000000000E+00      0.000000000E+00
    941      1.000000000E+02      7.786691023E+04      0.000000000E+00      0.000000000E+00
    942      1.000000000E+02      7.796691023E+04      0.000000000E+00      0.000000000E+00
    943      1.000000000E+02      7.806691023E+04      0.000000000E+00      0.000000000E+00
    944      1.000000000E+02      7.816691023E+04      0.000000000E+00      0.000000000E+00
    945      1.000000000E+02      7.826691023E+04      0.000000000E+00      0.000000000E+00
    946      1.000000000E+02      7.836691023E+04      0.000000000E+00      0.000000000E+00
    947      1.000000000E+02      7.846691023E+04      0.000000000E+00      0.000000000E+00
    948      1.000000000E+02      7.856691023E+04      0.000000000E+00      0.000000000E+00
    949      1.000000000E+02      7.866691023E+04      0.000000000E+00      0.000000000E+00
    950      1.000000000E+02      7.876691023E+04      0.000000000E+00      0.000000000E+00
    951      1.000000000E+02      7.886691023E+04      0.000000000E+00      0.000000000E+00
    952      1.000000000E+02      7.896691023E+04      0.000000000E+00      0.000000000E+00
    953      1.000000000E+02      7.906691023E+04      0.000000000E+00      0.000000000E+00
    954      1.000000000E+02      7.916691023E+04      0.000000000E+00      0.000000000E+00
    955      1.000000000E+02      7.926691023E+04      0.000000000E+00      0.000000000E+00
    956      1.000000000E+02      7.936691023E+04      0.000000000E+00      0.000000000E+00
    957      1.000000000E+02      7.946691023E+04      0.000000000E+00      0.000000000E+00
    958      1.000000000E+02      7.956691023E+04      0.000000000E+00      0.000000000E+00
    959      1.000000000E+02      7.966691023E+04      0.000000000E+00      0.000000000E+00
    960      1.000000000E+02      7.976691023E+04      0.000000000E+00      0.000000000E+00
    961      1.000000000E+02      7.986691023E+04      0.000000000E+00      0.000000000E+00
    962      6.654488534E+01      7.993345511E+04      0.000000000E+00      0.000000000E+00
    963      6.654488534E+01      8.000000000E+04      0.000000000E+00      0.000000000E+00
