#NSTEP     DELTAT       TIME   NET NATM,NSF DIR FLUX   NET NATM,NSF NEU FLUX
     1  1.953E-02  1.953E-02             0.00000E+00             0.00000E+00
     2  1.000E-02  2.953E-02             0.00000E+00             0.00000E+00
     3  1.100E-02  4.053E-02             0.00000E+00             0.00000E+00
     4  1.210E-02  5.263E-02             0.00000E+00             0.00000E+00
     5  1.000E-02  6.263E-02             0.00000E+00             0.00000E+00
     6  1.000E-02  7.263E-02             0.00000E+00             0.00000E+00
     7  1.000E-02  8.263E-02             0.00000E+00             0.00000E+00
     8  1.000E-02  9.263E-02             0.00000E+00             0.00000E+00
     9  1.000E-02  1.026E-01             0.00000E+00             0.00000E+00
    10  1.000E-02  1.126E-01             0.00000E+00             0.00000E+00
    11  1.000E-02  1.226E-01             0.00000E+00             0.00000E+00
    12  1.000E-02  1.326E-01             0.00000E+00             0.00000E+00
    13  1.000E-02  1.426E-01             0.00000E+00             0.00000E+00
    14  1.000E-02  1.526E-01             0.00000E+00             0.00000E+00
    15  1.000E-02  1.626E-01             0.00000E+00             0.00000E+00
    16  1.000E-02  1.726E-01             0.00000E+00             0.00000E+00
    17  1.000E-02  1.826E-01             0.00000E+00             0.00000E+00
    18  1.000E-02  1.926E-01             0.00000E+00             0.00000E+00
    19  1.000E-02  2.026E-01             0.00000E+00             0.00000E+00
    20  1.000E-02  2.126E-01             0.00000E+00             0.00000E+00
    21  1.000E-02  2.226E-01             0.00000E+00             0.00000E+00
    22  1.000E-02  2.326E-01             0.00000E+00             0.00000E+00
    23  1.000E-02  2.426E-01             0.00000E+00             0.00000E+00
    24  1.000E-02  2.526E-01             0.00000E+00             0.00000E+00
    25  1.000E-02  2.626E-01             0.00000E+00             0.00000E+00
    26  1.100E-02  2.736E-01             0.00000E+00             0.00000E+00
    27  1.100E-02  2.846E-01             0.00000E+00             0.00000E+00
    28  1.100E-02  2.956E-01             0.00000E+00             0.00000E+00
    29  1.210E-02  3.077E-01             0.00000E+00             0.00000E+00
    30  1.210E-02  3.198E-01             0.00000E+00             0.00000E+00
    31  1.210E-02  3.319E-01             0.00000E+00             0.00000E+00
    32  1.331E-02  3.452E-01             0.00000E+00             0.00000E+00
    33  1.331E-02  3.586E-01             0.00000E+00             0.00000E+00
    34  1.331E-02  3.719E-01             0.00000E+00             0.00000E+00
    35  1.464E-02  3.865E-01             0.00000E+00             0.00000E+00
    36  1.464E-02  4.011E-01             0.00000E+00             0.00000E+00
    37  1.611E-02  4.172E-01             0.00000E+00             0.00000E+00
    38  1.772E-02  4.350E-01             0.00000E+00             0.00000E+00
    39  1.772E-02  4.527E-01             0.00000E+00             0.00000E+00
    40  1.949E-02  4.722E-01             0.00000E+00             0.00000E+00
    41  2.144E-02  4.936E-01             0.00000E+00             0.00000E+00
    42  2.358E-02  5.172E-01             0.00000E+00             0.00000E+00
    43  2.358E-02  5.408E-01             0.00000E+00             0.00000E+00
    44  2.594E-02  5.667E-01             0.00000E+00             0.00000E+00
    45  2.594E-02  5.926E-01             0.00000E+00             0.00000E+00
    46  2.853E-02  6.212E-01             0.00000E+00             0.00000E+00
    47  2.853E-02  6.497E-01             0.00000E+00             0.00000E+00
    48  2.853E-02  6.782E-01             0.00000E+00             0.00000E+00
    49  3.138E-02  7.096E-01             0.00000E+00             0.00000E+00
    50  3.452E-02  7.441E-01             0.00000E+00             0.00000E+00
    51  3.452E-02  7.787E-01             0.00000E+00             0.00000E+00
    52  3.797E-02  8.166E-01             0.00000E+00             0.00000E+00
    53  4.177E-02  8.584E-01             0.00000E+00             0.00000E+00
    54  4.595E-02  9.044E-01             0.00000E+00             0.00000E+00
