# NSTEP            DELTAT              TIME  NET SEEPFACE VOL  NET SEEPFACE FLX
      1      1.953125000E-02      1.953125000E-02      0.000000000E+00      0.000000000E+00
      2      1.000000000E-02      2.953125000E-02      0.000000000E+00      0.000000000E+00
      3      1.100000000E-02      4.053125000E-02      0.000000000E+00      0.000000000E+00
      4      1.210000000E-02      5.263125000E-02      0.000000000E+00      0.000000000E+00
      5      1.000000000E-02      6.263125000E-02      0.000000000E+00      0.000000000E+00
      6      1.000000000E-02      7.263125000E-02      0.000000000E+00      0.000000000E+00
      7      1.000000000E-02      8.263125000E-02      0.000000000E+00      0.000000000E+00
      8      1.000000000E-02      9.263125000E-02      0.000000000E+00      0.000000000E+00
      9      1.000000000E-02      1.026312500E-01      0.000000000E+00      0.000000000E+00
     10      1.000000000E-02      1.126312500E-01      0.000000000E+00      0.000000000E+00
     11      1.000000000E-02      1.226312500E-01      0.000000000E+00      0.000000000E+00
     12      1.000000000E-02      1.326312500E-01      0.000000000E+00      0.000000000E+00
     13      1.000000000E-02      1.426312500E-01      0.000000000E+00      0.000000000E+00
     14      1.000000000E-02      1.526312500E-01      0.000000000E+00      0.000000000E+00
     15      1.000000000E-02      1.626312500E-01      0.000000000E+00      0.000000000E+00
     16      1.000000000E-02      1.726312500E-01      0.000000000E+00      0.000000000E+00
     17      1.000000000E-02      1.826312500E-01      0.000000000E+00      0.000000000E+00
     18      1.000000000E-02      1.926312500E-01      0.000000000E+00      0.000000000E+00
     19      1.000000000E-02      2.026312500E-01      0.000000000E+00      0.000000000E+00
     20      1.000000000E-02      2.126312500E-01      0.000000000E+00      0.000000000E+00
     21      1.000000000E-02      2.226312500E-01      0.000000000E+00      0.000000000E+00
     22      1.000000000E-02      2.326312500E-01      0.000000000E+00      0.000000000E+00
     23      1.000000000E-02      2.426312500E-01      0.000000000E+00      0.000000000E+00
     24      1.000000000E-02      2.526312500E-01      0.000000000E+00      0.000000000E+00
     25      1.000000000E-02      2.626312500E-01      0.000000000E+00      0.000000000E+00
     26      1.100000000E-02      2.736312500E-01      0.000000000E+00      0.000000000E+00
     27      1.100000000E-02      2.846312500E-01      0.000000000E+00      0.000000000E+00
     28      1.100000000E-02      2.956312500E-01      0.000000000E+00      0.000000000E+00
     29      1.210000000E-02      3.077312500E-01      0.000000000E+00      0.000000000E+00
     30      1.210000000E-02      3.198312500E-01      0.000000000E+00      0.000000000E+00
     31      1.210000000E-02      3.319312500E-01      0.000000000E+00      0.000000000E+00
     32      1.331000000E-02      3.452412500E-01      0.000000000E+00      0.000000000E+00
     33      1.331000000E-02      3.585512500E-01      0.000000000E+00      0.000000000E+00
     34      1.331000000E-02      3.718612500E-01      0.000000000E+00      0.000000000E+00
     35      1.464100000E-02      3.865022500E-01      0.000000000E+00      0.000000000E+00
     36      1.464100000E-02      4.011432500E-01      0.000000000E+00      0.000000000E+00
     37      1.610510000E-02      4.172483500E-01      0.000000000E+00      0.000000000E+00
     38      1.771561000E-02      4.349639600E-01      0.000000000E+00      0.000000000E+00
     39      1.771561000E-02      4.526795700E-01      0.000000000E+00      0.000000000E+00
     40      1.948717100E-02      4.721667410E-01      0.000000000E+00      0.000000000E+00
     41      2.143588810E-02      4.936026291E-01      0.000000000E+00      0.000000000E+00
     42      2.357947691E-02      5.171821060E-01      0.000000000E+00      0.000000000E+00
     43      2.357947691E-02      5.407615829E-01      0.000000000E+00      0.000000000E+00
     44      2.593742460E-02      5.666990075E-01      0.000000000E+00      0.000000000E+00
     45      2.593742460E-02      5.926364321E-01      0.000000000E+00      0.000000000E+00
     46      2.853116706E-02      6.211675992E-01      0.000000000E+00      0.000000000E+00
     47      2.853116706E-02      6.496987662E-01      0.000000000E+00      0.000000000E+00
     48      2.853116706E-02      6.782299333E-01      0.000000000E+00      0.000000000E+00
     49      3.138428377E-02      7.096142171E-01      0.000000000E+00      0.000000000E+00
     50      3.452271214E-02      7.441369292E-01      0.000000000E+00      0.000000000E+00
     51      3.452271214E-02      7.786596414E-01      0.000000000E+00      0.000000000E+00
     52      3.797498336E-02      8.166346247E-01      0.000000000E+00      0.000000000E+00
     53      4.177248169E-02      8.584071064E-01      0.000000000E+00      0.000000000E+00
     54      4.594972986E-02      9.043568363E-01      0.000000000E+00      0.000000000E+00
     55      5.054470285E-02      9.549015391E-01      0.000000000E+00      0.000000000E+00
     56      5.559917313E-02      1.010500712E+00      0.000000000E+00      0.000000000E+00
     57      6.115909045E-02      1.071659803E+00      0.000000000E+00      0.000000000E+00
     58      6.115909045E-02      1.132818893E+00      0.000000000E+00      0.000000000E+00
     59      6.727499949E-02      1.200093893E+00      0.000000000E+00      0.000000000E+00
     60      6.727499949E-02      1.267368892E+00      0.000000000E+00      0.000000000E+00
     61      7.400249944E-02      1.341371392E+00      0.000000000E+00      0.000000000E+00
     62      8.140274939E-02      1.422774141E+00      0.000000000E+00      0.000000000E+00
     63      8.140274939E-02      1.504176890E+00      0.000000000E+00      0.000000000E+00
     64      8.954302433E-02      1.593719915E+00      0.000000000E+00      0.000000000E+00
     65      9.849732676E-02      1.692217241E+00      0.000000000E+00      0.000000000E+00
     66      9.849732676E-02      1.790714568E+00      0.000000000E+00      0.000000000E+00
     67      1.083470594E-01      1.899061628E+00      0.000000000E+00      0.000000000E+00
     68      1.083470594E-01      2.007408687E+00      0.000000000E+00      0.000000000E+00
     69      1.083470594E-01      2.115755747E+00      0.000000000E+00      0.000000000E+00
     70      1.191817654E-01      2.234937512E+00      0.000000000E+00      0.000000000E+00
     71      1.310999419E-01      2.366037454E+00      0.000000000E+00      0.000000000E+00
     72      1.442099361E-01      2.510247390E+00      0.000000000E+00      0.000000000E+00
     73      1.442099361E-01      2.654457326E+00      0.000000000E+00      0.000000000E+00
     74      1.586309297E-01      2.813088256E+00      0.000000000E+00      0.000000000E+00
     75      1.586309297E-01      2.971719185E+00      0.000000000E+00      0.000000000E+00
     76      1.744940227E-01      3.146213208E+00      0.000000000E+00      0.000000000E+00
     77      1.919434250E-01      3.338156633E+00      0.000000000E+00      0.000000000E+00
     78      1.919434250E-01      3.530100058E+00      0.000000000E+00      0.000000000E+00
     79      2.111377675E-01      3.741237826E+00      0.000000000E+00      0.000000000E+00
     80      2.322515442E-01      3.973489370E+00      0.000000000E+00      0.000000000E+00
     81      2.322515442E-01      4.205740914E+00      0.000000000E+00      0.000000000E+00
     82      2.554766986E-01      4.461217613E+00      0.000000000E+00      0.000000000E+00
     83      2.810243685E-01      4.742241981E+00      0.000000000E+00      0.000000000E+00
     84      2.810243685E-01      5.023266349E+00      0.000000000E+00      0.000000000E+00
     85      3.091268053E-01      5.332393155E+00      0.000000000E+00      0.000000000E+00
     86      3.400394859E-01      5.672432641E+00      0.000000000E+00      0.000000000E+00
     87      3.740434344E-01      6.046476075E+00      0.000000000E+00      0.000000000E+00
     88      4.114477779E-01      6.457923853E+00      0.000000000E+00      0.000000000E+00
     89      4.114477779E-01      6.869371631E+00      0.000000000E+00      0.000000000E+00
     90      4.525925557E-01      7.321964187E+00      0.000000000E+00      0.000000000E+00
