#INITIAL VOLUME OF WATER IN THE SUBSURFACE =   1.65000E+02
#NSTEP       DELTAT         TIME  NLIN   AVG.LIN       STORE1       STORE2       DSTORE   CUM.DSTORE       VIN  CUM.VIN       VOUT    CUM.VOUT   VIN+VOUT   CUM. VIN  M.BAL.ERR   REL. MBE   CUM. MBE      CUM.
#                                 ITER.    ITER.                             (>0 x inc)                                                                      + VOUT  (Vi+Vo-Ds)        (%)             ABS(MBE)
     1 1.953125E-02 1.953125E-02    10 9.300E+00 1.650000E+02 1.650000E+02 -2.11168E-06 -2.11168E-06 0.000E+00 0.000E+00 -1.054E-06 -1.054E-06 -1.054E-06 -1.054E-06  1.058E-06 -1.004E+02  1.058E-06 1.058E-06
     2 1.000000E-02 2.953125E-02     4 7.000E+00 1.650000E+02 1.650000E+02 -1.28824E-06 -3.39992E-06 5.547E-09 5.547E-09 -1.171E-06 -2.225E-06 -1.165E-06 -2.219E-06  1.228E-07 -1.054E+01  1.181E-06 1.181E-06
     3 1.100000E-02 4.053125E-02     4 7.000E+00 1.650000E+02 1.650000E+02 -1.58192E-06 -4.98184E-06 1.692E-08 2.247E-08 -1.470E-06 -3.695E-06 -1.453E-06 -3.672E-06  1.287E-07 -8.857E+00  1.310E-06 1.310E-06
     4 1.210000E-02 5.263125E-02     7 6.857E+00 1.650000E+02 1.650000E+02 -1.88091E-06 -6.86275E-06 2.247E-08 4.494E-08 -1.785E-06 -5.480E-06 -1.762E-06 -5.435E-06  1.185E-07 -6.724E+00  1.428E-06 1.428E-06
     5 1.000000E-02 6.263125E-02     5 7.000E+00 1.650000E+02 1.650000E+02 -1.70144E-06 -8.56419E-06 2.100E-08 6.594E-08 -1.586E-06 -7.066E-06 -1.565E-06 -7.000E-06  1.360E-07 -8.690E+00  1.564E-06 1.564E-06
     6 1.000000E-02 7.263125E-02     5 6.800E+00 1.650000E+02 1.650000E+02 -1.70131E-06 -1.02655E-05 2.812E-08 9.407E-08 -1.674E-06 -8.739E-06 -1.645E-06 -8.645E-06  5.591E-08 -3.398E+00  1.620E-06 1.620E-06
     7 1.000000E-02 8.263125E-02     5 6.800E+00 1.650000E+02 1.650000E+02 -1.80402E-06 -1.20695E-05 3.187E-08 1.259E-07 -1.751E-06 -1.049E-05 -1.720E-06 -1.036E-05  8.445E-08 -4.911E+00  1.705E-06 1.705E-06
     8 1.000000E-02 9.263125E-02     5 6.800E+00 1.650000E+02 1.650000E+02 -1.85009E-06 -1.39196E-05 3.480E-08 1.607E-07 -1.822E-06 -1.231E-05 -1.787E-06 -1.215E-05  6.269E-08 -3.507E+00  1.767E-06 1.767E-06
     9 1.000000E-02 1.026312E-01     6 6.667E+00 1.650000E+02 1.650000E+02 -1.90778E-06 -1.58274E-05 3.730E-08 1.980E-07 -1.887E-06 -1.420E-05 -1.850E-06 -1.400E-05  5.774E-08 -3.121E+00  1.825E-06 1.825E-06
    10 1.000000E-02 1.126312E-01     6 6.667E+00 1.650000E+02 1.650000E+02 -1.95101E-06 -1.77784E-05 4.031E-08 2.383E-07 -1.947E-06 -1.615E-05 -1.907E-06 -1.591E-05  4.393E-08 -2.303E+00  1.869E-06 1.869E-06
    11 1.000000E-02 1.226312E-01     5 6.800E+00 1.650000E+02 1.650000E+02 -2.03555E-06 -1.98140E-05 4.460E-08 2.829E-07 -2.003E-06 -1.815E-05 -1.958E-06 -1.787E-05  7.706E-08 -3.935E+00  1.946E-06 1.946E-06
    12 1.000000E-02 1.326312E-01     5 6.800E+00 1.650000E+02 1.650000E+02 -2.09225E-06 -2.19062E-05 4.593E-08 3.289E-07 -2.055E-06 -2.021E-05 -2.009E-06 -1.988E-05  8.334E-08 -4.148E+00  2.029E-06 2.029E-06
    13 1.000000E-02 1.426312E-01     5 6.800E+00 1.650000E+02 1.650000E+02 -2.08994E-06 -2.39961E-05 4.930E-08 3.782E-07 -2.103E-06 -2.231E-05 -2.054E-06 -2.193E-05  3.625E-08 -1.765E+00  2.066E-06 2.066E-06
    14 1.000000E-02 1.526312E-01     6 6.667E+00 1.650000E+02 1.650000E+02 -2.14701E-06 -2.61431E-05 5.028E-08 4.285E-07 -2.148E-06 -2.446E-05 -2.098E-06 -2.403E-05  4.933E-08 -2.352E+00  2.115E-06 2.115E-06
    15 1.000000E-02 1.626313E-01     5 6.800E+00 1.650000E+02 1.650000E+02 -2.17234E-06 -2.83155E-05 5.113E-08 4.796E-07 -2.190E-06 -2.665E-05 -2.139E-06 -2.617E-05  3.353E-08 -1.568E+00  2.148E-06 2.148E-06
    16 1.000000E-02 1.726313E-01     5 6.800E+00 1.650000E+02 1.650000E+02 -2.24181E-06 -3.05573E-05 5.290E-08 5.325E-07 -2.229E-06 -2.888E-05 -2.176E-06 -2.834E-05  6.564E-08 -3.016E+00  2.214E-06 2.214E-06
    17 1.000000E-02 1.826313E-01     5 6.800E+00 1.650000E+02 1.650000E+02 -2.25120E-06 -3.28085E-05 5.329E-08 5.858E-07 -2.266E-06 -3.114E-05 -2.212E-06 -3.056E-05  3.878E-08 -1.753E+00  2.253E-06 2.253E-06
    18 1.000000E-02 1.926313E-01     6 6.500E+00 1.650000E+02 1.650000E+02 -2.28169E-06 -3.50902E-05 5.301E-08 6.388E-07 -2.300E-06 -3.344E-05 -2.247E-06 -3.280E-05  3.472E-08 -1.545E+00  2.288E-06 2.288E-06
    19 1.000000E-02 2.026313E-01     5 6.800E+00 1.650000E+02 1.650000E+02 -2.34036E-06 -3.74306E-05 5.196E-08 6.908E-07 -2.332E-06 -3.577E-05 -2.280E-06 -3.508E-05  6.028E-08 -2.644E+00  2.348E-06 2.348E-06
    20 1.000000E-02 2.126313E-01     5 6.800E+00 1.650000E+02 1.650000E+02 -2.33864E-06 -3.97692E-05 5.233E-08 7.431E-07 -2.362E-06 -3.814E-05 -2.310E-06 -3.739E-05  2.885E-08 -1.249E+00  2.377E-06 2.377E-06
    21 1.000000E-02 2.226313E-01     6 6.667E+00 1.650000E+02 1.650000E+02 -2.37564E-06 -4.21448E-05 4.729E-08 7.904E-07 -2.390E-06 -4.053E-05 -2.343E-06 -3.974E-05  3.266E-08 -1.394E+00  2.409E-06 2.409E-06
    22 1.000000E-02 2.326313E-01     5 6.800E+00 1.650000E+02 1.650000E+02 -2.39658E-06 -4.45414E-05 4.539E-08 8.358E-07 -2.417E-06 -4.294E-05 -2.371E-06 -4.211E-05  2.539E-08 -1.071E+00  2.435E-06 2.435E-06
    23 1.000000E-02 2.426313E-01     5 6.800E+00 1.650000E+02 1.650000E+02 -2.42198E-06 -4.69634E-05 4.794E-08 8.837E-07 -2.441E-06 -4.538E-05 -2.393E-06 -4.450E-05  2.877E-08 -1.202E+00  2.464E-06 2.464E-06
    24 1.000000E-02 2.526313E-01     5 6.800E+00 1.650000E+02 1.650000E+02 -2.46588E-06 -4.94293E-05 4.666E-08 9.304E-07 -2.464E-06 -4.785E-05 -2.417E-06 -4.692E-05  4.845E-08 -2.004E+00  2.512E-06 2.512E-06
    25 1.000000E-02 2.626313E-01     2 7.000E+00 1.650000E+02 1.649999E+02 -2.46807E-06 -5.18973E-05 4.742E-08 9.778E-07 -2.485E-06 -5.033E-05 -2.438E-06 -4.936E-05  3.001E-08 -1.231E+00  2.542E-06 2.542E-06
    26 1.100000E-02 2.736313E-01     5 6.800E+00 1.650000E+02 1.649999E+02 -2.73325E-06 -5.46306E-05 5.301E-08 1.031E-06 -2.757E-06 -5.309E-05 -2.704E-06 -5.206E-05  2.929E-08 -1.083E+00  2.571E-06 2.571E-06
    27 1.100000E-02 2.846313E-01     5 6.800E+00 1.650000E+02 1.649999E+02 -2.78487E-06 -5.74155E-05 5.025E-08 1.081E-06 -2.779E-06 -5.587E-05 -2.729E-06 -5.479E-05  5.579E-08 -2.044E+00  2.627E-06 2.627E-06
    28 1.100000E-02 2.956313E-01     2 7.500E+00 1.649999E+02 1.649999E+02 -2.78239E-06 -6.01979E-05 4.988E-08 1.131E-06 -2.800E-06 -5.867E-05 -2.750E-06 -5.754E-05  3.211E-08 -1.168E+00  2.659E-06 2.659E-06
    29 1.210000E-02 3.077313E-01     5 7.000E+00 1.649999E+02 1.649999E+02 -3.07426E-06 -6.32721E-05 5.475E-08 1.186E-06 -3.102E-06 -6.177E-05 -3.048E-06 -6.059E-05  2.669E-08 -8.757E-01  2.686E-06 2.686E-06
    30 1.210000E-02 3.198313E-01     5 7.000E+00 1.649999E+02 1.649999E+02 -3.09617E-06 -6.63683E-05 5.303E-08 1.239E-06 -3.124E-06 -6.490E-05 -3.071E-06 -6.366E-05  2.561E-08 -8.339E-01  2.711E-06 2.711E-06
    31 1.210000E-02 3.319313E-01     2 7.500E+00 1.649999E+02 1.649999E+02 -3.12331E-06 -6.94916E-05 5.362E-08 1.292E-06 -3.143E-06 -6.804E-05 -3.090E-06 -6.675E-05  3.378E-08 -1.094E+00  2.745E-06 2.745E-06
    32 1.331000E-02 3.452413E-01     6 7.167E+00 1.649999E+02 1.649999E+02 -3.45310E-06 -7.29447E-05 5.473E-08 1.347E-06 -3.478E-06 -7.152E-05 -3.423E-06 -7.017E-05  2.978E-08 -8.699E-01  2.775E-06 2.775E-06
    33 1.331000E-02 3.585513E-01     5 7.200E+00 1.649999E+02 1.649999E+02 -3.48944E-06 -7.64341E-05 5.176E-08 1.399E-06 -3.498E-06 -7.501E-05 -3.446E-06 -7.362E-05  4.346E-08 -1.261E+00  2.818E-06 2.818E-06
    34 1.331000E-02 3.718613E-01     2 7.500E+00 1.649999E+02 1.649999E+02 -3.49500E-06 -7.99291E-05 5.536E-08 1.454E-06 -3.516E-06 -7.853E-05 -3.460E-06 -7.708E-05  3.469E-08 -1.002E+00  2.853E-06 2.853E-06
    35 1.464100E-02 3.865023E-01     5 7.800E+00 1.649999E+02 1.649999E+02 -3.85341E-06 -8.37825E-05 5.957E-08 1.514E-06 -3.886E-06 -8.242E-05 -3.826E-06 -8.090E-05  2.698E-08 -7.052E-01  2.880E-06 2.880E-06
    36 1.464100E-02 4.011433E-01     2 8.000E+00 1.649999E+02 1.649999E+02 -3.88637E-06 -8.76689E-05 5.654E-08 1.570E-06 -3.904E-06 -8.632E-05 -3.847E-06 -8.475E-05  3.913E-08 -1.017E+00  2.919E-06 2.919E-06
    37 1.610510E-02 4.172484E-01     2 8.500E+00 1.649999E+02 1.649999E+02 -4.29660E-06 -9.19655E-05 6.130E-08 1.632E-06 -4.313E-06 -9.063E-05 -4.251E-06 -8.900E-05  4.534E-08 -1.067E+00  2.965E-06 2.965E-06
    38 1.771561E-02 4.349640E-01     5 8.400E+00 1.649999E+02 1.649999E+02 -4.76833E-06 -9.67338E-05 6.156E-08 1.693E-06 -4.764E-06 -9.540E-05 -4.702E-06 -9.370E-05  6.634E-08 -1.411E+00  3.031E-06 3.031E-06
    39 1.771561E-02 4.526796E-01     2 8.500E+00 1.649999E+02 1.649999E+02 -4.76573E-06 -1.01500E-04 6.016E-08 1.753E-06 -4.782E-06 -1.002E-04 -4.722E-06 -9.842E-05  4.406E-08 -9.331E-01  3.075E-06 3.075E-06
    40 1.948717E-02 4.721667E-01     2 9.000E+00 1.649999E+02 1.649999E+02 -5.26475E-06 -1.06764E-04 6.915E-08 1.822E-06 -5.278E-06 -1.055E-04 -5.209E-06 -1.036E-04  5.543E-08 -1.064E+00  3.130E-06 3.130E-06
    41 2.143589E-02 4.936026E-01     2 9.500E+00 1.649999E+02 1.649999E+02 -5.81340E-06 -1.12578E-04 7.438E-08 1.897E-06 -5.826E-06 -1.113E-04 -5.751E-06 -1.094E-04  6.211E-08 -1.080E+00  3.193E-06 3.193E-06
    42 2.357948E-02 5.171821E-01     5 9.400E+00 1.649999E+02 1.649999E+02 -6.37358E-06 -1.18951E-04 7.952E-08 1.976E-06 -6.428E-06 -1.177E-04 -6.349E-06 -1.157E-04  2.490E-08 -3.923E-01  3.217E-06 3.217E-06
    43 2.357948E-02 5.407616E-01     2 9.500E+00 1.649999E+02 1.649999E+02 -6.42927E-06 -1.25381E-04 7.957E-08 2.056E-06 -6.446E-06 -1.242E-04 -6.366E-06 -1.221E-04  6.288E-08 -9.877E-01  3.280E-06 3.280E-06
    44 2.593742E-02 5.666990E-01     6 1.000E+01 1.649999E+02 1.649999E+02 -7.06994E-06 -1.32451E-04 7.794E-08 2.134E-06 -7.108E-06 -1.313E-04 -7.030E-06 -1.291E-04  4.029E-08 -5.731E-01  3.321E-06 3.321E-06
    45 2.593742E-02 5.926364E-01     2 1.000E+01 1.649999E+02 1.649999E+02 -7.11190E-06 -1.39562E-04 7.704E-08 2.211E-06 -7.123E-06 -1.384E-04 -7.045E-06 -1.362E-04  6.644E-08 -9.431E-01  3.387E-06 3.387E-06
    46 2.853117E-02 6.211676E-01     5 1.040E+01 1.649999E+02 1.649999E+02 -7.77720E-06 -1.47340E-04 9.322E-08 2.304E-06 -7.849E-06 -1.462E-04 -7.756E-06 -1.439E-04  2.148E-08 -2.769E-01  3.409E-06 3.409E-06
    47 2.853117E-02 6.496988E-01     5 1.040E+01 1.649999E+02 1.649998E+02 -7.78902E-06 -1.55129E-04 8.961E-08 2.394E-06 -7.861E-06 -1.541E-04 -7.771E-06 -1.517E-04  1.758E-08 -2.262E-01  3.426E-06 3.426E-06
    48 2.853117E-02 6.782299E-01     2 1.050E+01 1.649998E+02 1.649998E+02 -7.84658E-06 -1.62975E-04 9.089E-08 2.485E-06 -7.871E-06 -1.620E-04 -7.780E-06 -1.595E-04  6.666E-08 -8.569E-01  3.493E-06 3.493E-06
    49 3.138428E-02 7.096142E-01     2 1.100E+01 1.649998E+02 1.649998E+02 -8.64587E-06 -1.71621E-04 1.001E-07 2.585E-06 -8.667E-06 -1.706E-04 -8.567E-06 -1.680E-04  7.920E-08 -9.245E-01  3.572E-06 3.572E-06
    50 3.452271E-02 7.441369E-01     5 1.100E+01 1.649998E+02 1.649998E+02 -9.45473E-06 -1.81076E-04 1.047E-07 2.689E-06 -9.542E-06 -1.802E-04 -9.437E-06 -1.775E-04  1.776E-08 -1.882E-01  3.590E-06 3.590E-06
    51 3.452271E-02 7.786596E-01     2 1.100E+01 1.649998E+02 1.649998E+02 -9.52417E-06 -1.90600E-04 1.034E-07 2.793E-06 -9.548E-06 -1.897E-04 -9.445E-06 -1.869E-04  7.940E-08 -8.407E-01  3.669E-06 3.669E-06
    52 3.797498E-02 8.166346E-01     2 1.150E+01 1.649998E+02 1.649998E+02 -1.04873E-05 -2.01087E-04 1.149E-07 2.908E-06 -1.051E-05 -2.002E-04 -1.039E-05 -1.973E-04  9.378E-08 -9.023E-01  3.763E-06 3.763E-06
    53 4.177248E-02 8.584071E-01     2 1.200E+01 1.649998E+02 1.649998E+02 -1.15858E-05 -2.12673E-04 1.238E-07 3.032E-06 -1.156E-05 -2.118E-04 -1.144E-05 -2.088E-04  1.459E-07 -1.276E+00  3.909E-06 3.909E-06
    54 4.594973E-02 9.043568E-01     2 1.250E+01 1.649998E+02 1.649998E+02 -1.27112E-05 -2.25384E-04 1.343E-07 3.166E-06 -1.272E-05 -2.245E-04 -1.259E-05 -2.214E-04  1.221E-07 -9.701E-01  4.031E-06 4.031E-06
    55 5.054470E-02 9.549015E-01     2 1.300E+01 1.649998E+02 1.649998E+02 -1.40075E-05 -2.39392E-04 1.469E-07 3.313E-06 -1.400E-05 -2.385E-04 -1.385E-05 -2.352E-04  1.569E-07 -1.132E+00  4.188E-06 4.188E-06
    56 5.559917E-02 1.010501E+00     2 1.400E+01 1.649998E+02 1.649997E+02 -1.54083E-05 -2.54800E-04 1.619E-07 3.475E-06 -1.540E-05 -2.539E-04 -1.524E-05 -2.504E-04  1.725E-07 -1.132E+00  4.360E-06 4.360E-06
    57 6.115909E-02 1.071660E+00     5 1.380E+01 1.649997E+02 1.649997E+02 -1.67749E-05 -2.71575E-04 1.750E-07 3.650E-06 -1.694E-05 -2.709E-04 -1.676E-05 -2.672E-04  1.360E-08 -8.115E-02  4.374E-06 4.374E-06
    58 6.115909E-02 1.132819E+00     2 1.400E+01 1.649997E+02 1.649997E+02 -1.70251E-05 -2.88600E-04 1.771E-07 3.827E-06 -1.693E-05 -2.878E-04 -1.676E-05 -2.840E-04  2.686E-07 -1.603E+00  4.643E-06 4.643E-06
    59 6.727500E-02 1.200094E+00     5 1.400E+01 1.649997E+02 1.649997E+02 -1.84364E-05 -3.07037E-04 1.970E-07 4.024E-06 -1.862E-05 -3.064E-04 -1.843E-05 -3.024E-04  1.051E-08 -5.706E-02  4.653E-06 4.653E-06
    60 6.727500E-02 1.267369E+00     2 1.400E+01 1.649997E+02 1.649997E+02 -1.87216E-05 -3.25758E-04 1.983E-07 4.222E-06 -1.862E-05 -3.250E-04 -1.842E-05 -3.208E-04  3.019E-07 -1.639E+00  4.955E-06 4.955E-06
    61 7.400250E-02 1.341371E+00     2 1.450E+01 1.649997E+02 1.649997E+02 -2.05658E-05 -3.46324E-04 2.240E-07 4.446E-06 -2.047E-05 -3.455E-04 -2.025E-05 -3.411E-04  3.160E-07 -1.561E+00  5.271E-06 5.271E-06
    62 8.140275E-02 1.422774E+00     5 1.480E+01 1.649996E+02 1.649996E+02 -2.22851E-05 -3.68609E-04 2.411E-07 4.687E-06 -2.251E-05 -3.680E-04 -2.227E-05 -3.633E-04  1.286E-08 -5.774E-02  5.284E-06 5.284E-06
    63 8.140275E-02 1.504177E+00     2 1.500E+01 1.649996E+02 1.649996E+02 -2.25442E-05 -3.91153E-04 2.436E-07 4.931E-06 -2.251E-05 -3.905E-04 -2.226E-05 -3.856E-04  2.827E-07 -1.270E+00  5.567E-06 5.567E-06
    64 8.954302E-02 1.593720E+00     3 1.533E+01 1.649996E+02 1.649996E+02 -2.44720E-05 -4.15625E-04 2.769E-07 5.208E-06 -2.475E-05 -4.153E-04 -2.447E-05 -4.101E-04  2.719E-09 -1.111E-02  5.569E-06 5.569E-06
    65 9.849733E-02 1.692217E+00     5 1.600E+01 1.649996E+02 1.649996E+02 -2.69421E-05 -4.42567E-04 2.948E-07 5.503E-06 -2.721E-05 -4.425E-04 -2.692E-05 -4.370E-04  2.707E-08 -1.006E-01  5.596E-06 5.596E-06
    66 9.849733E-02 1.790715E+00     2 1.600E+01 1.649995E+02 1.649995E+02 -2.73380E-05 -4.69905E-04 2.981E-07 5.801E-06 -2.720E-05 -4.697E-04 -2.690E-05 -4.639E-04  4.374E-07 -1.626E+00  6.034E-06 6.034E-06
    67 1.083471E-01 1.899062E+00     5 1.640E+01 1.649995E+02 1.649995E+02 -2.96264E-05 -4.99532E-04 3.258E-07 6.126E-06 -2.991E-05 -4.996E-04 -2.958E-05 -4.935E-04  4.656E-08 -1.574E-01  6.080E-06 6.080E-06
    68 1.083471E-01 2.007409E+00     5 1.620E+01 1.649995E+02 1.649995E+02 -2.95594E-05 -5.29091E-04 3.217E-07 6.448E-06 -2.989E-05 -5.295E-04 -2.957E-05 -5.230E-04 -1.112E-08  3.759E-02  6.069E-06 6.091E-06
    69 1.083471E-01 2.115756E+00     2 1.600E+01 1.649995E+02 1.649994E+02 -3.02544E-05 -5.59346E-04 3.435E-07 6.792E-06 -2.988E-05 -5.593E-04 -2.954E-05 -5.526E-04  7.183E-07 -2.432E+00  6.788E-06 6.810E-06
    70 1.191818E-01 2.234938E+00     2 1.700E+01 1.649994E+02 1.649994E+02 -3.31546E-05 -5.92500E-04 3.859E-07 7.177E-06 -3.285E-05 -5.922E-04 -3.247E-05 -5.850E-04  6.867E-07 -2.115E+00  7.474E-06 7.496E-06
    71 1.310999E-01 2.366037E+00     2 1.700E+01 1.649994E+02 1.649994E+02 -3.64950E-05 -6.28995E-04 4.213E-07 7.599E-06 -3.612E-05 -6.283E-04 -3.570E-05 -6.207E-04  7.932E-07 -2.222E+00  8.267E-06 8.290E-06
    72 1.442099E-01 2.510247E+00     6 1.800E+01 1.649994E+02 1.649993E+02 -3.92777E-05 -6.68273E-04 4.471E-07 8.046E-06 -3.972E-05 -6.680E-04 -3.927E-05 -6.600E-04  8.665E-09 -2.207E-02  8.276E-06 8.298E-06
    73 1.442099E-01 2.654457E+00     2 1.750E+01 1.649993E+02 1.649993E+02 -3.98961E-05 -7.08169E-04 4.506E-07 8.496E-06 -3.970E-05 -7.077E-04 -3.925E-05 -6.992E-04  6.501E-07 -1.657E+00  8.926E-06 8.948E-06
    74 1.586309E-01 2.813088E+00     5 1.820E+01 1.649993E+02 1.649992E+02 -4.31925E-05 -7.51362E-04 4.896E-07 8.986E-06 -4.364E-05 -7.514E-04 -4.315E-05 -7.424E-04  3.848E-08 -8.918E-02  8.965E-06 8.987E-06
    75 1.586309E-01 2.971719E+00     2 1.800E+01 1.649992E+02 1.649992E+02 -4.38530E-05 -7.95215E-04 4.920E-07 9.478E-06 -4.362E-05 -7.950E-04 -4.313E-05 -7.855E-04  7.242E-07 -1.679E+00  9.689E-06 9.711E-06
    76 1.744940E-01 3.146213E+00     2 1.850E+01 1.649992E+02 1.649992E+02 -4.81667E-05 -8.43381E-04 5.705E-07 1.005E-05 -4.796E-05 -8.430E-04 -4.739E-05 -8.329E-04  7.789E-07 -1.644E+00  1.047E-05 1.049E-05
    77 1.919434E-01 3.338157E+00     5 1.940E+01 1.649991E+02 1.649991E+02 -5.21617E-05 -8.95543E-04 5.977E-07 1.065E-05 -5.272E-05 -8.957E-04 -5.213E-05 -8.850E-04  3.516E-08 -6.745E-02  1.050E-05 1.053E-05
    78 1.919434E-01 3.530100E+00     2 1.900E+01 1.649991E+02 1.649991E+02 -5.30182E-05 -9.48561E-04 5.994E-07 1.125E-05 -5.269E-05 -9.484E-04 -5.209E-05 -9.371E-04  9.239E-07 -1.773E+00  1.143E-05 1.145E-05
    79 2.111378E-01 3.741238E+00     2 1.900E+01 1.649990E+02 1.649990E+02 -5.85397E-05 -1.00710E-03 6.866E-07 1.193E-05 -5.793E-05 -1.006E-03 -5.724E-05 -9.944E-04  1.297E-06 -2.265E+00  1.272E-05 1.275E-05
    80 2.322515E-01 3.973489E+00     5 2.000E+01 1.649990E+02 1.649989E+02 -6.29752E-05 -1.07008E-03 7.256E-07 1.266E-05 -6.368E-05 -1.070E-03 -6.296E-05 -1.057E-03  1.863E-08 -2.960E-02  1.274E-05 1.276E-05
    81 2.322515E-01 4.205741E+00     2 1.950E+01 1.649989E+02 1.649989E+02 -6.43535E-05 -1.13443E-03 7.332E-07 1.339E-05 -6.364E-05 -1.134E-03 -6.291E-05 -1.120E-03  1.445E-06 -2.297E+00  1.419E-05 1.421E-05
    82 2.554767E-01 4.461218E+00     2 2.000E+01 1.649988E+02 1.649988E+02 -7.06708E-05 -1.20510E-03 8.396E-07 1.423E-05 -6.996E-05 -1.204E-03 -6.912E-05 -1.189E-03  1.549E-06 -2.240E+00  1.574E-05 1.576E-05
    83 2.810244E-01 4.742242E+00     5 2.060E+01 1.649987E+02 1.649987E+02 -7.60065E-05 -1.28111E-03 8.992E-07 1.513E-05 -7.691E-05 -1.281E-03 -7.601E-05 -1.265E-03  4.836E-10 -6.363E-04  1.574E-05 1.576E-05
    84 2.810244E-01 5.023266E+00     2 2.000E+01 1.649987E+02 1.649986E+02 -7.74135E-05 -1.35852E-03 9.078E-07 1.604E-05 -7.685E-05 -1.357E-03 -7.594E-05 -1.341E-03  1.470E-06 -1.935E+00  1.721E-05 1.723E-05
    85 3.091268E-01 5.332393E+00     2 2.050E+01 1.649986E+02 1.649986E+02 -8.53093E-05 -1.44383E-03 1.030E-06 1.707E-05 -8.448E-05 -1.442E-03 -8.345E-05 -1.425E-03  1.862E-06 -2.231E+00  1.907E-05 1.909E-05
    86 3.400395E-01 5.672433E+00     2 2.050E+01 1.649985E+02 1.649985E+02 -9.38248E-05 -1.53765E-03 1.136E-06 1.820E-05 -9.286E-05 -1.535E-03 -9.172E-05 -1.516E-03  2.103E-06 -2.293E+00  2.117E-05 2.119E-05
    87 3.740434E-01 6.046476E+00     2 2.150E+01 1.649984E+02 1.649984E+02 -1.02857E-04 -1.64051E-03 1.263E-06 1.947E-05 -1.021E-04 -1.637E-03 -1.008E-04 -1.617E-03  2.055E-06 -2.039E+00  2.323E-05 2.325E-05
    88 4.114478E-01 6.457924E+00     5 2.200E+01 1.649983E+02 1.649982E+02 -1.11029E-04 -1.75154E-03 1.263E-06 2.073E-05 -1.122E-04 -1.749E-03 -1.109E-04 -1.728E-03  1.229E-07 -1.108E-01  2.335E-05 2.337E-05
    89 4.114478E-01 6.869372E+00     2 2.200E+01 1.649982E+02 1.649981E+02 -1.12777E-04 -1.86432E-03 1.284E-06 2.201E-05 -1.121E-04 -1.861E-03 -1.108E-04 -1.839E-03  1.995E-06 -1.801E+00  2.534E-05 2.537E-05
    90 4.525926E-01 7.321964E+00     5 2.220E+01 1.649981E+02 1.649980E+02 -1.21690E-04 -1.98601E-03 1.512E-06 2.353E-05 -1.232E-04 -1.984E-03 -1.217E-04 -1.961E-03  3.606E-08 -2.964E-02  2.538E-05 2.540E-05
    91 4.525926E-01 7.774557E+00     2 2.200E+01 1.649979E+02 1.649979E+02 -1.23505E-04 -2.10951E-03 1.522E-06 2.505E-05 -1.231E-04 -2.107E-03 -1.215E-04 -2.082E-03  1.968E-06 -1.620E+00  2.735E-05 2.737E-05
    92 4.978518E-01 8.272409E+00     2 2.300E+01 1.649978E+02 1.649978E+02 -1.36023E-04 -2.24553E-03 1.762E-06 2.681E-05 -1.353E-04 -2.242E-03 -1.335E-04 -2.216E-03  2.533E-06 -1.898E+00  2.988E-05 2.990E-05
    93 5.476370E-01 8.820046E+00     5 2.220E+01 1.649977E+02 1.649976E+02 -1.47042E-04 -2.39258E-03 1.755E-06 2.857E-05 -1.486E-04 -2.391E-03 -1.469E-04 -2.363E-03  1.602E-07 -1.090E-01  3.004E-05 3.006E-05
    94 5.476370E-01 9.367683E+00     3 2.267E+01 1.649975E+02 1.649975E+02 -1.46473E-04 -2.53905E-03 1.778E-06 3.034E-05 -1.485E-04 -2.540E-03 -1.467E-04 -2.509E-03 -2.448E-07  1.668E-01  2.980E-05 3.031E-05
    95 6.024007E-01 9.970083E+00     2 2.300E+01 1.649973E+02 1.649973E+02 -1.63852E-04 -2.70290E-03 2.161E-06 3.250E-05 -1.632E-04 -2.703E-03 -1.610E-04 -2.670E-03  2.813E-06 -1.747E+00  3.261E-05 3.312E-05
    96 6.626408E-01 1.063272E+01     5 2.320E+01 1.649972E+02 1.649971E+02 -1.77159E-04 -2.88006E-03 2.227E-06 3.473E-05 -1.793E-04 -2.882E-03 -1.771E-04 -2.847E-03  4.670E-08 -2.637E-02  3.266E-05 3.317E-05
    97 6.626408E-01 1.129536E+01     3 2.300E+01 1.649970E+02 1.649969E+02 -1.76709E-04 -3.05677E-03 2.248E-06 3.698E-05 -1.792E-04 -3.061E-03 -1.769E-04 -3.024E-03 -2.038E-07  1.152E-01  3.245E-05 3.337E-05
    98 7.289048E-01 1.202427E+01     2 2.350E+01 1.649968E+02 1.649967E+02 -1.97317E-04 -3.25409E-03 2.619E-06 3.960E-05 -1.969E-04 -3.258E-03 -1.943E-04 -3.219E-03  3.048E-06 -1.569E+00  3.550E-05 3.642E-05
    99 8.017953E-01 1.282606E+01     3 2.333E+01 1.649966E+02 1.649965E+02 -2.13412E-04 -3.46750E-03 2.849E-06 4.245E-05 -2.164E-04 -3.475E-03 -2.135E-04 -3.432E-03 -9.581E-08  4.488E-02  3.540E-05 3.652E-05
   100 8.819749E-01 1.370804E+01     3 2.367E+01 1.649964E+02 1.649963E+02 -2.34502E-04 -3.70200E-03 3.125E-06 4.557E-05 -2.377E-04 -3.712E-03 -2.346E-04 -3.667E-03 -1.052E-07  4.485E-02  3.530E-05 3.662E-05
   101 9.701723E-01 1.467821E+01     3 2.367E+01 1.649961E+02 1.649960E+02 -2.57612E-04 -3.95961E-03 3.459E-06 4.903E-05 -2.612E-04 -3.973E-03 -2.577E-04 -3.924E-03 -1.295E-07  5.025E-02  3.517E-05 3.675E-05
   102 1.067190E+00 1.574540E+01     3 2.433E+01 1.649958E+02 1.649958E+02 -2.82912E-04 -4.24252E-03 3.867E-06 5.290E-05 -2.870E-04 -4.260E-03 -2.831E-04 -4.208E-03 -1.867E-07  6.595E-02  3.498E-05 3.694E-05
   103 1.173909E+00 1.691931E+01     5 2.380E+01 1.649955E+02 1.649954E+02 -3.10836E-04 -4.55336E-03 4.242E-06 5.714E-05 -3.152E-04 -4.576E-03 -3.110E-04 -4.519E-03 -1.621E-07  5.214E-02  3.482E-05 3.710E-05
   104 1.173909E+00 1.809322E+01     5 2.380E+01 1.649952E+02 1.649951E+02 -3.10248E-04 -4.86361E-03 4.291E-06 6.143E-05 -3.148E-04 -4.891E-03 -3.105E-04 -4.829E-03 -2.895E-07  9.322E-02  3.453E-05 3.739E-05
   105 1.173909E+00 1.926713E+01     3 2.400E+01 1.649949E+02 1.649948E+02 -3.09531E-04 -5.17314E-03 4.590E-06 6.602E-05 -3.145E-04 -5.205E-03 -3.099E-04 -5.139E-03 -3.501E-07  1.130E-01  3.418E-05 3.774E-05
   106 1.291299E+00 2.055843E+01     3 2.433E+01 1.649945E+02 1.649945E+02 -3.40169E-04 -5.51331E-03 5.293E-06 7.131E-05 -3.455E-04 -5.551E-03 -3.402E-04 -5.479E-03 -7.040E-08  2.069E-02  3.411E-05 3.781E-05
   107 1.420429E+00 2.197886E+01     3 2.433E+01 1.649942E+02 1.649941E+02 -3.73503E-04 -5.88681E-03 5.910E-06 7.723E-05 -3.796E-04 -5.930E-03 -3.737E-04 -5.853E-03 -2.139E-07  5.724E-02  3.390E-05 3.802E-05
   108 1.562472E+00 2.354133E+01     5 2.480E+01 1.649938E+02 1.649937E+02 -4.10465E-04 -6.29728E-03 6.391E-06 8.362E-05 -4.170E-04 -6.347E-03 -4.106E-04 -6.264E-03 -1.494E-07  3.639E-02  3.375E-05 3.817E-05
   109 1.562472E+00 2.510380E+01     3 2.367E+01 1.649934E+02 1.649933E+02 -4.09257E-04 -6.70653E-03 6.592E-06 9.021E-05 -4.164E-04 -6.764E-03 -4.098E-04 -6.673E-03 -5.796E-07  1.414E-01  3.317E-05 3.875E-05
   110 1.718719E+00 2.682252E+01     5 2.500E+01 1.649929E+02 1.649928E+02 -4.50310E-04 -7.15684E-03 7.210E-06 9.742E-05 -4.574E-04 -7.221E-03 -4.502E-04 -7.124E-03  9.219E-08 -2.048E-02  3.326E-05 3.884E-05
   111 1.718719E+00 2.854124E+01     5 2.480E+01 1.649925E+02 1.649924E+02 -4.48878E-04 -7.60572E-03 7.177E-06 1.046E-04 -4.568E-04 -7.678E-03 -4.496E-04 -7.573E-03 -7.096E-07  1.578E-01  3.255E-05 3.955E-05
   112 1.718719E+00 3.025996E+01     3 2.467E+01 1.649920E+02 1.649919E+02 -4.47707E-04 -8.05343E-03 7.934E-06 1.125E-04 -4.562E-04 -8.134E-03 -4.483E-04 -8.021E-03 -5.730E-07  1.278E-01  3.198E-05 4.013E-05
   113 1.890591E+00 3.215055E+01     3 2.433E+01 1.649915E+02 1.649915E+02 -4.91873E-04 -8.54530E-03 9.087E-06 1.216E-04 -5.012E-04 -8.635E-03 -4.922E-04 -8.514E-03 -2.831E-07  5.753E-02  3.169E-05 4.041E-05
   114 2.079651E+00 3.423020E+01     5 2.460E+01 1.649910E+02 1.649909E+02 -5.41173E-04 -9.08647E-03 9.442E-06 1.311E-04 -5.505E-04 -9.186E-03 -5.411E-04 -9.055E-03  6.748E-08 -1.247E-02  3.176E-05 4.048E-05
   115 2.079651E+00 3.630985E+01     3 2.433E+01 1.649904E+02 1.649904E+02 -5.39123E-04 -9.62560E-03 9.587E-06 1.406E-04 -5.497E-04 -9.735E-03 -5.401E-04 -9.595E-03 -1.010E-06  1.870E-01  3.075E-05 4.149E-05
   116 2.287616E+00 3.859747E+01     3 2.467E+01 1.649898E+02 1.649898E+02 -5.92144E-04 -1.02177E-02 1.132E-05 1.520E-04 -6.039E-04 -1.034E-02 -5.926E-04 -1.019E-02 -4.088E-07  6.898E-02  3.034E-05 4.190E-05
   117 2.516377E+00 4.111384E+01     3 2.467E+01 1.649892E+02 1.649891E+02 -6.50127E-04 -1.08679E-02 1.259E-05 1.645E-04 -6.633E-04 -1.100E-02 -6.507E-04 -1.084E-02 -5.762E-07  8.854E-02  2.977E-05 4.247E-05
   118 2.768015E+00 4.388186E+01     3 2.467E+01 1.649885E+02 1.649884E+02 -7.13711E-04 -1.15816E-02 1.415E-05 1.787E-04 -7.285E-04 -1.173E-02 -7.144E-04 -1.155E-02 -6.562E-07  9.186E-02  2.911E-05 4.313E-05
   119 3.044816E+00 4.692668E+01     4 2.500E+01 1.649877E+02 1.649876E+02 -7.83883E-04 -1.23655E-02 1.563E-05 1.943E-04 -8.000E-04 -1.253E-02 -7.844E-04 -1.234E-02 -5.158E-07  6.576E-02  2.860E-05 4.365E-05
   120 3.349298E+00 5.027597E+01     6 2.583E+01 1.649868E+02 1.649868E+02 -8.61488E-04 -1.32269E-02 1.649E-05 2.108E-04 -8.783E-04 -1.341E-02 -8.618E-04 -1.320E-02 -3.513E-07  4.076E-02  2.824E-05 4.400E-05
   121 3.349298E+00 5.362527E+01     4 2.550E+01 1.649860E+02 1.649859E+02 -8.57518E-04 -1.40845E-02 1.727E-05 2.281E-04 -8.768E-04 -1.429E-02 -8.595E-04 -1.406E-02 -1.969E-06  2.291E-01  2.627E-05 4.597E-05
   122 3.684228E+00 5.730950E+01     4 2.575E+01 1.649850E+02 1.649850E+02 -9.43235E-04 -1.50277E-02 1.948E-05 2.476E-04 -9.626E-04 -1.525E-02 -9.432E-04 -1.500E-02  6.484E-08 -6.875E-03  2.634E-05 4.603E-05
   123 4.052651E+00 6.136215E+01     4 2.550E+01 1.649840E+02 1.649839E+02 -1.03489E-03 -1.60626E-02 2.053E-05 2.681E-04 -1.057E-03 -1.631E-02 -1.036E-03 -1.604E-02 -1.199E-06  1.157E-01  2.514E-05 4.723E-05
   124 4.457916E+00 6.582007E+01     4 2.575E+01 1.649829E+02 1.649828E+02 -1.13438E-03 -1.71970E-02 2.356E-05 2.917E-04 -1.160E-03 -1.747E-02 -1.136E-03 -1.717E-02 -1.921E-06  1.691E-01  2.322E-05 4.915E-05
   125 4.903707E+00 7.072377E+01     3 2.600E+01 1.649816E+02 1.649816E+02 -1.24486E-03 -1.84418E-02 2.691E-05 3.186E-04 -1.273E-03 -1.874E-02 -1.246E-03 -1.842E-02 -1.412E-06  1.133E-01  2.181E-05 5.056E-05
   126 5.394078E+00 7.611785E+01     5 2.620E+01 1.649803E+02 1.649802E+02 -1.36987E-03 -1.98117E-02 2.729E-05 3.459E-04 -1.397E-03 -2.014E-02 -1.370E-03 -1.979E-02  3.308E-07 -2.415E-02  2.214E-05 5.089E-05
   127 5.394078E+00 8.151193E+01     4 2.525E+01 1.649789E+02 1.649788E+02 -1.36099E-03 -2.11727E-02 2.790E-05 3.738E-04 -1.393E-03 -2.153E-02 -1.365E-03 -2.115E-02 -4.416E-06  3.234E-01  1.772E-05 5.531E-05
   128 5.933486E+00 8.744541E+01     4 2.625E+01 1.649774E+02 1.649773E+02 -1.49512E-03 -2.26678E-02 3.305E-05 4.068E-04 -1.529E-03 -2.306E-02 -1.496E-03 -2.265E-02 -9.188E-07  6.141E-02  1.680E-05 5.623E-05
   129 6.526834E+00 9.397225E+01     4 2.575E+01 1.649758E+02 1.649757E+02 -1.63816E-03 -2.43060E-02 3.636E-05 4.432E-04 -1.678E-03 -2.474E-02 -1.641E-03 -2.429E-02 -3.148E-06  1.918E-01  1.366E-05 5.938E-05
   130 7.179518E+00 1.011518E+02     4 2.575E+01 1.649740E+02 1.649739E+02 -1.79788E-03 -2.61038E-02 4.045E-05 4.836E-04 -1.840E-03 -2.658E-02 -1.800E-03 -2.609E-02 -1.983E-06  1.102E-01  1.167E-05 6.136E-05
   131 7.897470E+00 1.090492E+02     4 2.550E+01 1.649720E+02 1.649719E+02 -1.97077E-03 -2.80746E-02 4.411E-05 5.278E-04 -2.018E-03 -2.859E-02 -1.974E-03 -2.807E-02 -3.403E-06  1.724E-01  8.270E-06 6.476E-05
   132 8.687217E+00 1.177365E+02     4 2.600E+01 1.649698E+02 1.649698E+02 -2.16145E-03 -3.02361E-02 4.866E-05 5.764E-04 -2.213E-03 -3.081E-02 -2.165E-03 -3.023E-02 -3.112E-06  1.438E-01  5.159E-06 6.787E-05
   133 9.555938E+00 1.272924E+02     4 2.600E+01 1.649675E+02 1.649674E+02 -2.36731E-03 -3.26034E-02 5.406E-05 6.305E-04 -2.426E-03 -3.323E-02 -2.372E-03 -3.260E-02 -5.040E-06  2.124E-01  1.189E-07 7.291E-05
   134 1.051153E+01 1.378039E+02     4 2.625E+01 1.649649E+02 1.649648E+02 -2.59441E-03 -3.51978E-02 6.068E-05 6.911E-04 -2.660E-03 -3.589E-02 -2.599E-03 -3.520E-02 -4.744E-06  1.825E-01 -4.625E-06 7.766E-05
   135 1.156269E+01 1.493666E+02     4 2.650E+01 1.649620E+02 1.649620E+02 -2.84308E-03 -3.80409E-02 6.666E-05 7.578E-04 -2.915E-03 -3.881E-02 -2.848E-03 -3.805E-02 -5.309E-06  1.864E-01 -9.933E-06 8.296E-05
   136 1.271895E+01 1.620856E+02     4 2.575E+01 1.649589E+02 1.649589E+02 -3.10878E-03 -4.11497E-02 7.710E-05 8.349E-04 -3.195E-03 -4.200E-02 -3.118E-03 -4.117E-02 -9.233E-06  2.961E-01 -1.917E-05 9.220E-05
   137 1.399085E+01 1.760764E+02     3 2.533E+01 1.649555E+02 1.649554E+02 -3.40491E-03 -4.45546E-02 9.040E-05 9.253E-04 -3.502E-03 -4.551E-02 -3.412E-03 -4.458E-02 -7.159E-06  2.098E-01 -2.632E-05 9.936E-05
   138 1.538993E+01 1.914663E+02     5 2.640E+01 1.649518E+02 1.649517E+02 -3.74019E-03 -4.82948E-02 9.151E-05 1.017E-03 -3.834E-03 -4.934E-02 -3.743E-03 -4.832E-02 -2.385E-06  6.374E-02 -2.871E-05 1.017E-04
   139 1.538993E+01 2.068563E+02     4 2.675E+01 1.649481E+02 1.649480E+02 -3.70773E-03 -5.20025E-02 9.274E-05 1.110E-03 -3.817E-03 -5.316E-02 -3.724E-03 -5.205E-02 -1.615E-05  4.337E-01 -4.486E-05 1.179E-04
   140 1.692893E+01 2.237852E+02     5 2.680E+01 1.649440E+02 1.649439E+02 -4.07140E-03 -5.60739E-02 1.062E-04 1.216E-03 -4.181E-03 -5.734E-02 -4.075E-03 -5.612E-02 -3.474E-06  8.524E-02 -4.833E-05 1.214E-04
   141 1.692893E+01 2.407141E+02     4 2.675E+01 1.649400E+02 1.649399E+02 -4.04886E-03 -6.01227E-02 1.016E-04 1.317E-03 -4.162E-03 -6.150E-02 -4.060E-03 -6.018E-02 -1.119E-05  2.757E-01 -5.953E-05 1.326E-04
   142 1.862182E+01 2.593360E+02     5 2.660E+01 1.649355E+02 1.649354E+02 -4.42921E-03 -6.45519E-02 1.160E-04 1.433E-03 -4.557E-03 -6.606E-02 -4.441E-03 -6.462E-02 -1.218E-05  2.743E-01 -7.171E-05 1.447E-04
   143 1.862182E+01 2.779578E+02     4 2.650E+01 1.649311E+02 1.649310E+02 -4.40588E-03 -6.89578E-02 1.202E-04 1.554E-03 -4.538E-03 -7.059E-02 -4.418E-03 -6.904E-02 -1.162E-05  2.631E-01 -8.333E-05 1.564E-04
   144 2.048400E+01 2.984418E+02     5 2.680E+01 1.649263E+02 1.649262E+02 -4.82536E-03 -7.37832E-02 1.341E-04 1.688E-03 -4.970E-03 -7.556E-02 -4.836E-03 -7.388E-02 -1.051E-05  2.172E-01 -9.384E-05 1.669E-04
   145 2.048400E+01 3.189258E+02     3 2.667E+01 1.649215E+02 1.649214E+02 -4.80076E-03 -7.85839E-02 1.356E-04 1.823E-03 -4.948E-03 -8.051E-02 -4.813E-03 -7.869E-02 -1.194E-05  2.482E-01 -1.058E-04 1.788E-04
   146 2.253240E+01 3.414582E+02     4 2.725E+01 1.649162E+02 1.649161E+02 -5.26643E-03 -8.38504E-02 1.408E-04 1.964E-03 -5.414E-03 -8.593E-02 -5.273E-03 -8.396E-02 -6.776E-06  1.285E-01 -1.126E-04 1.856E-04
   147 2.478564E+01 3.662438E+02     5 2.720E+01 1.649105E+02 1.649104E+02 -5.76127E-03 -8.96117E-02 1.417E-04 2.106E-03 -5.919E-03 -9.185E-02 -5.777E-03 -8.974E-02 -1.582E-05  2.739E-01 -1.284E-04 2.014E-04
   148 2.478564E+01 3.910295E+02     4 2.675E+01 1.649048E+02 1.649047E+02 -5.73000E-03 -9.53416E-02 1.413E-04 2.247E-03 -5.887E-03 -9.773E-02 -5.746E-03 -9.549E-02 -1.555E-05  2.706E-01 -1.439E-04 2.170E-04
   149 2.726421E+01 4.182937E+02     4 2.650E+01 1.648985E+02 1.648984E+02 -6.25821E-03 -1.01600E-01 1.628E-04 2.410E-03 -6.443E-03 -1.042E-01 -6.281E-03 -1.018E-01 -2.230E-05  3.550E-01 -1.662E-04 2.393E-04
   150 2.999063E+01 4.482843E+02     4 2.700E+01 1.648917E+02 1.648916E+02 -6.84127E-03 -1.08441E-01 1.893E-04 2.599E-03 -7.052E-03 -1.112E-01 -6.863E-03 -1.086E-01 -2.131E-05  3.106E-01 -1.875E-04 2.606E-04
   151 3.298969E+01 4.812740E+02     4 2.675E+01 1.648842E+02 1.648841E+02 -7.48505E-03 -1.15926E-01 2.074E-04 2.807E-03 -7.712E-03 -1.189E-01 -7.505E-03 -1.161E-01 -1.994E-05  2.657E-01 -2.075E-04 2.805E-04
   152 3.628866E+01 5.175627E+02     7 2.700E+01 1.648760E+02 1.648759E+02 -8.20656E-03 -1.24133E-01 2.033E-04 3.010E-03 -8.423E-03 -1.274E-01 -8.220E-03 -1.244E-01 -1.327E-05  1.614E-01 -2.207E-04 2.938E-04
   153 1.814433E+01 5.357070E+02     4 2.500E+01 1.648719E+02 1.648718E+02 -4.04090E-03 -1.28174E-01 1.260E-04 3.136E-03 -4.198E-03 -1.316E-01 -4.072E-03 -1.284E-01 -3.118E-05  7.656E-01 -2.519E-04 3.250E-04
   154 1.995876E+01 5.556657E+02     4 2.650E+01 1.648675E+02 1.648674E+02 -4.45222E-03 -1.32626E-01 1.659E-04 3.302E-03 -4.614E-03 -1.362E-01 -4.449E-03 -1.329E-01  3.647E-06 -8.198E-02 -2.483E-04 3.286E-04
   155 2.195464E+01 5.776204E+02     4 2.650E+01 1.648626E+02 1.648625E+02 -4.88637E-03 -1.37512E-01 1.665E-04 3.468E-03 -5.058E-03 -1.412E-01 -4.892E-03 -1.378E-01 -5.463E-06  1.117E-01 -2.537E-04 3.341E-04
   156 2.415010E+01 6.017705E+02     6 2.717E+01 1.648572E+02 1.648571E+02 -5.38222E-03 -1.42894E-01 1.568E-04 3.625E-03 -5.535E-03 -1.468E-01 -5.379E-03 -1.431E-01  3.682E-06 -6.845E-02 -2.501E-04 3.377E-04
   157 2.415010E+01 6.259206E+02     4 2.700E+01 1.648519E+02 1.648518E+02 -5.33585E-03 -1.48230E-01 1.510E-04 3.776E-03 -5.510E-03 -1.523E-01 -5.359E-03 -1.485E-01 -2.314E-05  4.318E-01 -2.732E-04 3.609E-04
   158 2.656511E+01 6.524857E+02     4 2.675E+01 1.648460E+02 1.648459E+02 -5.85935E-03 -1.54090E-01 1.733E-04 3.950E-03 -6.038E-03 -1.583E-01 -5.864E-03 -1.544E-01 -4.982E-06  8.495E-02 -2.782E-04 3.659E-04
   159 2.922162E+01 6.817073E+02     4 2.675E+01 1.648396E+02 1.648395E+02 -6.40980E-03 -1.60499E-01 1.837E-04 4.133E-03 -6.611E-03 -1.649E-01 -6.427E-03 -1.608E-01 -1.768E-05  2.751E-01 -2.959E-04 3.836E-04
   160 3.214379E+01 7.138511E+02     5 2.700E+01 1.648326E+02 1.648325E+02 -7.02220E-03 -1.67522E-01 2.017E-04 4.335E-03 -7.238E-03 -1.722E-01 -7.036E-03 -1.678E-01 -1.422E-05  2.021E-01 -3.101E-04 3.978E-04
   161 3.214379E+01 7.459949E+02     5 2.740E+01 1.648256E+02 1.648255E+02 -6.98638E-03 -1.74508E-01 1.978E-04 4.533E-03 -7.202E-03 -1.794E-01 -7.004E-03 -1.748E-01 -1.777E-05  2.537E-01 -3.279E-04 4.155E-04
   162 3.214379E+01 7.781387E+02     4 2.725E+01 1.648187E+02 1.648185E+02 -6.95162E-03 -1.81460E-01 1.998E-04 4.733E-03 -7.169E-03 -1.865E-01 -6.969E-03 -1.818E-01 -1.721E-05  2.469E-01 -3.451E-04 4.328E-04
   163 3.535817E+01 8.134969E+02     4 2.700E+01 1.648111E+02 1.648109E+02 -7.61330E-03 -1.89073E-01 2.136E-04 4.946E-03 -7.843E-03 -1.944E-01 -7.630E-03 -1.894E-01 -1.656E-05  2.171E-01 -3.616E-04 4.493E-04
   164 3.889398E+01 8.523908E+02     5 2.740E+01 1.648027E+02 1.648026E+02 -8.31719E-03 -1.97390E-01 2.332E-04 5.179E-03 -8.579E-03 -2.030E-01 -8.346E-03 -1.978E-01 -2.860E-05  3.427E-01 -3.902E-04 4.779E-04
   165 3.889398E+01 8.912848E+02     4 2.750E+01 1.647945E+02 1.647943E+02 -8.27861E-03 -2.05669E-01 2.339E-04 5.413E-03 -8.532E-03 -2.115E-01 -8.298E-03 -2.061E-01 -1.925E-05  2.320E-01 -4.095E-04 4.972E-04
   166 4.278338E+01 9.340682E+02     4 2.750E+01 1.647854E+02 1.647852E+02 -9.08631E-03 -2.14755E-01 2.253E-04 5.639E-03 -9.322E-03 -2.208E-01 -9.096E-03 -2.152E-01 -9.987E-06  1.098E-01 -4.195E-04 5.072E-04
   167 4.706172E+01 9.811299E+02     5 2.720E+01 1.647755E+02 1.647754E+02 -9.89279E-03 -2.24648E-01 2.443E-04 5.883E-03 -1.019E-02 -2.310E-01 -9.944E-03 -2.251E-01 -5.096E-05  5.125E-01 -4.704E-04 5.581E-04
   168 4.706172E+01 1.028192E+03     4 2.725E+01 1.647657E+02 1.647655E+02 -9.83533E-03 -2.34483E-01 2.687E-04 6.152E-03 -1.013E-02 -2.411E-01 -9.864E-03 -2.350E-01 -2.859E-05  2.899E-01 -4.990E-04 5.867E-04
   169 5.176789E+01 1.079960E+03     4 2.675E+01 1.647549E+02 1.647548E+02 -1.07604E-02 -2.45244E-01 2.822E-04 6.434E-03 -1.107E-02 -2.522E-01 -1.079E-02 -2.458E-01 -2.907E-05  2.694E-01 -5.281E-04 6.158E-04
   170 5.694468E+01 1.136904E+03     4 2.725E+01 1.647431E+02 1.647430E+02 -1.17575E-02 -2.57001E-01 2.887E-04 6.722E-03 -1.209E-02 -2.643E-01 -1.180E-02 -2.576E-01 -3.934E-05  3.335E-01 -5.674E-04 6.551E-04
   171 6.263915E+01 1.199543E+03     4 2.750E+01 1.647303E+02 1.647302E+02 -1.28331E-02 -2.69834E-01 3.046E-04 7.027E-03 -1.319E-02 -2.775E-01 -1.288E-02 -2.705E-01 -4.972E-05  3.860E-01 -6.171E-04 7.048E-04
   172 6.890306E+01 1.268446E+03     4 2.725E+01 1.647163E+02 1.647161E+02 -1.40199E-02 -2.83854E-01 3.062E-04 7.333E-03 -1.437E-02 -2.919E-01 -1.407E-02 -2.845E-01 -4.794E-05  3.407E-01 -6.651E-04 7.528E-04
   173 7.579337E+01 1.344240E+03     5 2.780E+01 1.647010E+02 1.647009E+02 -1.52882E-02 -2.99142E-01 2.997E-04 7.633E-03 -1.565E-02 -3.075E-01 -1.535E-02 -2.999E-01 -6.676E-05  4.348E-01 -7.318E-04 8.195E-04
   174 7.579337E+01 1.420033E+03     4 2.750E+01 1.646859E+02 1.646857E+02 -1.51192E-02 -3.14261E-01 3.195E-04 7.953E-03 -1.552E-02 -3.230E-01 -1.520E-02 -3.151E-01 -8.438E-05  5.550E-01 -8.162E-04 9.039E-04
   175 8.337270E+01 1.503406E+03     4 2.825E+01 1.646694E+02 1.646692E+02 -1.64986E-02 -3.30760E-01 3.608E-04 8.313E-03 -1.693E-02 -3.400E-01 -1.656E-02 -3.316E-01 -6.601E-05  3.985E-01 -8.822E-04 9.699E-04
   176 9.170998E+01 1.595116E+03     4 2.825E+01 1.646515E+02 1.646513E+02 -1.79498E-02 -3.48710E-01 3.838E-04 8.697E-03 -1.843E-02 -3.584E-01 -1.805E-02 -3.497E-01 -9.914E-05  5.493E-01 -9.814E-04 1.069E-03
   177 1.000000E+02 1.695116E+03     4 2.800E+01 1.646321E+02 1.646319E+02 -1.93986E-02 -3.68108E-01 3.940E-04 9.091E-03 -1.988E-02 -3.783E-01 -1.949E-02 -3.692E-01 -8.677E-05  4.453E-01 -1.068E-03 1.156E-03
   178 1.000000E+02 1.795116E+03     4 2.825E+01 1.646129E+02 1.646127E+02 -1.91479E-02 -3.87256E-01 4.063E-04 9.497E-03 -1.968E-02 -3.979E-01 -1.927E-02 -3.884E-01 -1.251E-04  6.491E-01 -1.193E-03 1.281E-03
   179 1.000000E+02 1.895116E+03     4 2.825E+01 1.645940E+02 1.645938E+02 -1.89734E-02 -4.06230E-01 4.390E-04 9.936E-03 -1.950E-02 -4.174E-01 -1.906E-02 -4.075E-01 -8.706E-05  4.567E-01 -1.280E-03 1.368E-03
   180 1.000000E+02 1.995116E+03     7 2.814E+01 1.645752E+02 1.645750E+02 -1.87965E-02 -4.25026E-01 4.113E-04 1.035E-02 -1.930E-02 -4.367E-01 -1.888E-02 -4.264E-01 -8.834E-05  4.678E-01 -1.369E-03 1.456E-03
   181 5.000000E+01 2.045116E+03     4 2.575E+01 1.645659E+02 1.645657E+02 -9.29531E-03 -4.34321E-01 2.708E-04 1.062E-02 -9.617E-03 -4.464E-01 -9.347E-03 -4.357E-01 -5.128E-05  5.486E-01 -1.420E-03 1.508E-03
   182 5.500000E+01 2.100116E+03     4 2.750E+01 1.645557E+02 1.645555E+02 -1.02161E-02 -4.44538E-01 3.446E-04 1.096E-02 -1.056E-02 -4.569E-01 -1.022E-02 -4.460E-01 -4.157E-06  4.067E-02 -1.424E-03 1.512E-03
   183 6.050000E+01 2.160616E+03     4 2.700E+01 1.645445E+02 1.645443E+02 -1.11920E-02 -4.55730E-01 3.193E-04 1.128E-02 -1.153E-02 -4.685E-01 -1.121E-02 -4.572E-01 -2.278E-05  2.032E-01 -1.447E-03 1.535E-03
   184 6.655000E+01 2.227166E+03     4 2.750E+01 1.645323E+02 1.645321E+02 -1.22169E-02 -4.67946E-01 3.313E-04 1.161E-02 -1.260E-02 -4.811E-01 -1.226E-02 -4.694E-01 -4.701E-05  3.833E-01 -1.494E-03 1.582E-03
   185 7.320500E+01 2.300371E+03     4 2.675E+01 1.645189E+02 1.645187E+02 -1.33552E-02 -4.81302E-01 3.635E-04 1.198E-02 -1.376E-02 -4.948E-01 -1.340E-02 -4.828E-01 -4.158E-05  3.103E-01 -1.535E-03 1.623E-03
   186 8.052550E+01 2.380896E+03     4 2.650E+01 1.645043E+02 1.645041E+02 -1.46091E-02 -4.95911E-01 3.554E-04 1.233E-02 -1.501E-02 -5.098E-01 -1.465E-02 -4.975E-01 -4.070E-05  2.778E-01 -1.576E-03 1.664E-03
   187 8.857805E+01 2.469474E+03     4 2.775E+01 1.644884E+02 1.644882E+02 -1.58992E-02 -5.11810E-01 3.848E-04 1.272E-02 -1.637E-02 -5.262E-01 -1.598E-02 -5.135E-01 -8.534E-05  5.339E-01 -1.661E-03 1.749E-03
   188 9.743586E+01 2.566910E+03     4 2.725E+01 1.644711E+02 1.644708E+02 -1.73455E-02 -5.29155E-01 4.353E-04 1.315E-02 -1.785E-02 -5.440E-01 -1.742E-02 -5.309E-01 -7.170E-05  4.117E-01 -1.733E-03 1.821E-03
   189 1.000000E+02 2.666910E+03     5 2.720E+01 1.644534E+02 1.644532E+02 -1.76489E-02 -5.46804E-01 4.176E-04 1.357E-02 -1.814E-02 -5.622E-01 -1.773E-02 -5.486E-01 -7.647E-05  4.314E-01 -1.810E-03 1.897E-03
   190 1.000000E+02 2.766910E+03     4 2.750E+01 1.644360E+02 1.644357E+02 -1.74643E-02 -5.64269E-01 4.431E-04 1.401E-02 -1.800E-02 -5.802E-01 -1.756E-02 -5.662E-01 -9.226E-05  5.255E-01 -1.902E-03 1.990E-03
   191 1.000000E+02 2.866910E+03     4 2.800E+01 1.644186E+02 1.644184E+02 -1.73079E-02 -5.81576E-01 4.909E-04 1.450E-02 -1.788E-02 -5.981E-01 -1.739E-02 -5.836E-01 -7.806E-05  4.490E-01 -1.980E-03 2.068E-03
   192 1.000000E+02 2.966910E+03     4 2.700E+01 1.644014E+02 1.644012E+02 -1.72230E-02 -5.98799E-01 4.333E-04 1.494E-02 -1.770E-02 -6.158E-01 -1.727E-02 -6.008E-01 -4.227E-05  2.448E-01 -2.022E-03 2.110E-03
   193 1.000000E+02 3.066910E+03     4 2.700E+01 1.643844E+02 1.643842E+02 -1.70440E-02 -6.15843E-01 3.926E-04 1.533E-02 -1.753E-02 -6.333E-01 -1.713E-02 -6.180E-01 -8.938E-05  5.217E-01 -2.112E-03 2.199E-03
   194 1.000000E+02 3.166910E+03     3 2.733E+01 1.643675E+02 1.643673E+02 -1.68672E-02 -6.32711E-01 4.597E-04 1.579E-02 -1.742E-02 -6.507E-01 -1.696E-02 -6.349E-01 -8.834E-05  5.210E-01 -2.200E-03 2.288E-03
   195 1.000000E+02 3.266910E+03     4 2.675E+01 1.643508E+02 1.643505E+02 -1.67678E-02 -6.49478E-01 4.598E-04 1.625E-02 -1.728E-02 -6.680E-01 -1.682E-02 -6.517E-01 -4.959E-05  2.949E-01 -2.250E-03 2.337E-03
   196 1.000000E+02 3.366910E+03     3 2.733E+01 1.643341E+02 1.643339E+02 -1.66233E-02 -6.66102E-01 4.208E-04 1.667E-02 -1.712E-02 -6.851E-01 -1.669E-02 -6.684E-01 -7.157E-05  4.287E-01 -2.321E-03 2.409E-03
   197 1.000000E+02 3.466910E+03     4 2.800E+01 1.643177E+02 1.643174E+02 -1.64688E-02 -6.82571E-01 4.407E-04 1.711E-02 -1.699E-02 -7.021E-01 -1.655E-02 -6.850E-01 -7.659E-05  4.629E-01 -2.398E-03 2.485E-03
   198 1.000000E+02 3.566910E+03     4 2.700E+01 1.643013E+02 1.643011E+02 -1.63412E-02 -6.98912E-01 4.614E-04 1.757E-02 -1.687E-02 -7.189E-01 -1.640E-02 -7.014E-01 -6.366E-05  3.881E-01 -2.461E-03 2.549E-03
   199 1.000000E+02 3.666910E+03     4 2.725E+01 1.642851E+02 1.642849E+02 -1.62270E-02 -7.15139E-01 4.421E-04 1.801E-02 -1.673E-02 -7.357E-01 -1.628E-02 -7.177E-01 -5.686E-05  3.492E-01 -2.518E-03 2.606E-03
   200 1.000000E+02 3.766910E+03     4 2.750E+01 1.642690E+02 1.642688E+02 -1.60796E-02 -7.31218E-01 4.396E-04 1.845E-02 -1.659E-02 -7.523E-01 -1.615E-02 -7.338E-01 -7.354E-05  4.553E-01 -2.592E-03 2.679E-03
   201 1.000000E+02 3.866910E+03     3 2.733E+01 1.642531E+02 1.642528E+02 -1.59526E-02 -7.47171E-01 4.599E-04 1.891E-02 -1.648E-02 -7.687E-01 -1.602E-02 -7.498E-01 -6.343E-05  3.961E-01 -2.655E-03 2.743E-03
   202 1.000000E+02 3.966910E+03     4 2.725E+01 1.642372E+02 1.642370E+02 -1.58406E-02 -7.63012E-01 4.556E-04 1.937E-02 -1.635E-02 -7.851E-01 -1.590E-02 -7.657E-01 -5.578E-05  3.509E-01 -2.711E-03 2.799E-03
   203 1.000000E+02 4.066910E+03     3 2.700E+01 1.642215E+02 1.642213E+02 -1.57015E-02 -7.78713E-01 4.680E-04 1.984E-02 -1.624E-02 -8.013E-01 -1.577E-02 -7.815E-01 -6.959E-05  4.412E-01 -2.781E-03 2.868E-03
   204 1.000000E+02 4.166910E+03     3 2.667E+01 1.642060E+02 1.642057E+02 -1.55785E-02 -7.94291E-01 4.985E-04 2.034E-02 -1.614E-02 -8.175E-01 -1.564E-02 -7.971E-01 -6.154E-05  3.935E-01 -2.842E-03 2.930E-03
   205 1.000000E+02 4.266910E+03     4 2.700E+01 1.641905E+02 1.641902E+02 -1.54912E-02 -8.09783E-01 4.768E-04 2.081E-02 -1.601E-02 -8.335E-01 -1.553E-02 -8.127E-01 -4.348E-05  2.799E-01 -2.886E-03 2.973E-03
   206 1.000000E+02 4.366910E+03     4 2.775E+01 1.641751E+02 1.641748E+02 -1.53738E-02 -8.25157E-01 4.494E-04 2.126E-02 -1.588E-02 -8.494E-01 -1.543E-02 -8.281E-01 -5.806E-05  3.762E-01 -2.944E-03 3.031E-03
   207 1.000000E+02 4.466910E+03     3 2.733E+01 1.641599E+02 1.641596E+02 -1.52246E-02 -8.40381E-01 4.859E-04 2.175E-02 -1.578E-02 -8.651E-01 -1.530E-02 -8.434E-01 -7.404E-05  4.839E-01 -3.018E-03 3.105E-03
   208 1.000000E+02 4.566910E+03     4 2.650E+01 1.641448E+02 1.641445E+02 -1.51394E-02 -8.55521E-01 4.944E-04 2.224E-02 -1.568E-02 -8.808E-01 -1.518E-02 -8.586E-01 -4.251E-05  2.800E-01 -3.060E-03 3.148E-03
   209 1.000000E+02 4.666910E+03     4 2.700E+01 1.641297E+02 1.641295E+02 -1.50219E-02 -8.70542E-01 4.737E-04 2.272E-02 -1.555E-02 -8.964E-01 -1.508E-02 -8.737E-01 -5.863E-05  3.888E-01 -3.119E-03 3.207E-03
   210 1.000000E+02 4.766910E+03     3 2.667E+01 1.641148E+02 1.641145E+02 -1.49153E-02 -8.85458E-01 4.775E-04 2.319E-02 -1.545E-02 -9.118E-01 -1.497E-02 -8.886E-01 -5.261E-05  3.515E-01 -3.171E-03 3.259E-03
   211 1.000000E+02 4.866910E+03     3 2.667E+01 1.641000E+02 1.640997E+02 -1.47957E-02 -9.00253E-01 4.915E-04 2.369E-02 -1.535E-02 -9.272E-01 -1.485E-02 -9.035E-01 -5.926E-05  3.989E-01 -3.231E-03 3.318E-03
   212 1.000000E+02 4.966910E+03     4 2.650E+01 1.640853E+02 1.640850E+02 -1.47291E-02 -9.14983E-01 4.716E-04 2.416E-02 -1.523E-02 -9.424E-01 -1.476E-02 -9.182E-01 -3.328E-05  2.255E-01 -3.264E-03 3.352E-03
   213 1.000000E+02 5.066910E+03     3 2.700E+01 1.640707E+02 1.640704E+02 -1.45880E-02 -9.29571E-01 4.687E-04 2.463E-02 -1.513E-02 -9.575E-01 -1.466E-02 -9.329E-01 -7.041E-05  4.803E-01 -3.334E-03 3.422E-03
   214 1.000000E+02 5.166910E+03     3 2.733E+01 1.640562E+02 1.640559E+02 -1.44879E-02 -9.44058E-01 4.997E-04 2.513E-02 -1.504E-02 -9.726E-01 -1.454E-02 -9.474E-01 -5.002E-05  3.441E-01 -3.384E-03 3.472E-03
   215 1.000000E+02 5.266910E+03     4 2.650E+01 1.640418E+02 1.640415E+02 -1.44026E-02 -9.58461E-01 4.822E-04 2.561E-02 -1.493E-02 -9.875E-01 -1.445E-02 -9.619E-01 -4.266E-05  2.953E-01 -3.427E-03 3.515E-03
   216 1.000000E+02 5.366910E+03     4 2.700E+01 1.640275E+02 1.640272E+02 -1.43079E-02 -9.72769E-01 4.565E-04 2.606E-02 -1.481E-02 -1.002E+00 -1.436E-02 -9.762E-01 -4.729E-05  3.294E-01 -3.474E-03 3.562E-03
   217 1.000000E+02 5.466910E+03     3 2.700E+01 1.640133E+02 1.640130E+02 -1.41853E-02 -9.86954E-01 4.694E-04 2.653E-02 -1.472E-02 -1.017E+00 -1.425E-02 -9.905E-01 -6.107E-05  4.286E-01 -3.535E-03 3.623E-03
   218 1.000000E+02 5.566910E+03     4 2.650E+01 1.639992E+02 1.639989E+02 -1.41039E-02 -1.00106E+00 4.713E-04 2.700E-02 -1.462E-02 -1.032E+00 -1.414E-02 -1.005E+00 -4.052E-05  2.865E-01 -3.576E-03 3.664E-03
   219 1.000000E+02 5.666910E+03     3 2.667E+01 1.639853E+02 1.639849E+02 -1.39930E-02 -1.01505E+00 4.674E-04 2.747E-02 -1.452E-02 -1.046E+00 -1.405E-02 -1.019E+00 -5.543E-05  3.946E-01 -3.631E-03 3.719E-03
   220 1.000000E+02 5.766910E+03     3 2.700E+01 1.639714E+02 1.639710E+02 -1.38996E-02 -1.02895E+00 4.838E-04 2.796E-02 -1.443E-02 -1.061E+00 -1.395E-02 -1.033E+00 -4.669E-05  3.348E-01 -3.678E-03 3.766E-03
   221 1.000000E+02 5.866910E+03     4 2.650E+01 1.639575E+02 1.639572E+02 -1.38199E-02 -1.04277E+00 4.716E-04 2.843E-02 -1.433E-02 -1.075E+00 -1.386E-02 -1.046E+00 -3.977E-05  2.869E-01 -3.718E-03 3.806E-03
   222 1.000000E+02 5.966910E+03     3 2.667E+01 1.639438E+02 1.639435E+02 -1.37113E-02 -1.05648E+00 4.765E-04 2.890E-02 -1.424E-02 -1.089E+00 -1.377E-02 -1.060E+00 -5.404E-05  3.926E-01 -3.772E-03 3.860E-03
   223 1.000000E+02 6.066910E+03     3 2.700E+01 1.639302E+02 1.639299E+02 -1.36199E-02 -1.07010E+00 5.012E-04 2.941E-02 -1.417E-02 -1.103E+00 -1.367E-02 -1.074E+00 -4.538E-05  3.321E-01 -3.817E-03 3.905E-03
   224 1.000000E+02 6.166910E+03     4 2.725E+01 1.639167E+02 1.639164E+02 -1.35450E-02 -1.08365E+00 4.964E-04 2.990E-02 -1.408E-02 -1.117E+00 -1.358E-02 -1.088E+00 -3.725E-05  2.742E-01 -3.855E-03 3.942E-03
   225 1.000000E+02 6.266910E+03     3 2.667E+01 1.639032E+02 1.639029E+02 -1.34373E-02 -1.09708E+00 5.072E-04 3.041E-02 -1.400E-02 -1.131E+00 -1.349E-02 -1.101E+00 -5.380E-05  3.988E-01 -3.908E-03 3.996E-03
   226 1.000000E+02 6.366910E+03     5 2.700E+01 1.638899E+02 1.638895E+02 -1.33748E-02 -1.11046E+00 5.125E-04 3.092E-02 -1.392E-02 -1.145E+00 -1.341E-02 -1.114E+00 -3.123E-05  2.329E-01 -3.940E-03 4.027E-03
   227 1.000000E+02 6.466910E+03     4 2.675E+01 1.638766E+02 1.638763E+02 -1.32880E-02 -1.12375E+00 4.938E-04 3.142E-02 -1.383E-02 -1.159E+00 -1.333E-02 -1.128E+00 -4.338E-05  3.254E-01 -3.983E-03 4.071E-03
   228 1.000000E+02 6.566910E+03     3 2.700E+01 1.638634E+02 1.638631E+02 -1.31814E-02 -1.13693E+00 5.137E-04 3.193E-02 -1.375E-02 -1.173E+00 -1.323E-02 -1.141E+00 -5.297E-05  4.002E-01 -4.036E-03 4.124E-03
   229 1.000000E+02 6.666910E+03     3 2.667E+01 1.638503E+02 1.638500E+02 -1.31001E-02 -1.15003E+00 5.368E-04 3.247E-02 -1.368E-02 -1.187E+00 -1.314E-02 -1.154E+00 -4.041E-05  3.075E-01 -4.076E-03 4.164E-03
   230 1.000000E+02 6.766910E+03     4 2.625E+01 1.638373E+02 1.638369E+02 -1.30405E-02 -1.16307E+00 5.137E-04 3.298E-02 -1.358E-02 -1.200E+00 -1.307E-02 -1.167E+00 -2.979E-05  2.279E-01 -4.106E-03 4.194E-03
   231 1.000000E+02 6.866910E+03     4 2.625E+01 1.638243E+02 1.638240E+02 -1.29699E-02 -1.17604E+00 4.806E-04 3.346E-02 -1.349E-02 -1.214E+00 -1.301E-02 -1.180E+00 -3.522E-05  2.708E-01 -4.141E-03 4.229E-03
   232 1.000000E+02 6.966910E+03     3 2.700E+01 1.638114E+02 1.638111E+02 -1.28491E-02 -1.18889E+00 5.063E-04 3.397E-02 -1.342E-02 -1.227E+00 -1.291E-02 -1.193E+00 -6.029E-05  4.670E-01 -4.202E-03 4.289E-03
   233 1.000000E+02 7.066910E+03     3 2.667E+01 1.637987E+02 1.637983E+02 -1.27719E-02 -1.20166E+00 5.434E-04 3.451E-02 -1.335E-02 -1.240E+00 -1.281E-02 -1.206E+00 -3.853E-05  3.008E-01 -4.240E-03 4.328E-03
   234 6.654489E+01 7.133455E+03     4 2.525E+01 1.637903E+02 1.637899E+02 -8.42497E-03 -1.21008E+00 4.143E-04 3.492E-02 -8.876E-03 -1.249E+00 -8.462E-03 -1.214E+00 -3.693E-05  4.364E-01 -4.277E-03 4.365E-03
   235 6.654489E+01 7.200000E+03     3 2.633E+01 1.637819E+02 1.637815E+02 -8.40700E-03 -1.21849E+00 4.592E-04 3.538E-02 -8.875E-03 -1.258E+00 -8.416E-03 -1.223E+00 -8.746E-06  1.039E-01 -4.286E-03 4.373E-03
