# NSTEP            DELTAT              TIME NET NANSF NEU VOL NET NANSF NEU FLX
      1      1.000000000E-02      1.000000000E-02      0.000000000E+00      0.000000000E+00
      2      5.000000000E-03      1.500000000E-02      0.000000000E+00      0.000000000E+00
      3      5.500000000E-03      2.050000000E-02      0.000000000E+00      0.000000000E+00
      4      6.050000000E-03      2.655000000E-02      0.000000000E+00      0.000000000E+00
      5      6.655000000E-03      3.320500000E-02      0.000000000E+00      0.000000000E+00
      6      5.000000000E-03      3.820500000E-02      0.000000000E+00      0.000000000E+00
      7      5.000000000E-03      4.320500000E-02      0.000000000E+00      0.000000000E+00
      8      5.000000000E-03      4.820500000E-02      0.000000000E+00      0.000000000E+00
      9      5.500000000E-03      5.370500000E-02      0.000000000E+00      0.000000000E+00
     10      5.000000000E-03      5.870500000E-02      0.000000000E+00      0.000000000E+00
     11      5.500000000E-03      6.420500000E-02      0.000000000E+00      0.000000000E+00
     12      5.500000000E-03      6.970500000E-02      0.000000000E+00      0.000000000E+00
     13      5.500000000E-03      7.520500000E-02      0.000000000E+00      0.000000000E+00
     14      5.500000000E-03      8.070500000E-02      0.000000000E+00      0.000000000E+00
     15      5.500000000E-03      8.620500000E-02      0.000000000E+00      0.000000000E+00
     16      6.050000000E-03      9.225500000E-02      0.000000000E+00      0.000000000E+00
     17      6.050000000E-03      9.830500000E-02      0.000000000E+00      0.000000000E+00
     18      6.655000000E-03      1.049600000E-01      0.000000000E+00      0.000000000E+00
     19      6.655000000E-03      1.116150000E-01      0.000000000E+00      0.000000000E+00
     20      6.655000000E-03      1.182700000E-01      0.000000000E+00      0.000000000E+00
     21      6.655000000E-03      1.249250000E-01      0.000000000E+00      0.000000000E+00
     22      6.655000000E-03      1.315800000E-01      0.000000000E+00      0.000000000E+00
     23      6.655000000E-03      1.382350000E-01      0.000000000E+00      0.000000000E+00
     24      6.655000000E-03      1.448900000E-01      0.000000000E+00      0.000000000E+00
     25      6.655000000E-03      1.515450000E-01      0.000000000E+00      0.000000000E+00
     26      6.655000000E-03      1.582000000E-01      0.000000000E+00      0.000000000E+00
     27      6.655000000E-03      1.648550000E-01      0.000000000E+00      0.000000000E+00
     28      6.655000000E-03      1.715100000E-01      0.000000000E+00      0.000000000E+00
     29      7.320500000E-03      1.788305000E-01      0.000000000E+00      0.000000000E+00
     30      7.320500000E-03      1.861510000E-01      0.000000000E+00      0.000000000E+00
     31      7.320500000E-03      1.934715000E-01      0.000000000E+00      0.000000000E+00
     32      8.052550000E-03      2.015240500E-01      0.000000000E+00      0.000000000E+00
     33      8.052550000E-03      2.095766000E-01      0.000000000E+00      0.000000000E+00
     34      8.052550000E-03      2.176291500E-01      0.000000000E+00      0.000000000E+00
     35      8.052550000E-03      2.256817000E-01      0.000000000E+00      0.000000000E+00
     36      8.052550000E-03      2.337342500E-01      0.000000000E+00      0.000000000E+00
     37      8.052550000E-03      2.417868000E-01      0.000000000E+00      0.000000000E+00
     38      8.052550000E-03      2.498393500E-01      0.000000000E+00      0.000000000E+00
     39      8.052550000E-03      2.578919000E-01      0.000000000E+00      0.000000000E+00
     40      8.052550000E-03      2.659444500E-01      0.000000000E+00      0.000000000E+00
     41      8.052550000E-03      2.739970000E-01      0.000000000E+00      0.000000000E+00
     42      8.052550000E-03      2.820495500E-01      0.000000000E+00      0.000000000E+00
     43      8.857805000E-03      2.909073550E-01      0.000000000E+00      0.000000000E+00
     44      8.857805000E-03      2.997651600E-01      0.000000000E+00      0.000000000E+00
     45      8.857805000E-03      3.086229650E-01      0.000000000E+00      0.000000000E+00
     46      8.857805000E-03      3.174807700E-01      0.000000000E+00      0.000000000E+00
     47      8.857805000E-03      3.263385750E-01      0.000000000E+00      0.000000000E+00
     48      9.743585500E-03      3.360821605E-01      0.000000000E+00      0.000000000E+00
     49      9.743585500E-03      3.458257460E-01      0.000000000E+00      0.000000000E+00
     50      1.071794405E-02      3.565436900E-01      0.000000000E+00      0.000000000E+00
     51      1.071794405E-02      3.672616341E-01      0.000000000E+00      0.000000000E+00
     52      1.071794405E-02      3.779795781E-01      0.000000000E+00      0.000000000E+00
     53      1.071794405E-02      3.886975222E-01      0.000000000E+00      0.000000000E+00
     54      1.178973846E-02      4.004872607E-01      0.000000000E+00      0.000000000E+00
     55      1.178973846E-02      4.122769991E-01      0.000000000E+00      0.000000000E+00
     56      1.296871230E-02      4.252457114E-01      0.000000000E+00      0.000000000E+00
     57      1.426558353E-02      4.395112949E-01      0.000000000E+00      0.000000000E+00
     58      1.569214188E-02      4.552034368E-01      0.000000000E+00      0.000000000E+00
     59      1.569214188E-02      4.708955787E-01      0.000000000E+00      0.000000000E+00
     60      1.726135607E-02      4.881569348E-01      0.000000000E+00      0.000000000E+00
     61      1.898749168E-02      5.071444265E-01      0.000000000E+00      0.000000000E+00
     62      2.088624085E-02      5.280306673E-01      0.000000000E+00      0.000000000E+00
     63      2.088624085E-02      5.489169082E-01      0.000000000E+00      0.000000000E+00
     64      2.297486493E-02      5.718917731E-01      0.000000000E+00      0.000000000E+00
     65      2.527235142E-02      5.971641245E-01      0.000000000E+00      0.000000000E+00
     66      2.527235142E-02      6.224364759E-01      0.000000000E+00      0.000000000E+00
     67      2.527235142E-02      6.477088274E-01      0.000000000E+00      0.000000000E+00
     68      2.779958657E-02      6.755084139E-01      0.000000000E+00      0.000000000E+00
     69      2.779958657E-02      7.033080005E-01      0.000000000E+00      0.000000000E+00
     70      3.057954522E-02      7.338875457E-01      0.000000000E+00      0.000000000E+00
     71      3.363749975E-02      7.675250455E-01      0.000000000E+00      0.000000000E+00
     72      3.363749975E-02      8.011625452E-01      0.000000000E+00      0.000000000E+00
     73      3.700124972E-02      8.381637949E-01      0.000000000E+00      0.000000000E+00
     74      4.070137469E-02      8.788651696E-01      0.000000000E+00      0.000000000E+00
     75      4.477151216E-02      9.236366818E-01      0.000000000E+00      0.000000000E+00
     76      4.924866338E-02      9.728853452E-01      0.000000000E+00      0.000000000E+00
     77      5.417352972E-02      1.027058875E+00      0.000000000E+00      0.000000000E+00
     78      5.959088269E-02      1.086649758E+00      0.000000000E+00      0.000000000E+00
     79      5.959088269E-02      1.146240640E+00      0.000000000E+00      0.000000000E+00
     80      6.554997096E-02      1.211790611E+00      0.000000000E+00      0.000000000E+00
     81      6.554997096E-02      1.277340582E+00      0.000000000E+00      0.000000000E+00
     82      7.210496805E-02      1.349445550E+00      0.000000000E+00      0.000000000E+00
     83      7.931546486E-02      1.428761015E+00      0.000000000E+00      0.000000000E+00
     84      7.931546486E-02      1.508076480E+00      0.000000000E+00      0.000000000E+00
     85      8.724701134E-02      1.595323491E+00      0.000000000E+00      0.000000000E+00
     86      9.597171248E-02      1.691295204E+00      0.000000000E+00      0.000000000E+00
     87      9.597171248E-02      1.787266916E+00      0.000000000E+00      0.000000000E+00
     88      1.055688837E-01      1.892835800E+00      0.000000000E+00      0.000000000E+00
     89      1.055688837E-01      1.998404684E+00      0.000000000E+00      0.000000000E+00
     90      1.161257721E-01      2.114530456E+00      0.000000000E+00      0.000000000E+00
     91      1.161257721E-01      2.230656228E+00      0.000000000E+00      0.000000000E+00
     92      1.277383493E-01      2.358394577E+00      0.000000000E+00      0.000000000E+00
     93      1.405121842E-01      2.498906761E+00      0.000000000E+00      0.000000000E+00
     94      1.405121842E-01      2.639418946E+00      0.000000000E+00      0.000000000E+00
     95      1.545634027E-01      2.793982348E+00      0.000000000E+00      0.000000000E+00
     96      1.545634027E-01      2.948545751E+00      0.000000000E+00      0.000000000E+00
     97      1.700197429E-01      3.118565494E+00      0.000000000E+00      0.000000000E+00
     98      1.870217172E-01      3.305587211E+00      0.000000000E+00      0.000000000E+00
     99      1.870217172E-01      3.492608928E+00      0.000000000E+00      0.000000000E+00
    100      2.057238889E-01      3.698332817E+00      0.000000000E+00      0.000000000E+00
    101      2.262962778E-01      3.924629095E+00      0.000000000E+00      0.000000000E+00
    102      2.489259056E-01      4.173555001E+00      0.000000000E+00      0.000000000E+00
    103      2.489259056E-01      4.422480906E+00      0.000000000E+00      0.000000000E+00
    104      2.738184962E-01      4.696299403E+00      0.000000000E+00      0.000000000E+00
    105      2.738184962E-01      4.970117899E+00      0.000000000E+00      0.000000000E+00
    106      3.012003458E-01      5.271318245E+00      0.000000000E+00      0.000000000E+00
    107      3.313203804E-01      5.602638625E+00      0.000000000E+00      0.000000000E+00
    108      3.644524184E-01      5.967091043E+00      0.000000000E+00      0.000000000E+00
    109      4.008976603E-01      6.367988704E+00      0.000000000E+00      0.000000000E+00
    110      4.008976603E-01      6.768886364E+00      0.000000000E+00      0.000000000E+00
    111      4.008976603E-01      7.169784024E+00      0.000000000E+00      0.000000000E+00
    112      4.409874263E-01      7.610771451E+00      0.000000000E+00      0.000000000E+00
    113      4.409874263E-01      8.051758877E+00      0.000000000E+00      0.000000000E+00
    114      4.850861689E-01      8.536845046E+00      0.000000000E+00      0.000000000E+00
    115      5.335947858E-01      9.070439832E+00      0.000000000E+00      0.000000000E+00
    116      5.335947858E-01      9.604034617E+00      0.000000000E+00      0.000000000E+00
    117      5.869542644E-01      1.019098888E+01      0.000000000E+00      0.000000000E+00
    118      6.456496908E-01      1.083663857E+01      0.000000000E+00      0.000000000E+00
    119      6.456496908E-01      1.148228826E+01      0.000000000E+00      0.000000000E+00
    120      7.102146599E-01      1.219250292E+01      0.000000000E+00      0.000000000E+00
    121      7.812361259E-01      1.297373905E+01      0.000000000E+00      0.000000000E+00
    122      8.593597385E-01      1.383309879E+01      0.000000000E+00      0.000000000E+00
    123      9.452957124E-01      1.477839450E+01      0.000000000E+00      0.000000000E+00
    124      1.039825284E+00      1.581821978E+01      0.000000000E+00      0.000000000E+00
    125      1.143807812E+00      1.696202760E+01      0.000000000E+00      0.000000000E+00
    126      1.143807812E+00      1.810583541E+01      0.000000000E+00      0.000000000E+00
    127      1.143807812E+00      1.924964322E+01      0.000000000E+00      0.000000000E+00
    128      1.258188593E+00      2.050783181E+01      0.000000000E+00      0.000000000E+00
    129      1.384007452E+00      2.189183927E+01      0.000000000E+00      0.000000000E+00
    130      1.522408198E+00      2.341424746E+01      0.000000000E+00      0.000000000E+00
    131      1.674649017E+00      2.508889648E+01      0.000000000E+00      0.000000000E+00
    132      1.674649017E+00      2.676354550E+01      0.000000000E+00      0.000000000E+00
    133      1.842113919E+00      2.860565942E+01      0.000000000E+00      0.000000000E+00
    134      1.842113919E+00      3.044777334E+01      0.000000000E+00      0.000000000E+00
    135      2.026325311E+00      3.247409865E+01      0.000000000E+00      0.000000000E+00
    136      2.026325311E+00      3.450042396E+01      0.000000000E+00      0.000000000E+00
    137      2.026325311E+00      3.652674927E+01      0.000000000E+00      0.000000000E+00
    138      2.228957842E+00      3.875570711E+01      0.000000000E+00      0.000000000E+00
    139      2.451853626E+00      4.120756074E+01      0.000000000E+00      0.000000000E+00
    140      2.697038989E+00      4.390459973E+01      0.000000000E+00      0.000000000E+00
    141      2.966742888E+00      4.687134262E+01      0.000000000E+00      0.000000000E+00
    142      3.263417177E+00      5.013475979E+01      0.000000000E+00      0.000000000E+00
    143      3.263417177E+00      5.339817697E+01      0.000000000E+00      0.000000000E+00
    144      3.263417177E+00      5.666159415E+01      0.000000000E+00      0.000000000E+00
    145      3.589758895E+00      6.025135304E+01      0.000000000E+00      0.000000000E+00
    146      3.589758895E+00      6.384111194E+01      0.000000000E+00      0.000000000E+00
    147      3.589758895E+00      6.743087083E+01      0.000000000E+00      0.000000000E+00
    148      3.948734784E+00      7.137960561E+01      0.000000000E+00      0.000000000E+00
    149      3.948734784E+00      7.532834040E+01      0.000000000E+00      0.000000000E+00
    150      4.343608262E+00      7.967194866E+01      0.000000000E+00      0.000000000E+00
    151      4.777969089E+00      8.444991775E+01      0.000000000E+00      0.000000000E+00
    152      4.777969089E+00      8.922788684E+01      0.000000000E+00      0.000000000E+00
    153      5.255765998E+00      9.448365284E+01      0.000000000E+00      0.000000000E+00
    154      5.781342597E+00      1.002649954E+02      0.000000000E+00      0.000000000E+00
    155      6.359476857E+00      1.066244723E+02      0.000000000E+00      0.000000000E+00
    156      6.995424543E+00      1.136198968E+02      0.000000000E+00      0.000000000E+00
    157      7.694966997E+00      1.213148638E+02      0.000000000E+00      0.000000000E+00
    158      8.464463697E+00      1.297793275E+02      0.000000000E+00      0.000000000E+00
    159      9.310910066E+00      1.390902376E+02      0.000000000E+00      0.000000000E+00
    160      9.310910066E+00      1.484011477E+02      0.000000000E+00      0.000000000E+00
    161      1.000000000E+01      1.584011477E+02      0.000000000E+00      0.000000000E+00
    162      1.000000000E+01      1.684011477E+02      0.000000000E+00      0.000000000E+00
    163      1.000000000E+01      1.784011477E+02      0.000000000E+00      0.000000000E+00
    164      1.000000000E+01      1.884011477E+02      0.000000000E+00      0.000000000E+00
    165      1.000000000E+01      1.984011477E+02      0.000000000E+00      0.000000000E+00
    166      1.000000000E+01      2.084011477E+02      0.000000000E+00      0.000000000E+00
    167      1.000000000E+01      2.184011477E+02      0.000000000E+00      0.000000000E+00
    168      1.000000000E+01      2.284011477E+02      0.000000000E+00      0.000000000E+00
    169      1.000000000E+01      2.384011477E+02      0.000000000E+00      0.000000000E+00
    170      1.000000000E+01      2.484011477E+02      0.000000000E+00      0.000000000E+00
    171      1.000000000E+01      2.584011477E+02      0.000000000E+00      0.000000000E+00
    172      1.000000000E+01      2.684011477E+02      0.000000000E+00      0.000000000E+00
    173      1.000000000E+01      2.784011477E+02      0.000000000E+00      0.000000000E+00
    174      1.000000000E+01      2.884011477E+02      0.000000000E+00      0.000000000E+00
    175      1.000000000E+01      2.984011477E+02      0.000000000E+00      0.000000000E+00
    176      1.000000000E+01      3.084011477E+02      0.000000000E+00      0.000000000E+00
    177      1.000000000E+01      3.184011477E+02      0.000000000E+00      0.000000000E+00
    178      1.000000000E+01      3.284011477E+02      0.000000000E+00      0.000000000E+00
    179      1.000000000E+01      3.384011477E+02      0.000000000E+00      0.000000000E+00
    180      1.000000000E+01      3.484011477E+02      0.000000000E+00      0.000000000E+00
    181      1.000000000E+01      3.584011477E+02      0.000000000E+00      0.000000000E+00
    182      1.000000000E+01      3.684011477E+02      0.000000000E+00      0.000000000E+00
    183      1.000000000E+01      3.784011477E+02      0.000000000E+00      0.000000000E+00
    184      1.000000000E+01      3.884011477E+02      0.000000000E+00      0.000000000E+00
    185      1.000000000E+01      3.984011477E+02      0.000000000E+00      0.000000000E+00
    186      1.000000000E+01      4.084011477E+02      0.000000000E+00      0.000000000E+00
    187      1.000000000E+01      4.184011477E+02      0.000000000E+00      0.000000000E+00
    188      1.000000000E+01      4.284011477E+02      0.000000000E+00      0.000000000E+00
    189      1.000000000E+01      4.384011477E+02      0.000000000E+00      0.000000000E+00
    190      1.000000000E+01      4.484011477E+02      0.000000000E+00      0.000000000E+00
    191      1.000000000E+01      4.584011477E+02      0.000000000E+00      0.000000000E+00
    192      1.000000000E+01      4.684011477E+02      0.000000000E+00      0.000000000E+00
    193      1.000000000E+01      4.784011477E+02      0.000000000E+00      0.000000000E+00
    194      1.000000000E+01      4.884011477E+02      0.000000000E+00      0.000000000E+00
    195      1.000000000E+01      4.984011477E+02      0.000000000E+00      0.000000000E+00
    196      1.000000000E+01      5.084011477E+02      0.000000000E+00      0.000000000E+00
    197      1.000000000E+01      5.184011477E+02      0.000000000E+00      0.000000000E+00
    198      1.000000000E+01      5.284011477E+02      0.000000000E+00      0.000000000E+00
    199      1.000000000E+01      5.384011477E+02      0.000000000E+00      0.000000000E+00
    200      1.000000000E+01      5.484011477E+02      0.000000000E+00      0.000000000E+00
    201      1.000000000E+01      5.584011477E+02      0.000000000E+00      0.000000000E+00
    202      1.000000000E+01      5.684011477E+02      0.000000000E+00      0.000000000E+00
    203      1.000000000E+01      5.784011477E+02      0.000000000E+00      0.000000000E+00
    204      1.000000000E+01      5.884011477E+02      0.000000000E+00      0.000000000E+00
    205      1.000000000E+01      5.984011477E+02      0.000000000E+00      0.000000000E+00
    206      1.000000000E+01      6.084011477E+02      0.000000000E+00      0.000000000E+00
    207      1.000000000E+01      6.184011477E+02      0.000000000E+00      0.000000000E+00
    208      1.000000000E+01      6.284011477E+02      0.000000000E+00      0.000000000E+00
    209      1.000000000E+01      6.384011477E+02      0.000000000E+00      0.000000000E+00
    210      1.000000000E+01      6.484011477E+02      0.000000000E+00      0.000000000E+00
    211      1.000000000E+01      6.584011477E+02      0.000000000E+00      0.000000000E+00
    212      1.000000000E+01      6.684011477E+02      0.000000000E+00      0.000000000E+00
    213      1.000000000E+01      6.784011477E+02      0.000000000E+00      0.000000000E+00
    214      1.000000000E+01      6.884011477E+02      0.000000000E+00      0.000000000E+00
    215      1.000000000E+01      6.984011477E+02      0.000000000E+00      0.000000000E+00
    216      1.000000000E+01      7.084011477E+02      0.000000000E+00      0.000000000E+00
    217      1.000000000E+01      7.184011477E+02      0.000000000E+00      0.000000000E+00
    218      1.000000000E+01      7.284011477E+02      0.000000000E+00      0.000000000E+00
    219      1.000000000E+01      7.384011477E+02      0.000000000E+00      0.000000000E+00
    220      1.000000000E+01      7.484011477E+02      0.000000000E+00      0.000000000E+00
    221      1.000000000E+01      7.584011477E+02      0.000000000E+00      0.000000000E+00
    222      1.000000000E+01      7.684011477E+02      0.000000000E+00      0.000000000E+00
    223      1.000000000E+01      7.784011477E+02      0.000000000E+00      0.000000000E+00
    224      1.000000000E+01      7.884011477E+02      0.000000000E+00      0.000000000E+00
    225      1.000000000E+01      7.984011477E+02      0.000000000E+00      0.000000000E+00
