#       1
#          TIME              381
  1.00000000E-02  0.00000000E+00  0.00000000E+00  0.00000000E+00  0.00000000E+00
  1.50000000E-02  9.01635455E-10  0.00000000E+00  0.00000000E+00  0.00000000E+00
  2.05000000E-02  1.70681020E-09  0.00000000E+00  0.00000000E+00  0.00000000E+00
  2.65500000E-02  2.70041455E-09  0.00000000E+00  0.00000000E+00  0.00000000E+00
  3.32050000E-02  3.88914362E-09  0.00000000E+00  0.00000000E+00  0.00000000E+00
  3.82050000E-02  4.85460275E-09  0.00000000E+00  0.00000000E+00  0.00000000E+00
  4.32050000E-02  5.86460255E-09  0.00000000E+00  0.00000000E+00  0.00000000E+00
  4.82050000E-02  6.91804369E-09  0.00000000E+00  0.00000000E+00  0.00000000E+00
  5.37050000E-02  8.12071103E-09  0.00000000E+00  0.00000000E+00  0.00000000E+00
  5.87050000E-02  9.25796733E-09  0.00000000E+00  0.00000000E+00  0.00000000E+00
  6.42050000E-02  1.05501629E-08  0.00000000E+00  0.00000000E+00  0.00000000E+00
  6.97050000E-02  1.18844171E-08  0.00000000E+00  0.00000000E+00  0.00000000E+00
  7.52050000E-02  1.32540454E-08  0.00000000E+00  0.00000000E+00  0.00000000E+00
  8.07050000E-02  1.46590723E-08  0.00000000E+00  0.00000000E+00  0.00000000E+00
  8.62050000E-02  1.60976463E-08  0.00000000E+00  0.00000000E+00  0.00000000E+00
  9.22550000E-02  1.77156982E-08  0.00000000E+00  0.00000000E+00  0.00000000E+00
  9.83050000E-02  1.93730053E-08  0.00000000E+00  0.00000000E+00  0.00000000E+00
  1.04960000E-01  2.12347272E-08  0.00000000E+00  0.00000000E+00  0.00000000E+00
  1.11615000E-01  2.31370247E-08  0.00000000E+00  0.00000000E+00  0.00000000E+00
  1.18270000E-01  2.50780712E-08  0.00000000E+00  0.00000000E+00  0.00000000E+00
  1.24925000E-01  2.70554145E-08  0.00000000E+00  0.00000000E+00  0.00000000E+00
  1.31580000E-01  2.90690167E-08  0.00000000E+00  0.00000000E+00  0.00000000E+00
  1.38235000E-01  3.11173802E-08  0.00000000E+00  0.00000000E+00  0.00000000E+00
  1.44890000E-01  3.32004505E-08  0.00000000E+00  0.00000000E+00  0.00000000E+00
  1.51545000E-01  3.53170653E-08  0.00000000E+00  0.00000000E+00  0.00000000E+00
  1.58200000E-01  3.74633898E-08  0.00000000E+00  0.00000000E+00  0.00000000E+00
  1.64855000E-01  3.96385808E-08  0.00000000E+00  0.00000000E+00  0.00000000E+00
  1.71510000E-01  4.18411425E-08  0.00000000E+00  0.00000000E+00  0.00000000E+00
  1.78830500E-01  4.42932603E-08  0.00000000E+00  0.00000000E+00  0.00000000E+00
  1.86151000E-01  4.67763269E-08  0.00000000E+00  0.00000000E+00  0.00000000E+00
  1.93471500E-01  4.92916510E-08  0.00000000E+00  0.00000000E+00  0.00000000E+00
  2.01524050E-01  5.20919084E-08  0.00000000E+00  0.00000000E+00  0.00000000E+00
  2.09576600E-01  5.49236332E-08  0.00000000E+00  0.00000000E+00  0.00000000E+00
  2.17629150E-01  5.77852993E-08  0.00000000E+00  0.00000000E+00  0.00000000E+00
  2.25681700E-01  6.06763018E-08  0.00000000E+00  0.00000000E+00  0.00000000E+00
  2.33734250E-01  6.35952093E-08  0.00000000E+00  0.00000000E+00  0.00000000E+00
  2.41786800E-01  6.65398776E-08  0.00000000E+00  0.00000000E+00  0.00000000E+00
  2.49839350E-01  6.95094106E-08  0.00000000E+00  0.00000000E+00  0.00000000E+00
  2.57891900E-01  7.25033647E-08  0.00000000E+00  0.00000000E+00  0.00000000E+00
  2.65944450E-01  7.55209789E-08  0.00000000E+00  0.00000000E+00  0.00000000E+00
  2.73997000E-01  7.85598766E-08  0.00000000E+00  0.00000000E+00  0.00000000E+00
  2.82049550E-01  8.16207158E-08  0.00000000E+00  0.00000000E+00  0.00000000E+00
  2.90907355E-01  8.50092255E-08  0.00000000E+00  0.00000000E+00  0.00000000E+00
  2.99765160E-01  8.84202167E-08  0.00000000E+00  0.00000000E+00  0.00000000E+00
  3.08622965E-01  9.18518205E-08  0.00000000E+00  0.00000000E+00  0.00000000E+00
  3.17480770E-01  9.53024129E-08  0.00000000E+00  0.00000000E+00  0.00000000E+00
  3.26338575E-01  9.87702486E-08  0.00000000E+00  0.00000000E+00  0.00000000E+00
  3.36082160E-01  1.02605172E-07  0.00000000E+00  0.00000000E+00  0.00000000E+00
  3.45825746E-01  1.06460166E-07  0.00000000E+00  0.00000000E+00  0.00000000E+00
  3.56543690E-01  1.10719847E-07  0.00000000E+00  0.00000000E+00  0.00000000E+00
  3.67261634E-01  1.14998454E-07  0.00000000E+00  0.00000000E+00  0.00000000E+00
  3.77979578E-01  1.19295498E-07  0.00000000E+00  0.00000000E+00  0.00000000E+00
  3.88697522E-01  1.23611628E-07  0.00000000E+00  0.00000000E+00  0.00000000E+00
  4.00487261E-01  1.28377146E-07  0.00000000E+00  0.00000000E+00  0.00000000E+00
  4.12276999E-01  1.33160111E-07  0.00000000E+00  0.00000000E+00  0.00000000E+00
  4.25245711E-01  1.38439237E-07  0.00000000E+00  0.00000000E+00  0.00000000E+00
  4.39511295E-01  1.44267162E-07  0.00000000E+00  0.00000000E+00  0.00000000E+00
  4.55203437E-01  1.50700568E-07  0.00000000E+00  0.00000000E+00  0.00000000E+00
  4.70895579E-01  1.57154611E-07  0.00000000E+00  0.00000000E+00  0.00000000E+00
  4.88156935E-01  1.64277140E-07  0.00000000E+00  0.00000000E+00  0.00000000E+00
  5.07144426E-01  1.72137908E-07  0.00000000E+00  0.00000000E+00  0.00000000E+00
  5.28030667E-01  1.80808431E-07  0.00000000E+00  0.00000000E+00  0.00000000E+00
  5.48916908E-01  1.89500183E-07  0.00000000E+00  0.00000000E+00  0.00000000E+00
  5.71891773E-01  1.99083120E-07  0.00000000E+00  0.00000000E+00  0.00000000E+00
  5.97164125E-01  2.09647552E-07  0.00000000E+00  0.00000000E+00  0.00000000E+00
  6.22436476E-01  2.20233769E-07  0.00000000E+00  0.00000000E+00  0.00000000E+00
  6.47708827E-01  2.30835360E-07  0.00000000E+00  0.00000000E+00  0.00000000E+00
  6.75508414E-01  2.42513097E-07  0.00000000E+00  0.00000000E+00  0.00000000E+00
  7.03308000E-01  2.54204285E-07  0.00000000E+00  0.00000000E+00  0.00000000E+00
  7.33887546E-01  2.67077691E-07  0.00000000E+00  0.00000000E+00  0.00000000E+00
  7.67525045E-01  2.81253986E-07  0.00000000E+00  0.00000000E+00  0.00000000E+00
  8.01162545E-01  2.95439040E-07  0.00000000E+00  0.00000000E+00  0.00000000E+00
  8.38163795E-01  3.11052009E-07  0.00000000E+00  0.00000000E+00  0.00000000E+00
  8.78865170E-01  3.28236089E-07  0.00000000E+00  0.00000000E+00  0.00000000E+00
  9.23636682E-01  3.47148433E-07  0.00000000E+00  0.00000000E+00  0.00000000E+00
  9.72885345E-01  3.67962163E-07  0.00000000E+00  0.00000000E+00  0.00000000E+00
  1.02705887E+00  3.90863146E-07  0.00000000E+00  0.00000000E+00  0.00000000E+00
  1.08664976E+00  4.16058697E-07  0.00000000E+00  0.00000000E+00  0.00000000E+00
  1.14624064E+00  4.41247043E-07  0.00000000E+00  0.00000000E+00  0.00000000E+00
  1.21179061E+00  4.68955186E-07  0.00000000E+00  0.00000000E+00  0.00000000E+00
  1.27734058E+00  4.96652922E-07  0.00000000E+00  0.00000000E+00  0.00000000E+00
  1.34944555E+00  5.27122484E-07  0.00000000E+00  0.00000000E+00  0.00000000E+00
  1.42876102E+00  5.60640461E-07  0.00000000E+00  0.00000000E+00  0.00000000E+00
  1.50807648E+00  5.94141124E-07  0.00000000E+00  0.00000000E+00  0.00000000E+00
  1.59532349E+00  6.30990664E-07  0.00000000E+00  0.00000000E+00  0.00000000E+00
  1.69129520E+00  6.71525950E-07  0.00000000E+00  0.00000000E+00  0.00000000E+00
  1.78726692E+00  7.12036067E-07  0.00000000E+00  0.00000000E+00  0.00000000E+00
  1.89283580E+00  7.56601008E-07  0.00000000E+00  0.00000000E+00  0.00000000E+00
  1.99840468E+00  8.01138863E-07  0.00000000E+00  0.00000000E+00  0.00000000E+00
  2.11453046E+00  8.50132139E-07  0.00000000E+00  0.00000000E+00  0.00000000E+00
  2.23065623E+00  8.99094433E-07  0.00000000E+00  0.00000000E+00  0.00000000E+00
  2.35839458E+00  9.52956334E-07  0.00000000E+00  0.00000000E+00  0.00000000E+00
  2.49890676E+00  1.01221367E-06  0.00000000E+00  0.00000000E+00  0.00000000E+00
  2.63941895E+00  1.07142729E-06  0.00000000E+00  0.00000000E+00  0.00000000E+00
  2.79398235E+00  1.13657428E-06  0.00000000E+00  0.00000000E+00  0.00000000E+00
  2.94854575E+00  1.20167432E-06  0.00000000E+00  0.00000000E+00  0.00000000E+00
  3.11856549E+00  1.27329841E-06  0.00000000E+00  0.00000000E+00  0.00000000E+00
  3.30558721E+00  1.35211123E-06  0.00000000E+00  0.00000000E+00  0.00000000E+00
  3.49260893E+00  1.43085454E-06  0.00000000E+00  0.00000000E+00  0.00000000E+00
  3.69833282E+00  1.51749739E-06  0.00000000E+00  0.00000000E+00  0.00000000E+00
  3.92462910E+00  1.61284579E-06  0.00000000E+00  0.00000000E+00  0.00000000E+00
  4.17355500E+00  1.71777743E-06  0.00000000E+00  0.00000000E+00  0.00000000E+00
  4.42248091E+00  1.82258817E-06  0.00000000E+00  0.00000000E+00  0.00000000E+00
  4.69629940E+00  1.93793260E-06  0.00000000E+00  0.00000000E+00  0.00000000E+00
  4.97011790E+00  2.05314100E-06  0.00000000E+00  0.00000000E+00  0.00000000E+00
  5.27131824E+00  2.17994704E-06  0.00000000E+00  0.00000000E+00  0.00000000E+00
  5.60263863E+00  2.31954654E-06  0.00000000E+00  0.00000000E+00  0.00000000E+00
  5.96709104E+00  2.47324683E-06  0.00000000E+00  0.00000000E+00  0.00000000E+00
  6.36798870E+00  2.64247475E-06  0.00000000E+00  0.00000000E+00  0.00000000E+00
  6.76888636E+00  2.81141073E-06  0.00000000E+00  0.00000000E+00  0.00000000E+00
  7.16978402E+00  2.98006919E-06  0.00000000E+00  0.00000000E+00  0.00000000E+00
  7.61077145E+00  3.16581038E-06  0.00000000E+00  0.00000000E+00  0.00000000E+00
  8.05175888E+00  3.35127264E-06  0.00000000E+00  0.00000000E+00  0.00000000E+00
  8.53684505E+00  3.55556085E-06  0.00000000E+00  0.00000000E+00  0.00000000E+00
  9.07043983E+00  3.78063057E-06  0.00000000E+00  0.00000000E+00  0.00000000E+00
  9.60403462E+00  4.00526013E-06  0.00000000E+00  0.00000000E+00  0.00000000E+00
  1.01909889E+01  4.25276850E-06  0.00000000E+00  0.00000000E+00  0.00000000E+00
  1.08366386E+01  4.52558079E-06  0.00000000E+00  0.00000000E+00  0.00000000E+00
  1.14822883E+01  4.79779998E-06  0.00000000E+00  0.00000000E+00  0.00000000E+00
  1.21925029E+01  5.09790322E-06  0.00000000E+00  0.00000000E+00  0.00000000E+00
  1.29737390E+01  5.42887158E-06  0.00000000E+00  0.00000000E+00  0.00000000E+00
  1.38330988E+01  5.79400298E-06  0.00000000E+00  0.00000000E+00  0.00000000E+00
  1.47783945E+01  6.19699068E-06  0.00000000E+00  0.00000000E+00  0.00000000E+00
  1.58182198E+01  6.64192875E-06  0.00000000E+00  0.00000000E+00  0.00000000E+00
  1.69620276E+01  7.13338350E-06  0.00000000E+00  0.00000000E+00  0.00000000E+00
  1.81058354E+01  7.62306394E-06  0.00000000E+00  0.00000000E+00  0.00000000E+00
  1.92496432E+01  8.11098897E-06  0.00000000E+00  0.00000000E+00  0.00000000E+00
  2.05078318E+01  8.65023094E-06  0.00000000E+00  0.00000000E+00  0.00000000E+00
  2.18918393E+01  9.24659354E-06  0.00000000E+00  0.00000000E+00  0.00000000E+00
  2.34142475E+01  9.90657435E-06  0.00000000E+00  0.00000000E+00  0.00000000E+00
  2.50888965E+01  1.06376639E-05  0.00000000E+00  0.00000000E+00  0.00000000E+00
  2.67635455E+01  1.13655985E-05  0.00000000E+00  0.00000000E+00  0.00000000E+00
  2.86056594E+01  1.21727561E-05  0.00000000E+00  0.00000000E+00  0.00000000E+00
  3.04477733E+01  1.29759597E-05  0.00000000E+00  0.00000000E+00  0.00000000E+00
  3.24740986E+01  1.38678739E-05  0.00000000E+00  0.00000000E+00  0.00000000E+00
  3.45004240E+01  1.47557297E-05  0.00000000E+00  0.00000000E+00  0.00000000E+00
  3.65267493E+01  1.56399108E-05  0.00000000E+00  0.00000000E+00  0.00000000E+00
  3.87557071E+01  1.66238968E-05  0.00000000E+00  0.00000000E+00  0.00000000E+00
  4.12075607E+01  1.77206691E-05  0.00000000E+00  0.00000000E+00  0.00000000E+00
  4.39045997E+01  1.89454105E-05  0.00000000E+00  0.00000000E+00  0.00000000E+00
  4.68713426E+01  2.03162718E-05  0.00000000E+00  0.00000000E+00  0.00000000E+00
  5.01347598E+01  2.18545775E-05  0.00000000E+00  0.00000000E+00  0.00000000E+00
  5.33981770E+01  2.33856347E-05  0.00000000E+00  0.00000000E+00  0.00000000E+00
  5.66615941E+01  2.49109646E-05  0.00000000E+00  0.00000000E+00  0.00000000E+00
  6.02513530E+01  2.66295858E-05  0.00000000E+00  0.00000000E+00  0.00000000E+00
  6.38411119E+01  2.83423570E-05  0.00000000E+00  0.00000000E+00  0.00000000E+00
  6.74308708E+01  3.00498152E-05  0.00000000E+00  0.00000000E+00  0.00000000E+00
  7.13796056E+01  3.19825847E-05  0.00000000E+00  0.00000000E+00  0.00000000E+00
  7.53283404E+01  3.39102378E-05  0.00000000E+00  0.00000000E+00  0.00000000E+00
  7.96719487E+01  3.61019387E-05  0.00000000E+00  0.00000000E+00  0.00000000E+00
  8.44499177E+01  3.86068857E-05  0.00000000E+00  0.00000000E+00  0.00000000E+00
  8.92278868E+01  4.11049219E-05  0.00000000E+00  0.00000000E+00  0.00000000E+00
  9.44836528E+01  4.39813008E-05  0.00000000E+00  0.00000000E+00  0.00000000E+00
  1.00264995E+02  4.73189556E-05  0.00000000E+00  0.00000000E+00  0.00000000E+00
  1.06624472E+02  5.12374268E-05  0.00000000E+00  0.00000000E+00  0.00000000E+00
  1.13619897E+02  5.58976976E-05  0.00000000E+00  0.00000000E+00  0.00000000E+00
  1.21314864E+02  5.95572709E-05  0.00000000E+00  0.00000000E+00  0.00000000E+00
  1.29779328E+02  6.37221603E-05  0.00000000E+00  0.00000000E+00  0.00000000E+00
  1.39090238E+02  6.84960142E-05  0.00000000E+00  0.00000000E+00  0.00000000E+00
  1.48401148E+02  7.32417850E-05  0.00000000E+00  0.00000000E+00  0.00000000E+00
  1.58401148E+02  7.85142257E-05  0.00000000E+00  0.00000000E+00  0.00000000E+00
  1.68401148E+02  8.37370133E-05  0.00000000E+00  0.00000000E+00  0.00000000E+00
  1.78401148E+02  8.88917736E-05  0.00000000E+00  0.00000000E+00  0.00000000E+00
  1.88401148E+02  9.39657269E-05  0.00000000E+00  0.00000000E+00  0.00000000E+00
  1.98401148E+02  9.89438681E-05  0.00000000E+00  0.00000000E+00  0.00000000E+00
  2.08401148E+02  1.03812676E-04  0.00000000E+00  0.00000000E+00  0.00000000E+00
  2.18401148E+02  1.08561134E-04  0.00000000E+00  0.00000000E+00  0.00000000E+00
  2.28401148E+02  1.13179509E-04  0.00000000E+00  0.00000000E+00  0.00000000E+00
  2.38401148E+02  1.17661970E-04  0.00000000E+00  0.00000000E+00  0.00000000E+00
  2.48401148E+02  1.22003966E-04  0.00000000E+00  0.00000000E+00  0.00000000E+00
  2.58401148E+02  1.26201281E-04  0.00000000E+00  0.00000000E+00  0.00000000E+00
  2.68401148E+02  1.30255794E-04  0.00000000E+00  0.00000000E+00  0.00000000E+00
  2.78401148E+02  1.34165178E-04  0.00000000E+00  0.00000000E+00  0.00000000E+00
  2.88401148E+02  1.37930703E-04  0.00000000E+00  0.00000000E+00  0.00000000E+00
  2.98401148E+02  1.41553166E-04  0.00000000E+00  0.00000000E+00  0.00000000E+00
  3.08401148E+02  1.45030876E-04  0.00000000E+00  0.00000000E+00  0.00000000E+00
  3.18401148E+02  1.47768444E-04  0.00000000E+00  0.00000000E+00  0.00000000E+00
  3.28401148E+02  1.50407027E-04  0.00000000E+00  0.00000000E+00  0.00000000E+00
  3.38401148E+02  1.52956524E-04  0.00000000E+00  0.00000000E+00  0.00000000E+00
  3.48401148E+02  1.55418012E-04  0.00000000E+00  0.00000000E+00  0.00000000E+00
  3.58401148E+02  1.57793470E-04  0.00000000E+00  0.00000000E+00  0.00000000E+00
  3.68401148E+02  1.60085371E-04  0.00000000E+00  0.00000000E+00  0.00000000E+00
  3.78401148E+02  1.62296009E-04  0.00000000E+00  0.00000000E+00  0.00000000E+00
  3.88401148E+02  1.64428011E-04  0.00000000E+00  0.00000000E+00  0.00000000E+00
  3.98401148E+02  1.66483353E-04  0.00000000E+00  0.00000000E+00  0.00000000E+00
  4.08401148E+02  1.68464615E-04  0.00000000E+00  0.00000000E+00  0.00000000E+00
  4.18401148E+02  1.70372472E-04  0.00000000E+00  0.00000000E+00  0.00000000E+00
  4.28401148E+02  1.72211031E-04  0.00000000E+00  0.00000000E+00  0.00000000E+00
  4.38401148E+02  1.73982820E-04  0.00000000E+00  0.00000000E+00  0.00000000E+00
  4.48401148E+02  1.75688003E-04  0.00000000E+00  0.00000000E+00  0.00000000E+00
  4.58401148E+02  1.77331620E-04  0.00000000E+00  0.00000000E+00  0.00000000E+00
  4.68401148E+02  1.78914967E-04  0.00000000E+00  0.00000000E+00  0.00000000E+00
  4.78401148E+02  1.80439186E-04  0.00000000E+00  0.00000000E+00  0.00000000E+00
  4.88401148E+02  1.81906040E-04  0.00000000E+00  0.00000000E+00  0.00000000E+00
  4.98401148E+02  1.83312636E-04  0.00000000E+00  0.00000000E+00  0.00000000E+00
  5.08401148E+02  1.84667610E-04  0.00000000E+00  0.00000000E+00  0.00000000E+00
  5.18401148E+02  1.85966821E-04  0.00000000E+00  0.00000000E+00  0.00000000E+00
  5.28401148E+02  1.87218180E-04  0.00000000E+00  0.00000000E+00  0.00000000E+00
  5.38401148E+02  1.88420158E-04  0.00000000E+00  0.00000000E+00  0.00000000E+00
  5.48401148E+02  1.89576051E-04  0.00000000E+00  0.00000000E+00  0.00000000E+00
  5.58401148E+02  1.90686570E-04  0.00000000E+00  0.00000000E+00  0.00000000E+00
  5.68401148E+02  1.91753365E-04  0.00000000E+00  0.00000000E+00  0.00000000E+00
  5.78401148E+02  1.92774839E-04  0.00000000E+00  0.00000000E+00  0.00000000E+00
  5.88401148E+02  1.93756580E-04  0.00000000E+00  0.00000000E+00  0.00000000E+00
