      0  0.00000000E+00     NSTEP   TIME
   0.000000E+00   0.000000E+00   0.000000E+00   0.000000E+00   0.000000E+00
   0.000000E+00   0.000000E+00   0.000000E+00   0.000000E+00   0.000000E+00
   0.000000E+00   0.000000E+00   0.000000E+00   0.000000E+00   0.000000E+00
   0.000000E+00   0.000000E+00   0.000000E+00   0.000000E+00   0.000000E+00
   0.000000E+00   0.000000E+00   0.000000E+00   0.000000E+00   0.000000E+00
   0.000000E+00   0.000000E+00   0.000000E+00   0.000000E+00   0.000000E+00
   0.000000E+00   0.000000E+00   0.000000E+00   0.000000E+00   0.000000E+00
   0.000000E+00   0.000000E+00   0.000000E+00   0.000000E+00   0.000000E+00
   0.000000E+00   0.000000E+00   0.000000E+00   0.000000E+00   0.000000E+00
   0.000000E+00   0.000000E+00   0.000000E+00   0.000000E+00   0.000000E+00
   0.000000E+00   0.000000E+00   0.000000E+00   0.000000E+00   0.000000E+00
   0.000000E+00   0.000000E+00   0.000000E+00   0.000000E+00   0.000000E+00
   0.000000E+00   0.000000E+00   0.000000E+00   0.000000E+00   0.000000E+00
   0.000000E+00   0.000000E+00   0.000000E+00   0.000000E+00   0.000000E+00
   0.000000E+00   0.000000E+00   0.000000E+00   0.000000E+00   0.000000E+00
   0.000000E+00   0.000000E+00   0.000000E+00   0.000000E+00   0.000000E+00
   0.000000E+00   0.000000E+00   0.000000E+00   0.000000E+00   0.000000E+00
   0.000000E+00   0.000000E+00   0.000000E+00   0.000000E+00   0.000000E+00
   0.000000E+00   0.000000E+00   0.000000E+00   0.000000E+00   0.000000E+00
   0.000000E+00   0.000000E+00   0.000000E+00   0.000000E+00   0.000000E+00
   0.000000E+00   0.000000E+00   0.000000E+00   0.000000E+00   0.000000E+00
   0.000000E+00   0.000000E+00   0.000000E+00   0.000000E+00   0.000000E+00
   0.000000E+00   0.000000E+00   0.000000E+00   0.000000E+00   0.000000E+00
   0.000000E+00   0.000000E+00   0.000000E+00   0.000000E+00   0.000000E+00
   0.000000E+00   0.000000E+00   0.000000E+00   0.000000E+00   0.000000E+00
   0.000000E+00   0.000000E+00   0.000000E+00   0.000000E+00   0.000000E+00
   0.000000E+00   0.000000E+00   0.000000E+00   0.000000E+00   0.000000E+00
   0.000000E+00   0.000000E+00   0.000000E+00   0.000000E+00   0.000000E+00
   0.000000E+00   0.000000E+00   0.000000E+00   0.000000E+00   0.000000E+00
   0.000000E+00   0.000000E+00   0.000000E+00   0.000000E+00   0.000000E+00
   0.000000E+00   0.000000E+00   0.000000E+00   0.000000E+00   0.000000E+00
   0.000000E+00   0.000000E+00   0.000000E+00   0.000000E+00   0.000000E+00
   0.000000E+00   0.000000E+00   0.000000E+00   0.000000E+00   0.000000E+00
   0.000000E+00   0.000000E+00   0.000000E+00   0.000000E+00   0.000000E+00
   0.000000E+00   0.000000E+00   0.000000E+00   0.000000E+00   0.000000E+00
   0.000000E+00   0.000000E+00   0.000000E+00   0.000000E+00   0.000000E+00
   0.000000E+00   0.000000E+00   0.000000E+00   0.000000E+00   0.000000E+00
   0.000000E+00   0.000000E+00   0.000000E+00   0.000000E+00   0.000000E+00
   0.000000E+00   0.000000E+00   0.000000E+00   0.000000E+00   0.000000E+00
   0.000000E+00   0.000000E+00   0.000000E+00   0.000000E+00   0.000000E+00
   0.000000E+00   0.000000E+00   0.000000E+00   0.000000E+00   0.000000E+00
   0.000000E+00   0.000000E+00   0.000000E+00   0.000000E+00   0.000000E+00
   0.000000E+00   0.000000E+00   0.000000E+00   0.000000E+00   0.000000E+00
   0.000000E+00   0.000000E+00   0.000000E+00   0.000000E+00   0.000000E+00
   0.000000E+00   0.000000E+00   0.000000E+00   0.000000E+00   0.000000E+00
   0.000000E+00   0.000000E+00   0.000000E+00   0.000000E+00   0.000000E+00
   0.000000E+00   0.000000E+00   0.000000E+00   0.000000E+00   0.000000E+00
   0.000000E+00   0.000000E+00   0.000000E+00   0.000000E+00   0.000000E+00
   0.000000E+00   0.000000E+00   0.000000E+00   0.000000E+00   0.000000E+00
   0.000000E+00   0.000000E+00   0.000000E+00   0.000000E+00   0.000000E+00
   0.000000E+00   0.000000E+00   0.000000E+00   0.000000E+00   0.000000E+00
   0.000000E+00   0.000000E+00   0.000000E+00   0.000000E+00   0.000000E+00
   0.000000E+00   0.000000E+00   0.000000E+00   0.000000E+00   0.000000E+00
   0.000000E+00   0.000000E+00   0.000000E+00   0.000000E+00   0.000000E+00
   0.000000E+00   0.000000E+00   0.000000E+00   0.000000E+00   0.000000E+00
   0.000000E+00   0.000000E+00   0.000000E+00   0.000000E+00   0.000000E+00
   0.000000E+00   0.000000E+00   0.000000E+00   0.000000E+00   0.000000E+00
   0.000000E+00   0.000000E+00   0.000000E+00   0.000000E+00   0.000000E+00
   0.000000E+00   0.000000E+00   0.000000E+00   0.000000E+00   0.000000E+00
   0.000000E+00   0.000000E+00   0.000000E+00   0.000000E+00   0.000000E+00
   0.000000E+00   0.000000E+00   0.000000E+00   0.000000E+00   0.000000E+00
   0.000000E+00   0.000000E+00   0.000000E+00   0.000000E+00   0.000000E+00
   0.000000E+00   0.000000E+00   0.000000E+00   0.000000E+00   0.000000E+00
   0.000000E+00   0.000000E+00   0.000000E+00   0.000000E+00   0.000000E+00
   0.000000E+00   0.000000E+00   0.000000E+00   0.000000E+00   0.000000E+00
   0.000000E+00   0.000000E+00   0.000000E+00   0.000000E+00   0.000000E+00
   0.000000E+00   0.000000E+00   0.000000E+00   0.000000E+00   0.000000E+00
   0.000000E+00   0.000000E+00   0.000000E+00   0.000000E+00   0.000000E+00
   0.000000E+00   0.000000E+00   0.000000E+00   0.000000E+00   0.000000E+00
   0.000000E+00   0.000000E+00   0.000000E+00   0.000000E+00   0.000000E+00
   0.000000E+00   0.000000E+00   0.000000E+00   0.000000E+00   0.000000E+00
   0.000000E+00   0.000000E+00   0.000000E+00   0.000000E+00   0.000000E+00
   0.000000E+00   0.000000E+00   0.000000E+00   0.000000E+00   0.000000E+00
   0.000000E+00   0.000000E+00   0.000000E+00   0.000000E+00   0.000000E+00
   0.000000E+00   0.000000E+00   0.000000E+00   0.000000E+00   0.000000E+00
   0.000000E+00   0.000000E+00   0.000000E+00   0.000000E+00   0.000000E+00
   0.000000E+00   0.000000E+00   0.000000E+00   0.000000E+00   0.000000E+00
   0.000000E+00   0.000000E+00   0.000000E+00   0.000000E+00   0.000000E+00
   0.000000E+00   0.000000E+00   0.000000E+00   0.000000E+00   0.000000E+00
   0.000000E+00   0.000000E+00   0.000000E+00   0.000000E+00   0.000000E+00
   0.000000E+00   0.000000E+00   0.000000E+00   0.000000E+00   0.000000E+00
   0.000000E+00   0.000000E+00   0.000000E+00   0.000000E+00   0.000000E+00
   0.000000E+00   0.000000E+00   0.000000E+00   0.000000E+00   0.000000E+00
   0.000000E+00   0.000000E+00   0.000000E+00   0.000000E+00   0.000000E+00
   0.000000E+00   0.000000E+00   0.000000E+00   0.000000E+00   0.000000E+00
   0.000000E+00   0.000000E+00   0.000000E+00   0.000000E+00   0.000000E+00
   0.000000E+00   0.000000E+00   0.000000E+00   0.000000E+00   0.000000E+00
   0.000000E+00   0.000000E+00   0.000000E+00   0.000000E+00   0.000000E+00
   0.000000E+00
    326  1.80840115E+03     NSTEP   TIME
   0.000000E+00   0.000000E+00   0.000000E+00   0.000000E+00   0.000000E+00
   0.000000E+00   0.000000E+00   0.000000E+00   0.000000E+00   0.000000E+00
   0.000000E+00   0.000000E+00   0.000000E+00   0.000000E+00   0.000000E+00
   0.000000E+00   0.000000E+00   0.000000E+00   0.000000E+00   0.000000E+00
   0.000000E+00   0.000000E+00   0.000000E+00   0.000000E+00   0.000000E+00
   0.000000E+00   0.000000E+00   0.000000E+00   0.000000E+00   0.000000E+00
   0.000000E+00   0.000000E+00   0.000000E+00   0.000000E+00   0.000000E+00
   0.000000E+00   0.000000E+00   0.000000E+00   0.000000E+00   0.000000E+00
   0.000000E+00   0.000000E+00   0.000000E+00   0.000000E+00   0.000000E+00
   0.000000E+00   0.000000E+00   0.000000E+00   0.000000E+00   0.000000E+00
   0.000000E+00   0.000000E+00   0.000000E+00   0.000000E+00   0.000000E+00
   0.000000E+00   0.000000E+00   0.000000E+00   0.000000E+00   0.000000E+00
   0.000000E+00   0.000000E+00   0.000000E+00   0.000000E+00   0.000000E+00
   0.000000E+00   0.000000E+00   0.000000E+00   0.000000E+00   0.000000E+00
   0.000000E+00   0.000000E+00   0.000000E+00   0.000000E+00   0.000000E+00
   0.000000E+00   0.000000E+00   0.000000E+00   0.000000E+00   0.000000E+00
   0.000000E+00   0.000000E+00   0.000000E+00   0.000000E+00   0.000000E+00
   0.000000E+00   0.000000E+00   0.000000E+00   0.000000E+00   0.000000E+00
   0.000000E+00   0.000000E+00   0.000000E+00   0.000000E+00   0.000000E+00
   0.000000E+00   0.000000E+00   0.000000E+00   0.000000E+00   0.000000E+00
   0.000000E+00   0.000000E+00   0.000000E+00   0.000000E+00   0.000000E+00
   0.000000E+00   0.000000E+00   0.000000E+00   0.000000E+00   0.000000E+00
   0.000000E+00   0.000000E+00   0.000000E+00   0.000000E+00   0.000000E+00
   0.000000E+00   0.000000E+00   0.000000E+00   0.000000E+00   0.000000E+00
   0.000000E+00   0.000000E+00   0.000000E+00   0.000000E+00   0.000000E+00
   0.000000E+00   0.000000E+00   0.000000E+00   0.000000E+00   0.000000E+00
   0.000000E+00   0.000000E+00   0.000000E+00   0.000000E+00   0.000000E+00
   0.000000E+00   0.000000E+00   0.000000E+00   0.000000E+00   0.000000E+00
   0.000000E+00   0.000000E+00   0.000000E+00   0.000000E+00   0.000000E+00
   0.000000E+00   0.000000E+00   0.000000E+00   0.000000E+00   0.000000E+00
   0.000000E+00   0.000000E+00   0.000000E+00   0.000000E+00   0.000000E+00
   0.000000E+00   0.000000E+00   0.000000E+00   0.000000E+00   0.000000E+00
   0.000000E+00   0.000000E+00   0.000000E+00   0.000000E+00   0.000000E+00
   0.000000E+00   0.000000E+00   0.000000E+00   0.000000E+00   0.000000E+00
   0.000000E+00   0.000000E+00   0.000000E+00   0.000000E+00   0.000000E+00
   0.000000E+00   0.000000E+00   0.000000E+00   0.000000E+00   0.000000E+00
   0.000000E+00   0.000000E+00   0.000000E+00   0.000000E+00   0.000000E+00
   0.000000E+00   0.000000E+00   0.000000E+00   0.000000E+00   0.000000E+00
   0.000000E+00   0.000000E+00   0.000000E+00   0.000000E+00   0.000000E+00
   0.000000E+00   0.000000E+00   0.000000E+00   0.000000E+00   0.000000E+00
   0.000000E+00   0.000000E+00   0.000000E+00   0.000000E+00   0.000000E+00
   0.000000E+00   0.000000E+00   4.989459E-05   2.235494E-04   1.986021E-04
   0.000000E+00   0.000000E+00   0.000000E+00   0.000000E+00   0.000000E+00
   0.000000E+00   0.000000E+00   0.000000E+00   0.000000E+00   0.000000E+00
   0.000000E+00   0.000000E+00   0.000000E+00   0.000000E+00   0.000000E+00
   0.000000E+00   0.000000E+00   0.000000E+00   2.955434E-04   6.454288E-04
   7.581394E-04   0.000000E+00   0.000000E+00   0.000000E+00   0.000000E+00
   0.000000E+00   0.000000E+00   0.000000E+00   0.000000E+00   0.000000E+00
   0.000000E+00   0.000000E+00   0.000000E+00   0.000000E+00   0.000000E+00
   0.000000E+00   0.000000E+00   0.000000E+00   1.660002E-04   6.272676E-04
   1.147785E-03   1.213718E-03   0.000000E+00   0.000000E+00   0.000000E+00
   0.000000E+00   0.000000E+00   0.000000E+00   0.000000E+00   0.000000E+00
   0.000000E+00   0.000000E+00   0.000000E+00   0.000000E+00   0.000000E+00
   0.000000E+00   0.000000E+00   4.484220E-05   1.977465E-04   4.712027E-04
   1.046944E-03   1.538000E-03   1.601958E-03   0.000000E+00   0.000000E+00
   0.000000E+00   0.000000E+00   0.000000E+00   0.000000E+00   0.000000E+00
   0.000000E+00   0.000000E+00   0.000000E+00   0.000000E+00   0.000000E+00
   0.000000E+00   2.916419E-05   1.432725E-04   3.025247E-04   5.449187E-04
   8.949462E-04   1.418597E-03   1.911778E-03   1.988022E-03   0.000000E+00
   0.000000E+00   0.000000E+00   0.000000E+00   0.000000E+00   0.000000E+00
   0.000000E+00   0.000000E+00   0.000000E+00   0.000000E+00   0.000000E+00
   8.944821E-05   2.031263E-04   3.204035E-04   4.921624E-04   7.324940E-04
   9.810122E-04   1.279363E-03   1.789877E-03   2.243747E-03   2.337667E-03
   0.000000E+00   0.000000E+00   0.000000E+00   0.000000E+00   0.000000E+00
   0.000000E+00   0.000000E+00   0.000000E+00   1.184619E-04   2.384903E-04
   3.404842E-04   4.666096E-04   6.528482E-04   8.318788E-04   1.005240E-03
   1.189043E-03   1.409833E-03   1.696624E-03   2.206355E-03   2.558704E-03
   2.573412E-03   0.000000E+00   0.000000E+00   0.000000E+00   0.000000E+00
   0.000000E+00   1.482577E-04   3.125465E-04   4.455922E-04   5.991833E-04
   7.996879E-04   9.690876E-04   1.116420E-03   1.250761E-03   1.387035E-03
   1.535591E-03   1.707657E-03   1.921205E-03   2.202054E-03   2.714248E-03
   2.917511E-03   2.789920E-03   0.000000E+00   0.000000E+00   8.396587E-05
   3.308533E-04   5.638408E-04   7.834079E-04   1.062060E-03   1.279937E-03
   1.449148E-03   1.586273E-03   1.709735E-03   1.827827E-03   1.946953E-03
