      0  0.00000000E+00     NSTEP   TIME
 SURFACE NODE              X              Y  PRESSURE HEAD
            1   0.000000E+00   1.000000E+01   0.000000E+00
            2   5.000000E-01   1.000000E+01   0.000000E+00
            3   1.000000E+00   1.000000E+01   0.000000E+00
            4   1.500000E+00   1.000000E+01   0.000000E+00
            5   2.000000E+00   1.000000E+01   0.000000E+00
            6   2.500000E+00   1.000000E+01   0.000000E+00
            7   3.000000E+00   1.000000E+01   0.000000E+00
            8   3.500000E+00   1.000000E+01   0.000000E+00
            9   4.000000E+00   1.000000E+01   0.000000E+00
           10   4.500000E+00   1.000000E+01   0.000000E+00
           11   5.000000E+00   1.000000E+01   0.000000E+00
           12   5.500000E+00   1.000000E+01   0.000000E+00
           13   6.000000E+00   1.000000E+01   0.000000E+00
           14   6.500000E+00   1.000000E+01   0.000000E+00
           15   7.000000E+00   1.000000E+01   0.000000E+00
           16   7.500000E+00   1.000000E+01   0.000000E+00
           17   8.000000E+00   1.000000E+01   0.000000E+00
           18   8.500000E+00   1.000000E+01   0.000000E+00
           19   9.000000E+00   1.000000E+01   0.000000E+00
           20   9.500000E+00   1.000000E+01   0.000000E+00
           21   1.000000E+01   1.000000E+01   0.000000E+00
           22   0.000000E+00   9.500000E+00   0.000000E+00
           23   5.000000E-01   9.500000E+00   0.000000E+00
           24   1.000000E+00   9.500000E+00   0.000000E+00
           25   1.500000E+00   9.500000E+00   0.000000E+00
           26   2.000000E+00   9.500000E+00   0.000000E+00
           27   2.500000E+00   9.500000E+00   0.000000E+00
           28   3.000000E+00   9.500000E+00   0.000000E+00
           29   3.500000E+00   9.500000E+00   0.000000E+00
           30   4.000000E+00   9.500000E+00   0.000000E+00
           31   4.500000E+00   9.500000E+00   0.000000E+00
           32   5.000000E+00   9.500000E+00   0.000000E+00
           33   5.500000E+00   9.500000E+00   0.000000E+00
           34   6.000000E+00   9.500000E+00   0.000000E+00
           35   6.500000E+00   9.500000E+00   0.000000E+00
           36   7.000000E+00   9.500000E+00   0.000000E+00
           37   7.500000E+00   9.500000E+00   0.000000E+00
           38   8.000000E+00   9.500000E+00   0.000000E+00
           39   8.500000E+00   9.500000E+00   0.000000E+00
           40   9.000000E+00   9.500000E+00   0.000000E+00
           41   9.500000E+00   9.500000E+00   0.000000E+00
           42   1.000000E+01   9.500000E+00   0.000000E+00
           43   0.000000E+00   9.000000E+00   0.000000E+00
           44   5.000000E-01   9.000000E+00   0.000000E+00
           45   1.000000E+00   9.000000E+00   0.000000E+00
           46   1.500000E+00   9.000000E+00   0.000000E+00
           47   2.000000E+00   9.000000E+00   0.000000E+00
           48   2.500000E+00   9.000000E+00   0.000000E+00
           49   3.000000E+00   9.000000E+00   0.000000E+00
           50   3.500000E+00   9.000000E+00   0.000000E+00
           51   4.000000E+00   9.000000E+00   0.000000E+00
           52   4.500000E+00   9.000000E+00   0.000000E+00
           53   5.000000E+00   9.000000E+00   0.000000E+00
           54   5.500000E+00   9.000000E+00   0.000000E+00
           55   6.000000E+00   9.000000E+00   0.000000E+00
           56   6.500000E+00   9.000000E+00   0.000000E+00
           57   7.000000E+00   9.000000E+00   0.000000E+00
           58   7.500000E+00   9.000000E+00   0.000000E+00
           59   8.000000E+00   9.000000E+00   0.000000E+00
           60   8.500000E+00   9.000000E+00   0.000000E+00
           61   9.000000E+00   9.000000E+00   0.000000E+00
           62   9.500000E+00   9.000000E+00   0.000000E+00
           63   1.000000E+01   9.000000E+00   0.000000E+00
           64   0.000000E+00   8.500000E+00   0.000000E+00
           65   5.000000E-01   8.500000E+00   0.000000E+00
           66   1.000000E+00   8.500000E+00   0.000000E+00
           67   1.500000E+00   8.500000E+00   0.000000E+00
           68   2.000000E+00   8.500000E+00   0.000000E+00
           69   2.500000E+00   8.500000E+00   0.000000E+00
           70   3.000000E+00   8.500000E+00   0.000000E+00
           71   3.500000E+00   8.500000E+00   0.000000E+00
           72   4.000000E+00   8.500000E+00   0.000000E+00
           73   4.500000E+00   8.500000E+00   0.000000E+00
           74   5.000000E+00   8.500000E+00   0.000000E+00
           75   5.500000E+00   8.500000E+00   0.000000E+00
           76   6.000000E+00   8.500000E+00   0.000000E+00
           77   6.500000E+00   8.500000E+00   0.000000E+00
           78   7.000000E+00   8.500000E+00   0.000000E+00
           79   7.500000E+00   8.500000E+00   0.000000E+00
           80   8.000000E+00   8.500000E+00   0.000000E+00
           81   8.500000E+00   8.500000E+00   0.000000E+00
           82   9.000000E+00   8.500000E+00   0.000000E+00
           83   9.500000E+00   8.500000E+00   0.000000E+00
           84   1.000000E+01   8.500000E+00   0.000000E+00
           85   0.000000E+00   8.000000E+00   0.000000E+00
           86   5.000000E-01   8.000000E+00   0.000000E+00
           87   1.000000E+00   8.000000E+00   0.000000E+00
           88   1.500000E+00   8.000000E+00   0.000000E+00
           89   2.000000E+00   8.000000E+00   0.000000E+00
           90   2.500000E+00   8.000000E+00   0.000000E+00
           91   3.000000E+00   8.000000E+00   0.000000E+00
           92   3.500000E+00   8.000000E+00   0.000000E+00
           93   4.000000E+00   8.000000E+00   0.000000E+00
           94   4.500000E+00   8.000000E+00   0.000000E+00
           95   5.000000E+00   8.000000E+00   0.000000E+00
           96   5.500000E+00   8.000000E+00   0.000000E+00
           97   6.000000E+00   8.000000E+00   0.000000E+00
           98   6.500000E+00   8.000000E+00   0.000000E+00
           99   7.000000E+00   8.000000E+00   0.000000E+00
          100   7.500000E+00   8.000000E+00   0.000000E+00
          101   8.000000E+00   8.000000E+00   0.000000E+00
          102   8.500000E+00   8.000000E+00   0.000000E+00
          103   9.000000E+00   8.000000E+00   0.000000E+00
          104   9.500000E+00   8.000000E+00   0.000000E+00
          105   1.000000E+01   8.000000E+00   0.000000E+00
          106   0.000000E+00   7.500000E+00   0.000000E+00
          107   5.000000E-01   7.500000E+00   0.000000E+00
          108   1.000000E+00   7.500000E+00   0.000000E+00
          109   1.500000E+00   7.500000E+00   0.000000E+00
          110   2.000000E+00   7.500000E+00   0.000000E+00
          111   2.500000E+00   7.500000E+00   0.000000E+00
          112   3.000000E+00   7.500000E+00   0.000000E+00
          113   3.500000E+00   7.500000E+00   0.000000E+00
          114   4.000000E+00   7.500000E+00   0.000000E+00
          115   4.500000E+00   7.500000E+00   0.000000E+00
          116   5.000000E+00   7.500000E+00   0.000000E+00
          117   5.500000E+00   7.500000E+00   0.000000E+00
          118   6.000000E+00   7.500000E+00   0.000000E+00
          119   6.500000E+00   7.500000E+00   0.000000E+00
          120   7.000000E+00   7.500000E+00   0.000000E+00
          121   7.500000E+00   7.500000E+00   0.000000E+00
          122   8.000000E+00   7.500000E+00   0.000000E+00
          123   8.500000E+00   7.500000E+00   0.000000E+00
          124   9.000000E+00   7.500000E+00   0.000000E+00
          125   9.500000E+00   7.500000E+00   0.000000E+00
          126   1.000000E+01   7.500000E+00   0.000000E+00
          127   0.000000E+00   7.000000E+00   0.000000E+00
          128   5.000000E-01   7.000000E+00   0.000000E+00
          129   1.000000E+00   7.000000E+00   0.000000E+00
          130   1.500000E+00   7.000000E+00   0.000000E+00
          131   2.000000E+00   7.000000E+00   0.000000E+00
          132   2.500000E+00   7.000000E+00   0.000000E+00
          133   3.000000E+00   7.000000E+00   0.000000E+00
          134   3.500000E+00   7.000000E+00   0.000000E+00
          135   4.000000E+00   7.000000E+00   0.000000E+00
          136   4.500000E+00   7.000000E+00   0.000000E+00
          137   5.000000E+00   7.000000E+00   0.000000E+00
          138   5.500000E+00   7.000000E+00   0.000000E+00
          139   6.000000E+00   7.000000E+00   0.000000E+00
          140   6.500000E+00   7.000000E+00   0.000000E+00
          141   7.000000E+00   7.000000E+00   0.000000E+00
          142   7.500000E+00   7.000000E+00   0.000000E+00
          143   8.000000E+00   7.000000E+00   0.000000E+00
          144   8.500000E+00   7.000000E+00   0.000000E+00
          145   9.000000E+00   7.000000E+00   0.000000E+00
          146   9.500000E+00   7.000000E+00   0.000000E+00
          147   1.000000E+01   7.000000E+00   0.000000E+00
          148   0.000000E+00   6.500000E+00   0.000000E+00
          149   5.000000E-01   6.500000E+00   0.000000E+00
          150   1.000000E+00   6.500000E+00   0.000000E+00
          151   1.500000E+00   6.500000E+00   0.000000E+00
          152   2.000000E+00   6.500000E+00   0.000000E+00
          153   2.500000E+00   6.500000E+00   0.000000E+00
          154   3.000000E+00   6.500000E+00   0.000000E+00
          155   3.500000E+00   6.500000E+00   0.000000E+00
          156   4.000000E+00   6.500000E+00   0.000000E+00
          157   4.500000E+00   6.500000E+00   0.000000E+00
          158   5.000000E+00   6.500000E+00   0.000000E+00
          159   5.500000E+00   6.500000E+00   0.000000E+00
          160   6.000000E+00   6.500000E+00   0.000000E+00
          161   6.500000E+00   6.500000E+00   0.000000E+00
          162   7.000000E+00   6.500000E+00   0.000000E+00
          163   7.500000E+00   6.500000E+00   0.000000E+00
          164   8.000000E+00   6.500000E+00   0.000000E+00
          165   8.500000E+00   6.500000E+00   0.000000E+00
          166   9.000000E+00   6.500000E+00   0.000000E+00
          167   9.500000E+00   6.500000E+00   0.000000E+00
          168   1.000000E+01   6.500000E+00   0.000000E+00
          169   0.000000E+00   6.000000E+00   0.000000E+00
          170   5.000000E-01   6.000000E+00   0.000000E+00
          171   1.000000E+00   6.000000E+00   0.000000E+00
          172   1.500000E+00   6.000000E+00   0.000000E+00
          173   2.000000E+00   6.000000E+00   0.000000E+00
          174   2.500000E+00   6.000000E+00   0.000000E+00
          175   3.000000E+00   6.000000E+00   0.000000E+00
          176   3.500000E+00   6.000000E+00   0.000000E+00
          177   4.000000E+00   6.000000E+00   0.000000E+00
          178   4.500000E+00   6.000000E+00   0.000000E+00
          179   5.000000E+00   6.000000E+00   0.000000E+00
          180   5.500000E+00   6.000000E+00   0.000000E+00
          181   6.000000E+00   6.000000E+00   0.000000E+00
          182   6.500000E+00   6.000000E+00   0.000000E+00
          183   7.000000E+00   6.000000E+00   0.000000E+00
          184   7.500000E+00   6.000000E+00   0.000000E+00
          185   8.000000E+00   6.000000E+00   0.000000E+00
          186   8.500000E+00   6.000000E+00   0.000000E+00
          187   9.000000E+00   6.000000E+00   0.000000E+00
          188   9.500000E+00   6.000000E+00   0.000000E+00
          189   1.000000E+01   6.000000E+00   0.000000E+00
          190   0.000000E+00   5.500000E+00   0.000000E+00
          191   5.000000E-01   5.500000E+00   0.000000E+00
          192   1.000000E+00   5.500000E+00   0.000000E+00
          193   1.500000E+00   5.500000E+00   0.000000E+00
          194   2.000000E+00   5.500000E+00   0.000000E+00
          195   2.500000E+00   5.500000E+00   0.000000E+00
          196   3.000000E+00   5.500000E+00   0.000000E+00
          197   3.500000E+00   5.500000E+00   0.000000E+00
          198   4.000000E+00   5.500000E+00   0.000000E+00
          199   4.500000E+00   5.500000E+00   0.000000E+00
          200   5.000000E+00   5.500000E+00   0.000000E+00
          201   5.500000E+00   5.500000E+00   0.000000E+00
          202   6.000000E+00   5.500000E+00   0.000000E+00
          203   6.500000E+00   5.500000E+00   0.000000E+00
          204   7.000000E+00   5.500000E+00   0.000000E+00
          205   7.500000E+00   5.500000E+00   0.000000E+00
          206   8.000000E+00   5.500000E+00   0.000000E+00
          207   8.500000E+00   5.500000E+00   0.000000E+00
          208   9.000000E+00   5.500000E+00   0.000000E+00
          209   9.500000E+00   5.500000E+00   0.000000E+00
          210   1.000000E+01   5.500000E+00   0.000000E+00
          211   0.000000E+00   5.000000E+00   0.000000E+00
          212   5.000000E-01   5.000000E+00   0.000000E+00
          213   1.000000E+00   5.000000E+00   0.000000E+00
          214   1.500000E+00   5.000000E+00   0.000000E+00
          215   2.000000E+00   5.000000E+00   0.000000E+00
          216   2.500000E+00   5.000000E+00   0.000000E+00
          217   3.000000E+00   5.000000E+00   0.000000E+00
          218   3.500000E+00   5.000000E+00   0.000000E+00
          219   4.000000E+00   5.000000E+00   0.000000E+00
          220   4.500000E+00   5.000000E+00   0.000000E+00
          221   5.000000E+00   5.000000E+00   0.000000E+00
          222   5.500000E+00   5.000000E+00   0.000000E+00
          223   6.000000E+00   5.000000E+00   0.000000E+00
          224   6.500000E+00   5.000000E+00   0.000000E+00
          225   7.000000E+00   5.000000E+00   0.000000E+00
          226   7.500000E+00   5.000000E+00   0.000000E+00
          227   8.000000E+00   5.000000E+00   0.000000E+00
          228   8.500000E+00   5.000000E+00   0.000000E+00
          229   9.000000E+00   5.000000E+00   0.000000E+00
          230   9.500000E+00   5.000000E+00   0.000000E+00
          231   1.000000E+01   5.000000E+00   0.000000E+00
          232   0.000000E+00   4.500000E+00   0.000000E+00
          233   5.000000E-01   4.500000E+00   0.000000E+00
          234   1.000000E+00   4.500000E+00   0.000000E+00
          235   1.500000E+00   4.500000E+00   0.000000E+00
          236   2.000000E+00   4.500000E+00   0.000000E+00
          237   2.500000E+00   4.500000E+00   0.000000E+00
          238   3.000000E+00   4.500000E+00   0.000000E+00
          239   3.500000E+00   4.500000E+00   0.000000E+00
          240   4.000000E+00   4.500000E+00   0.000000E+00
          241   4.500000E+00   4.500000E+00   0.000000E+00
          242   5.000000E+00   4.500000E+00   0.000000E+00
          243   5.500000E+00   4.500000E+00   0.000000E+00
          244   6.000000E+00   4.500000E+00   0.000000E+00
          245   6.500000E+00   4.500000E+00   0.000000E+00
          246   7.000000E+00   4.500000E+00   0.000000E+00
          247   7.500000E+00   4.500000E+00   0.000000E+00
          248   8.000000E+00   4.500000E+00   0.000000E+00
          249   8.500000E+00   4.500000E+00   0.000000E+00
          250   9.000000E+00   4.500000E+00   0.000000E+00
          251   9.500000E+00   4.500000E+00   0.000000E+00
          252   1.000000E+01   4.500000E+00   0.000000E+00
          253   0.000000E+00   4.000000E+00   0.000000E+00
          254   5.000000E-01   4.000000E+00   0.000000E+00
          255   1.000000E+00   4.000000E+00   0.000000E+00
          256   1.500000E+00   4.000000E+00   0.000000E+00
          257   2.000000E+00   4.000000E+00   0.000000E+00
          258   2.500000E+00   4.000000E+00   0.000000E+00
          259   3.000000E+00   4.000000E+00   0.000000E+00
          260   3.500000E+00   4.000000E+00   0.000000E+00
          261   4.000000E+00   4.000000E+00   0.000000E+00
          262   4.500000E+00   4.000000E+00   0.000000E+00
          263   5.000000E+00   4.000000E+00   0.000000E+00
          264   5.500000E+00   4.000000E+00   0.000000E+00
          265   6.000000E+00   4.000000E+00   0.000000E+00
          266   6.500000E+00   4.000000E+00   0.000000E+00
          267   7.000000E+00   4.000000E+00   0.000000E+00
          268   7.500000E+00   4.000000E+00   0.000000E+00
          269   8.000000E+00   4.000000E+00   0.000000E+00
          270   8.500000E+00   4.000000E+00   0.000000E+00
          271   9.000000E+00   4.000000E+00   0.000000E+00
          272   9.500000E+00   4.000000E+00   0.000000E+00
          273   1.000000E+01   4.000000E+00   0.000000E+00
          274   0.000000E+00   3.500000E+00   0.000000E+00
          275   5.000000E-01   3.500000E+00   0.000000E+00
          276   1.000000E+00   3.500000E+00   0.000000E+00
          277   1.500000E+00   3.500000E+00   0.000000E+00
          278   2.000000E+00   3.500000E+00   0.000000E+00
          279   2.500000E+00   3.500000E+00   0.000000E+00
          280   3.000000E+00   3.500000E+00   0.000000E+00
          281   3.500000E+00   3.500000E+00   0.000000E+00
          282   4.000000E+00   3.500000E+00   0.000000E+00
          283   4.500000E+00   3.500000E+00   0.000000E+00
          284   5.000000E+00   3.500000E+00   0.000000E+00
          285   5.500000E+00   3.500000E+00   0.000000E+00
          286   6.000000E+00   3.500000E+00   0.000000E+00
          287   6.500000E+00   3.500000E+00   0.000000E+00
          288   7.000000E+00   3.500000E+00   0.000000E+00
          289   7.500000E+00   3.500000E+00   0.000000E+00
          290   8.000000E+00   3.500000E+00   0.000000E+00
          291   8.500000E+00   3.500000E+00   0.000000E+00
          292   9.000000E+00   3.500000E+00   0.000000E+00
          293   9.500000E+00   3.500000E+00   0.000000E+00
          294   1.000000E+01   3.500000E+00   0.000000E+00
          295   0.000000E+00   3.000000E+00   0.000000E+00
          296   5.000000E-01   3.000000E+00   0.000000E+00
          297   1.000000E+00   3.000000E+00   0.000000E+00
          298   1.500000E+00   3.000000E+00   0.000000E+00
          299   2.000000E+00   3.000000E+00   0.000000E+00
          300   2.500000E+00   3.000000E+00   0.000000E+00
          301   3.000000E+00   3.000000E+00   0.000000E+00
          302   3.500000E+00   3.000000E+00   0.000000E+00
          303   4.000000E+00   3.000000E+00   0.000000E+00
          304   4.500000E+00   3.000000E+00   0.000000E+00
          305   5.000000E+00   3.000000E+00   0.000000E+00
          306   5.500000E+00   3.000000E+00   0.000000E+00
          307   6.000000E+00   3.000000E+00   0.000000E+00
          308   6.500000E+00   3.000000E+00   0.000000E+00
          309   7.000000E+00   3.000000E+00   0.000000E+00
          310   7.500000E+00   3.000000E+00   0.000000E+00
          311   8.000000E+00   3.000000E+00   0.000000E+00
          312   8.500000E+00   3.000000E+00   0.000000E+00
          313   9.000000E+00   3.000000E+00   0.000000E+00
          314   9.500000E+00   3.000000E+00   0.000000E+00
          315   1.000000E+01   3.000000E+00   0.000000E+00
          316   0.000000E+00   2.500000E+00   0.000000E+00
          317   5.000000E-01   2.500000E+00   0.000000E+00
          318   1.000000E+00   2.500000E+00   0.000000E+00
          319   1.500000E+00   2.500000E+00   0.000000E+00
          320   2.000000E+00   2.500000E+00   0.000000E+00
          321   2.500000E+00   2.500000E+00   0.000000E+00
          322   3.000000E+00   2.500000E+00   0.000000E+00
          323   3.500000E+00   2.500000E+00   0.000000E+00
          324   4.000000E+00   2.500000E+00   0.000000E+00
          325   4.500000E+00   2.500000E+00   0.000000E+00
          326   5.000000E+00   2.500000E+00   0.000000E+00
          327   5.500000E+00   2.500000E+00   0.000000E+00
          328   6.000000E+00   2.500000E+00   0.000000E+00
          329   6.500000E+00   2.500000E+00   0.000000E+00
          330   7.000000E+00   2.500000E+00   0.000000E+00
          331   7.500000E+00   2.500000E+00   0.000000E+00
          332   8.000000E+00   2.500000E+00   0.000000E+00
          333   8.500000E+00   2.500000E+00   0.000000E+00
          334   9.000000E+00   2.500000E+00   0.000000E+00
          335   9.500000E+00   2.500000E+00   0.000000E+00
          336   1.000000E+01   2.500000E+00   0.000000E+00
          337   0.000000E+00   2.000000E+00   0.000000E+00
          338   5.000000E-01   2.000000E+00   0.000000E+00
          339   1.000000E+00   2.000000E+00   0.000000E+00
          340   1.500000E+00   2.000000E+00   0.000000E+00
          341   2.000000E+00   2.000000E+00   0.000000E+00
          342   2.500000E+00   2.000000E+00   0.000000E+00
          343   3.000000E+00   2.000000E+00   0.000000E+00
          344   3.500000E+00   2.000000E+00   0.000000E+00
          345   4.000000E+00   2.000000E+00   0.000000E+00
          346   4.500000E+00   2.000000E+00   0.000000E+00
          347   5.000000E+00   2.000000E+00   0.000000E+00
          348   5.500000E+00   2.000000E+00   0.000000E+00
          349   6.000000E+00   2.000000E+00   0.000000E+00
          350   6.500000E+00   2.000000E+00   0.000000E+00
          351   7.000000E+00   2.000000E+00   0.000000E+00
          352   7.500000E+00   2.000000E+00   0.000000E+00
          353   8.000000E+00   2.000000E+00   0.000000E+00
          354   8.500000E+00   2.000000E+00   0.000000E+00
          355   9.000000E+00   2.000000E+00   0.000000E+00
          356   9.500000E+00   2.000000E+00   0.000000E+00
          357   1.000000E+01   2.000000E+00   0.000000E+00
          358   0.000000E+00   1.500000E+00   0.000000E+00
          359   5.000000E-01   1.500000E+00   0.000000E+00
          360   1.000000E+00   1.500000E+00   0.000000E+00
          361   1.500000E+00   1.500000E+00   0.000000E+00
          362   2.000000E+00   1.500000E+00   0.000000E+00
          363   2.500000E+00   1.500000E+00   0.000000E+00
          364   3.000000E+00   1.500000E+00   0.000000E+00
          365   3.500000E+00   1.500000E+00   0.000000E+00
          366   4.000000E+00   1.500000E+00   0.000000E+00
          367   4.500000E+00   1.500000E+00   0.000000E+00
          368   5.000000E+00   1.500000E+00   0.000000E+00
          369   5.500000E+00   1.500000E+00   0.000000E+00
          370   6.000000E+00   1.500000E+00   0.000000E+00
          371   6.500000E+00   1.500000E+00   0.000000E+00
          372   7.000000E+00   1.500000E+00   0.000000E+00
          373   7.500000E+00   1.500000E+00   0.000000E+00
          374   8.000000E+00   1.500000E+00   0.000000E+00
          375   8.500000E+00   1.500000E+00   0.000000E+00
          376   9.000000E+00   1.500000E+00   0.000000E+00
          377   9.500000E+00   1.500000E+00   0.000000E+00
          378   1.000000E+01   1.500000E+00   0.000000E+00
          379   0.000000E+00   1.000000E+00   0.000000E+00
          380   5.000000E-01   1.000000E+00   0.000000E+00
          381   1.000000E+00   1.000000E+00   0.000000E+00
          382   1.500000E+00   1.000000E+00   0.000000E+00
          383   2.000000E+00   1.000000E+00   0.000000E+00
          384   2.500000E+00   1.000000E+00   0.000000E+00
          385   3.000000E+00   1.000000E+00   0.000000E+00
          386   3.500000E+00   1.000000E+00   0.000000E+00
          387   4.000000E+00   1.000000E+00   0.000000E+00
          388   4.500000E+00   1.000000E+00   0.000000E+00
          389   5.000000E+00   1.000000E+00   0.000000E+00
          390   5.500000E+00   1.000000E+00   0.000000E+00
          391   6.000000E+00   1.000000E+00   0.000000E+00
          392   6.500000E+00   1.000000E+00   0.000000E+00
          393   7.000000E+00   1.000000E+00   0.000000E+00
          394   7.500000E+00   1.000000E+00   0.000000E+00
          395   8.000000E+00   1.000000E+00   0.000000E+00
          396   8.500000E+00   1.000000E+00   0.000000E+00
          397   9.000000E+00   1.000000E+00   0.000000E+00
          398   9.500000E+00   1.000000E+00   0.000000E+00
          399   1.000000E+01   1.000000E+00   0.000000E+00
          400   0.000000E+00   5.000000E-01   0.000000E+00
          401   5.000000E-01   5.000000E-01   0.000000E+00
          402   1.000000E+00   5.000000E-01   0.000000E+00
          403   1.500000E+00   5.000000E-01   0.000000E+00
          404   2.000000E+00   5.000000E-01   0.000000E+00
          405   2.500000E+00   5.000000E-01   0.000000E+00
          406   3.000000E+00   5.000000E-01   0.000000E+00
          407   3.500000E+00   5.000000E-01   0.000000E+00
          408   4.000000E+00   5.000000E-01   0.000000E+00
          409   4.500000E+00   5.000000E-01   0.000000E+00
          410   5.000000E+00   5.000000E-01   0.000000E+00
          411   5.500000E+00   5.000000E-01   0.000000E+00
          412   6.000000E+00   5.000000E-01   0.000000E+00
          413   6.500000E+00   5.000000E-01   0.000000E+00
          414   7.000000E+00   5.000000E-01   0.000000E+00
          415   7.500000E+00   5.000000E-01   0.000000E+00
          416   8.000000E+00   5.000000E-01   0.000000E+00
          417   8.500000E+00   5.000000E-01   0.000000E+00
          418   9.000000E+00   5.000000E-01   0.000000E+00
          419   9.500000E+00   5.000000E-01   0.000000E+00
          420   1.000000E+01   5.000000E-01   0.000000E+00
          421   0.000000E+00   0.000000E+00   0.000000E+00
          422   5.000000E-01   0.000000E+00   0.000000E+00
          423   1.000000E+00   0.000000E+00   0.000000E+00
          424   1.500000E+00   0.000000E+00   0.000000E+00
          425   2.000000E+00   0.000000E+00   0.000000E+00
          426   2.500000E+00   0.000000E+00   0.000000E+00
          427   3.000000E+00   0.000000E+00   0.000000E+00
          428   3.500000E+00   0.000000E+00   0.000000E+00
          429   4.000000E+00   0.000000E+00   0.000000E+00
          430   4.500000E+00   0.000000E+00   0.000000E+00
          431   5.000000E+00   0.000000E+00   0.000000E+00
          432   5.500000E+00   0.000000E+00   0.000000E+00
          433   6.000000E+00   0.000000E+00   0.000000E+00
          434   6.500000E+00   0.000000E+00   0.000000E+00
          435   7.000000E+00   0.000000E+00   0.000000E+00
          436   7.500000E+00   0.000000E+00   0.000000E+00
          437   8.000000E+00   0.000000E+00   0.000000E+00
          438   8.500000E+00   0.000000E+00   0.000000E+00
          439   9.000000E+00   0.000000E+00   0.000000E+00
          440   9.500000E+00   0.000000E+00   0.000000E+00
          441   1.000000E+01   0.000000E+00   0.000000E+00
    326  1.80840115E+03     NSTEP   TIME
 SURFACE NODE              X              Y  PRESSURE HEAD
            1   0.000000E+00   1.000000E+01  -9.306947E-02
            2   5.000000E-01   1.000000E+01  -9.207587E-02
            3   1.000000E+00   1.000000E+01  -9.157710E-02
            4   1.500000E+00   1.000000E+01  -9.126931E-02
            5   2.000000E+00   1.000000E+01  -9.097247E-02
            6   2.500000E+00   1.000000E+01  -9.070300E-02
            7   3.000000E+00   1.000000E+01  -9.046412E-02
            8   3.500000E+00   1.000000E+01  -9.024776E-02
            9   4.000000E+00   1.000000E+01  -9.002588E-02
           10   4.500000E+00   1.000000E+01  -8.980524E-02
           11   5.000000E+00   1.000000E+01  -8.958338E-02
           12   5.500000E+00   1.000000E+01  -8.933569E-02
           13   6.000000E+00   1.000000E+01  -8.905104E-02
           14   6.500000E+00   1.000000E+01  -8.871120E-02
           15   7.000000E+00   1.000000E+01  -8.828320E-02
           16   7.500000E+00   1.000000E+01  -8.771968E-02
           17   8.000000E+00   1.000000E+01  -8.696372E-02
           18   8.500000E+00   1.000000E+01  -8.590475E-02
           19   9.000000E+00   1.000000E+01  -8.449644E-02
           20   9.500000E+00   1.000000E+01  -8.112328E-02
           21   1.000000E+01   1.000000E+01  -7.998666E-02
           22   0.000000E+00   9.500000E+00  -9.113598E-02
           23   5.000000E-01   9.500000E+00  -9.092452E-02
           24   1.000000E+00   9.500000E+00  -8.972440E-02
           25   1.500000E+00   9.500000E+00  -8.947052E-02
           26   2.000000E+00   9.500000E+00  -8.914355E-02
           27   2.500000E+00   9.500000E+00  -8.883409E-02
           28   3.000000E+00   9.500000E+00  -8.854747E-02
           29   3.500000E+00   9.500000E+00  -8.826610E-02
           30   4.000000E+00   9.500000E+00  -8.799391E-02
           31   4.500000E+00   9.500000E+00  -8.771290E-02
           32   5.000000E+00   9.500000E+00  -8.741755E-02
           33   5.500000E+00   9.500000E+00  -8.708779E-02
           34   6.000000E+00   9.500000E+00  -8.670473E-02
           35   6.500000E+00   9.500000E+00  -8.624552E-02
           36   7.000000E+00   9.500000E+00  -8.567443E-02
           37   7.500000E+00   9.500000E+00  -8.493770E-02
           38   8.000000E+00   9.500000E+00  -8.395566E-02
           39   8.500000E+00   9.500000E+00  -8.257864E-02
           40   9.000000E+00   9.500000E+00  -8.062715E-02
           41   9.500000E+00   9.500000E+00  -7.661234E-02
           42   1.000000E+01   9.500000E+00  -7.651670E-02
           43   0.000000E+00   9.000000E+00  -8.921721E-02
           44   5.000000E-01   9.000000E+00  -8.877110E-02
           45   1.000000E+00   9.000000E+00  -8.696392E-02
           46   1.500000E+00   9.000000E+00  -8.639587E-02
           47   2.000000E+00   9.000000E+00  -8.572473E-02
           48   2.500000E+00   9.000000E+00  -8.511489E-02
           49   3.000000E+00   9.000000E+00  -8.454728E-02
           50   3.500000E+00   9.000000E+00  -8.400253E-02
           51   4.000000E+00   9.000000E+00  -8.347508E-02
           52   4.500000E+00   9.000000E+00  -8.294025E-02
           53   5.000000E+00   9.000000E+00  -8.238649E-02
           54   5.500000E+00   9.000000E+00  -8.178162E-02
           55   6.000000E+00   9.000000E+00  -8.109315E-02
           56   6.500000E+00   9.000000E+00  -8.027393E-02
           57   7.000000E+00   9.000000E+00  -7.925516E-02
           58   7.500000E+00   9.000000E+00  -7.793621E-02
           59   8.000000E+00   9.000000E+00  -7.615936E-02
           60   8.500000E+00   9.000000E+00  -7.371957E-02
           61   9.000000E+00   9.000000E+00  -7.053488E-02
           62   9.500000E+00   9.000000E+00  -6.562779E-02
           63   1.000000E+01   9.000000E+00  -6.530985E-02
           64   0.000000E+00   8.500000E+00  -8.737500E-02
           65   5.000000E-01   8.500000E+00  -8.723239E-02
           66   1.000000E+00   8.500000E+00  -8.496200E-02
           67   1.500000E+00   8.500000E+00  -8.399216E-02
           68   2.000000E+00   8.500000E+00  -8.296788E-02
           69   2.500000E+00   8.500000E+00  -8.202880E-02
           70   3.000000E+00   8.500000E+00  -8.114950E-02
           71   3.500000E+00   8.500000E+00  -8.030224E-02
           72   4.000000E+00   8.500000E+00  -7.946225E-02
           73   4.500000E+00   8.500000E+00  -7.860307E-02
           74   5.000000E+00   8.500000E+00  -7.768914E-02
           75   5.500000E+00   8.500000E+00  -7.667396E-02
           76   6.000000E+00   8.500000E+00  -7.550367E-02
           77   6.500000E+00   8.500000E+00  -7.410825E-02
           78   7.000000E+00   8.500000E+00  -7.242990E-02
           79   7.500000E+00   8.500000E+00  -7.041261E-02
           80   8.000000E+00   8.500000E+00  -6.793536E-02
           81   8.500000E+00   8.500000E+00  -6.484263E-02
           82   9.000000E+00   8.500000E+00  -6.096034E-02
           83   9.500000E+00   8.500000E+00  -5.511697E-02
           84   1.000000E+01   8.500000E+00  -5.480143E-02
           85   0.000000E+00   8.000000E+00  -8.529672E-02
           86   5.000000E-01   8.000000E+00  -8.529273E-02
           87   1.000000E+00   8.000000E+00  -8.254421E-02
           88   1.500000E+00   8.000000E+00  -8.114405E-02
           89   2.000000E+00   8.000000E+00  -7.973328E-02
           90   2.500000E+00   8.000000E+00  -7.840422E-02
           91   3.000000E+00   8.000000E+00  -7.711981E-02
           92   3.500000E+00   8.000000E+00  -7.585186E-02
           93   4.000000E+00   8.000000E+00  -7.457090E-02
           94   4.500000E+00   8.000000E+00  -7.325640E-02
           95   5.000000E+00   8.000000E+00  -7.189419E-02
           96   5.500000E+00   8.000000E+00  -7.045970E-02
           97   6.000000E+00   8.000000E+00  -6.889614E-02
           98   6.500000E+00   8.000000E+00  -6.713186E-02
           99   7.000000E+00   8.000000E+00  -6.508269E-02
          100   7.500000E+00   8.000000E+00  -6.264627E-02
          101   8.000000E+00   8.000000E+00  -5.967248E-02
          102   8.500000E+00   8.000000E+00  -5.568665E-02
          103   9.000000E+00   8.000000E+00  -5.032880E-02
          104   9.500000E+00   8.000000E+00  -4.358624E-02
          105   1.000000E+01   8.000000E+00  -4.332954E-02
          106   0.000000E+00   7.500000E+00  -8.300246E-02
          107   5.000000E-01   7.500000E+00  -8.308930E-02
          108   1.000000E+00   7.500000E+00  -7.988587E-02
          109   1.500000E+00   7.500000E+00  -7.797277E-02
          110   2.000000E+00   7.500000E+00  -7.604589E-02
          111   2.500000E+00   7.500000E+00  -7.418437E-02
          112   3.000000E+00   7.500000E+00  -7.238828E-02
          113   3.500000E+00   7.500000E+00  -7.068891E-02
          114   4.000000E+00   7.500000E+00  -6.906520E-02
          115   4.500000E+00   7.500000E+00  -6.746859E-02
          116   5.000000E+00   7.500000E+00  -6.584762E-02
          117   5.500000E+00   7.500000E+00  -6.414069E-02
          118   6.000000E+00   7.500000E+00  -6.227932E-02
          119   6.500000E+00   7.500000E+00  -6.017542E-02
          120   7.000000E+00   7.500000E+00  -5.765321E-02
          121   7.500000E+00   7.500000E+00  -5.430721E-02
          122   8.000000E+00   7.500000E+00  -5.027689E-02
          123   8.500000E+00   7.500000E+00  -4.555766E-02
          124   9.000000E+00   7.500000E+00  -4.004872E-02
          125   9.500000E+00   7.500000E+00  -3.333066E-02
          126   1.000000E+01   7.500000E+00  -3.313858E-02
          127   0.000000E+00   7.000000E+00  -8.049823E-02
          128   5.000000E-01   7.000000E+00  -8.061440E-02
          129   1.000000E+00   7.000000E+00  -7.687305E-02
          130   1.500000E+00   7.000000E+00  -7.429694E-02
          131   2.000000E+00   7.000000E+00  -7.178178E-02
          132   2.500000E+00   7.000000E+00  -6.949403E-02
          133   3.000000E+00   7.000000E+00  -6.739949E-02
          134   3.500000E+00   7.000000E+00  -6.544112E-02
          135   4.000000E+00   7.000000E+00  -6.355812E-02
          136   4.500000E+00   7.000000E+00  -6.169105E-02
          137   5.000000E+00   7.000000E+00  -5.977135E-02
          138   5.500000E+00   7.000000E+00  -5.767518E-02
          139   6.000000E+00   7.000000E+00  -5.515420E-02
          140   6.500000E+00   7.000000E+00  -5.224906E-02
          141   7.000000E+00   7.000000E+00  -4.903590E-02
          142   7.500000E+00   7.000000E+00  -4.540133E-02
          143   8.000000E+00   7.000000E+00  -4.125835E-02
          144   8.500000E+00   7.000000E+00  -3.663189E-02
          145   9.000000E+00   7.000000E+00  -3.049334E-02
          146   9.500000E+00   7.000000E+00  -2.305222E-02
          147   1.000000E+01   7.000000E+00  -2.283515E-02
          148   0.000000E+00   6.500000E+00  -7.764153E-02
          149   5.000000E-01   6.500000E+00  -7.774736E-02
          150   1.000000E+00   6.500000E+00  -7.334976E-02
          151   1.500000E+00   6.500000E+00  -7.019268E-02
          152   2.000000E+00   6.500000E+00  -6.734023E-02
          153   2.500000E+00   6.500000E+00  -6.476435E-02
          154   3.000000E+00   6.500000E+00  -6.238053E-02
          155   3.500000E+00   6.500000E+00  -6.011114E-02
          156   4.000000E+00   6.500000E+00  -5.784804E-02
          157   4.500000E+00   6.500000E+00  -5.537434E-02
          158   5.000000E+00   6.500000E+00  -5.273478E-02
          159   5.500000E+00   6.500000E+00  -5.005349E-02
          160   6.000000E+00   6.500000E+00  -4.726689E-02
          161   6.500000E+00   6.500000E+00  -4.429069E-02
          162   7.000000E+00   6.500000E+00  -4.102854E-02
          163   7.500000E+00   6.500000E+00  -3.744699E-02
          164   8.000000E+00   6.500000E+00  -3.303202E-02
          165   8.500000E+00   6.500000E+00  -2.756016E-02
          166   9.000000E+00   6.500000E+00  -2.125212E-02
          167   9.500000E+00   6.500000E+00  -1.415085E-02
          168   1.000000E+01   6.500000E+00  -1.408349E-02
          169   0.000000E+00   6.000000E+00  -7.424290E-02
          170   5.000000E-01   6.000000E+00  -7.434039E-02
          171   1.000000E+00   6.000000E+00  -6.949008E-02
          172   1.500000E+00   6.000000E+00  -6.597095E-02
          173   2.000000E+00   6.000000E+00  -6.279566E-02
          174   2.500000E+00   6.000000E+00  -5.986376E-02
          175   3.000000E+00   6.000000E+00  -5.699196E-02
          176   3.500000E+00   6.000000E+00  -5.393830E-02
          177   4.000000E+00   6.000000E+00  -5.100158E-02
          178   4.500000E+00   6.000000E+00  -4.821092E-02
          179   5.000000E+00   6.000000E+00  -4.551329E-02
          180   5.500000E+00   6.000000E+00  -4.281099E-02
          181   6.000000E+00   6.000000E+00  -4.001418E-02
          182   6.500000E+00   6.000000E+00  -3.710048E-02
          183   7.000000E+00   6.000000E+00  -3.361554E-02
          184   7.500000E+00   6.000000E+00  -2.942905E-02
          185   8.000000E+00   6.000000E+00  -2.467043E-02
          186   8.500000E+00   6.000000E+00  -1.928903E-02
          187   9.000000E+00   6.000000E+00  -1.265686E-02
          188   9.500000E+00   6.000000E+00  -6.171270E-03
          189   1.000000E+01   6.000000E+00  -6.317314E-03
          190   0.000000E+00   5.500000E+00  -7.047162E-02
          191   5.000000E-01   5.500000E+00  -7.055540E-02
          192   1.000000E+00   5.500000E+00  -6.543727E-02
          193   1.500000E+00   5.500000E+00  -6.152935E-02
          194   2.000000E+00   5.500000E+00  -5.787587E-02
          195   2.500000E+00   5.500000E+00  -5.406422E-02
          196   3.000000E+00   5.500000E+00  -5.046625E-02
          197   3.500000E+00   5.500000E+00  -4.721453E-02
          198   4.000000E+00   5.500000E+00  -4.425163E-02
          199   4.500000E+00   5.500000E+00  -4.145915E-02
          200   5.000000E+00   5.500000E+00  -3.877388E-02
          201   5.500000E+00   5.500000E+00  -3.614396E-02
          202   6.000000E+00   5.500000E+00  -3.300450E-02
          203   6.500000E+00   5.500000E+00  -2.958202E-02
          204   7.000000E+00   5.500000E+00  -2.587400E-02
          205   7.500000E+00   5.500000E+00  -2.178115E-02
          206   8.000000E+00   5.500000E+00  -1.732187E-02
          207   8.500000E+00   5.500000E+00  -1.140766E-02
          208   9.000000E+00   5.500000E+00   3.382591E-06
          209   9.500000E+00   5.500000E+00   2.273561E-04
          210   1.000000E+01   5.500000E+00   1.945959E-04
          211   0.000000E+00   5.000000E+00  -6.646093E-02
          212   5.000000E-01   5.000000E+00  -6.646213E-02
          213   1.000000E+00   5.000000E+00  -6.103597E-02
          214   1.500000E+00   5.000000E+00  -5.644539E-02
          215   2.000000E+00   5.000000E+00  -5.175825E-02
          216   2.500000E+00   5.000000E+00  -4.760298E-02
          217   3.000000E+00   5.000000E+00  -4.396950E-02
          218   3.500000E+00   5.000000E+00  -4.072502E-02
          219   4.000000E+00   5.000000E+00  -3.779933E-02
          220   4.500000E+00   5.000000E+00  -3.498167E-02
          221   5.000000E+00   5.000000E+00  -3.185310E-02
          222   5.500000E+00   5.000000E+00  -2.874745E-02
          223   6.000000E+00   5.000000E+00  -2.558969E-02
          224   6.500000E+00   5.000000E+00  -2.230241E-02
          225   7.000000E+00   5.000000E+00  -1.887023E-02
          226   7.500000E+00   5.000000E+00  -1.492301E-02
          227   8.000000E+00   5.000000E+00  -1.044053E-02
          228   8.500000E+00   5.000000E+00  -5.675918E-03
          229   9.000000E+00   5.000000E+00   2.865912E-04
          230   9.500000E+00   5.000000E+00   6.741333E-04
          231   1.000000E+01   5.000000E+00   7.770266E-04
          232   0.000000E+00   4.500000E+00  -6.200096E-02
          233   5.000000E-01   4.500000E+00  -6.188406E-02
          234   1.000000E+00   4.500000E+00  -5.573770E-02
          235   1.500000E+00   4.500000E+00  -5.013594E-02
          236   2.000000E+00   4.500000E+00  -4.529092E-02
          237   2.500000E+00   4.500000E+00  -4.114172E-02
          238   3.000000E+00   4.500000E+00  -3.756701E-02
          239   3.500000E+00   4.500000E+00  -3.419871E-02
          240   4.000000E+00   4.500000E+00  -3.078478E-02
          241   4.500000E+00   4.500000E+00  -2.759448E-02
          242   5.000000E+00   4.500000E+00  -2.455619E-02
          243   5.500000E+00   4.500000E+00  -2.161264E-02
          244   6.000000E+00   4.500000E+00  -1.872757E-02
          245   6.500000E+00   4.500000E+00  -1.556518E-02
          246   7.000000E+00   4.500000E+00  -1.210854E-02
          247   7.500000E+00   4.500000E+00  -8.156365E-03
          248   8.000000E+00   4.500000E+00  -4.188902E-03
          249   8.500000E+00   4.500000E+00   1.535193E-04
          250   9.000000E+00   4.500000E+00   6.395202E-04
          251   9.500000E+00   4.500000E+00   1.189125E-03
          252   1.000000E+01   4.500000E+00   1.245109E-03
          253   0.000000E+00   4.000000E+00  -5.645724E-02
          254   5.000000E-01   4.000000E+00  -5.626943E-02
          255   1.000000E+00   4.000000E+00  -4.920830E-02
          256   1.500000E+00   4.000000E+00  -4.347524E-02
          257   2.000000E+00   4.000000E+00  -3.866601E-02
          258   2.500000E+00   4.000000E+00  -3.449710E-02
          259   3.000000E+00   4.000000E+00  -3.038482E-02
          260   3.500000E+00   4.000000E+00  -2.670469E-02
          261   4.000000E+00   4.000000E+00  -2.340142E-02
          262   4.500000E+00   4.000000E+00  -2.040907E-02
          263   5.000000E+00   4.000000E+00  -1.767196E-02
          264   5.500000E+00   4.000000E+00  -1.478925E-02
          265   6.000000E+00   4.000000E+00  -1.186818E-02
          266   6.500000E+00   4.000000E+00  -8.621854E-03
          267   7.000000E+00   4.000000E+00  -5.619790E-03
          268   7.500000E+00   4.000000E+00   2.099281E-05
          269   8.000000E+00   4.000000E+00   1.937918E-04
          270   8.500000E+00   4.000000E+00   4.828385E-04
          271   9.000000E+00   4.000000E+00   1.071108E-03
          272   9.500000E+00   4.000000E+00   1.590015E-03
          273   1.000000E+01   4.000000E+00   1.643604E-03
          274   0.000000E+00   3.500000E+00  -4.929849E-02
          275   5.000000E-01   3.500000E+00  -4.913040E-02
          276   1.000000E+00   3.500000E+00  -4.210316E-02
          277   1.500000E+00   3.500000E+00  -3.652458E-02
          278   2.000000E+00   3.500000E+00  -3.129125E-02
          279   2.500000E+00   3.500000E+00  -2.667145E-02
          280   3.000000E+00   3.500000E+00  -2.265885E-02
          281   3.500000E+00   3.500000E+00  -1.922231E-02
          282   4.000000E+00   3.500000E+00  -1.620366E-02
          283   4.500000E+00   3.500000E+00  -1.328063E-02
          284   5.000000E+00   3.500000E+00  -1.037485E-02
          285   5.500000E+00   3.500000E+00  -7.748820E-03
          286   6.000000E+00   3.500000E+00  -5.206811E-03
          287   6.500000E+00   3.500000E+00   5.239185E-06
          288   7.000000E+00   3.500000E+00   1.356625E-04
          289   7.500000E+00   3.500000E+00   3.085828E-04
          290   8.000000E+00   3.500000E+00   5.593788E-04
          291   8.500000E+00   3.500000E+00   9.182068E-04
          292   9.000000E+00   3.500000E+00   1.453106E-03
          293   9.500000E+00   3.500000E+00   1.973460E-03
          294   1.000000E+01   3.500000E+00   2.039007E-03
          295   0.000000E+00   3.000000E+00  -4.156416E-02
          296   5.000000E-01   3.000000E+00  -4.135593E-02
          297   1.000000E+00   3.000000E+00  -3.444683E-02
          298   1.500000E+00   3.000000E+00  -2.820504E-02
          299   2.000000E+00   3.000000E+00  -2.290736E-02
          300   2.500000E+00   3.000000E+00  -1.866065E-02
          301   3.000000E+00   3.000000E+00  -1.488152E-02
          302   3.500000E+00   3.000000E+00  -1.129533E-02
          303   4.000000E+00   3.000000E+00  -8.515824E-03
          304   4.500000E+00   3.000000E+00  -6.140615E-03
          305   5.000000E+00   3.000000E+00  -2.826854E-03
          306   5.500000E+00   3.000000E+00   7.289758E-05
          307   6.000000E+00   3.000000E+00   1.988748E-04
          308   6.500000E+00   3.000000E+00   3.277307E-04
          309   7.000000E+00   3.000000E+00   5.058607E-04
          310   7.500000E+00   3.000000E+00   7.520096E-04
          311   8.000000E+00   3.000000E+00   1.006981E-03
          312   8.500000E+00   3.000000E+00   1.313395E-03
          313   9.000000E+00   3.000000E+00   1.834486E-03
          314   9.500000E+00   3.000000E+00   2.315486E-03
          315   1.000000E+01   3.000000E+00   2.398298E-03
          316   0.000000E+00   2.500000E+00  -3.284303E-02
          317   5.000000E-01   2.500000E+00  -3.269690E-02
          318   1.000000E+00   2.500000E+00  -2.515630E-02
          319   1.500000E+00   2.500000E+00  -1.917537E-02
          320   2.000000E+00   2.500000E+00  -1.408346E-02
          321   2.500000E+00   2.500000E+00  -1.001553E-02
          322   3.000000E+00   2.500000E+00  -6.680430E-03
          323   3.500000E+00   2.500000E+00  -1.657740E-03
          324   4.000000E+00   2.500000E+00   1.026610E-04
          325   4.500000E+00   2.500000E+00   2.336903E-04
          326   5.000000E+00   2.500000E+00   3.452379E-04
          327   5.500000E+00   2.500000E+00   4.795979E-04
          328   6.000000E+00   2.500000E+00   6.706019E-04
          329   6.500000E+00   2.500000E+00   8.542077E-04
          330   7.000000E+00   2.500000E+00   1.032145E-03
          331   7.500000E+00   2.500000E+00   1.221006E-03
          332   8.000000E+00   2.500000E+00   1.447663E-03
          333   8.500000E+00   2.500000E+00   1.742020E-03
          334   9.000000E+00   2.500000E+00   2.261868E-03
          335   9.500000E+00   2.500000E+00   2.641740E-03
          336   1.000000E+01   2.500000E+00   2.645656E-03
          337   0.000000E+00   2.000000E+00  -2.249881E-02
          338   5.000000E-01   2.000000E+00  -2.236631E-02
          339   1.000000E+00   2.000000E+00  -1.486067E-02
          340   1.500000E+00   2.000000E+00  -9.436266E-03
          341   2.000000E+00   2.000000E+00  -3.569793E-03
          342   2.500000E+00   2.000000E+00   1.285425E-04
          343   3.000000E+00   2.000000E+00   3.090663E-04
          344   3.500000E+00   2.000000E+00   4.547858E-04
          345   4.000000E+00   2.000000E+00   6.163317E-04
          346   4.500000E+00   2.000000E+00   8.214840E-04
          347   5.000000E+00   2.000000E+00   9.950152E-04
          348   5.500000E+00   2.000000E+00   1.146248E-03
          349   6.000000E+00   2.000000E+00   1.284345E-03
          350   6.500000E+00   2.000000E+00   1.424414E-03
          351   7.000000E+00   2.000000E+00   1.576993E-03
          352   7.500000E+00   2.000000E+00   1.753613E-03
          353   8.000000E+00   2.000000E+00   1.972658E-03
          354   8.500000E+00   2.000000E+00   2.260804E-03
          355   9.000000E+00   2.000000E+00   2.782716E-03
          356   9.500000E+00   2.000000E+00   3.014130E-03
          357   1.000000E+01   2.000000E+00   2.876397E-03
          358   0.000000E+00   1.500000E+00  -1.134387E-02
          359   5.000000E-01   1.500000E+00  -1.107935E-02
          360   1.000000E+00   1.500000E+00   4.309124E-05
          361   1.500000E+00   1.500000E+00   3.219092E-04
          362   2.000000E+00   1.500000E+00   5.733688E-04
          363   2.500000E+00   1.500000E+00   8.058784E-04
          364   3.000000E+00   1.500000E+00   1.091126E-03
          365   3.500000E+00   1.500000E+00   1.314280E-03
          366   4.000000E+00   1.500000E+00   1.487878E-03
          367   4.500000E+00   1.500000E+00   1.628823E-03
          368   5.000000E+00   1.500000E+00   1.755726E-03
          369   5.500000E+00   1.500000E+00   1.877067E-03
          370   6.000000E+00   1.500000E+00   1.999401E-03
          371   6.500000E+00   1.500000E+00   2.129038E-03
          372   7.000000E+00   1.500000E+00   2.273655E-03
          373   7.500000E+00   1.500000E+00   2.444417E-03
          374   8.000000E+00   1.500000E+00   2.659553E-03
          375   8.500000E+00   1.500000E+00   2.942649E-03
          376   9.000000E+00   1.500000E+00   3.471533E-03
          377   9.500000E+00   1.500000E+00   3.499588E-03
          378   1.000000E+01   1.500000E+00   3.157144E-03
          379   0.000000E+00   1.000000E+00   5.026486E-04
          380   5.000000E-01   1.000000E+00   5.341189E-04
          381   1.000000E+00   1.000000E+00   9.563521E-04
          382   1.500000E+00   1.000000E+00   1.412837E-03
          383   2.000000E+00   1.000000E+00   1.846375E-03
          384   2.500000E+00   1.000000E+00   2.137976E-03
          385   3.000000E+00   1.000000E+00   2.350349E-03
          386   3.500000E+00   1.000000E+00   2.519798E-03
          387   4.000000E+00   1.000000E+00   2.663440E-03
          388   4.500000E+00   1.000000E+00   2.791066E-03
          389   5.000000E+00   1.000000E+00   2.909342E-03
          390   5.500000E+00   1.000000E+00   3.023947E-03
          391   6.000000E+00   1.000000E+00   3.141155E-03
          392   6.500000E+00   1.000000E+00   3.267400E-03
          393   7.000000E+00   1.000000E+00   3.410189E-03
          394   7.500000E+00   1.000000E+00   3.580318E-03
          395   8.000000E+00   1.000000E+00   3.795769E-03
          396   8.500000E+00   1.000000E+00   4.080745E-03
