      0  0.00000000E+00     NSTEP   TIME
 SURFACE NODE              X              Y             SW
            1   0.000000E+00   1.000000E+01   1.000000E+00
            2   5.000000E-01   1.000000E+01   1.000000E+00
            3   1.000000E+00   1.000000E+01   1.000000E+00
            4   1.500000E+00   1.000000E+01   1.000000E+00
            5   2.000000E+00   1.000000E+01   1.000000E+00
            6   2.500000E+00   1.000000E+01   1.000000E+00
            7   3.000000E+00   1.000000E+01   1.000000E+00
            8   3.500000E+00   1.000000E+01   1.000000E+00
            9   4.000000E+00   1.000000E+01   1.000000E+00
           10   4.500000E+00   1.000000E+01   1.000000E+00
           11   5.000000E+00   1.000000E+01   1.000000E+00
           12   5.500000E+00   1.000000E+01   1.000000E+00
           13   6.000000E+00   1.000000E+01   1.000000E+00
           14   6.500000E+00   1.000000E+01   1.000000E+00
           15   7.000000E+00   1.000000E+01   1.000000E+00
           16   7.500000E+00   1.000000E+01   1.000000E+00
           17   8.000000E+00   1.000000E+01   1.000000E+00
           18   8.500000E+00   1.000000E+01   1.000000E+00
           19   9.000000E+00   1.000000E+01   1.000000E+00
           20   9.500000E+00   1.000000E+01   1.000000E+00
           21   1.000000E+01   1.000000E+01   1.000000E+00
           22   0.000000E+00   9.500000E+00   1.000000E+00
           23   5.000000E-01   9.500000E+00   1.000000E+00
           24   1.000000E+00   9.500000E+00   1.000000E+00
           25   1.500000E+00   9.500000E+00   1.000000E+00
           26   2.000000E+00   9.500000E+00   1.000000E+00
           27   2.500000E+00   9.500000E+00   1.000000E+00
           28   3.000000E+00   9.500000E+00   1.000000E+00
           29   3.500000E+00   9.500000E+00   1.000000E+00
           30   4.000000E+00   9.500000E+00   1.000000E+00
           31   4.500000E+00   9.500000E+00   1.000000E+00
           32   5.000000E+00   9.500000E+00   1.000000E+00
           33   5.500000E+00   9.500000E+00   1.000000E+00
           34   6.000000E+00   9.500000E+00   1.000000E+00
           35   6.500000E+00   9.500000E+00   1.000000E+00
           36   7.000000E+00   9.500000E+00   1.000000E+00
           37   7.500000E+00   9.500000E+00   1.000000E+00
           38   8.000000E+00   9.500000E+00   1.000000E+00
           39   8.500000E+00   9.500000E+00   1.000000E+00
           40   9.000000E+00   9.500000E+00   1.000000E+00
           41   9.500000E+00   9.500000E+00   1.000000E+00
           42   1.000000E+01   9.500000E+00   1.000000E+00
           43   0.000000E+00   9.000000E+00   1.000000E+00
           44   5.000000E-01   9.000000E+00   1.000000E+00
           45   1.000000E+00   9.000000E+00   1.000000E+00
           46   1.500000E+00   9.000000E+00   1.000000E+00
           47   2.000000E+00   9.000000E+00   1.000000E+00
           48   2.500000E+00   9.000000E+00   1.000000E+00
           49   3.000000E+00   9.000000E+00   1.000000E+00
           50   3.500000E+00   9.000000E+00   1.000000E+00
           51   4.000000E+00   9.000000E+00   1.000000E+00
           52   4.500000E+00   9.000000E+00   1.000000E+00
           53   5.000000E+00   9.000000E+00   1.000000E+00
           54   5.500000E+00   9.000000E+00   1.000000E+00
           55   6.000000E+00   9.000000E+00   1.000000E+00
           56   6.500000E+00   9.000000E+00   1.000000E+00
           57   7.000000E+00   9.000000E+00   1.000000E+00
           58   7.500000E+00   9.000000E+00   1.000000E+00
           59   8.000000E+00   9.000000E+00   1.000000E+00
           60   8.500000E+00   9.000000E+00   1.000000E+00
           61   9.000000E+00   9.000000E+00   1.000000E+00
           62   9.500000E+00   9.000000E+00   1.000000E+00
           63   1.000000E+01   9.000000E+00   1.000000E+00
           64   0.000000E+00   8.500000E+00   1.000000E+00
           65   5.000000E-01   8.500000E+00   1.000000E+00
           66   1.000000E+00   8.500000E+00   1.000000E+00
           67   1.500000E+00   8.500000E+00   1.000000E+00
           68   2.000000E+00   8.500000E+00   1.000000E+00
           69   2.500000E+00   8.500000E+00   1.000000E+00
           70   3.000000E+00   8.500000E+00   1.000000E+00
           71   3.500000E+00   8.500000E+00   1.000000E+00
           72   4.000000E+00   8.500000E+00   1.000000E+00
           73   4.500000E+00   8.500000E+00   1.000000E+00
           74   5.000000E+00   8.500000E+00   1.000000E+00
           75   5.500000E+00   8.500000E+00   1.000000E+00
           76   6.000000E+00   8.500000E+00   1.000000E+00
           77   6.500000E+00   8.500000E+00   1.000000E+00
           78   7.000000E+00   8.500000E+00   1.000000E+00
           79   7.500000E+00   8.500000E+00   1.000000E+00
           80   8.000000E+00   8.500000E+00   1.000000E+00
           81   8.500000E+00   8.500000E+00   1.000000E+00
           82   9.000000E+00   8.500000E+00   1.000000E+00
           83   9.500000E+00   8.500000E+00   1.000000E+00
           84   1.000000E+01   8.500000E+00   1.000000E+00
           85   0.000000E+00   8.000000E+00   1.000000E+00
           86   5.000000E-01   8.000000E+00   1.000000E+00
           87   1.000000E+00   8.000000E+00   1.000000E+00
           88   1.500000E+00   8.000000E+00   1.000000E+00
           89   2.000000E+00   8.000000E+00   1.000000E+00
           90   2.500000E+00   8.000000E+00   1.000000E+00
           91   3.000000E+00   8.000000E+00   1.000000E+00
           92   3.500000E+00   8.000000E+00   1.000000E+00
           93   4.000000E+00   8.000000E+00   1.000000E+00
           94   4.500000E+00   8.000000E+00   1.000000E+00
           95   5.000000E+00   8.000000E+00   1.000000E+00
           96   5.500000E+00   8.000000E+00   1.000000E+00
           97   6.000000E+00   8.000000E+00   1.000000E+00
           98   6.500000E+00   8.000000E+00   1.000000E+00
           99   7.000000E+00   8.000000E+00   1.000000E+00
          100   7.500000E+00   8.000000E+00   1.000000E+00
          101   8.000000E+00   8.000000E+00   1.000000E+00
          102   8.500000E+00   8.000000E+00   1.000000E+00
          103   9.000000E+00   8.000000E+00   1.000000E+00
          104   9.500000E+00   8.000000E+00   1.000000E+00
          105   1.000000E+01   8.000000E+00   1.000000E+00
          106   0.000000E+00   7.500000E+00   1.000000E+00
          107   5.000000E-01   7.500000E+00   1.000000E+00
          108   1.000000E+00   7.500000E+00   1.000000E+00
          109   1.500000E+00   7.500000E+00   1.000000E+00
          110   2.000000E+00   7.500000E+00   1.000000E+00
          111   2.500000E+00   7.500000E+00   1.000000E+00
          112   3.000000E+00   7.500000E+00   1.000000E+00
          113   3.500000E+00   7.500000E+00   1.000000E+00
          114   4.000000E+00   7.500000E+00   1.000000E+00
          115   4.500000E+00   7.500000E+00   1.000000E+00
          116   5.000000E+00   7.500000E+00   1.000000E+00
          117   5.500000E+00   7.500000E+00   1.000000E+00
          118   6.000000E+00   7.500000E+00   1.000000E+00
          119   6.500000E+00   7.500000E+00   1.000000E+00
          120   7.000000E+00   7.500000E+00   1.000000E+00
          121   7.500000E+00   7.500000E+00   1.000000E+00
          122   8.000000E+00   7.500000E+00   1.000000E+00
          123   8.500000E+00   7.500000E+00   1.000000E+00
          124   9.000000E+00   7.500000E+00   1.000000E+00
          125   9.500000E+00   7.500000E+00   1.000000E+00
          126   1.000000E+01   7.500000E+00   1.000000E+00
          127   0.000000E+00   7.000000E+00   1.000000E+00
          128   5.000000E-01   7.000000E+00   1.000000E+00
          129   1.000000E+00   7.000000E+00   1.000000E+00
          130   1.500000E+00   7.000000E+00   1.000000E+00
          131   2.000000E+00   7.000000E+00   1.000000E+00
          132   2.500000E+00   7.000000E+00   1.000000E+00
          133   3.000000E+00   7.000000E+00   1.000000E+00
          134   3.500000E+00   7.000000E+00   1.000000E+00
          135   4.000000E+00   7.000000E+00   1.000000E+00
          136   4.500000E+00   7.000000E+00   1.000000E+00
          137   5.000000E+00   7.000000E+00   1.000000E+00
          138   5.500000E+00   7.000000E+00   1.000000E+00
          139   6.000000E+00   7.000000E+00   1.000000E+00
          140   6.500000E+00   7.000000E+00   1.000000E+00
          141   7.000000E+00   7.000000E+00   1.000000E+00
          142   7.500000E+00   7.000000E+00   1.000000E+00
          143   8.000000E+00   7.000000E+00   1.000000E+00
          144   8.500000E+00   7.000000E+00   1.000000E+00
          145   9.000000E+00   7.000000E+00   1.000000E+00
          146   9.500000E+00   7.000000E+00   1.000000E+00
          147   1.000000E+01   7.000000E+00   1.000000E+00
          148   0.000000E+00   6.500000E+00   1.000000E+00
          149   5.000000E-01   6.500000E+00   1.000000E+00
          150   1.000000E+00   6.500000E+00   1.000000E+00
          151   1.500000E+00   6.500000E+00   1.000000E+00
          152   2.000000E+00   6.500000E+00   1.000000E+00
          153   2.500000E+00   6.500000E+00   1.000000E+00
          154   3.000000E+00   6.500000E+00   1.000000E+00
          155   3.500000E+00   6.500000E+00   1.000000E+00
          156   4.000000E+00   6.500000E+00   1.000000E+00
          157   4.500000E+00   6.500000E+00   1.000000E+00
          158   5.000000E+00   6.500000E+00   1.000000E+00
          159   5.500000E+00   6.500000E+00   1.000000E+00
          160   6.000000E+00   6.500000E+00   1.000000E+00
          161   6.500000E+00   6.500000E+00   1.000000E+00
          162   7.000000E+00   6.500000E+00   1.000000E+00
          163   7.500000E+00   6.500000E+00   1.000000E+00
          164   8.000000E+00   6.500000E+00   1.000000E+00
          165   8.500000E+00   6.500000E+00   1.000000E+00
          166   9.000000E+00   6.500000E+00   1.000000E+00
          167   9.500000E+00   6.500000E+00   1.000000E+00
          168   1.000000E+01   6.500000E+00   1.000000E+00
          169   0.000000E+00   6.000000E+00   1.000000E+00
          170   5.000000E-01   6.000000E+00   1.000000E+00
          171   1.000000E+00   6.000000E+00   1.000000E+00
          172   1.500000E+00   6.000000E+00   1.000000E+00
          173   2.000000E+00   6.000000E+00   1.000000E+00
          174   2.500000E+00   6.000000E+00   1.000000E+00
          175   3.000000E+00   6.000000E+00   1.000000E+00
          176   3.500000E+00   6.000000E+00   1.000000E+00
          177   4.000000E+00   6.000000E+00   1.000000E+00
          178   4.500000E+00   6.000000E+00   1.000000E+00
          179   5.000000E+00   6.000000E+00   1.000000E+00
          180   5.500000E+00   6.000000E+00   1.000000E+00
          181   6.000000E+00   6.000000E+00   1.000000E+00
          182   6.500000E+00   6.000000E+00   1.000000E+00
          183   7.000000E+00   6.000000E+00   1.000000E+00
          184   7.500000E+00   6.000000E+00   1.000000E+00
          185   8.000000E+00   6.000000E+00   1.000000E+00
          186   8.500000E+00   6.000000E+00   1.000000E+00
          187   9.000000E+00   6.000000E+00   1.000000E+00
          188   9.500000E+00   6.000000E+00   1.000000E+00
          189   1.000000E+01   6.000000E+00   1.000000E+00
          190   0.000000E+00   5.500000E+00   1.000000E+00
          191   5.000000E-01   5.500000E+00   1.000000E+00
          192   1.000000E+00   5.500000E+00   1.000000E+00
          193   1.500000E+00   5.500000E+00   1.000000E+00
          194   2.000000E+00   5.500000E+00   1.000000E+00
          195   2.500000E+00   5.500000E+00   1.000000E+00
          196   3.000000E+00   5.500000E+00   1.000000E+00
          197   3.500000E+00   5.500000E+00   1.000000E+00
          198   4.000000E+00   5.500000E+00   1.000000E+00
          199   4.500000E+00   5.500000E+00   1.000000E+00
          200   5.000000E+00   5.500000E+00   1.000000E+00
          201   5.500000E+00   5.500000E+00   1.000000E+00
          202   6.000000E+00   5.500000E+00   1.000000E+00
          203   6.500000E+00   5.500000E+00   1.000000E+00
          204   7.000000E+00   5.500000E+00   1.000000E+00
          205   7.500000E+00   5.500000E+00   1.000000E+00
          206   8.000000E+00   5.500000E+00   1.000000E+00
          207   8.500000E+00   5.500000E+00   1.000000E+00
          208   9.000000E+00   5.500000E+00   1.000000E+00
          209   9.500000E+00   5.500000E+00   1.000000E+00
          210   1.000000E+01   5.500000E+00   1.000000E+00
          211   0.000000E+00   5.000000E+00   1.000000E+00
          212   5.000000E-01   5.000000E+00   1.000000E+00
          213   1.000000E+00   5.000000E+00   1.000000E+00
          214   1.500000E+00   5.000000E+00   1.000000E+00
          215   2.000000E+00   5.000000E+00   1.000000E+00
          216   2.500000E+00   5.000000E+00   1.000000E+00
          217   3.000000E+00   5.000000E+00   1.000000E+00
          218   3.500000E+00   5.000000E+00   1.000000E+00
          219   4.000000E+00   5.000000E+00   1.000000E+00
          220   4.500000E+00   5.000000E+00   1.000000E+00
          221   5.000000E+00   5.000000E+00   1.000000E+00
          222   5.500000E+00   5.000000E+00   1.000000E+00
          223   6.000000E+00   5.000000E+00   1.000000E+00
          224   6.500000E+00   5.000000E+00   1.000000E+00
          225   7.000000E+00   5.000000E+00   1.000000E+00
          226   7.500000E+00   5.000000E+00   1.000000E+00
          227   8.000000E+00   5.000000E+00   1.000000E+00
          228   8.500000E+00   5.000000E+00   1.000000E+00
          229   9.000000E+00   5.000000E+00   1.000000E+00
          230   9.500000E+00   5.000000E+00   1.000000E+00
          231   1.000000E+01   5.000000E+00   1.000000E+00
          232   0.000000E+00   4.500000E+00   1.000000E+00
          233   5.000000E-01   4.500000E+00   1.000000E+00
          234   1.000000E+00   4.500000E+00   1.000000E+00
          235   1.500000E+00   4.500000E+00   1.000000E+00
          236   2.000000E+00   4.500000E+00   1.000000E+00
          237   2.500000E+00   4.500000E+00   1.000000E+00
          238   3.000000E+00   4.500000E+00   1.000000E+00
          239   3.500000E+00   4.500000E+00   1.000000E+00
          240   4.000000E+00   4.500000E+00   1.000000E+00
          241   4.500000E+00   4.500000E+00   1.000000E+00
          242   5.000000E+00   4.500000E+00   1.000000E+00
          243   5.500000E+00   4.500000E+00   1.000000E+00
          244   6.000000E+00   4.500000E+00   1.000000E+00
          245   6.500000E+00   4.500000E+00   1.000000E+00
          246   7.000000E+00   4.500000E+00   1.000000E+00
          247   7.500000E+00   4.500000E+00   1.000000E+00
          248   8.000000E+00   4.500000E+00   1.000000E+00
          249   8.500000E+00   4.500000E+00   1.000000E+00
          250   9.000000E+00   4.500000E+00   1.000000E+00
          251   9.500000E+00   4.500000E+00   1.000000E+00
          252   1.000000E+01   4.500000E+00   1.000000E+00
          253   0.000000E+00   4.000000E+00   1.000000E+00
          254   5.000000E-01   4.000000E+00   1.000000E+00
          255   1.000000E+00   4.000000E+00   1.000000E+00
          256   1.500000E+00   4.000000E+00   1.000000E+00
          257   2.000000E+00   4.000000E+00   1.000000E+00
          258   2.500000E+00   4.000000E+00   1.000000E+00
          259   3.000000E+00   4.000000E+00   1.000000E+00
          260   3.500000E+00   4.000000E+00   1.000000E+00
          261   4.000000E+00   4.000000E+00   1.000000E+00
          262   4.500000E+00   4.000000E+00   1.000000E+00
          263   5.000000E+00   4.000000E+00   1.000000E+00
          264   5.500000E+00   4.000000E+00   1.000000E+00
          265   6.000000E+00   4.000000E+00   1.000000E+00
          266   6.500000E+00   4.000000E+00   1.000000E+00
          267   7.000000E+00   4.000000E+00   1.000000E+00
          268   7.500000E+00   4.000000E+00   1.000000E+00
          269   8.000000E+00   4.000000E+00   1.000000E+00
          270   8.500000E+00   4.000000E+00   1.000000E+00
          271   9.000000E+00   4.000000E+00   1.000000E+00
          272   9.500000E+00   4.000000E+00   1.000000E+00
          273   1.000000E+01   4.000000E+00   1.000000E+00
          274   0.000000E+00   3.500000E+00   1.000000E+00
          275   5.000000E-01   3.500000E+00   1.000000E+00
          276   1.000000E+00   3.500000E+00   1.000000E+00
          277   1.500000E+00   3.500000E+00   1.000000E+00
          278   2.000000E+00   3.500000E+00   1.000000E+00
          279   2.500000E+00   3.500000E+00   1.000000E+00
          280   3.000000E+00   3.500000E+00   1.000000E+00
          281   3.500000E+00   3.500000E+00   1.000000E+00
          282   4.000000E+00   3.500000E+00   1.000000E+00
          283   4.500000E+00   3.500000E+00   1.000000E+00
          284   5.000000E+00   3.500000E+00   1.000000E+00
          285   5.500000E+00   3.500000E+00   1.000000E+00
          286   6.000000E+00   3.500000E+00   1.000000E+00
          287   6.500000E+00   3.500000E+00   1.000000E+00
          288   7.000000E+00   3.500000E+00   1.000000E+00
          289   7.500000E+00   3.500000E+00   1.000000E+00
          290   8.000000E+00   3.500000E+00   1.000000E+00
          291   8.500000E+00   3.500000E+00   1.000000E+00
          292   9.000000E+00   3.500000E+00   1.000000E+00
          293   9.500000E+00   3.500000E+00   1.000000E+00
          294   1.000000E+01   3.500000E+00   1.000000E+00
          295   0.000000E+00   3.000000E+00   1.000000E+00
          296   5.000000E-01   3.000000E+00   1.000000E+00
          297   1.000000E+00   3.000000E+00   1.000000E+00
          298   1.500000E+00   3.000000E+00   1.000000E+00
          299   2.000000E+00   3.000000E+00   1.000000E+00
          300   2.500000E+00   3.000000E+00   1.000000E+00
          301   3.000000E+00   3.000000E+00   1.000000E+00
          302   3.500000E+00   3.000000E+00   1.000000E+00
          303   4.000000E+00   3.000000E+00   1.000000E+00
          304   4.500000E+00   3.000000E+00   1.000000E+00
          305   5.000000E+00   3.000000E+00   1.000000E+00
          306   5.500000E+00   3.000000E+00   1.000000E+00
          307   6.000000E+00   3.000000E+00   1.000000E+00
          308   6.500000E+00   3.000000E+00   1.000000E+00
          309   7.000000E+00   3.000000E+00   1.000000E+00
          310   7.500000E+00   3.000000E+00   1.000000E+00
          311   8.000000E+00   3.000000E+00   1.000000E+00
          312   8.500000E+00   3.000000E+00   1.000000E+00
          313   9.000000E+00   3.000000E+00   1.000000E+00
          314   9.500000E+00   3.000000E+00   1.000000E+00
          315   1.000000E+01   3.000000E+00   1.000000E+00
          316   0.000000E+00   2.500000E+00   1.000000E+00
          317   5.000000E-01   2.500000E+00   1.000000E+00
          318   1.000000E+00   2.500000E+00   1.000000E+00
          319   1.500000E+00   2.500000E+00   1.000000E+00
          320   2.000000E+00   2.500000E+00   1.000000E+00
          321   2.500000E+00   2.500000E+00   1.000000E+00
          322   3.000000E+00   2.500000E+00   1.000000E+00
          323   3.500000E+00   2.500000E+00   1.000000E+00
          324   4.000000E+00   2.500000E+00   1.000000E+00
          325   4.500000E+00   2.500000E+00   1.000000E+00
          326   5.000000E+00   2.500000E+00   1.000000E+00
          327   5.500000E+00   2.500000E+00   1.000000E+00
          328   6.000000E+00   2.500000E+00   1.000000E+00
          329   6.500000E+00   2.500000E+00   1.000000E+00
          330   7.000000E+00   2.500000E+00   1.000000E+00
          331   7.500000E+00   2.500000E+00   1.000000E+00
          332   8.000000E+00   2.500000E+00   1.000000E+00
          333   8.500000E+00   2.500000E+00   1.000000E+00
          334   9.000000E+00   2.500000E+00   1.000000E+00
          335   9.500000E+00   2.500000E+00   1.000000E+00
          336   1.000000E+01   2.500000E+00   1.000000E+00
          337   0.000000E+00   2.000000E+00   1.000000E+00
          338   5.000000E-01   2.000000E+00   1.000000E+00
          339   1.000000E+00   2.000000E+00   1.000000E+00
          340   1.500000E+00   2.000000E+00   1.000000E+00
          341   2.000000E+00   2.000000E+00   1.000000E+00
          342   2.500000E+00   2.000000E+00   1.000000E+00
          343   3.000000E+00   2.000000E+00   1.000000E+00
          344   3.500000E+00   2.000000E+00   1.000000E+00
          345   4.000000E+00   2.000000E+00   1.000000E+00
          346   4.500000E+00   2.000000E+00   1.000000E+00
          347   5.000000E+00   2.000000E+00   1.000000E+00
          348   5.500000E+00   2.000000E+00   1.000000E+00
          349   6.000000E+00   2.000000E+00   1.000000E+00
          350   6.500000E+00   2.000000E+00   1.000000E+00
          351   7.000000E+00   2.000000E+00   1.000000E+00
          352   7.500000E+00   2.000000E+00   1.000000E+00
          353   8.000000E+00   2.000000E+00   1.000000E+00
          354   8.500000E+00   2.000000E+00   1.000000E+00
          355   9.000000E+00   2.000000E+00   1.000000E+00
          356   9.500000E+00   2.000000E+00   1.000000E+00
          357   1.000000E+01   2.000000E+00   1.000000E+00
          358   0.000000E+00   1.500000E+00   1.000000E+00
          359   5.000000E-01   1.500000E+00   1.000000E+00
          360   1.000000E+00   1.500000E+00   1.000000E+00
          361   1.500000E+00   1.500000E+00   1.000000E+00
          362   2.000000E+00   1.500000E+00   1.000000E+00
          363   2.500000E+00   1.500000E+00   1.000000E+00
          364   3.000000E+00   1.500000E+00   1.000000E+00
          365   3.500000E+00   1.500000E+00   1.000000E+00
          366   4.000000E+00   1.500000E+00   1.000000E+00
          367   4.500000E+00   1.500000E+00   1.000000E+00
          368   5.000000E+00   1.500000E+00   1.000000E+00
          369   5.500000E+00   1.500000E+00   1.000000E+00
          370   6.000000E+00   1.500000E+00   1.000000E+00
          371   6.500000E+00   1.500000E+00   1.000000E+00
          372   7.000000E+00   1.500000E+00   1.000000E+00
          373   7.500000E+00   1.500000E+00   1.000000E+00
          374   8.000000E+00   1.500000E+00   1.000000E+00
          375   8.500000E+00   1.500000E+00   1.000000E+00
          376   9.000000E+00   1.500000E+00   1.000000E+00
          377   9.500000E+00   1.500000E+00   1.000000E+00
          378   1.000000E+01   1.500000E+00   1.000000E+00
          379   0.000000E+00   1.000000E+00   1.000000E+00
          380   5.000000E-01   1.000000E+00   1.000000E+00
          381   1.000000E+00   1.000000E+00   1.000000E+00
          382   1.500000E+00   1.000000E+00   1.000000E+00
          383   2.000000E+00   1.000000E+00   1.000000E+00
          384   2.500000E+00   1.000000E+00   1.000000E+00
          385   3.000000E+00   1.000000E+00   1.000000E+00
          386   3.500000E+00   1.000000E+00   1.000000E+00
          387   4.000000E+00   1.000000E+00   1.000000E+00
          388   4.500000E+00   1.000000E+00   1.000000E+00
          389   5.000000E+00   1.000000E+00   1.000000E+00
          390   5.500000E+00   1.000000E+00   1.000000E+00
          391   6.000000E+00   1.000000E+00   1.000000E+00
          392   6.500000E+00   1.000000E+00   1.000000E+00
          393   7.000000E+00   1.000000E+00   1.000000E+00
          394   7.500000E+00   1.000000E+00   1.000000E+00
          395   8.000000E+00   1.000000E+00   1.000000E+00
          396   8.500000E+00   1.000000E+00   1.000000E+00
          397   9.000000E+00   1.000000E+00   1.000000E+00
          398   9.500000E+00   1.000000E+00   1.000000E+00
          399   1.000000E+01   1.000000E+00   1.000000E+00
          400   0.000000E+00   5.000000E-01   1.000000E+00
          401   5.000000E-01   5.000000E-01   1.000000E+00
          402   1.000000E+00   5.000000E-01   1.000000E+00
          403   1.500000E+00   5.000000E-01   1.000000E+00
          404   2.000000E+00   5.000000E-01   1.000000E+00
          405   2.500000E+00   5.000000E-01   1.000000E+00
          406   3.000000E+00   5.000000E-01   1.000000E+00
          407   3.500000E+00   5.000000E-01   1.000000E+00
          408   4.000000E+00   5.000000E-01   1.000000E+00
          409   4.500000E+00   5.000000E-01   1.000000E+00
          410   5.000000E+00   5.000000E-01   1.000000E+00
          411   5.500000E+00   5.000000E-01   1.000000E+00
          412   6.000000E+00   5.000000E-01   1.000000E+00
          413   6.500000E+00   5.000000E-01   1.000000E+00
          414   7.000000E+00   5.000000E-01   1.000000E+00
          415   7.500000E+00   5.000000E-01   1.000000E+00
          416   8.000000E+00   5.000000E-01   1.000000E+00
          417   8.500000E+00   5.000000E-01   1.000000E+00
          418   9.000000E+00   5.000000E-01   1.000000E+00
          419   9.500000E+00   5.000000E-01   1.000000E+00
          420   1.000000E+01   5.000000E-01   1.000000E+00
          421   0.000000E+00   0.000000E+00   1.000000E+00
          422   5.000000E-01   0.000000E+00   1.000000E+00
          423   1.000000E+00   0.000000E+00   1.000000E+00
          424   1.500000E+00   0.000000E+00   1.000000E+00
          425   2.000000E+00   0.000000E+00   1.000000E+00
          426   2.500000E+00   0.000000E+00   1.000000E+00
          427   3.000000E+00   0.000000E+00   1.000000E+00
          428   3.500000E+00   0.000000E+00   1.000000E+00
          429   4.000000E+00   0.000000E+00   1.000000E+00
          430   4.500000E+00   0.000000E+00   1.000000E+00
          431   5.000000E+00   0.000000E+00   1.000000E+00
          432   5.500000E+00   0.000000E+00   1.000000E+00
          433   6.000000E+00   0.000000E+00   1.000000E+00
          434   6.500000E+00   0.000000E+00   1.000000E+00
          435   7.000000E+00   0.000000E+00   1.000000E+00
          436   7.500000E+00   0.000000E+00   1.000000E+00
          437   8.000000E+00   0.000000E+00   1.000000E+00
          438   8.500000E+00   0.000000E+00   1.000000E+00
          439   9.000000E+00   0.000000E+00   1.000000E+00
          440   9.500000E+00   0.000000E+00   1.000000E+00
          441   1.000000E+01   0.000000E+00   1.000000E+00
    326  1.80840115E+03     NSTEP   TIME
 SURFACE NODE              X              Y             SW
            1   0.000000E+00   1.000000E+01   6.880252E-01
            2   5.000000E-01   1.000000E+01   6.897306E-01
            3   1.000000E+00   1.000000E+01   6.905945E-01
            4   1.500000E+00   1.000000E+01   6.911303E-01
            5   2.000000E+00   1.000000E+01   6.916489E-01
            6   2.500000E+00   1.000000E+01   6.921214E-01
            7   3.000000E+00   1.000000E+01   6.925416E-01
            8   3.500000E+00   1.000000E+01   6.929232E-01
            9   4.000000E+00   1.000000E+01   6.933157E-01
           10   4.500000E+00   1.000000E+01   6.937070E-01
           11   5.000000E+00   1.000000E+01   6.941016E-01
           12   5.500000E+00   1.000000E+01   6.945434E-01
           13   6.000000E+00   1.000000E+01   6.950528E-01
           14   6.500000E+00   1.000000E+01   6.956634E-01
           15   7.000000E+00   1.000000E+01   6.964362E-01
           16   7.500000E+00   1.000000E+01   6.974599E-01
           17   8.000000E+00   1.000000E+01   6.988449E-01
           18   8.500000E+00   1.000000E+01   7.008076E-01
           19   9.000000E+00   1.000000E+01   7.034594E-01
           20   9.500000E+00   1.000000E+01   7.100125E-01
           21   1.000000E+01   1.000000E+01   7.122872E-01
           22   0.000000E+00   9.500000E+00   6.913630E-01
           23   5.000000E-01   9.500000E+00   6.917329E-01
           24   1.000000E+00   9.500000E+00   6.938506E-01
           25   1.500000E+00   9.500000E+00   6.943027E-01
           26   2.000000E+00   9.500000E+00   6.948871E-01
           27   2.500000E+00   9.500000E+00   6.954423E-01
           28   3.000000E+00   9.500000E+00   6.959585E-01
           29   3.500000E+00   9.500000E+00   6.964671E-01
           30   4.000000E+00   9.500000E+00   6.969608E-01
           31   4.500000E+00   9.500000E+00   6.974723E-01
           32   5.000000E+00   9.500000E+00   6.980119E-01
           33   5.500000E+00   9.500000E+00   6.986167E-01
           34   6.000000E+00   9.500000E+00   6.993224E-01
           35   6.500000E+00   9.500000E+00   7.001731E-01
           36   7.000000E+00   9.500000E+00   7.012380E-01
           37   7.500000E+00   9.500000E+00   7.026233E-01
           38   8.000000E+00   9.500000E+00   7.044906E-01
           39   8.500000E+00   9.500000E+00   7.071495E-01
           40   9.000000E+00   9.500000E+00   7.110012E-01
           41   9.500000E+00   9.500000E+00   7.192493E-01
           42   1.000000E+01   9.500000E+00   7.194513E-01
           43   0.000000E+00   9.000000E+00   6.947552E-01
           44   5.000000E-01   9.000000E+00   6.955556E-01
           45   1.000000E+00   9.000000E+00   6.988445E-01
           46   1.500000E+00   9.000000E+00   6.998940E-01
           47   2.000000E+00   9.000000E+00   7.011439E-01
           48   2.500000E+00   9.000000E+00   7.022889E-01
           49   3.000000E+00   9.000000E+00   7.033628E-01
           50   3.500000E+00   9.000000E+00   7.044009E-01
           51   4.000000E+00   9.000000E+00   7.054131E-01
           52   4.500000E+00   9.000000E+00   7.064466E-01
           53   5.000000E+00   9.000000E+00   7.075243E-01
           54   5.500000E+00   9.000000E+00   7.087106E-01
           55   6.000000E+00   9.000000E+00   7.100723E-01
           56   6.500000E+00   9.000000E+00   7.117091E-01
           57   7.000000E+00   9.000000E+00   7.137696E-01
           58   7.500000E+00   9.000000E+00   7.164797E-01
           59   8.000000E+00   9.000000E+00   7.202085E-01
           60   8.500000E+00   9.000000E+00   7.254797E-01
           61   9.000000E+00   9.000000E+00   7.326377E-01
           62   9.500000E+00   9.000000E+00   7.443302E-01
           63   1.000000E+01   9.000000E+00   7.451173E-01
           64   0.000000E+00   8.500000E+00   6.980898E-01
           65   5.000000E-01   8.500000E+00   6.983512E-01
           66   1.000000E+00   8.500000E+00   7.025774E-01
           67   1.500000E+00   8.500000E+00   7.044208E-01
           68   2.000000E+00   8.500000E+00   7.063930E-01
           69   2.500000E+00   8.500000E+00   7.082247E-01
           70   3.000000E+00   8.500000E+00   7.099604E-01
           71   3.500000E+00   8.500000E+00   7.116522E-01
           72   4.000000E+00   8.500000E+00   7.133485E-01
           73   4.500000E+00   8.500000E+00   7.151035E-01
           74   5.000000E+00   8.500000E+00   7.169928E-01
           75   5.500000E+00   8.500000E+00   7.191192E-01
           76   6.000000E+00   8.500000E+00   7.216076E-01
           77   6.500000E+00   8.500000E+00   7.246279E-01
           78   7.000000E+00   8.500000E+00   7.283395E-01
           79   7.500000E+00   8.500000E+00   7.329190E-01
           80   8.000000E+00   8.500000E+00   7.387274E-01
           81   8.500000E+00   8.500000E+00   7.462807E-01
           82   9.000000E+00   8.500000E+00   7.562706E-01
           83   9.500000E+00   8.500000E+00   7.724786E-01
           84   1.000000E+01   8.500000E+00   7.733969E-01
           85   0.000000E+00   8.000000E+00   7.019466E-01
           86   5.000000E-01   8.000000E+00   7.019541E-01
           87   1.000000E+00   8.000000E+00   7.072166E-01
           88   1.500000E+00   8.000000E+00   7.099712E-01
           89   2.000000E+00   8.000000E+00   7.127991E-01
           90   2.500000E+00   8.000000E+00   7.155125E-01
           91   3.000000E+00   8.000000E+00   7.181817E-01
           92   3.500000E+00   8.000000E+00   7.208631E-01
           93   4.000000E+00   8.000000E+00   7.236200E-01
           94   4.500000E+00   8.000000E+00   7.265008E-01
           95   5.000000E+00   8.000000E+00   7.295429E-01
           96   5.500000E+00   8.000000E+00   7.328106E-01
           97   6.000000E+00   8.000000E+00   7.364499E-01
           98   6.500000E+00   8.000000E+00   7.406567E-01
           99   7.000000E+00   8.000000E+00   7.456819E-01
          100   7.500000E+00   8.000000E+00   7.518601E-01
          101   8.000000E+00   8.000000E+00   7.597172E-01
          102   8.500000E+00   8.000000E+00   7.708322E-01
          103   9.000000E+00   8.000000E+00   7.869267E-01
          104   9.500000E+00   8.000000E+00   8.092898E-01
          105   1.000000E+01   8.000000E+00   8.101916E-01
          106   0.000000E+00   7.500000E+00   7.063260E-01
          107   5.000000E-01   7.500000E+00   7.061579E-01
          108   1.000000E+00   7.500000E+00   7.124906E-01
          109   1.500000E+00   7.500000E+00   7.164040E-01
          110   2.000000E+00   7.500000E+00   7.204497E-01
          111   2.500000E+00   7.500000E+00   7.244616E-01
          112   3.000000E+00   7.500000E+00   7.284327E-01
          113   3.500000E+00   7.500000E+00   7.322839E-01
          114   4.000000E+00   7.500000E+00   7.360524E-01
          115   4.500000E+00   7.500000E+00   7.398454E-01
          116   5.000000E+00   7.500000E+00   7.437882E-01
          117   5.500000E+00   7.500000E+00   7.480439E-01
          118   6.000000E+00   7.500000E+00   7.528105E-01
          119   6.500000E+00   7.500000E+00   7.583630E-01
          120   7.000000E+00   7.500000E+00   7.652615E-01
          121   7.500000E+00   7.500000E+00   7.748446E-01
          122   8.000000E+00   7.500000E+00   7.870896E-01
          123   8.500000E+00   7.500000E+00   8.024907E-01
          124   9.000000E+00   7.500000E+00   8.220667E-01
          125   9.500000E+00   7.500000E+00   8.485148E-01
          126   1.000000E+01   7.500000E+00   8.493151E-01
          127   0.000000E+00   7.000000E+00   7.112591E-01
          128   5.000000E-01   7.000000E+00   7.110267E-01
          129   1.000000E+00   7.000000E+00   7.186999E-01
          130   1.500000E+00   7.000000E+00   7.242160E-01
          131   2.000000E+00   7.000000E+00   7.297965E-01
          132   2.500000E+00   7.000000E+00   7.350485E-01
          133   3.000000E+00   7.000000E+00   7.400116E-01
          134   3.500000E+00   7.000000E+00   7.447919E-01
          135   4.000000E+00   7.000000E+00   7.495213E-01
          136   4.500000E+00   7.000000E+00   7.543451E-01
          137   5.000000E+00   7.000000E+00   7.594501E-01
          138   5.500000E+00   7.000000E+00   7.652002E-01
          139   6.000000E+00   7.000000E+00   7.723705E-01
          140   6.500000E+00   7.000000E+00   7.809981E-01
          141   7.000000E+00   7.000000E+00   7.910243E-01
          142   7.500000E+00   7.000000E+00   8.030217E-01
          143   8.000000E+00   7.000000E+00   8.176122E-01
          144   8.500000E+00   7.000000E+00   8.351484E-01
          145   9.000000E+00   7.000000E+00   8.605937E-01
          146   9.500000E+00   7.000000E+00   8.948787E-01
          147   1.000000E+01   7.000000E+00   8.959331E-01
          148   0.000000E+00   6.500000E+00   7.170919E-01
          149   5.000000E-01   6.500000E+00   7.168718E-01
          150   1.000000E+00   6.500000E+00   7.262944E-01
          151   1.500000E+00   6.500000E+00   7.334263E-01
          152   2.000000E+00   6.500000E+00   7.401542E-01
          153   2.500000E+00   6.500000E+00   7.464764E-01
          154   3.000000E+00   6.500000E+00   7.525478E-01
          155   3.500000E+00   6.500000E+00   7.585355E-01
          156   4.000000E+00   6.500000E+00   7.647189E-01
          157   4.500000E+00   6.500000E+00   7.717329E-01
          158   5.000000E+00   6.500000E+00   7.795274E-01
          159   5.500000E+00   6.500000E+00   7.877920E-01
          160   6.000000E+00   6.500000E+00   7.967736E-01
          161   6.500000E+00   6.500000E+00   8.068345E-01
          162   7.000000E+00   6.500000E+00   8.184515E-01
          163   7.500000E+00   6.500000E+00   8.319594E-01
          164   8.000000E+00   6.500000E+00   8.497602E-01
          165   8.500000E+00   6.500000E+00   8.736632E-01
          166   9.000000E+00   6.500000E+00   9.037069E-01
          167   9.500000E+00   6.500000E+00   9.399587E-01
          168   1.000000E+01   6.500000E+00   9.403083E-01
          169   0.000000E+00   6.000000E+00   7.243339E-01
          170   5.000000E-01   6.000000E+00   7.241214E-01
          171   1.000000E+00   6.000000E+00   7.350578E-01
          172   1.500000E+00   6.000000E+00   7.434849E-01
          173   2.000000E+00   6.000000E+00   7.514747E-01
          174   2.500000E+00   6.000000E+00   7.592009E-01
          175   3.000000E+00   6.000000E+00   7.671154E-01
          176   3.500000E+00   6.000000E+00   7.759326E-01
          177   4.000000E+00   6.000000E+00   7.848285E-01
          178   4.500000E+00   6.000000E+00   7.936847E-01
          179   5.000000E+00   6.000000E+00   8.026412E-01
          180   5.500000E+00   6.000000E+00   8.120254E-01
          181   6.000000E+00   6.000000E+00   8.221952E-01
          182   6.500000E+00   6.000000E+00   8.333097E-01
          183   7.000000E+00   6.000000E+00   8.473324E-01
          184   7.500000E+00   6.000000E+00   8.652675E-01
          185   8.000000E+00   6.000000E+00   8.871105E-01
          186   8.500000E+00   6.000000E+00   9.135368E-01
          187   9.000000E+00   6.000000E+00   9.477041E-01
          188   9.500000E+00   6.000000E+00   9.797756E-01
          189   1.000000E+01   6.000000E+00   9.791143E-01
          190   0.000000E+00   5.500000E+00   7.327832E-01
          191   5.000000E-01   5.500000E+00   7.325905E-01
          192   1.000000E+00   5.500000E+00   7.448014E-01
          193   1.500000E+00   5.500000E+00   7.547693E-01
          194   2.000000E+00   5.500000E+00   7.646415E-01
          195   2.500000E+00   5.500000E+00   7.755605E-01
          196   3.000000E+00   5.500000E+00   7.864962E-01
          197   3.500000E+00   5.500000E+00   7.969463E-01
          198   4.000000E+00   5.500000E+00   8.069699E-01
          199   4.500000E+00   5.500000E+00   8.168814E-01
          200   5.000000E+00   5.500000E+00   8.268602E-01
          201   5.500000E+00   5.500000E+00   8.370782E-01
          202   6.000000E+00   5.500000E+00   8.498752E-01
          203   6.500000E+00   5.500000E+00   8.645909E-01
          204   7.000000E+00   5.500000E+00   8.814421E-01
          205   7.500000E+00   5.500000E+00   9.010929E-01
          206   8.000000E+00   5.500000E+00   9.235632E-01
          207   8.500000E+00   5.500000E+00   9.541433E-01
          208   9.000000E+00   5.500000E+00   1.000000E+00
          209   9.500000E+00   5.500000E+00   1.000000E+00
          210   1.000000E+01   5.500000E+00   1.000000E+00
          211   0.000000E+00   5.000000E+00   7.422853E-01
          212   5.000000E-01   5.000000E+00   7.422824E-01
          213   1.000000E+00   5.000000E+00   7.560703E-01
          214   1.500000E+00   5.000000E+00   7.686624E-01
          215   2.000000E+00   5.000000E+00   7.824959E-01
          216   2.500000E+00   5.000000E+00   7.956684E-01
          217   3.000000E+00   5.000000E+00   8.079504E-01
          218   3.500000E+00   5.000000E+00   8.195650E-01
          219   4.000000E+00   5.000000E+00   8.305943E-01
          220   4.500000E+00   5.000000E+00   8.417387E-01
          221   5.000000E+00   5.000000E+00   8.547360E-01
          222   5.500000E+00   5.000000E+00   8.683017E-01
          223   6.000000E+00   5.000000E+00   8.827725E-01
          224   6.500000E+00   5.000000E+00   8.985329E-01
          225   7.000000E+00   5.000000E+00   9.156581E-01
          226   7.500000E+00   5.000000E+00   9.359524E-01
          227   8.000000E+00   5.000000E+00   9.590814E-01
          228   8.500000E+00   5.000000E+00   9.819833E-01
          229   9.000000E+00   5.000000E+00   1.000000E+00
          230   9.500000E+00   5.000000E+00   1.000000E+00
          231   1.000000E+01   5.000000E+00   1.000000E+00
          232   0.000000E+00   4.500000E+00   7.535349E-01
          233   5.000000E-01   4.500000E+00   7.538401E-01
          234   1.000000E+00   4.500000E+00   7.706854E-01
          235   1.500000E+00   4.500000E+00   7.875325E-01
          236   2.000000E+00   4.500000E+00   8.033976E-01
          237   2.500000E+00   4.500000E+00   8.180377E-01
          238   3.000000E+00   4.500000E+00   8.314935E-01
          239   3.500000E+00   4.500000E+00   8.449292E-01
          240   4.000000E+00   4.500000E+00   8.593275E-01
          241   4.500000E+00   4.500000E+00   8.735068E-01
          242   5.000000E+00   4.500000E+00   8.876535E-01
          243   5.500000E+00   4.500000E+00   9.019239E-01
          244   6.000000E+00   4.500000E+00   9.163825E-01
          245   6.500000E+00   4.500000E+00   9.326245E-01
          246   7.000000E+00   4.500000E+00   9.505368E-01
          247   7.500000E+00   4.500000E+00   9.704518E-01
          248   8.000000E+00   4.500000E+00   9.882227E-01
          249   8.500000E+00   4.500000E+00   1.000000E+00
          250   9.000000E+00   4.500000E+00   1.000000E+00
          251   9.500000E+00   4.500000E+00   1.000000E+00
          252   1.000000E+01   4.500000E+00   1.000000E+00
          253   0.000000E+00   4.000000E+00   7.686288E-01
          254   5.000000E-01   4.000000E+00   7.691633E-01
          255   1.000000E+00   4.000000E+00   7.904729E-01
          256   1.500000E+00   4.000000E+00   8.096792E-01
          257   2.000000E+00   4.000000E+00   8.272705E-01
          258   2.500000E+00   4.000000E+00   8.437084E-01
          259   3.000000E+00   4.000000E+00   8.610667E-01
          260   3.500000E+00   4.000000E+00   8.775859E-01
          261   4.000000E+00   4.000000E+00   8.931885E-01
          262   4.500000E+00   4.000000E+00   9.079042E-01
          263   5.000000E+00   4.000000E+00   9.217680E-01
          264   5.500000E+00   4.000000E+00   9.366461E-01
          265   6.000000E+00   4.000000E+00   9.517758E-01
          266   6.500000E+00   4.000000E+00   9.681786E-01
          267   7.000000E+00   4.000000E+00   9.822298E-01
          268   7.500000E+00   4.000000E+00   1.000000E+00
          269   8.000000E+00   4.000000E+00   1.000000E+00
          270   8.500000E+00   4.000000E+00   1.000000E+00
          271   9.000000E+00   4.000000E+00   1.000000E+00
          272   9.500000E+00   4.000000E+00   1.000000E+00
          273   1.000000E+01   4.000000E+00   1.000000E+00
          274   0.000000E+00   3.500000E+00   7.901850E-01
          275   5.000000E-01   3.500000E+00   7.907218E-01
          276   1.000000E+00   3.500000E+00   8.145543E-01
          277   1.500000E+00   3.500000E+00   8.355714E-01
          278   2.000000E+00   3.500000E+00   8.571410E-01
          279   2.500000E+00   3.500000E+00   8.777392E-01
          280   3.000000E+00   3.500000E+00   8.967916E-01
          281   3.500000E+00   3.500000E+00   9.138742E-01
          282   4.000000E+00   3.500000E+00   9.293224E-01
          283   4.500000E+00   3.500000E+00   9.444733E-01
          284   5.000000E+00   3.500000E+00   9.594147E-01
          285   5.500000E+00   3.500000E+00   9.724185E-01
          286   6.000000E+00   3.500000E+00   9.840192E-01
          287   6.500000E+00   3.500000E+00   1.000000E+00
          288   7.000000E+00   3.500000E+00   1.000000E+00
          289   7.500000E+00   3.500000E+00   1.000000E+00
          290   8.000000E+00   3.500000E+00   1.000000E+00
          291   8.500000E+00   3.500000E+00   1.000000E+00
          292   9.000000E+00   3.500000E+00   1.000000E+00
          293   9.500000E+00   3.500000E+00   1.000000E+00
          294   1.000000E+01   3.500000E+00   1.000000E+00
          295   0.000000E+00   3.000000E+00   8.165003E-01
          296   5.000000E-01   3.000000E+00   8.172567E-01
          297   1.000000E+00   3.000000E+00   8.439136E-01
          298   1.500000E+00   3.000000E+00   8.707391E-01
          299   2.000000E+00   3.000000E+00   8.955820E-01
          300   2.500000E+00   3.000000E+00   9.167226E-01
          301   3.000000E+00   3.000000E+00   9.361675E-01
          302   3.500000E+00   3.000000E+00   9.547194E-01
          303   4.000000E+00   3.000000E+00   9.686988E-01
          304   4.500000E+00   3.000000E+00   9.799138E-01
          305   5.000000E+00   3.000000E+00   9.932690E-01
          306   5.500000E+00   3.000000E+00   1.000000E+00
          307   6.000000E+00   3.000000E+00   1.000000E+00
          308   6.500000E+00   3.000000E+00   1.000000E+00
          309   7.000000E+00   3.000000E+00   1.000000E+00
          310   7.500000E+00   3.000000E+00   1.000000E+00
          311   8.000000E+00   3.000000E+00   1.000000E+00
          312   8.500000E+00   3.000000E+00   1.000000E+00
          313   9.000000E+00   3.000000E+00   1.000000E+00
          314   9.500000E+00   3.000000E+00   1.000000E+00
          315   1.000000E+01   3.000000E+00   1.000000E+00
          316   0.000000E+00   2.500000E+00   8.505514E-01
          317   5.000000E-01   2.500000E+00   8.511649E-01
          318   1.000000E+00   2.500000E+00   8.848108E-01
          319   1.500000E+00   2.500000E+00   9.141117E-01
          320   2.000000E+00   2.500000E+00   9.403085E-01
          321   2.500000E+00   2.500000E+00   9.612328E-01
          322   3.000000E+00   2.500000E+00   9.774510E-01
          323   3.500000E+00   2.500000E+00   9.968796E-01
          324   4.000000E+00   2.500000E+00   1.000000E+00
          325   4.500000E+00   2.500000E+00   1.000000E+00
          326   5.000000E+00   2.500000E+00   1.000000E+00
          327   5.500000E+00   2.500000E+00   1.000000E+00
          328   6.000000E+00   2.500000E+00   1.000000E+00
          329   6.500000E+00   2.500000E+00   1.000000E+00
          330   7.000000E+00   2.500000E+00   1.000000E+00
          331   7.500000E+00   2.500000E+00   1.000000E+00
          332   8.000000E+00   2.500000E+00   1.000000E+00
          333   8.500000E+00   2.500000E+00   1.000000E+00
          334   9.000000E+00   2.500000E+00   1.000000E+00
          335   9.500000E+00   2.500000E+00   1.000000E+00
          336   1.000000E+01   2.500000E+00   1.000000E+00
          337   0.000000E+00   2.000000E+00   8.975725E-01
          338   5.000000E-01   2.000000E+00   8.982202E-01
          339   1.000000E+00   2.000000E+00   9.362757E-01
          340   1.500000E+00   2.000000E+00   9.641422E-01
          341   2.000000E+00   2.000000E+00   9.906098E-01
          342   2.500000E+00   2.000000E+00   1.000000E+00
          343   3.000000E+00   2.000000E+00   1.000000E+00
          344   3.500000E+00   2.000000E+00   1.000000E+00
          345   4.000000E+00   2.000000E+00   1.000000E+00
          346   4.500000E+00   2.000000E+00   1.000000E+00
          347   5.000000E+00   2.000000E+00   1.000000E+00
          348   5.500000E+00   2.000000E+00   1.000000E+00
          349   6.000000E+00   2.000000E+00   1.000000E+00
          350   6.500000E+00   2.000000E+00   1.000000E+00
          351   7.000000E+00   2.000000E+00   1.000000E+00
          352   7.500000E+00   2.000000E+00   1.000000E+00
          353   8.000000E+00   2.000000E+00   1.000000E+00
          354   8.500000E+00   2.000000E+00   1.000000E+00
          355   9.000000E+00   2.000000E+00   1.000000E+00
          356   9.500000E+00   2.000000E+00   1.000000E+00
          357   1.000000E+01   2.000000E+00   1.000000E+00
          358   0.000000E+00   1.500000E+00   9.544705E-01
          359   5.000000E-01   1.500000E+00   9.558254E-01
          360   1.000000E+00   1.500000E+00   1.000000E+00
          361   1.500000E+00   1.500000E+00   1.000000E+00
          362   2.000000E+00   1.500000E+00   1.000000E+00
          363   2.500000E+00   1.500000E+00   1.000000E+00
          364   3.000000E+00   1.500000E+00   1.000000E+00
          365   3.500000E+00   1.500000E+00   1.000000E+00
          366   4.000000E+00   1.500000E+00   1.000000E+00
          367   4.500000E+00   1.500000E+00   1.000000E+00
          368   5.000000E+00   1.500000E+00   1.000000E+00
          369   5.500000E+00   1.500000E+00   1.000000E+00
          370   6.000000E+00   1.500000E+00   1.000000E+00
          371   6.500000E+00   1.500000E+00   1.000000E+00
          372   7.000000E+00   1.500000E+00   1.000000E+00
          373   7.500000E+00   1.500000E+00   1.000000E+00
          374   8.000000E+00   1.500000E+00   1.000000E+00
          375   8.500000E+00   1.500000E+00   1.000000E+00
          376   9.000000E+00   1.500000E+00   1.000000E+00
          377   9.500000E+00   1.500000E+00   1.000000E+00
          378   1.000000E+01   1.500000E+00   1.000000E+00
          379   0.000000E+00   1.000000E+00   1.000000E+00
          380   5.000000E-01   1.000000E+00   1.000000E+00
          381   1.000000E+00   1.000000E+00   1.000000E+00
          382   1.500000E+00   1.000000E+00   1.000000E+00
          383   2.000000E+00   1.000000E+00   1.000000E+00
          384   2.500000E+00   1.000000E+00   1.000000E+00
          385   3.000000E+00   1.000000E+00   1.000000E+00
          386   3.500000E+00   1.000000E+00   1.000000E+00
          387   4.000000E+00   1.000000E+00   1.000000E+00
          388   4.500000E+00   1.000000E+00   1.000000E+00
          389   5.000000E+00   1.000000E+00   1.000000E+00
          390   5.500000E+00   1.000000E+00   1.000000E+00
          391   6.000000E+00   1.000000E+00   1.000000E+00
          392   6.500000E+00   1.000000E+00   1.000000E+00
          393   7.000000E+00   1.000000E+00   1.000000E+00
          394   7.500000E+00   1.000000E+00   1.000000E+00
          395   8.000000E+00   1.000000E+00   1.000000E+00
          396   8.500000E+00   1.000000E+00   1.000000E+00
