#TIME      <--- WTDEPTH(NODVP(I)), I=1,2,...,NUMVP --->
   1.000000E-02   3.350001E-01
   1.500000E-02   3.350001E-01
   2.050000E-02   3.350002E-01
   2.655000E-02   3.350002E-01
   3.320500E-02   3.350003E-01
   3.820500E-02   3.350004E-01
   4.320500E-02   3.350004E-01
   4.820500E-02   3.350005E-01
   5.370500E-02   3.350006E-01
   5.870500E-02   3.350007E-01
   6.420500E-02   3.350007E-01
   6.970500E-02   3.350008E-01
   7.520500E-02   3.350009E-01
   8.070500E-02   3.350010E-01
   8.620500E-02   3.350011E-01
   9.225500E-02   3.350012E-01
   9.830500E-02   3.350013E-01
   1.049600E-01   3.350014E-01
   1.116150E-01   3.350016E-01
   1.182700E-01   3.350017E-01
   1.249250E-01   3.350018E-01
   1.315800E-01   3.350019E-01
   1.382350E-01   3.350020E-01
   1.448900E-01   3.350022E-01
   1.515450E-01   3.350023E-01
   1.582000E-01   3.350024E-01
   1.648550E-01   3.350025E-01
   1.715100E-01   3.350027E-01
   1.788305E-01   3.350028E-01
   1.861510E-01   3.350030E-01
   1.934715E-01   3.350031E-01
   2.015240E-01   3.350033E-01
   2.095766E-01   3.350035E-01
   2.176291E-01   3.350036E-01
   2.256817E-01   3.350038E-01
   2.337342E-01   3.350039E-01
   2.417868E-01   3.350041E-01
   2.498393E-01   3.350043E-01
   2.578919E-01   3.350044E-01
   2.659444E-01   3.350046E-01
   2.739970E-01   3.350048E-01
   2.820495E-01   3.350049E-01
   2.909074E-01   3.350052E-01
   2.997652E-01   3.350053E-01
   3.086230E-01   3.350055E-01
   3.174808E-01   3.350057E-01
   3.263386E-01   3.350059E-01
   3.360822E-01   3.350061E-01
   3.458257E-01   3.350063E-01
   3.565437E-01   3.350066E-01
   3.672616E-01   3.350068E-01
   3.779796E-01   3.350071E-01
   3.886975E-01   3.350073E-01
   4.004873E-01   3.350076E-01
   4.122770E-01   3.350078E-01
   4.252457E-01   3.350081E-01
   4.395113E-01   3.350085E-01
   4.552034E-01   3.350089E-01
   4.708956E-01   3.350092E-01
   4.881569E-01   3.350096E-01
   5.071444E-01   3.350101E-01
   5.280307E-01   3.350106E-01
   5.489169E-01   3.350111E-01
   5.718918E-01   3.350116E-01
   5.971641E-01   3.350122E-01
   6.224365E-01   3.350128E-01
   6.477088E-01   3.350134E-01
   6.755084E-01   3.350140E-01
   7.033080E-01   3.350147E-01
   7.338875E-01   3.350154E-01
   7.675250E-01   3.350162E-01
   8.011625E-01   3.350170E-01
   8.381638E-01   3.350179E-01
   8.788652E-01   3.350189E-01
   9.236367E-01   3.350200E-01
   9.728853E-01   3.350212E-01
   1.027059E+00   3.350226E-01
   1.086650E+00   3.350240E-01
   1.146241E+00   3.350253E-01
   1.211791E+00   3.350270E-01
   1.277341E+00   3.350284E-01
   1.349446E+00   3.350302E-01
   1.428761E+00   3.350322E-01
   1.508076E+00   3.350339E-01
   1.595323E+00   3.350361E-01
   1.691295E+00   3.350384E-01
   1.787267E+00   3.350406E-01
   1.892836E+00   3.350432E-01
   1.998405E+00   3.350455E-01
   2.114530E+00   3.350484E-01
   2.230656E+00   3.350510E-01
   2.358395E+00   3.350541E-01
   2.498907E+00   3.350576E-01
   2.639419E+00   3.350607E-01
   2.793982E+00   3.350645E-01
   2.948546E+00   3.350680E-01
   3.118565E+00   3.350722E-01
   3.305587E+00   3.350768E-01
   3.492609E+00   3.350809E-01
   3.698333E+00   3.350860E-01
   3.924629E+00   3.350916E-01
   4.173555E+00   3.350977E-01
   4.422481E+00   3.351032E-01
   4.696299E+00   3.351100E-01
   4.970118E+00   3.351161E-01
   5.271318E+00   3.351235E-01
   5.602639E+00   3.351317E-01
   5.967091E+00   3.351406E-01
   6.367989E+00   3.351505E-01
   6.768886E+00   3.351594E-01
   7.169784E+00   3.351684E-01
   7.610771E+00   3.351792E-01
   8.051759E+00   3.351890E-01
   8.536845E+00   3.352010E-01
   9.070440E+00   3.352141E-01
   9.604035E+00   3.352260E-01
   1.019099E+01   3.352404E-01
   1.083664E+01   3.352563E-01
   1.148229E+01   3.352707E-01
   1.219250E+01   3.352882E-01
   1.297374E+01   3.353074E-01
   1.383310E+01   3.353286E-01
   1.477839E+01   3.353518E-01
   1.581822E+01   3.353774E-01
   1.696203E+01   3.354055E-01
   1.810584E+01   3.354310E-01
   1.924964E+01   3.354564E-01
   2.050783E+01   3.354874E-01
   2.189184E+01   3.355214E-01
   2.341425E+01   3.355588E-01
   2.508890E+01   3.356000E-01
   2.676355E+01   3.356373E-01
   2.860566E+01   3.356826E-01
