#NSTEP     DELTAT       TIME   NET NATM,NSF DIR FLUX   NET NATM,NSF NEU FLUX
     1  1.000E-02  1.000E-02             0.00000E+00             0.00000E+00
     2  5.000E-03  1.500E-02             0.00000E+00             0.00000E+00
     3  5.500E-03  2.050E-02             0.00000E+00             0.00000E+00
     4  6.050E-03  2.655E-02             0.00000E+00             0.00000E+00
     5  6.050E-03  3.260E-02             0.00000E+00             0.00000E+00
     6  6.050E-03  3.865E-02             0.00000E+00             0.00000E+00
     7  6.050E-03  4.470E-02             0.00000E+00             0.00000E+00
     8  6.050E-03  5.075E-02             0.00000E+00             0.00000E+00
     9  6.050E-03  5.680E-02             0.00000E+00             0.00000E+00
    10  6.050E-03  6.285E-02             0.00000E+00             0.00000E+00
    11  6.050E-03  6.890E-02             0.00000E+00             0.00000E+00
    12  6.050E-03  7.495E-02             0.00000E+00             0.00000E+00
    13  6.050E-03  8.100E-02             0.00000E+00             0.00000E+00
    14  6.050E-03  8.705E-02             0.00000E+00             0.00000E+00
    15  6.050E-03  9.310E-02             0.00000E+00             0.00000E+00
    16  6.050E-03  9.915E-02             0.00000E+00             0.00000E+00
    17  6.655E-03  1.058E-01             0.00000E+00             0.00000E+00
    18  3.328E-03  1.091E-01             0.00000E+00             0.00000E+00
    19  3.660E-03  1.128E-01             0.00000E+00             0.00000E+00
    20  4.026E-03  1.168E-01             0.00000E+00             0.00000E+00
    21  4.429E-03  1.212E-01             0.00000E+00             0.00000E+00
    22  4.429E-03  1.257E-01             0.00000E+00             0.00000E+00
    23  4.429E-03  1.301E-01             0.00000E+00             0.00000E+00
    24  4.429E-03  1.345E-01             0.00000E+00             0.00000E+00
    25  4.429E-03  1.390E-01             0.00000E+00             0.00000E+00
    26  4.429E-03  1.434E-01             0.00000E+00             0.00000E+00
    27  4.872E-03  1.483E-01             0.00000E+00             0.00000E+00
    28  4.872E-03  1.531E-01             0.00000E+00             0.00000E+00
    29  4.872E-03  1.580E-01             0.00000E+00             0.00000E+00
    30  5.359E-03  1.634E-01             0.00000E+00             0.00000E+00
    31  5.359E-03  1.687E-01             0.00000E+00             0.00000E+00
    32  5.359E-03  1.741E-01             0.00000E+00             0.00000E+00
    33  5.359E-03  1.794E-01             0.00000E+00             0.00000E+00
    34  5.359E-03  1.848E-01             0.00000E+00             0.00000E+00
    35  5.895E-03  1.907E-01             0.00000E+00             0.00000E+00
    36  5.895E-03  1.966E-01             0.00000E+00             0.00000E+00
    37  6.484E-03  2.031E-01             0.00000E+00             0.00000E+00
    38  6.484E-03  2.096E-01             0.00000E+00             0.00000E+00
    39  6.484E-03  2.160E-01             0.00000E+00             0.00000E+00
    40  6.484E-03  2.225E-01             0.00000E+00             0.00000E+00
    41  6.484E-03  2.290E-01             0.00000E+00             0.00000E+00
    42  6.484E-03  2.355E-01             0.00000E+00             0.00000E+00
    43  6.484E-03  2.420E-01             0.00000E+00             0.00000E+00
    44  6.484E-03  2.485E-01             0.00000E+00             0.00000E+00
    45  6.484E-03  2.550E-01             0.00000E+00             0.00000E+00
    46  6.484E-03  2.614E-01             0.00000E+00             0.00000E+00
    47  7.133E-03  2.686E-01             0.00000E+00             0.00000E+00
    48  7.133E-03  2.757E-01             0.00000E+00             0.00000E+00
    49  7.846E-03  2.835E-01             0.00000E+00             0.00000E+00
    50  7.846E-03  2.914E-01             0.00000E+00             0.00000E+00
    51  8.631E-03  3.000E-01             0.00000E+00             0.00000E+00
    52  8.631E-03  3.087E-01             0.00000E+00             0.00000E+00
    53  8.631E-03  3.173E-01             0.00000E+00             0.00000E+00
    54  9.494E-03  3.268E-01             0.00000E+00             0.00000E+00
    55  9.494E-03  3.363E-01             0.00000E+00             0.00000E+00
    56  1.044E-02  3.467E-01             0.00000E+00             0.00000E+00
    57  1.044E-02  3.572E-01             0.00000E+00             0.00000E+00
    58  1.044E-02  3.676E-01             0.00000E+00             0.00000E+00
    59  1.149E-02  3.791E-01             0.00000E+00             0.00000E+00
    60  1.264E-02  3.917E-01             0.00000E+00             0.00000E+00
    61  1.264E-02  4.044E-01             0.00000E+00             0.00000E+00
    62  1.264E-02  4.170E-01             0.00000E+00             0.00000E+00
    63  1.390E-02  4.309E-01             0.00000E+00             0.00000E+00
    64  1.529E-02  4.462E-01             0.00000E+00             0.00000E+00
    65  1.529E-02  4.615E-01             0.00000E+00             0.00000E+00
    66  1.682E-02  4.783E-01             0.00000E+00             0.00000E+00
    67  1.850E-02  4.968E-01             0.00000E+00             0.00000E+00
    68  1.850E-02  5.153E-01             0.00000E+00             0.00000E+00
    69  2.035E-02  5.356E-01             0.00000E+00             0.00000E+00
    70  2.035E-02  5.560E-01             0.00000E+00             0.00000E+00
    71  2.035E-02  5.763E-01             0.00000E+00             0.00000E+00
    72  2.239E-02  5.987E-01             0.00000E+00             0.00000E+00
    73  2.462E-02  6.234E-01             0.00000E+00             0.00000E+00
    74  2.709E-02  6.504E-01             0.00000E+00             0.00000E+00
    75  2.980E-02  6.802E-01             0.00000E+00             0.00000E+00
    76  2.980E-02  7.100E-01             0.00000E+00             0.00000E+00
    77  3.277E-02  7.428E-01             0.00000E+00             0.00000E+00
    78  3.277E-02  7.756E-01             0.00000E+00             0.00000E+00
    79  3.605E-02  8.116E-01             0.00000E+00             0.00000E+00
    80  3.605E-02  8.477E-01             0.00000E+00             0.00000E+00
    81  3.966E-02  8.874E-01             0.00000E+00             0.00000E+00
    82  3.966E-02  9.270E-01             0.00000E+00             0.00000E+00
    83  4.362E-02  9.706E-01             0.00000E+00             0.00000E+00
    84  4.799E-02  1.019E+00             0.00000E+00             0.00000E+00
    85  4.799E-02  1.067E+00             0.00000E+00             0.00000E+00
    86  5.278E-02  1.119E+00             0.00000E+00             0.00000E+00
    87  5.806E-02  1.177E+00             0.00000E+00             0.00000E+00
    88  6.387E-02  1.241E+00             0.00000E+00             0.00000E+00
    89  7.026E-02  1.312E+00             0.00000E+00             0.00000E+00
    90  7.728E-02  1.389E+00             0.00000E+00             0.00000E+00
    91  8.501E-02  1.474E+00             0.00000E+00             0.00000E+00
    92  8.501E-02  1.559E+00             0.00000E+00             0.00000E+00
    93  9.351E-02  1.652E+00             0.00000E+00             0.00000E+00
    94  1.029E-01  1.755E+00             0.00000E+00             0.00000E+00
    95  1.029E-01  1.858E+00             0.00000E+00             0.00000E+00
    96  1.131E-01  1.971E+00             0.00000E+00             0.00000E+00
    97  1.131E-01  2.084E+00             0.00000E+00             0.00000E+00
    98  1.245E-01  2.209E+00             0.00000E+00             0.00000E+00
    99  1.369E-01  2.346E+00             0.00000E+00             0.00000E+00
   100  1.506E-01  2.496E+00             0.00000E+00             0.00000E+00
   101  1.657E-01  2.662E+00             0.00000E+00             0.00000E+00
   102  1.657E-01  2.828E+00             0.00000E+00             0.00000E+00
   103  1.657E-01  2.993E+00             0.00000E+00             0.00000E+00
   104  1.822E-01  3.176E+00             0.00000E+00             0.00000E+00
   105  1.822E-01  3.358E+00             0.00000E+00             0.00000E+00
   106  2.004E-01  3.558E+00             0.00000E+00             0.00000E+00
   107  2.205E-01  3.779E+00             0.00000E+00             0.00000E+00
   108  2.425E-01  4.021E+00             0.00000E+00             0.00000E+00
   109  2.425E-01  4.264E+00             0.00000E+00             0.00000E+00
   110  2.668E-01  4.531E+00             0.00000E+00             0.00000E+00
   111  2.668E-01  4.797E+00             0.00000E+00             0.00000E+00
   112  2.935E-01  5.091E+00             0.00000E+00             0.00000E+00
   113  3.228E-01  5.414E+00             0.00000E+00             0.00000E+00
   114  3.551E-01  5.769E+00             0.00000E+00             0.00000E+00
   115  3.906E-01  6.159E+00             0.00000E+00             0.00000E+00
   116  4.297E-01  6.589E+00             0.00000E+00             0.00000E+00
   117  4.297E-01  7.019E+00             0.00000E+00             0.00000E+00
   118  4.726E-01  7.491E+00             0.00000E+00             0.00000E+00
   119  4.726E-01  7.964E+00             0.00000E+00             0.00000E+00
   120  5.199E-01  8.484E+00             0.00000E+00             0.00000E+00
   121  5.199E-01  9.004E+00             0.00000E+00             0.00000E+00
   122  5.719E-01  9.576E+00             0.00000E+00             0.00000E+00
   123  6.291E-01  1.020E+01             0.00000E+00             0.00000E+00
   124  6.291E-01  1.083E+01             0.00000E+00             0.00000E+00
   125  6.920E-01  1.153E+01             0.00000E+00             0.00000E+00
   126  6.920E-01  1.222E+01             0.00000E+00             0.00000E+00
   127  7.612E-01  1.298E+01             0.00000E+00             0.00000E+00
   128  8.373E-01  1.382E+01             0.00000E+00             0.00000E+00
   129  9.211E-01  1.474E+01             0.00000E+00             0.00000E+00
   130  1.013E+00  1.575E+01             0.00000E+00             0.00000E+00
   131  1.114E+00  1.687E+01             0.00000E+00             0.00000E+00
   132  1.226E+00  1.809E+01             0.00000E+00             0.00000E+00
   133  1.349E+00  1.944E+01             0.00000E+00             0.00000E+00
   134  1.483E+00  2.092E+01             0.00000E+00             0.00000E+00
   135  1.632E+00  2.255E+01             0.00000E+00             0.00000E+00
   136  1.795E+00  2.435E+01             0.00000E+00             0.00000E+00
   137  1.974E+00  2.632E+01             0.00000E+00             0.00000E+00
   138  1.974E+00  2.830E+01             0.00000E+00             0.00000E+00
   139  2.172E+00  3.047E+01             0.00000E+00             0.00000E+00
   140  2.389E+00  3.286E+01             0.00000E+00             0.00000E+00
   141  2.389E+00  3.525E+01             0.00000E+00             0.00000E+00
   142  2.628E+00  3.788E+01             0.00000E+00             0.00000E+00
   143  2.891E+00  4.077E+01             0.00000E+00             0.00000E+00
   144  3.180E+00  4.395E+01             0.00000E+00             0.00000E+00
   145  3.498E+00  4.744E+01             0.00000E+00             0.00000E+00
   146  3.847E+00  5.129E+01             0.00000E+00             0.00000E+00
   147  4.232E+00  5.552E+01             0.00000E+00             0.00000E+00
   148  4.232E+00  5.976E+01             0.00000E+00             0.00000E+00
   149  4.655E+00  6.441E+01             0.00000E+00             0.00000E+00
   150  5.121E+00  6.953E+01             0.00000E+00             0.00000E+00
   151  5.633E+00  7.517E+01             0.00000E+00             0.00000E+00
   152  6.196E+00  8.136E+01             0.00000E+00             0.00000E+00
   153  6.196E+00  8.756E+01             0.00000E+00             0.00000E+00
   154  6.816E+00  9.437E+01             0.00000E+00             0.00000E+00
   155  7.498E+00  1.019E+02             0.00000E+00             0.00000E+00
   156  8.247E+00  1.101E+02             0.00000E+00             0.00000E+00
   157  9.072E+00  1.192E+02             0.00000E+00             0.00000E+00
   158  9.979E+00  1.292E+02             0.00000E+00             0.00000E+00
   159  1.000E+01  1.392E+02             0.00000E+00             0.00000E+00
   160  1.000E+01  1.492E+02             0.00000E+00             0.00000E+00
   161  1.000E+01  1.592E+02             0.00000E+00             0.00000E+00
   162  1.000E+01  1.692E+02             0.00000E+00             0.00000E+00
