#TIME      <--- WTDEPTH(NODVP(I)), I=1,2,...,NUMVP --->
   1.000000E-02   3.350001E-01
   1.500000E-02   3.350001E-01
   2.050000E-02   3.350002E-01
   2.655000E-02   3.350002E-01
   3.260000E-02   3.350003E-01
   3.865000E-02   3.350004E-01
   4.470000E-02   3.350005E-01
   5.075000E-02   3.350006E-01
   5.680000E-02   3.350006E-01
   6.285000E-02   3.350007E-01
   6.890000E-02   3.350008E-01
   7.495000E-02   3.350009E-01
   8.100000E-02   3.350010E-01
   8.705000E-02   3.350011E-01
   9.310000E-02   3.350012E-01
   9.915000E-02   3.350013E-01
   1.058050E-01   3.350015E-01
   1.091325E-01   3.350014E-01
   1.127928E-01   3.350015E-01
   1.168190E-01   3.350016E-01
   1.212479E-01   3.350017E-01
   1.256768E-01   3.350018E-01
   1.301057E-01   3.350018E-01
   1.345346E-01   3.350019E-01
   1.389635E-01   3.350020E-01
   1.433924E-01   3.350021E-01
   1.482642E-01   3.350022E-01
   1.531360E-01   3.350023E-01
   1.580078E-01   3.350024E-01
   1.633668E-01   3.350025E-01
   1.687258E-01   3.350026E-01
   1.740847E-01   3.350027E-01
   1.794437E-01   3.350028E-01
   1.848027E-01   3.350029E-01
   1.906975E-01   3.350030E-01
   1.965924E-01   3.350031E-01
   2.030768E-01   3.350033E-01
   2.095611E-01   3.350034E-01
   2.160455E-01   3.350036E-01
   2.225298E-01   3.350037E-01
   2.290142E-01   3.350038E-01
   2.354986E-01   3.350039E-01
   2.419829E-01   3.350041E-01
   2.484673E-01   3.350042E-01
   2.549516E-01   3.350043E-01
   2.614360E-01   3.350045E-01
   2.685688E-01   3.350046E-01
   2.757016E-01   3.350048E-01
   2.835476E-01   3.350050E-01
   2.913937E-01   3.350051E-01
   3.000244E-01   3.350053E-01
   3.086551E-01   3.350055E-01
   3.172857E-01   3.350057E-01
   3.267795E-01   3.350059E-01
   3.362732E-01   3.350061E-01
   3.467163E-01   3.350064E-01
   3.571595E-01   3.350066E-01
   3.676026E-01   3.350068E-01
   3.790900E-01   3.350071E-01
   3.917262E-01   3.350074E-01
   4.043624E-01   3.350077E-01
   4.169986E-01   3.350080E-01
   4.308983E-01   3.350083E-01
   4.461881E-01   3.350087E-01
   4.614779E-01   3.350090E-01
   4.782966E-01   3.350094E-01
   4.967973E-01   3.350099E-01
   5.152979E-01   3.350103E-01
   5.356486E-01   3.350108E-01
   5.559993E-01   3.350112E-01
   5.763500E-01   3.350117E-01
   5.987357E-01   3.350122E-01
   6.233600E-01   3.350128E-01
   6.504468E-01   3.350135E-01
   6.802422E-01   3.350142E-01
   7.100377E-01   3.350149E-01
   7.428127E-01   3.350157E-01
   7.755877E-01   3.350164E-01
   8.116401E-01   3.350173E-01
   8.476926E-01   3.350181E-01
   8.873504E-01   3.350191E-01
   9.270081E-01   3.350200E-01
   9.706316E-01   3.350210E-01
   1.018617E+00   3.350222E-01
   1.066603E+00   3.350233E-01
   1.119388E+00   3.350246E-01
   1.177451E+00   3.350260E-01
   1.241320E+00   3.350276E-01
   1.311576E+00   3.350293E-01
   1.388858E+00   3.350312E-01
   1.473867E+00   3.350333E-01
   1.558877E+00   3.350352E-01
   1.652388E+00   3.350375E-01
   1.755250E+00   3.350400E-01
   1.858112E+00   3.350423E-01
   1.971260E+00   3.350451E-01
   2.084408E+00   3.350476E-01
   2.208871E+00   3.350507E-01
   2.345781E+00   3.350541E-01
   2.496381E+00   3.350578E-01
   2.662041E+00   3.350619E-01
   2.827701E+00   3.350656E-01
   2.993361E+00   3.350693E-01
   3.175588E+00   3.350738E-01
   3.357814E+00   3.350778E-01
   3.558263E+00   3.350827E-01
   3.778756E+00   3.350882E-01
   4.021299E+00   3.350942E-01
   4.263842E+00   3.350996E-01
   4.530640E+00   3.351061E-01
   4.797437E+00   3.351121E-01
   5.090914E+00   3.351193E-01
   5.413739E+00   3.351273E-01
   5.768847E+00   3.351360E-01
   6.159465E+00   3.351456E-01
   6.589144E+00   3.351562E-01
   7.018824E+00   3.351658E-01
   7.491472E+00   3.351774E-01
   7.964120E+00   3.351879E-01
   8.484033E+00   3.352007E-01
   9.003945E+00   3.352123E-01
   9.575849E+00   3.352264E-01
   1.020494E+01   3.352419E-01
   1.083404E+01   3.352559E-01
   1.152604E+01   3.352729E-01
   1.221805E+01   3.352883E-01
   1.297925E+01   3.353070E-01
   1.381657E+01   3.353276E-01
   1.473763E+01   3.353503E-01
   1.575079E+01   3.353752E-01
   1.686527E+01   3.354026E-01
   1.809120E+01   3.354328E-01
   1.943972E+01   3.354660E-01
