      0  0.00000000E+00     NSTEP   TIME
 SURFACE NODE              X              Y  PRESSURE HEAD
            1   0.000000E+00   2.700000E-02  -5.500000E-01
            2   5.000000E-02   2.700000E-02  -5.500000E-01
            3   1.000000E-01   2.700000E-02  -5.500000E-01
            4   1.500000E-01   2.700000E-02  -5.500000E-01
            5   2.000000E-01   2.700000E-02  -5.500000E-01
            6   2.500000E-01   2.700000E-02  -5.500000E-01
            7   3.000000E-01   2.700000E-02  -5.500000E-01
            8   3.500000E-01   2.700000E-02  -5.500000E-01
            9   4.000000E-01   2.700000E-02  -5.500000E-01
           10   4.500000E-01   2.700000E-02  -5.500000E-01
           11   5.000000E-01   2.700000E-02  -5.500000E-01
           12   0.000000E+00   2.400000E-02  -5.500000E-01
           13   5.000000E-02   2.400000E-02  -5.500000E-01
           14   1.000000E-01   2.400000E-02  -5.500000E-01
           15   1.500000E-01   2.400000E-02  -5.500000E-01
           16   2.000000E-01   2.400000E-02  -5.500000E-01
           17   2.500000E-01   2.400000E-02  -5.500000E-01
           18   3.000000E-01   2.400000E-02  -5.500000E-01
           19   3.500000E-01   2.400000E-02  -5.500000E-01
           20   4.000000E-01   2.400000E-02  -5.500000E-01
           21   4.500000E-01   2.400000E-02  -5.500000E-01
           22   5.000000E-01   2.400000E-02  -5.500000E-01
           23   0.000000E+00   2.100000E-02  -5.500000E-01
           24   5.000000E-02   2.100000E-02  -5.500000E-01
           25   1.000000E-01   2.100000E-02  -5.500000E-01
           26   1.500000E-01   2.100000E-02  -5.500000E-01
           27   2.000000E-01   2.100000E-02  -5.500000E-01
           28   2.500000E-01   2.100000E-02  -5.500000E-01
           29   3.000000E-01   2.100000E-02  -5.500000E-01
           30   3.500000E-01   2.100000E-02  -5.500000E-01
           31   4.000000E-01   2.100000E-02  -5.500000E-01
           32   4.500000E-01   2.100000E-02  -5.500000E-01
           33   5.000000E-01   2.100000E-02  -5.500000E-01
           34   0.000000E+00   1.800000E-02  -5.500000E-01
           35   5.000000E-02   1.800000E-02  -5.500000E-01
           36   1.000000E-01   1.800000E-02  -5.500000E-01
           37   1.500000E-01   1.800000E-02  -5.500000E-01
           38   2.000000E-01   1.800000E-02  -5.500000E-01
           39   2.500000E-01   1.800000E-02  -5.500000E-01
           40   3.000000E-01   1.800000E-02  -5.500000E-01
           41   3.500000E-01   1.800000E-02  -5.500000E-01
           42   4.000000E-01   1.800000E-02  -5.500000E-01
           43   4.500000E-01   1.800000E-02  -5.500000E-01
           44   5.000000E-01   1.800000E-02  -5.500000E-01
           45   0.000000E+00   1.500000E-02  -5.500000E-01
           46   5.000000E-02   1.500000E-02  -5.500000E-01
           47   1.000000E-01   1.500000E-02  -5.500000E-01
           48   1.500000E-01   1.500000E-02  -5.500000E-01
           49   2.000000E-01   1.500000E-02  -5.500000E-01
           50   2.500000E-01   1.500000E-02  -5.500000E-01
           51   3.000000E-01   1.500000E-02  -5.500000E-01
           52   3.500000E-01   1.500000E-02  -5.500000E-01
           53   4.000000E-01   1.500000E-02  -5.500000E-01
           54   4.500000E-01   1.500000E-02  -5.500000E-01
           55   5.000000E-01   1.500000E-02  -5.500000E-01
           56   0.000000E+00   1.200000E-02  -5.500000E-01
           57   5.000000E-02   1.200000E-02  -5.500000E-01
           58   1.000000E-01   1.200000E-02  -5.500000E-01
           59   1.500000E-01   1.200000E-02  -5.500000E-01
           60   2.000000E-01   1.200000E-02  -5.500000E-01
           61   2.500000E-01   1.200000E-02  -5.500000E-01
           62   3.000000E-01   1.200000E-02  -5.500000E-01
           63   3.500000E-01   1.200000E-02  -5.500000E-01
           64   4.000000E-01   1.200000E-02  -5.500000E-01
           65   4.500000E-01   1.200000E-02  -5.500000E-01
           66   5.000000E-01   1.200000E-02  -5.500000E-01
           67   0.000000E+00   9.000000E-03  -5.500000E-01
           68   5.000000E-02   9.000000E-03  -5.500000E-01
           69   1.000000E-01   9.000000E-03  -5.500000E-01
           70   1.500000E-01   9.000000E-03  -5.500000E-01
           71   2.000000E-01   9.000000E-03  -5.500000E-01
           72   2.500000E-01   9.000000E-03  -5.500000E-01
           73   3.000000E-01   9.000000E-03  -5.500000E-01
           74   3.500000E-01   9.000000E-03  -5.500000E-01
           75   4.000000E-01   9.000000E-03  -5.500000E-01
           76   4.500000E-01   9.000000E-03  -5.500000E-01
           77   5.000000E-01   9.000000E-03  -5.500000E-01
           78   0.000000E+00   6.000000E-03  -5.500000E-01
           79   5.000000E-02   6.000000E-03  -5.500000E-01
           80   1.000000E-01   6.000000E-03  -5.500000E-01
           81   1.500000E-01   6.000000E-03  -5.500000E-01
           82   2.000000E-01   6.000000E-03  -5.500000E-01
           83   2.500000E-01   6.000000E-03  -5.500000E-01
           84   3.000000E-01   6.000000E-03  -5.500000E-01
           85   3.500000E-01   6.000000E-03  -5.500000E-01
           86   4.000000E-01   6.000000E-03  -5.500000E-01
           87   4.500000E-01   6.000000E-03  -5.500000E-01
           88   5.000000E-01   6.000000E-03  -5.500000E-01
           89   0.000000E+00   3.000000E-03  -5.500000E-01
           90   5.000000E-02   3.000000E-03  -5.500000E-01
           91   1.000000E-01   3.000000E-03  -5.500000E-01
           92   1.500000E-01   3.000000E-03  -5.500000E-01
           93   2.000000E-01   3.000000E-03  -5.500000E-01
           94   2.500000E-01   3.000000E-03  -5.500000E-01
           95   3.000000E-01   3.000000E-03  -5.500000E-01
           96   3.500000E-01   3.000000E-03  -5.500000E-01
           97   4.000000E-01   3.000000E-03  -5.500000E-01
           98   4.500000E-01   3.000000E-03  -5.500000E-01
           99   5.000000E-01   3.000000E-03  -5.500000E-01
          100   0.000000E+00   0.000000E+00  -5.500000E-01
          101   5.000000E-02   0.000000E+00  -5.500000E-01
          102   1.000000E-01   0.000000E+00  -5.500000E-01
          103   1.500000E-01   0.000000E+00  -5.500000E-01
          104   2.000000E-01   0.000000E+00  -5.500000E-01
          105   2.500000E-01   0.000000E+00  -5.500000E-01
          106   3.000000E-01   0.000000E+00  -5.500000E-01
          107   3.500000E-01   0.000000E+00  -5.500000E-01
          108   4.000000E-01   0.000000E+00  -5.500000E-01
          109   4.500000E-01   0.000000E+00  -5.500000E-01
          110   5.000000E-01   0.000000E+00  -5.500000E-01
      1  1.00000000E-01     NSTEP   TIME
 SURFACE NODE              X              Y  PRESSURE HEAD
            1   0.000000E+00   2.700000E-02  -5.500000E-01
            2   5.000000E-02   2.700000E-02  -5.500000E-01
            3   1.000000E-01   2.700000E-02  -5.500000E-01
            4   1.500000E-01   2.700000E-02  -5.500000E-01
            5   2.000000E-01   2.700000E-02  -5.500000E-01
            6   2.500000E-01   2.700000E-02  -5.500000E-01
            7   3.000000E-01   2.700000E-02  -5.500000E-01
            8   3.500000E-01   2.700000E-02  -5.500000E-01
            9   4.000000E-01   2.700000E-02  -5.500000E-01
           10   4.500000E-01   2.700000E-02  -5.500000E-01
           11   5.000000E-01   2.700000E-02  -5.500000E-01
           12   0.000000E+00   2.400000E-02  -5.500000E-01
           13   5.000000E-02   2.400000E-02  -5.500000E-01
           14   1.000000E-01   2.400000E-02  -5.500000E-01
           15   1.500000E-01   2.400000E-02  -5.500000E-01
           16   2.000000E-01   2.400000E-02  -5.500000E-01
           17   2.500000E-01   2.400000E-02  -5.500000E-01
           18   3.000000E-01   2.400000E-02  -5.500000E-01
           19   3.500000E-01   2.400000E-02  -5.500000E-01
           20   4.000000E-01   2.400000E-02  -5.500000E-01
           21   4.500000E-01   2.400000E-02  -5.500000E-01
           22   5.000000E-01   2.400000E-02  -5.500000E-01
           23   0.000000E+00   2.100000E-02  -5.500000E-01
           24   5.000000E-02   2.100000E-02  -5.500000E-01
           25   1.000000E-01   2.100000E-02  -5.500000E-01
           26   1.500000E-01   2.100000E-02  -5.500000E-01
           27   2.000000E-01   2.100000E-02  -5.500000E-01
           28   2.500000E-01   2.100000E-02  -5.500000E-01
           29   3.000000E-01   2.100000E-02  -5.500000E-01
           30   3.500000E-01   2.100000E-02  -5.500000E-01
           31   4.000000E-01   2.100000E-02  -5.500000E-01
           32   4.500000E-01   2.100000E-02  -5.500000E-01
           33   5.000000E-01   2.100000E-02  -5.500000E-01
           34   0.000000E+00   1.800000E-02  -5.500000E-01
           35   5.000000E-02   1.800000E-02  -5.500000E-01
           36   1.000000E-01   1.800000E-02  -5.500000E-01
           37   1.500000E-01   1.800000E-02  -5.500000E-01
           38   2.000000E-01   1.800000E-02  -5.500000E-01
           39   2.500000E-01   1.800000E-02  -5.500000E-01
           40   3.000000E-01   1.800000E-02  -5.500000E-01
           41   3.500000E-01   1.800000E-02  -5.500000E-01
           42   4.000000E-01   1.800000E-02  -5.500000E-01
           43   4.500000E-01   1.800000E-02  -5.500000E-01
           44   5.000000E-01   1.800000E-02  -5.500000E-01
           45   0.000000E+00   1.500000E-02  -5.500000E-01
           46   5.000000E-02   1.500000E-02  -5.500000E-01
           47   1.000000E-01   1.500000E-02  -5.500000E-01
           48   1.500000E-01   1.500000E-02  -5.500000E-01
           49   2.000000E-01   1.500000E-02  -5.500000E-01
           50   2.500000E-01   1.500000E-02  -5.500000E-01
           51   3.000000E-01   1.500000E-02  -5.500000E-01
           52   3.500000E-01   1.500000E-02  -5.500000E-01
           53   4.000000E-01   1.500000E-02  -5.500000E-01
           54   4.500000E-01   1.500000E-02  -5.500000E-01
           55   5.000000E-01   1.500000E-02  -5.500000E-01
           56   0.000000E+00   1.200000E-02  -5.500000E-01
           57   5.000000E-02   1.200000E-02  -5.500000E-01
           58   1.000000E-01   1.200000E-02  -5.500000E-01
           59   1.500000E-01   1.200000E-02  -5.500000E-01
           60   2.000000E-01   1.200000E-02  -5.500000E-01
           61   2.500000E-01   1.200000E-02  -5.500000E-01
           62   3.000000E-01   1.200000E-02  -5.500000E-01
           63   3.500000E-01   1.200000E-02  -5.500000E-01
           64   4.000000E-01   1.200000E-02  -5.500000E-01
           65   4.500000E-01   1.200000E-02  -5.500000E-01
           66   5.000000E-01   1.200000E-02  -5.500000E-01
           67   0.000000E+00   9.000000E-03  -5.500000E-01
           68   5.000000E-02   9.000000E-03  -5.500000E-01
           69   1.000000E-01   9.000000E-03  -5.500000E-01
           70   1.500000E-01   9.000000E-03  -5.500000E-01
           71   2.000000E-01   9.000000E-03  -5.500000E-01
           72   2.500000E-01   9.000000E-03  -5.500000E-01
           73   3.000000E-01   9.000000E-03  -5.500000E-01
           74   3.500000E-01   9.000000E-03  -5.500000E-01
           75   4.000000E-01   9.000000E-03  -5.500000E-01
           76   4.500000E-01   9.000000E-03  -5.500000E-01
           77   5.000000E-01   9.000000E-03  -5.500000E-01
           78   0.000000E+00   6.000000E-03  -5.500000E-01
           79   5.000000E-02   6.000000E-03  -5.500000E-01
           80   1.000000E-01   6.000000E-03  -5.500000E-01
           81   1.500000E-01   6.000000E-03  -5.500000E-01
           82   2.000000E-01   6.000000E-03  -5.500000E-01
           83   2.500000E-01   6.000000E-03  -5.500000E-01
           84   3.000000E-01   6.000000E-03  -5.500000E-01
           85   3.500000E-01   6.000000E-03  -5.500000E-01
           86   4.000000E-01   6.000000E-03  -5.500000E-01
           87   4.500000E-01   6.000000E-03  -5.500000E-01
           88   5.000000E-01   6.000000E-03  -5.500000E-01
           89   0.000000E+00   3.000000E-03  -5.500000E-01
           90   5.000000E-02   3.000000E-03  -5.500000E-01
           91   1.000000E-01   3.000000E-03  -5.500000E-01
           92   1.500000E-01   3.000000E-03  -5.500000E-01
           93   2.000000E-01   3.000000E-03  -5.500000E-01
           94   2.500000E-01   3.000000E-03  -5.500000E-01
           95   3.000000E-01   3.000000E-03  -5.500000E-01
           96   3.500000E-01   3.000000E-03  -5.500000E-01
           97   4.000000E-01   3.000000E-03  -5.500000E-01
           98   4.500000E-01   3.000000E-03  -5.500000E-01
           99   5.000000E-01   3.000000E-03  -5.500000E-01
          100   0.000000E+00   0.000000E+00  -5.500000E-01
          101   5.000000E-02   0.000000E+00  -5.500000E-01
          102   1.000000E-01   0.000000E+00  -5.500000E-01
          103   1.500000E-01   0.000000E+00  -5.500000E-01
          104   2.000000E-01   0.000000E+00  -5.500000E-01
          105   2.500000E-01   0.000000E+00  -5.500000E-01
          106   3.000000E-01   0.000000E+00  -5.500000E-01
          107   3.500000E-01   0.000000E+00  -5.500000E-01
          108   4.000000E-01   0.000000E+00  -5.500000E-01
          109   4.500000E-01   0.000000E+00  -5.500000E-01
          110   5.000000E-01   0.000000E+00  -5.500000E-01
    399  3.60571896E+03     NSTEP   TIME
 SURFACE NODE              X              Y  PRESSURE HEAD
            1   0.000000E+00   2.700000E-02  -5.500000E-01
            2   5.000000E-02   2.700000E-02  -5.500000E-01
            3   1.000000E-01   2.700000E-02  -5.500000E-01
            4   1.500000E-01   2.700000E-02  -5.500000E-01
            5   2.000000E-01   2.700000E-02  -5.500000E-01
            6   2.500000E-01   2.700000E-02  -5.499996E-01
            7   3.000000E-01   2.700000E-02  -5.479222E-01
            8   3.500000E-01   2.700000E-02  -5.479202E-01
            9   4.000000E-01   2.700000E-02  -5.479202E-01
           10   4.500000E-01   2.700000E-02  -5.479403E-01
           11   5.000000E-01   2.700000E-02  -5.499998E-01
           12   0.000000E+00   2.400000E-02  -5.500000E-01
           13   5.000000E-02   2.400000E-02  -5.500000E-01
           14   1.000000E-01   2.400000E-02  -5.500000E-01
           15   1.500000E-01   2.400000E-02  -5.500000E-01
           16   2.000000E-01   2.400000E-02  -5.500000E-01
           17   2.500000E-01   2.400000E-02  -5.499973E-01
           18   3.000000E-01   2.400000E-02  -5.263475E-01
           19   3.500000E-01   2.400000E-02  -5.263453E-01
           20   4.000000E-01   2.400000E-02  -5.263453E-01
           21   4.500000E-01   2.400000E-02  -5.263423E-01
           22   5.000000E-01   2.400000E-02  -5.499967E-01
           23   0.000000E+00   2.100000E-02  -5.500000E-01
           24   5.000000E-02   2.100000E-02  -5.500000E-01
           25   1.000000E-01   2.100000E-02  -5.500000E-01
           26   1.500000E-01   2.100000E-02  -5.500000E-01
           27   2.000000E-01   2.100000E-02  -5.500000E-01
           28   2.500000E-01   2.100000E-02  -5.499972E-01
           29   3.000000E-01   2.100000E-02  -5.257335E-01
           30   3.500000E-01   2.100000E-02  -5.257311E-01
           31   4.000000E-01   2.100000E-02  -5.257311E-01
           32   4.500000E-01   2.100000E-02  -5.257336E-01
           33   5.000000E-01   2.100000E-02  -5.499965E-01
           34   0.000000E+00   1.800000E-02  -5.500000E-01
           35   5.000000E-02   1.800000E-02  -5.500000E-01
           36   1.000000E-01   1.800000E-02  -5.500000E-01
           37   1.500000E-01   1.800000E-02  -5.500000E-01
           38   2.000000E-01   1.800000E-02  -5.500000E-01
           39   2.500000E-01   1.800000E-02  -5.499972E-01
           40   3.000000E-01   1.800000E-02  -5.257155E-01
           41   3.500000E-01   1.800000E-02  -5.257129E-01
           42   4.000000E-01   1.800000E-02  -5.257129E-01
           43   4.500000E-01   1.800000E-02  -5.257158E-01
           44   5.000000E-01   1.800000E-02  -5.499966E-01
           45   0.000000E+00   1.500000E-02  -5.500000E-01
           46   5.000000E-02   1.500000E-02  -5.500000E-01
           47   1.000000E-01   1.500000E-02  -5.500000E-01
           48   1.500000E-01   1.500000E-02  -5.500000E-01
           49   2.000000E-01   1.500000E-02  -5.500000E-01
           50   2.500000E-01   1.500000E-02  -5.499972E-01
           51   3.000000E-01   1.500000E-02  -5.257150E-01
           52   3.500000E-01   1.500000E-02  -5.257123E-01
           53   4.000000E-01   1.500000E-02  -5.257124E-01
           54   4.500000E-01   1.500000E-02  -5.257154E-01
           55   5.000000E-01   1.500000E-02  -5.499968E-01
           56   0.000000E+00   1.200000E-02  -5.500000E-01
           57   5.000000E-02   1.200000E-02  -5.500000E-01
           58   1.000000E-01   1.200000E-02  -5.500000E-01
           59   1.500000E-01   1.200000E-02  -5.500000E-01
           60   2.000000E-01   1.200000E-02  -5.500000E-01
           61   2.500000E-01   1.200000E-02  -5.499972E-01
           62   3.000000E-01   1.200000E-02  -5.257150E-01
           63   3.500000E-01   1.200000E-02  -5.257123E-01
           64   4.000000E-01   1.200000E-02  -5.257124E-01
           65   4.500000E-01   1.200000E-02  -5.257155E-01
           66   5.000000E-01   1.200000E-02  -5.499970E-01
           67   0.000000E+00   9.000000E-03  -5.500000E-01
           68   5.000000E-02   9.000000E-03  -5.500000E-01
           69   1.000000E-01   9.000000E-03  -5.500000E-01
           70   1.500000E-01   9.000000E-03  -5.500000E-01
           71   2.000000E-01   9.000000E-03  -5.500000E-01
           72   2.500000E-01   9.000000E-03  -5.499972E-01
           73   3.000000E-01   9.000000E-03  -5.257155E-01
           74   3.500000E-01   9.000000E-03  -5.257129E-01
           75   4.000000E-01   9.000000E-03  -5.257129E-01
           76   4.500000E-01   9.000000E-03  -5.257161E-01
           77   5.000000E-01   9.000000E-03  -5.499972E-01
           78   0.000000E+00   6.000000E-03  -5.500000E-01
           79   5.000000E-02   6.000000E-03  -5.500000E-01
           80   1.000000E-01   6.000000E-03  -5.500000E-01
           81   1.500000E-01   6.000000E-03  -5.500000E-01
           82   2.000000E-01   6.000000E-03  -5.500000E-01
           83   2.500000E-01   6.000000E-03  -5.499972E-01
           84   3.000000E-01   6.000000E-03  -5.257341E-01
           85   3.500000E-01   6.000000E-03  -5.257318E-01
           86   4.000000E-01   6.000000E-03  -5.257319E-01
           87   4.500000E-01   6.000000E-03  -5.257349E-01
           88   5.000000E-01   6.000000E-03  -5.499973E-01
           89   0.000000E+00   3.000000E-03  -5.500000E-01
           90   5.000000E-02   3.000000E-03  -5.500000E-01
           91   1.000000E-01   3.000000E-03  -5.500000E-01
           92   1.500000E-01   3.000000E-03  -5.500000E-01
           93   2.000000E-01   3.000000E-03  -5.500000E-01
           94   2.500000E-01   3.000000E-03  -5.499974E-01
           95   3.000000E-01   3.000000E-03  -5.263687E-01
           96   3.500000E-01   3.000000E-03  -5.263725E-01
           97   4.000000E-01   3.000000E-03  -5.263725E-01
           98   4.500000E-01   3.000000E-03  -5.263726E-01
           99   5.000000E-01   3.000000E-03  -5.499943E-01
          100   0.000000E+00   0.000000E+00  -5.500000E-01
          101   5.000000E-02   0.000000E+00  -5.500000E-01
          102   1.000000E-01   0.000000E+00  -5.500000E-01
          103   1.500000E-01   0.000000E+00  -5.500000E-01
          104   2.000000E-01   0.000000E+00  -5.500000E-01
          105   2.500000E-01   0.000000E+00  -5.499998E-01
          106   3.000000E-01   0.000000E+00  -5.489246E-01
          107   3.500000E-01   0.000000E+00  -5.489137E-01
          108   4.000000E-01   0.000000E+00  -5.489138E-01
          109   4.500000E-01   0.000000E+00  -5.489120E-01
          110   5.000000E-01   0.000000E+00  -5.499915E-01
   1119  1.08057190E+04     NSTEP   TIME
 SURFACE NODE              X              Y  PRESSURE HEAD
            1   0.000000E+00   2.700000E-02  -5.500000E-01
            2   5.000000E-02   2.700000E-02  -5.499982E-01
            3   1.000000E-01   2.700000E-02  -5.498458E-01
            4   1.500000E-01   2.700000E-02  -5.388740E-01
            5   2.000000E-01   2.700000E-02  -3.024339E-01
            6   2.500000E-01   2.700000E-02  -1.041858E-01
            7   3.000000E-01   2.700000E-02  -3.933088E-02
            8   3.500000E-01   2.700000E-02  -3.577477E-02
            9   4.000000E-01   2.700000E-02  -3.640322E-02
           10   4.500000E-01   2.700000E-02  -3.795071E-02
           11   5.000000E-01   2.700000E-02  -6.413123E-02
           12   0.000000E+00   2.400000E-02  -5.499999E-01
           13   5.000000E-02   2.400000E-02  -5.499982E-01
           14   1.000000E-01   2.400000E-02  -5.498459E-01
           15   1.500000E-01   2.400000E-02  -5.390135E-01
           16   2.000000E-01   2.400000E-02  -3.026976E-01
           17   2.500000E-01   2.400000E-02  -1.040983E-01
           18   3.000000E-01   2.400000E-02  -3.917130E-02
           19   3.500000E-01   2.400000E-02  -3.568439E-02
           20   4.000000E-01   2.400000E-02  -3.632919E-02
           21   4.500000E-01   2.400000E-02  -3.789104E-02
           22   5.000000E-01   2.400000E-02  -6.412934E-02
           23   0.000000E+00   2.100000E-02  -5.499999E-01
           24   5.000000E-02   2.100000E-02  -5.499982E-01
           25   1.000000E-01   2.100000E-02  -5.498464E-01
           26   1.500000E-01   2.100000E-02  -5.391182E-01
           27   2.000000E-01   2.100000E-02  -3.029369E-01
           28   2.500000E-01   2.100000E-02  -1.040125E-01
           29   3.000000E-01   2.100000E-02  -3.900573E-02
           30   3.500000E-01   2.100000E-02  -3.558922E-02
           31   4.000000E-01   2.100000E-02  -3.625069E-02
           32   4.500000E-01   2.100000E-02  -3.782464E-02
           33   5.000000E-01   2.100000E-02  -6.412703E-02
           34   0.000000E+00   1.800000E-02  -5.499999E-01
           35   5.000000E-02   1.800000E-02  -5.499982E-01
           36   1.000000E-01   1.800000E-02  -5.498471E-01
           37   1.500000E-01   1.800000E-02  -5.392001E-01
           38   2.000000E-01   1.800000E-02  -3.031595E-01
           39   2.500000E-01   1.800000E-02  -1.039308E-01
           40   3.000000E-01   1.800000E-02  -3.887348E-02
           41   3.500000E-01   1.800000E-02  -3.551324E-02
           42   4.000000E-01   1.800000E-02  -3.618908E-02
           43   4.500000E-01   1.800000E-02  -3.777710E-02
           44   5.000000E-01   1.800000E-02  -6.412533E-02
           45   0.000000E+00   1.500000E-02  -5.499999E-01
           46   5.000000E-02   1.500000E-02  -5.499982E-01
           47   1.000000E-01   1.500000E-02  -5.498479E-01
           48   1.500000E-01   1.500000E-02  -5.392690E-01
           49   2.000000E-01   1.500000E-02  -3.033729E-01
           50   2.500000E-01   1.500000E-02  -1.038542E-01
           51   3.000000E-01   1.500000E-02  -3.878898E-02
           52   3.500000E-01   1.500000E-02  -3.546689E-02
           53   4.000000E-01   1.500000E-02  -3.615400E-02
           54   4.500000E-01   1.500000E-02  -3.775996E-02
           55   5.000000E-01   1.500000E-02  -6.412501E-02
           56   0.000000E+00   1.200000E-02  -5.499999E-01
           57   5.000000E-02   1.200000E-02  -5.499982E-01
           58   1.000000E-01   1.200000E-02  -5.498486E-01
           59   1.500000E-01   1.200000E-02  -5.393327E-01
           60   2.000000E-01   1.200000E-02  -3.035837E-01
           61   2.500000E-01   1.200000E-02  -1.037826E-01
           62   3.000000E-01   1.200000E-02  -3.875582E-02
           63   3.500000E-01   1.200000E-02  -3.545327E-02
           64   4.000000E-01   1.200000E-02  -3.614848E-02
           65   4.500000E-01   1.200000E-02  -3.777708E-02
           66   5.000000E-01   1.200000E-02  -6.412638E-02
           67   0.000000E+00   9.000000E-03  -5.499999E-01
           68   5.000000E-02   9.000000E-03  -5.499982E-01
           69   1.000000E-01   9.000000E-03  -5.498494E-01
           70   1.500000E-01   9.000000E-03  -5.393985E-01
           71   2.000000E-01   9.000000E-03  -3.037986E-01
           72   2.500000E-01   9.000000E-03  -1.037146E-01
           73   3.000000E-01   9.000000E-03  -3.877121E-02
           74   3.500000E-01   9.000000E-03  -3.547032E-02
           75   4.000000E-01   9.000000E-03  -3.617063E-02
           76   4.500000E-01   9.000000E-03  -3.782684E-02
           77   5.000000E-01   9.000000E-03  -6.412920E-02
           78   0.000000E+00   6.000000E-03  -5.499999E-01
           79   5.000000E-02   6.000000E-03  -5.499982E-01
           80   1.000000E-01   6.000000E-03  -5.498501E-01
           81   1.500000E-01   6.000000E-03  -5.394741E-01
           82   2.000000E-01   6.000000E-03  -3.040239E-01
           83   2.500000E-01   6.000000E-03  -1.036472E-01
           84   3.000000E-01   6.000000E-03  -3.882455E-02
           85   3.500000E-01   6.000000E-03  -3.550978E-02
           86   4.000000E-01   6.000000E-03  -3.621271E-02
           87   4.500000E-01   6.000000E-03  -3.790105E-02
           88   5.000000E-01   6.000000E-03  -6.413271E-02
           89   0.000000E+00   3.000000E-03  -5.499999E-01
           90   5.000000E-02   3.000000E-03  -5.499982E-01
           91   1.000000E-01   3.000000E-03  -5.498507E-01
           92   1.500000E-01   3.000000E-03  -5.395681E-01
           93   2.000000E-01   3.000000E-03  -3.042660E-01
           94   2.500000E-01   3.000000E-03  -1.035756E-01
           95   3.000000E-01   3.000000E-03  -3.888876E-02
           96   3.500000E-01   3.000000E-03  -3.555264E-02
           97   4.000000E-01   3.000000E-03  -3.625729E-02
           98   4.500000E-01   3.000000E-03  -3.798018E-02
           99   5.000000E-01   3.000000E-03  -6.413517E-02
          100   0.000000E+00   0.000000E+00  -5.499999E-01
          101   5.000000E-02   0.000000E+00  -5.499982E-01
          102   1.000000E-01   0.000000E+00  -5.498510E-01
          103   1.500000E-01   0.000000E+00  -5.396917E-01
          104   2.000000E-01   0.000000E+00  -3.045318E-01
          105   2.500000E-01   0.000000E+00  -1.034942E-01
          106   3.000000E-01   0.000000E+00  -3.889885E-02
          107   3.500000E-01   0.000000E+00  -3.555900E-02
          108   4.000000E-01   0.000000E+00  -3.626863E-02
          109   4.500000E-01   0.000000E+00  -3.802241E-02
          110   5.000000E-01   0.000000E+00  -6.413504E-02
   9039  9.00057190E+04     NSTEP   TIME
 SURFACE NODE              X              Y  PRESSURE HEAD
            1   0.000000E+00   2.700000E-02  -4.790342E-01
            2   5.000000E-02   2.700000E-02  -4.694924E-01
            3   1.000000E-01   2.700000E-02  -4.065504E-01
            4   1.500000E-01   2.700000E-02  -3.451765E-01
            5   2.000000E-01   2.700000E-02  -3.068415E-01
            6   2.500000E-01   2.700000E-02  -2.849661E-01
            7   3.000000E-01   2.700000E-02  -2.744956E-01
            8   3.500000E-01   2.700000E-02  -2.674391E-01
            9   4.000000E-01   2.700000E-02  -2.634616E-01
           10   4.500000E-01   2.700000E-02  -2.612033E-01
           11   5.000000E-01   2.700000E-02  -2.613462E-01
           12   0.000000E+00   2.400000E-02  -4.884441E-01
           13   5.000000E-02   2.400000E-02  -4.783029E-01
           14   1.000000E-01   2.400000E-02  -4.135211E-01
           15   1.500000E-01   2.400000E-02  -3.504520E-01
           16   2.000000E-01   2.400000E-02  -3.111071E-01
           17   2.500000E-01   2.400000E-02  -2.886799E-01
           18   3.000000E-01   2.400000E-02  -2.849943E-01
           19   3.500000E-01   2.400000E-02  -2.773877E-01
           20   4.000000E-01   2.400000E-02  -2.730969E-01
           21   4.500000E-01   2.400000E-02  -2.706454E-01
           22   5.000000E-01   2.400000E-02  -2.627666E-01
           23   0.000000E+00   2.100000E-02  -4.887228E-01
           24   5.000000E-02   2.100000E-02  -4.786258E-01
           25   1.000000E-01   2.100000E-02  -4.138206E-01
           26   1.500000E-01   2.100000E-02  -3.507272E-01
           27   2.000000E-01   2.100000E-02  -3.113766E-01
           28   2.500000E-01   2.100000E-02  -2.889479E-01
           29   3.000000E-01   2.100000E-02  -2.858608E-01
           30   3.500000E-01   2.100000E-02  -2.782541E-01
           31   4.000000E-01   2.100000E-02  -2.739631E-01
           32   4.500000E-01   2.100000E-02  -2.715130E-01
           33   5.000000E-01   2.100000E-02  -2.628940E-01
           34   0.000000E+00   1.800000E-02  -4.886980E-01
           35   5.000000E-02   1.800000E-02  -4.786431E-01
           36   1.000000E-01   1.800000E-02  -4.138331E-01
           37   1.500000E-01   1.800000E-02  -3.507309E-01
           38   2.000000E-01   1.800000E-02  -3.113822E-01
           39   2.500000E-01   1.800000E-02  -2.889568E-01
           40   3.000000E-01   1.800000E-02  -2.859206E-01
           41   3.500000E-01   1.800000E-02  -2.783180E-01
           42   4.000000E-01   1.800000E-02  -2.740297E-01
           43   4.500000E-01   1.800000E-02  -2.715815E-01
           44   5.000000E-01   1.800000E-02  -2.629010E-01
           45   0.000000E+00   1.500000E-02  -4.886641E-01
           46   5.000000E-02   1.500000E-02  -4.786494E-01
           47   1.000000E-01   1.500000E-02  -4.138336E-01
           48   1.500000E-01   1.500000E-02  -3.507202E-01
           49   2.000000E-01   1.500000E-02  -3.113707E-01
           50   2.500000E-01   1.500000E-02  -2.889467E-01
           51   3.000000E-01   1.500000E-02  -2.859150E-01
           52   3.500000E-01   1.500000E-02  -2.783135E-01
           53   4.000000E-01   1.500000E-02  -2.740260E-01
           54   4.500000E-01   1.500000E-02  -2.715781E-01
           55   5.000000E-01   1.500000E-02  -2.628970E-01
           56   0.000000E+00   1.200000E-02  -4.886302E-01
           57   5.000000E-02   1.200000E-02  -4.786552E-01
           58   1.000000E-01   1.200000E-02  -4.138335E-01
           59   1.500000E-01   1.200000E-02  -3.507088E-01
           60   2.000000E-01   1.200000E-02  -3.113581E-01
           61   2.500000E-01   1.200000E-02  -2.889353E-01
           62   3.000000E-01   1.200000E-02  -2.859040E-01
           63   3.500000E-01   1.200000E-02  -2.783031E-01
           64   4.000000E-01   1.200000E-02  -2.740158E-01
           65   4.500000E-01   1.200000E-02  -2.715680E-01
           66   5.000000E-01   1.200000E-02  -2.628920E-01
           67   0.000000E+00   9.000000E-03  -4.885964E-01
           68   5.000000E-02   9.000000E-03  -4.786613E-01
           69   1.000000E-01   9.000000E-03  -4.138337E-01
           70   1.500000E-01   9.000000E-03  -3.506978E-01
           71   2.000000E-01   9.000000E-03  -3.113461E-01
           72   2.500000E-01   9.000000E-03  -2.889245E-01
           73   3.000000E-01   9.000000E-03  -2.858895E-01
           74   3.500000E-01   9.000000E-03  -2.782888E-01
           75   4.000000E-01   9.000000E-03  -2.740016E-01
           76   4.500000E-01   9.000000E-03  -2.715537E-01
           77   5.000000E-01   9.000000E-03  -2.628873E-01
           78   0.000000E+00   6.000000E-03  -4.885718E-01
           79   5.000000E-02   6.000000E-03  -4.786731E-01
           80   1.000000E-01   6.000000E-03  -4.138403E-01
           81   1.500000E-01   6.000000E-03  -3.506944E-01
           82   2.000000E-01   6.000000E-03  -3.113433E-01
           83   2.500000E-01   6.000000E-03  -2.889242E-01
           84   3.000000E-01   6.000000E-03  -2.858382E-01
           85   3.500000E-01   6.000000E-03  -2.782361E-01
           86   4.000000E-01   6.000000E-03  -2.739476E-01
           87   4.500000E-01   6.000000E-03  -2.714988E-01
           88   5.000000E-01   6.000000E-03  -2.628870E-01
           89   0.000000E+00   3.000000E-03  -4.888481E-01
           90   5.000000E-02   3.000000E-03  -4.788449E-01
           91   1.000000E-01   3.000000E-03  -4.139983E-01
           92   1.500000E-01   3.000000E-03  -3.508364E-01
           93   2.000000E-01   3.000000E-03  -3.114841E-01
           94   2.500000E-01   3.000000E-03  -2.890671E-01
           95   3.000000E-01   3.000000E-03  -2.853353E-01
           96   3.500000E-01   3.000000E-03  -2.777333E-01
           97   4.000000E-01   3.000000E-03  -2.734436E-01
           98   4.500000E-01   3.000000E-03  -2.709920E-01
           99   5.000000E-01   3.000000E-03  -2.629329E-01
          100   0.000000E+00   0.000000E+00  -4.985453E-01
          101   5.000000E-02   0.000000E+00  -4.835910E-01
          102   1.000000E-01   0.000000E+00  -4.177804E-01
          103   1.500000E-01   0.000000E+00  -3.537307E-01
          104   2.000000E-01   0.000000E+00  -3.138558E-01
          105   2.500000E-01   0.000000E+00  -2.911481E-01
          106   3.000000E-01   0.000000E+00  -2.793768E-01
          107   3.500000E-01   0.000000E+00  -2.720512E-01
          108   4.000000E-01   0.000000E+00  -2.679226E-01
          109   4.500000E-01   0.000000E+00  -2.655640E-01
          110   5.000000E-01   0.000000E+00  -2.635123E-01
   9759  9.72057190E+04     NSTEP   TIME
 SURFACE NODE              X              Y  PRESSURE HEAD
            1   0.000000E+00   2.700000E-02  -3.537157E-02
            2   5.000000E-02   2.700000E-02  -3.492757E-02
            3   1.000000E-01   2.700000E-02  -3.493271E-02
            4   1.500000E-01   2.700000E-02  -3.491449E-02
            5   2.000000E-01   2.700000E-02  -3.487434E-02
            6   2.500000E-01   2.700000E-02  -3.585245E-02
            7   3.000000E-01   2.700000E-02  -6.581191E-02
            8   3.500000E-01   2.700000E-02  -8.582700E-02
            9   4.000000E-01   2.700000E-02  -8.875774E-02
           10   4.500000E-01   2.700000E-02  -7.348489E-02
           11   5.000000E-01   2.700000E-02  -3.593173E-02
           12   0.000000E+00   2.400000E-02  -3.531119E-02
           13   5.000000E-02   2.400000E-02  -3.488270E-02
           14   1.000000E-01   2.400000E-02  -3.488780E-02
           15   1.500000E-01   2.400000E-02  -3.486922E-02
           16   2.000000E-01   2.400000E-02  -3.482929E-02
           17   2.500000E-01   2.400000E-02  -3.582683E-02
           18   3.000000E-01   2.400000E-02  -6.588544E-02
           19   3.500000E-01   2.400000E-02  -8.617814E-02
           20   4.000000E-01   2.400000E-02  -8.935695E-02
           21   4.500000E-01   2.400000E-02  -7.361860E-02
           22   5.000000E-01   2.400000E-02  -3.587065E-02
           23   0.000000E+00   2.100000E-02  -3.527870E-02
           24   5.000000E-02   2.100000E-02  -3.485830E-02
           25   1.000000E-01   2.100000E-02  -3.486334E-02
           26   1.500000E-01   2.100000E-02  -3.484446E-02
           27   2.000000E-01   2.100000E-02  -3.480504E-02
           28   2.500000E-01   2.100000E-02  -3.582489E-02
           29   3.000000E-01   2.100000E-02  -6.604013E-02
           30   3.500000E-01   2.100000E-02  -8.675769E-02
           31   4.000000E-01   2.100000E-02  -9.027896E-02
           32   4.500000E-01   2.100000E-02  -7.390231E-02
           33   5.000000E-01   2.100000E-02  -3.582835E-02
           34   0.000000E+00   1.800000E-02  -3.526054E-02
           35   5.000000E-02   1.800000E-02  -3.484459E-02
           36   1.000000E-01   1.800000E-02  -3.484956E-02
           37   1.500000E-01   1.800000E-02  -3.483042E-02
           38   2.000000E-01   1.800000E-02  -3.479162E-02
           39   2.500000E-01   1.800000E-02  -3.583429E-02
           40   3.000000E-01   1.800000E-02  -6.617633E-02
           41   3.500000E-01   1.800000E-02  -8.723569E-02
           42   4.000000E-01   1.800000E-02  -9.101032E-02
           43   4.500000E-01   1.800000E-02  -7.413191E-02
           44   5.000000E-01   1.800000E-02  -3.579430E-02
           45   0.000000E+00   1.500000E-02  -3.524913E-02
           46   5.000000E-02   1.500000E-02  -3.483609E-02
           47   1.000000E-01   1.500000E-02  -3.484099E-02
           48   1.500000E-01   1.500000E-02  -3.482158E-02
           49   2.000000E-01   1.500000E-02  -3.478346E-02
           50   2.500000E-01   1.500000E-02  -3.584856E-02
           51   3.000000E-01   1.500000E-02  -6.624965E-02
           52   3.500000E-01   1.500000E-02  -8.749642E-02
           53   4.000000E-01   1.500000E-02  -9.139286E-02
           54   4.500000E-01   1.500000E-02  -7.423059E-02
           55   5.000000E-01   1.500000E-02  -3.576291E-02
           56   0.000000E+00   1.200000E-02  -3.523970E-02
           57   5.000000E-02   1.200000E-02  -3.482937E-02
           58   1.000000E-01   1.200000E-02  -3.483420E-02
           59   1.500000E-01   1.200000E-02  -3.481454E-02
           60   2.000000E-01   1.200000E-02  -3.477713E-02
           61   2.500000E-01   1.200000E-02  -3.586408E-02
           62   3.000000E-01   1.200000E-02  -6.624225E-02
           63   3.500000E-01   1.200000E-02  -8.750187E-02
           64   4.000000E-01   1.200000E-02  -9.137949E-02
           65   4.500000E-01   1.200000E-02  -7.417154E-02
           66   5.000000E-01   1.200000E-02  -3.573110E-02
           67   0.000000E+00   9.000000E-03  -3.522828E-02
           68   5.000000E-02   9.000000E-03  -3.482173E-02
           69   1.000000E-01   9.000000E-03  -3.482650E-02
           70   1.500000E-01   9.000000E-03  -3.480658E-02
           71   2.000000E-01   9.000000E-03  -3.476990E-02
           72   2.500000E-01   9.000000E-03  -3.587830E-02
           73   3.000000E-01   9.000000E-03  -6.615141E-02
           74   3.500000E-01   9.000000E-03  -8.724787E-02
           75   4.000000E-01   9.000000E-03  -9.096572E-02
           76   4.500000E-01   9.000000E-03  -7.395115E-02
           77   5.000000E-01   9.000000E-03  -3.569704E-02
           78   0.000000E+00   6.000000E-03  -3.521007E-02
           79   5.000000E-02   6.000000E-03  -3.481009E-02
           80   1.000000E-01   6.000000E-03  -3.481481E-02
           81   1.500000E-01   6.000000E-03  -3.479462E-02
           82   2.000000E-01   6.000000E-03  -3.475869E-02
           83   2.500000E-01   6.000000E-03  -3.588838E-02
           84   3.000000E-01   6.000000E-03  -6.598823E-02
           85   3.500000E-01   6.000000E-03  -8.675931E-02
           86   4.000000E-01   6.000000E-03  -9.018280E-02
           87   4.500000E-01   6.000000E-03  -7.358598E-02
           88   5.000000E-01   6.000000E-03  -3.565927E-02
           89   0.000000E+00   3.000000E-03  -3.517739E-02
           90   5.000000E-02   3.000000E-03  -3.478978E-02
           91   1.000000E-01   3.000000E-03  -3.479445E-02
           92   1.500000E-01   3.000000E-03  -3.477398E-02
           93   2.000000E-01   3.000000E-03  -3.473877E-02
           94   2.500000E-01   3.000000E-03  -3.588955E-02
           95   3.000000E-01   3.000000E-03  -6.578544E-02
           96   3.500000E-01   3.000000E-03  -8.611905E-02
           97   4.000000E-01   3.000000E-03  -8.914156E-02
           98   4.500000E-01   3.000000E-03  -7.313024E-02
           99   5.000000E-01   3.000000E-03  -3.561592E-02
          100   0.000000E+00   0.000000E+00  -3.511659E-02
          101   5.000000E-02   0.000000E+00  -3.475270E-02
          102   1.000000E-01   0.000000E+00  -3.475732E-02
          103   1.500000E-01   0.000000E+00  -3.473651E-02
          104   2.000000E-01   0.000000E+00  -3.470186E-02
          105   2.500000E-01   0.000000E+00  -3.587255E-02
          106   3.000000E-01   0.000000E+00  -6.561952E-02
          107   3.500000E-01   0.000000E+00  -8.556448E-02
          108   4.000000E-01   0.000000E+00  -8.819731E-02
          109   4.500000E-01   0.000000E+00  -7.273212E-02
          110   5.000000E-01   0.000000E+00  -3.556229E-02
  17679  1.76405719E+05     NSTEP   TIME
 SURFACE NODE              X              Y  PRESSURE HEAD
            1   0.000000E+00   2.700000E-02  -2.709319E-01
            2   5.000000E-02   2.700000E-02  -2.696749E-01
            3   1.000000E-01   2.700000E-02  -2.694089E-01
            4   1.500000E-01   2.700000E-02  -2.694601E-01
            5   2.000000E-01   2.700000E-02  -2.696490E-01
            6   2.500000E-01   2.700000E-02  -2.699010E-01
            7   3.000000E-01   2.700000E-02  -2.680459E-01
            8   3.500000E-01   2.700000E-02  -2.682537E-01
            9   4.000000E-01   2.700000E-02  -2.683343E-01
           10   4.500000E-01   2.700000E-02  -2.681204E-01
           11   5.000000E-01   2.700000E-02  -2.690556E-01
           12   0.000000E+00   2.400000E-02  -2.709160E-01
           13   5.000000E-02   2.400000E-02  -2.696649E-01
           14   1.000000E-01   2.400000E-02  -2.693985E-01
           15   1.500000E-01   2.400000E-02  -2.694497E-01
           16   2.000000E-01   2.400000E-02  -2.696386E-01
           17   2.500000E-01   2.400000E-02  -2.698887E-01
           18   3.000000E-01   2.400000E-02  -2.617883E-01
           19   3.500000E-01   2.400000E-02  -2.619875E-01
           20   4.000000E-01   2.400000E-02  -2.620636E-01
           21   4.500000E-01   2.400000E-02  -2.618461E-01
           22   5.000000E-01   2.400000E-02  -2.690485E-01
           23   0.000000E+00   2.100000E-02  -2.709010E-01
           24   5.000000E-02   2.100000E-02  -2.696551E-01
           25   1.000000E-01   2.100000E-02  -2.693885E-01
           26   1.500000E-01   2.100000E-02  -2.694396E-01
           27   2.000000E-01   2.100000E-02  -2.696285E-01
           28   2.500000E-01   2.100000E-02  -2.698782E-01
           29   3.000000E-01   2.100000E-02  -2.612178E-01
           30   3.500000E-01   2.100000E-02  -2.614165E-01
           31   4.000000E-01   2.100000E-02  -2.614926E-01
           32   4.500000E-01   2.100000E-02  -2.612778E-01
           33   5.000000E-01   2.100000E-02  -2.690431E-01
           34   0.000000E+00   1.800000E-02  -2.708864E-01
           35   5.000000E-02   1.800000E-02  -2.696455E-01
           36   1.000000E-01   1.800000E-02  -2.693787E-01
           37   1.500000E-01   1.800000E-02  -2.694297E-01
           38   2.000000E-01   1.800000E-02  -2.696186E-01
           39   2.500000E-01   1.800000E-02  -2.698683E-01
           40   3.000000E-01   1.800000E-02  -2.611572E-01
           41   3.500000E-01   1.800000E-02  -2.613556E-01
           42   4.000000E-01   1.800000E-02  -2.614317E-01
           43   4.500000E-01   1.800000E-02  -2.612172E-01
           44   5.000000E-01   1.800000E-02  -2.690381E-01
           45   0.000000E+00   1.500000E-02  -2.708722E-01
           46   5.000000E-02   1.500000E-02  -2.696360E-01
           47   1.000000E-01   1.500000E-02  -2.693690E-01
           48   1.500000E-01   1.500000E-02  -2.694200E-01
           49   2.000000E-01   1.500000E-02  -2.696089E-01
           50   2.500000E-01   1.500000E-02  -2.698585E-01
           51   3.000000E-01   1.500000E-02  -2.611433E-01
           52   3.500000E-01   1.500000E-02  -2.613416E-01
           53   4.000000E-01   1.500000E-02  -2.614176E-01
           54   4.500000E-01   1.500000E-02  -2.612031E-01
           55   5.000000E-01   1.500000E-02  -2.690332E-01
           56   0.000000E+00   1.200000E-02  -2.708581E-01
           57   5.000000E-02   1.200000E-02  -2.696265E-01
           58   1.000000E-01   1.200000E-02  -2.693594E-01
           59   1.500000E-01   1.200000E-02  -2.694103E-01
           60   2.000000E-01   1.200000E-02  -2.695992E-01
           61   2.500000E-01   1.200000E-02  -2.698488E-01
           62   3.000000E-01   1.200000E-02  -2.611341E-01
           63   3.500000E-01   1.200000E-02  -2.613324E-01
           64   4.000000E-01   1.200000E-02  -2.614082E-01
           65   4.500000E-01   1.200000E-02  -2.611936E-01
           66   5.000000E-01   1.200000E-02  -2.690283E-01
           67   0.000000E+00   9.000000E-03  -2.708439E-01
           68   5.000000E-02   9.000000E-03  -2.696170E-01
           69   1.000000E-01   9.000000E-03  -2.693497E-01
           70   1.500000E-01   9.000000E-03  -2.694005E-01
           71   2.000000E-01   9.000000E-03  -2.695894E-01
           72   2.500000E-01   9.000000E-03  -2.698391E-01
           73   3.000000E-01   9.000000E-03  -2.611299E-01
           74   3.500000E-01   9.000000E-03  -2.613283E-01
           75   4.000000E-01   9.000000E-03  -2.614041E-01
           76   4.500000E-01   9.000000E-03  -2.611892E-01
           77   5.000000E-01   9.000000E-03  -2.690235E-01
           78   0.000000E+00   6.000000E-03  -2.708293E-01
           79   5.000000E-02   6.000000E-03  -2.696073E-01
           80   1.000000E-01   6.000000E-03  -2.693400E-01
           81   1.500000E-01   6.000000E-03  -2.693907E-01
           82   2.000000E-01   6.000000E-03  -2.695795E-01
           83   2.500000E-01   6.000000E-03  -2.698293E-01
           84   3.000000E-01   6.000000E-03  -2.611780E-01
           85   3.500000E-01   6.000000E-03  -2.613769E-01
           86   4.000000E-01   6.000000E-03  -2.614525E-01
           87   4.500000E-01   6.000000E-03  -2.612371E-01
           88   5.000000E-01   6.000000E-03  -2.690186E-01
           89   0.000000E+00   3.000000E-03  -2.708142E-01
           90   5.000000E-02   3.000000E-03  -2.695975E-01
           91   1.000000E-01   3.000000E-03  -2.693299E-01
           92   1.500000E-01   3.000000E-03  -2.693806E-01
           93   2.000000E-01   3.000000E-03  -2.695694E-01
           94   2.500000E-01   3.000000E-03  -2.698196E-01
           95   3.000000E-01   3.000000E-03  -2.617996E-01
           96   3.500000E-01   3.000000E-03  -2.620016E-01
           97   4.000000E-01   3.000000E-03  -2.620769E-01
           98   4.500000E-01   3.000000E-03  -2.618581E-01
           99   5.000000E-01   3.000000E-03  -2.690119E-01
          100   0.000000E+00   0.000000E+00  -2.707982E-01
          101   5.000000E-02   0.000000E+00  -2.695875E-01
          102   1.000000E-01   0.000000E+00  -2.693196E-01
          103   1.500000E-01   0.000000E+00  -2.693702E-01
          104   2.000000E-01   0.000000E+00  -2.695591E-01
          105   2.500000E-01   0.000000E+00  -2.698114E-01
          106   3.000000E-01   0.000000E+00  -2.688786E-01
          107   3.500000E-01   0.000000E+00  -2.690829E-01
          108   4.000000E-01   0.000000E+00  -2.691625E-01
          109   4.500000E-01   0.000000E+00  -2.689338E-01
          110   5.000000E-01   0.000000E+00  -2.690054E-01
