                     #***** Cumulative flow volumes ***** 
# Nstep    Deltat      Time  SeepageF  nansfDir  nansfNeu   Nudging  net (VTOT)
      1  1.00E-02  1.00E-02  0.00E+00  0.00E+00  0.00E+00  0.00E+00 -5.7648E-07
      2  5.00E-03  1.50E-02  0.00E+00  0.00E+00  0.00E+00  0.00E+00 -8.0930E-07
      3  5.50E-03  2.05E-02  0.00E+00  0.00E+00  0.00E+00  0.00E+00 -1.1066E-06
      4  6.05E-03  2.66E-02  0.00E+00  0.00E+00  0.00E+00  0.00E+00 -1.9179E-06
      5  6.66E-03  3.32E-02  0.00E+00  0.00E+00  0.00E+00  0.00E+00 -2.8614E-06
      6  7.32E-03  4.05E-02  0.00E+00  0.00E+00  0.00E+00  0.00E+00 -3.9567E-06
      7  8.05E-03  4.86E-02  0.00E+00  0.00E+00  0.00E+00  0.00E+00 -5.2250E-06
      8  8.86E-03  5.74E-02  0.00E+00  0.00E+00  0.00E+00  0.00E+00 -6.6891E-06
      9  9.74E-03  6.72E-02  0.00E+00  0.00E+00  0.00E+00  0.00E+00 -8.3753E-06
     10  5.36E-03  7.25E-02  0.00E+00  0.00E+00  0.00E+00  0.00E+00 -9.3177E-06
     11  5.89E-03  7.84E-02  0.00E+00  0.00E+00  0.00E+00  0.00E+00 -1.0372E-05
     12  6.48E-03  8.49E-02  0.00E+00  0.00E+00  0.00E+00  0.00E+00 -1.1581E-05
     13  7.13E-03  9.21E-02  0.00E+00  0.00E+00  0.00E+00  0.00E+00 -1.2955E-05
     14  3.57E-03  9.56E-02  0.00E+00  0.00E+00  0.00E+00  0.00E+00 -1.3649E-05
     15  3.92E-03  9.95E-02  0.00E+00  0.00E+00  0.00E+00  0.00E+00 -1.4417E-05
     16  4.32E-03  1.04E-01  0.00E+00  0.00E+00  0.00E+00  0.00E+00 -1.5278E-05
     17  4.75E-03  1.09E-01  0.00E+00  0.00E+00  0.00E+00  0.00E+00 -1.6241E-05
     18  5.22E-03  1.14E-01  0.00E+00  0.00E+00  0.00E+00  0.00E+00 -1.7318E-05
     19  5.74E-03  1.20E-01  0.00E+00  0.00E+00  0.00E+00  0.00E+00 -1.8525E-05
     20  5.74E-03  1.25E-01  0.00E+00  0.00E+00  0.00E+00  0.00E+00 -1.9752E-05
     21  6.32E-03  1.32E-01  0.00E+00  0.00E+00  0.00E+00  0.00E+00 -2.1121E-05
     22  6.95E-03  1.39E-01  0.00E+00  0.00E+00  0.00E+00  0.00E+00 -2.2654E-05
     23  7.64E-03  1.46E-01  0.00E+00  0.00E+00  0.00E+00  0.00E+00 -2.4370E-05
     24  8.41E-03  1.55E-01  0.00E+00  0.00E+00  0.00E+00  0.00E+00 -2.6292E-05
     25  9.25E-03  1.64E-01  0.00E+00  0.00E+00  0.00E+00  0.00E+00 -2.8443E-05
     26  1.02E-02  1.74E-01  0.00E+00  0.00E+00  0.00E+00  0.00E+00 -3.0858E-05
     27  1.02E-02  1.84E-01  0.00E+00  0.00E+00  0.00E+00  0.00E+00 -3.3318E-05
     28  1.12E-02  1.95E-01  0.00E+00  0.00E+00  0.00E+00  0.00E+00 -3.6071E-05
     29  1.12E-02  2.07E-01  0.00E+00  0.00E+00  0.00E+00  0.00E+00 -3.8878E-05
     30  1.12E-02  2.18E-01  0.00E+00  0.00E+00  0.00E+00  0.00E+00 -4.1732E-05
     31  1.12E-02  2.29E-01  0.00E+00  0.00E+00  0.00E+00  0.00E+00 -4.4630E-05
     32  1.23E-02  2.41E-01  0.00E+00  0.00E+00  0.00E+00  0.00E+00 -4.7868E-05
     33  1.23E-02  2.54E-01  0.00E+00  0.00E+00  0.00E+00  0.00E+00 -5.1158E-05
     34  1.23E-02  2.66E-01  0.00E+00  0.00E+00  0.00E+00  0.00E+00 -5.4494E-05
     35  1.35E-02  2.79E-01  0.00E+00  0.00E+00  0.00E+00  0.00E+00 -5.8218E-05
     36  1.35E-02  2.93E-01  0.00E+00  0.00E+00  0.00E+00  0.00E+00 -6.1994E-05
     37  1.35E-02  3.07E-01  0.00E+00  0.00E+00  0.00E+00  0.00E+00 -6.5818E-05
     38  1.49E-02  3.21E-01  0.00E+00  0.00E+00  0.00E+00  0.00E+00 -7.0079E-05
     39  1.49E-02  3.36E-01  0.00E+00  0.00E+00  0.00E+00  0.00E+00 -7.4398E-05
     40  1.49E-02  3.51E-01  0.00E+00  0.00E+00  0.00E+00  0.00E+00 -7.8770E-05
     41  1.64E-02  3.68E-01  0.00E+00  0.00E+00  0.00E+00  0.00E+00 -8.3637E-05
     42  1.80E-02  3.86E-01  0.00E+00  0.00E+00  0.00E+00  0.00E+00 -8.9064E-05
     43  9.01E-03  3.95E-01  0.00E+00  0.00E+00  0.00E+00  0.00E+00 -9.1796E-05
     44  9.91E-03  4.05E-01  0.00E+00  0.00E+00  0.00E+00  0.00E+00 -9.4810E-05
     45  1.09E-02  4.16E-01  0.00E+00  0.00E+00  0.00E+00  0.00E+00 -9.8151E-05
     46  1.20E-02  4.28E-01  0.00E+00  0.00E+00  0.00E+00  0.00E+00 -1.0185E-04
     47  1.32E-02  4.41E-01  0.00E+00  0.00E+00  0.00E+00  0.00E+00 -1.0596E-04
     48  1.32E-02  4.54E-01  0.00E+00  0.00E+00  0.00E+00  0.00E+00 -1.1009E-04
     49  1.32E-02  4.67E-01  0.00E+00  0.00E+00  0.00E+00  0.00E+00 -1.1426E-04
     50  1.45E-02  4.82E-01  0.00E+00  0.00E+00  0.00E+00  0.00E+00 -1.1886E-04
     51  1.45E-02  4.96E-01  0.00E+00  0.00E+00  0.00E+00  0.00E+00 -1.2351E-04
     52  1.45E-02  5.11E-01  0.00E+00  0.00E+00  0.00E+00  0.00E+00 -1.2818E-04
     53  1.60E-02  5.27E-01  0.00E+00  0.00E+00  0.00E+00  0.00E+00 -1.3336E-04
     54  1.60E-02  5.43E-01  0.00E+00  0.00E+00  0.00E+00  0.00E+00 -1.3857E-04
     55  1.76E-02  5.60E-01  0.00E+00  0.00E+00  0.00E+00  0.00E+00 -1.4434E-04
     56  1.93E-02  5.79E-01  0.00E+00  0.00E+00  0.00E+00  0.00E+00 -1.5073E-04
     57  2.13E-02  6.01E-01  0.00E+00  0.00E+00  0.00E+00  0.00E+00 -1.5780E-04
     58  2.13E-02  6.22E-01  0.00E+00  0.00E+00  0.00E+00  0.00E+00 -1.6492E-04
     59  2.34E-02  6.45E-01  0.00E+00  0.00E+00  0.00E+00  0.00E+00 -1.7280E-04
     60  2.34E-02  6.69E-01  0.00E+00  0.00E+00  0.00E+00  0.00E+00 -1.8073E-04
     61  2.57E-02  6.94E-01  0.00E+00  0.00E+00  0.00E+00  0.00E+00 -1.8951E-04
     62  2.57E-02  7.20E-01  0.00E+00  0.00E+00  0.00E+00  0.00E+00 -1.9834E-04
     63  2.83E-02  7.48E-01  0.00E+00  0.00E+00  0.00E+00  0.00E+00 -2.0811E-04
     64  3.11E-02  7.80E-01  0.00E+00  0.00E+00  0.00E+00  0.00E+00 -2.1893E-04
     65  3.11E-02  8.11E-01  0.00E+00  0.00E+00  0.00E+00  0.00E+00 -2.2980E-04
     66  3.42E-02  8.45E-01  0.00E+00  0.00E+00  0.00E+00  0.00E+00 -2.4182E-04
     67  3.77E-02  8.83E-01  0.00E+00  0.00E+00  0.00E+00  0.00E+00 -2.5512E-04
     68  3.77E-02  9.20E-01  0.00E+00  0.00E+00  0.00E+00  0.00E+00 -2.6848E-04
     69  4.14E-02  9.62E-01  0.00E+00  0.00E+00  0.00E+00  0.00E+00 -2.8325E-04
     70  4.56E-02  1.01E+00  0.00E+00  0.00E+00  0.00E+00  0.00E+00 -2.9957E-04
     71  5.01E-02  1.06E+00  0.00E+00  0.00E+00  0.00E+00  0.00E+00 -3.1760E-04
     72  5.01E-02  1.11E+00  0.00E+00  0.00E+00  0.00E+00  0.00E+00 -3.3572E-04
     73  5.51E-02  1.16E+00  0.00E+00  0.00E+00  0.00E+00  0.00E+00 -3.5572E-04
     74  5.51E-02  1.22E+00  0.00E+00  0.00E+00  0.00E+00  0.00E+00 -3.7578E-04
     75  6.06E-02  1.28E+00  0.00E+00  0.00E+00  0.00E+00  0.00E+00 -3.9792E-04
     76  6.06E-02  1.34E+00  0.00E+00  0.00E+00  0.00E+00  0.00E+00 -4.2012E-04
     77  6.67E-02  1.41E+00  0.00E+00  0.00E+00  0.00E+00  0.00E+00 -4.4459E-04
     78  7.34E-02  1.48E+00  0.00E+00  0.00E+00  0.00E+00  0.00E+00 -4.7157E-04
     79  8.07E-02  1.56E+00  0.00E+00  0.00E+00  0.00E+00  0.00E+00 -5.0131E-04
     80  8.88E-02  1.65E+00  0.00E+00  0.00E+00  0.00E+00  0.00E+00 -5.3411E-04
     81  8.88E-02  1.74E+00  0.00E+00  0.00E+00  0.00E+00  0.00E+00 -5.6694E-04
     82  9.77E-02  1.83E+00  0.00E+00  0.00E+00  0.00E+00  0.00E+00 -6.0308E-04
     83  9.77E-02  1.93E+00  0.00E+00  0.00E+00  0.00E+00  0.00E+00 -6.3924E-04
     84  1.07E-01  2.04E+00  0.00E+00  0.00E+00  0.00E+00  0.00E+00 -6.7904E-04
     85  1.18E-01  2.16E+00  0.00E+00  0.00E+00  0.00E+00  0.00E+00 -7.2283E-04
     86  1.30E-01  2.29E+00  0.00E+00  0.00E+00  0.00E+00  0.00E+00 -7.7102E-04
     87  1.43E-01  2.43E+00  0.00E+00  0.00E+00  0.00E+00  0.00E+00 -8.2402E-04
     88  1.57E-01  2.59E+00  0.00E+00  0.00E+00  0.00E+00  0.00E+00 -8.8231E-04
     89  1.57E-01  2.75E+00  0.00E+00  0.00E+00  0.00E+00  0.00E+00 -9.4066E-04
     90  7.86E-02  2.82E+00  0.00E+00  0.00E+00  0.00E+00  0.00E+00 -9.6974E-04
     91  8.65E-02  2.91E+00  0.00E+00  0.00E+00  0.00E+00  0.00E+00 -1.0016E-03
     92  9.52E-02  3.01E+00  0.00E+00  0.00E+00  0.00E+00  0.00E+00 -1.0367E-03
     93  1.05E-01  3.11E+00  0.00E+00  0.00E+00  0.00E+00  0.00E+00 -1.0754E-03
     94  1.15E-01  3.23E+00  0.00E+00  0.00E+00  0.00E+00  0.00E+00 -1.1181E-03
     95  1.15E-01  3.34E+00  0.00E+00  0.00E+00  0.00E+00  0.00E+00 -1.1608E-03
     96  1.27E-01  3.47E+00  0.00E+00  0.00E+00  0.00E+00  0.00E+00 -1.2078E-03
     97  1.27E-01  3.59E+00  0.00E+00  0.00E+00  0.00E+00  0.00E+00 -1.2548E-03
     98  1.39E-01  3.73E+00  0.00E+00  0.00E+00  0.00E+00  0.00E+00 -1.3065E-03
     99  1.53E-01  3.89E+00  0.00E+00  0.00E+00  0.00E+00  0.00E+00 -1.3634E-03
    100  1.69E-01  4.06E+00  0.00E+00  0.00E+00  0.00E+00  0.00E+00 -1.4260E-03
    101  1.85E-01  4.24E+00  0.00E+00  0.00E+00  0.00E+00  0.00E+00 -1.4950E-03
    102  9.27E-02  4.33E+00  0.00E+00  0.00E+00  0.00E+00  0.00E+00 -1.5294E-03
    103  1.02E-01  4.44E+00  0.00E+00  0.00E+00  0.00E+00  0.00E+00 -1.5670E-03
    104  1.12E-01  4.55E+00  0.00E+00  0.00E+00  0.00E+00  0.00E+00 -1.6085E-03
    105  1.23E-01  4.67E+00  0.00E+00  0.00E+00  0.00E+00  0.00E+00 -1.6542E-03
    106  1.36E-01  4.81E+00  0.00E+00  0.00E+00  0.00E+00  0.00E+00 -1.7046E-03
    107  1.49E-01  4.96E+00  0.00E+00  0.00E+00  0.00E+00  0.00E+00 -1.7600E-03
    108  1.64E-01  5.12E+00  0.00E+00  0.00E+00  0.00E+00  0.00E+00 -1.8210E-03
    109  1.81E-01  5.30E+00  0.00E+00  0.00E+00  0.00E+00  0.00E+00 -1.8881E-03
    110  1.99E-01  5.50E+00  0.00E+00  0.00E+00  0.00E+00  0.00E+00 -1.9620E-03
    111  1.99E-01  5.70E+00  0.00E+00  0.00E+00  0.00E+00  0.00E+00 -2.0359E-03
    112  2.19E-01  5.92E+00  0.00E+00  0.00E+00  0.00E+00  0.00E+00 -2.1172E-03
    113  2.19E-01  6.14E+00  0.00E+00  0.00E+00  0.00E+00  0.00E+00 -2.1985E-03
    114  2.40E-01  6.38E+00  0.00E+00  0.00E+00  0.00E+00  0.00E+00 -2.2879E-03
    115  2.40E-01  6.62E+00  0.00E+00  0.00E+00  0.00E+00  0.00E+00 -2.3773E-03
    116  2.65E-01  6.88E+00  0.00E+00  0.00E+00  0.00E+00  0.00E+00 -2.4756E-03
    117  2.91E-01  7.17E+00  0.00E+00  0.00E+00  0.00E+00  0.00E+00 -2.5838E-03
    118  3.20E-01  7.49E+00  0.00E+00  0.00E+00  0.00E+00  0.00E+00 -2.7028E-03
    119  3.20E-01  7.81E+00  0.00E+00  0.00E+00  0.00E+00  0.00E+00 -2.8218E-03
    120  3.52E-01  8.16E+00  0.00E+00  0.00E+00  0.00E+00  0.00E+00 -2.9526E-03
    121  3.52E-01  8.52E+00  0.00E+00  0.00E+00  0.00E+00  0.00E+00 -3.0834E-03
    122  3.87E-01  8.90E+00  0.00E+00  0.00E+00  0.00E+00  0.00E+00 -3.2272E-03
    123  4.26E-01  9.33E+00  0.00E+00  0.00E+00  0.00E+00  0.00E+00 -3.3853E-03
    124  4.69E-01  9.80E+00  0.00E+00  0.00E+00  0.00E+00  0.00E+00 -3.5593E-03
    125  4.69E-01  1.03E+01  0.00E+00  0.00E+00  0.00E+00  0.00E+00 -3.7332E-03
    126  5.15E-01  1.08E+01  0.00E+00  0.00E+00  0.00E+00  0.00E+00 -3.9242E-03
    127  5.67E-01  1.13E+01  0.00E+00  0.00E+00  0.00E+00  0.00E+00 -4.1343E-03
    128  6.24E-01  1.20E+01  0.00E+00  0.00E+00  0.00E+00  0.00E+00 -4.3653E-03
    129  6.86E-01  1.27E+01  0.00E+00  0.00E+00  0.00E+00  0.00E+00 -4.6193E-03
    130  7.55E-01  1.34E+01  0.00E+00  0.00E+00  0.00E+00  0.00E+00 -4.8985E-03
    131  8.30E-01  1.42E+01  0.00E+00  0.00E+00  0.00E+00  0.00E+00 -5.2055E-03
    132  9.13E-01  1.52E+01  0.00E+00  0.00E+00  0.00E+00  0.00E+00 -5.5432E-03
    133  9.13E-01  1.61E+01  0.00E+00  0.00E+00  0.00E+00  0.00E+00 -5.8805E-03
    134  1.00E+00  1.71E+01  0.00E+00  0.00E+00  0.00E+00  0.00E+00 -6.2514E-03
    135  1.10E+00  1.82E+01  0.00E+00  0.00E+00  0.00E+00  0.00E+00 -6.6591E-03
    136  1.22E+00  1.94E+01  0.00E+00  0.00E+00  0.00E+00  0.00E+00 -7.1073E-03
    137  1.34E+00  2.07E+01  0.00E+00  0.00E+00  0.00E+00  0.00E+00 -7.6000E-03
    138  1.47E+00  2.22E+01  0.00E+00  0.00E+00  0.00E+00  0.00E+00 -8.1416E-03
    139  1.62E+00  2.38E+01  0.00E+00  0.00E+00  0.00E+00  0.00E+00 -8.7369E-03
    140  1.78E+00  2.56E+01  0.00E+00  0.00E+00  0.00E+00  0.00E+00 -9.3911E-03
    141  1.96E+00  2.76E+01  0.00E+00  0.00E+00  0.00E+00  0.00E+00 -1.0110E-02
    142  2.15E+00  2.97E+01  0.00E+00  0.00E+00  0.00E+00  0.00E+00 -1.0900E-02
    143  2.37E+00  3.21E+01  0.00E+00  0.00E+00  0.00E+00  0.00E+00 -1.1768E-02
    144  2.37E+00  3.44E+01  0.00E+00  0.00E+00  0.00E+00  0.00E+00 -1.2635E-02
    145  2.61E+00  3.71E+01  0.00E+00  0.00E+00  0.00E+00  0.00E+00 -1.3587E-02
    146  2.87E+00  3.99E+01  0.00E+00  0.00E+00  0.00E+00  0.00E+00 -1.4634E-02
    147  3.15E+00  4.31E+01  0.00E+00  0.00E+00  0.00E+00  0.00E+00 -1.5784E-02
    148  3.15E+00  4.62E+01  0.00E+00  0.00E+00  0.00E+00  0.00E+00 -1.6933E-02
    149  3.15E+00  4.94E+01  0.00E+00  0.00E+00  0.00E+00  0.00E+00 -1.8079E-02
    150  3.47E+00  5.28E+01  0.00E+00  0.00E+00  0.00E+00  0.00E+00 -1.9339E-02
    151  3.81E+00  5.67E+01  0.00E+00  0.00E+00  0.00E+00  0.00E+00 -2.0724E-02
    152  3.81E+00  6.05E+01  0.00E+00  0.00E+00  0.00E+00  0.00E+00 -2.2107E-02
    153  4.20E+00  6.47E+01  0.00E+00  0.00E+00  0.00E+00  0.00E+00 -2.3626E-02
    154  4.62E+00  6.93E+01  0.00E+00  0.00E+00  0.00E+00  0.00E+00 -2.5295E-02
    155  4.62E+00  7.39E+01  0.00E+00  0.00E+00  0.00E+00  0.00E+00 -2.6961E-02
    156  5.08E+00  7.90E+01  0.00E+00  0.00E+00  0.00E+00  0.00E+00 -2.8792E-02
    157  5.58E+00  8.46E+01  0.00E+00  0.00E+00  0.00E+00  0.00E+00 -3.0803E-02
    158  6.14E+00  9.07E+01  0.00E+00  0.00E+00  0.00E+00  0.00E+00 -3.3013E-02
    159  6.76E+00  9.75E+01  0.00E+00  0.00E+00  0.00E+00  0.00E+00 -3.5442E-02
    160  6.76E+00  1.04E+02  0.00E+00  0.00E+00  0.00E+00  0.00E+00 -3.7867E-02
    161  7.43E+00  1.12E+02  0.00E+00  0.00E+00  0.00E+00  0.00E+00 -4.0528E-02
    162  8.18E+00  1.20E+02  0.00E+00  0.00E+00  0.00E+00  0.00E+00 -4.3450E-02
    163  8.99E+00  1.29E+02  0.00E+00  0.00E+00  0.00E+00  0.00E+00 -4.6661E-02
    164  8.99E+00  1.38E+02  0.00E+00  0.00E+00  0.00E+00  0.00E+00 -4.9866E-02
    165  9.89E+00  1.48E+02  0.00E+00  0.00E+00  0.00E+00  0.00E+00 -5.3385E-02
    166  9.89E+00  1.58E+02  0.00E+00  0.00E+00  0.00E+00  0.00E+00 -5.6897E-02
    167  1.00E+01  1.68E+02  0.00E+00  0.00E+00  0.00E+00  0.00E+00 -6.0439E-02
    168  1.00E+01  1.78E+02  0.00E+00  0.00E+00  0.00E+00  0.00E+00 -6.3975E-02
    169  1.00E+01  1.88E+02  0.00E+00  0.00E+00  0.00E+00  0.00E+00 -6.7505E-02
    170  1.00E+01  1.98E+02  0.00E+00  0.00E+00  0.00E+00  0.00E+00 -7.1028E-02
    171  1.00E+01  2.08E+02  0.00E+00  0.00E+00  0.00E+00  0.00E+00 -7.4546E-02
    172  1.00E+01  2.18E+02  0.00E+00  0.00E+00  0.00E+00  0.00E+00 -7.8060E-02
    173  1.00E+01  2.28E+02  0.00E+00  0.00E+00  0.00E+00  0.00E+00 -8.1567E-02
    174  1.00E+01  2.38E+02  0.00E+00  0.00E+00  0.00E+00  0.00E+00 -8.5068E-02
    175  1.00E+01  2.48E+02  0.00E+00  0.00E+00  0.00E+00  0.00E+00 -8.8565E-02
    176  1.00E+01  2.58E+02  0.00E+00  0.00E+00  0.00E+00  0.00E+00 -9.2058E-02
    177  1.00E+01  2.68E+02  0.00E+00  0.00E+00  0.00E+00  0.00E+00 -9.5544E-02
    178  1.00E+01  2.78E+02  0.00E+00  0.00E+00  0.00E+00  0.00E+00 -9.9027E-02
    179  1.00E+01  2.88E+02  0.00E+00  0.00E+00  0.00E+00  0.00E+00 -1.0251E-01
    180  1.00E+01  2.98E+02  0.00E+00  0.00E+00  0.00E+00  0.00E+00 -1.0598E-01
    181  1.00E+01  3.08E+02  0.00E+00  0.00E+00  0.00E+00  0.00E+00 -1.0945E-01
    182  1.00E+01  3.18E+02  0.00E+00  0.00E+00  0.00E+00  0.00E+00 -1.1292E-01
    183  1.00E+01  3.28E+02  0.00E+00  0.00E+00  0.00E+00  0.00E+00 -1.1638E-01
    184  1.00E+01  3.38E+02  0.00E+00  0.00E+00  0.00E+00  0.00E+00 -1.1984E-01
    185  1.00E+01  3.48E+02  0.00E+00  0.00E+00  0.00E+00  0.00E+00 -1.2329E-01
    186  1.00E+01  3.58E+02  0.00E+00  0.00E+00  0.00E+00  0.00E+00 -1.2674E-01
    187  1.00E+01  3.68E+02  0.00E+00  0.00E+00  0.00E+00  0.00E+00 -1.3019E-01
    188  1.00E+01  3.78E+02  0.00E+00  0.00E+00  0.00E+00  0.00E+00 -1.3364E-01
    189  1.00E+01  3.88E+02  0.00E+00  0.00E+00  0.00E+00  0.00E+00 -1.3709E-01
    190  1.00E+01  3.98E+02  0.00E+00  0.00E+00  0.00E+00  0.00E+00 -1.4052E-01
    191  1.00E+01  4.08E+02  0.00E+00  0.00E+00  0.00E+00  0.00E+00 -1.4396E-01
    192  1.00E+01  4.18E+02  0.00E+00  0.00E+00  0.00E+00  0.00E+00 -1.4739E-01
    193  1.00E+01  4.28E+02  0.00E+00  0.00E+00  0.00E+00  0.00E+00 -1.5083E-01
    194  1.00E+01  4.38E+02  0.00E+00  0.00E+00  0.00E+00  0.00E+00 -1.5426E-01
    195  1.00E+01  4.48E+02  0.00E+00  0.00E+00  0.00E+00  0.00E+00 -1.5768E-01
    196  1.00E+01  4.58E+02  0.00E+00  0.00E+00  0.00E+00  0.00E+00 -1.6111E-01
    197  1.00E+01  4.68E+02  0.00E+00  0.00E+00  0.00E+00  0.00E+00 -1.6453E-01
    198  1.00E+01  4.78E+02  0.00E+00  0.00E+00  0.00E+00  0.00E+00 -1.6794E-01
    199  1.00E+01  4.88E+02  0.00E+00  0.00E+00  0.00E+00  0.00E+00 -1.7136E-01
    200  1.00E+01  4.98E+02  0.00E+00  0.00E+00  0.00E+00  0.00E+00 -1.7477E-01
    201  1.00E+01  5.08E+02  0.00E+00  0.00E+00  0.00E+00  0.00E+00 -1.7818E-01
    202  1.00E+01  5.18E+02  0.00E+00  0.00E+00  0.00E+00  0.00E+00 -1.8159E-01
    203  1.00E+01  5.28E+02  0.00E+00  0.00E+00  0.00E+00  0.00E+00 -1.8500E-01
    204  1.00E+01  5.38E+02  0.00E+00  0.00E+00  0.00E+00  0.00E+00 -1.8840E-01
    205  1.00E+01  5.48E+02  0.00E+00  0.00E+00  0.00E+00  0.00E+00 -1.9180E-01
    206  1.00E+01  5.58E+02  0.00E+00  0.00E+00  0.00E+00  0.00E+00 -1.9519E-01
    207  1.00E+01  5.68E+02  0.00E+00  0.00E+00  0.00E+00  0.00E+00 -1.9859E-01
    208  1.00E+01  5.78E+02  0.00E+00  0.00E+00  0.00E+00  0.00E+00 -2.0198E-01
    209  1.00E+01  5.88E+02  0.00E+00  0.00E+00  0.00E+00  0.00E+00 -2.0536E-01
    210  1.00E+01  5.98E+02  0.00E+00  0.00E+00  0.00E+00  0.00E+00 -2.0875E-01
    211  1.00E+01  6.08E+02  0.00E+00  0.00E+00  0.00E+00  0.00E+00 -2.1214E-01
    212  1.00E+01  6.18E+02  0.00E+00  0.00E+00  0.00E+00  0.00E+00 -2.1552E-01
    213  1.00E+01  6.28E+02  0.00E+00  0.00E+00  0.00E+00  0.00E+00 -2.1890E-01
    214  1.00E+01  6.38E+02  0.00E+00  0.00E+00  0.00E+00  0.00E+00 -2.2227E-01
    215  1.00E+01  6.48E+02  0.00E+00  0.00E+00  0.00E+00  0.00E+00 -2.2564E-01
    216  1.00E+01  6.58E+02  0.00E+00  0.00E+00  0.00E+00  0.00E+00 -2.2902E-01
    217  1.00E+01  6.68E+02  0.00E+00  0.00E+00  0.00E+00  0.00E+00 -2.3239E-01
    218  1.00E+01  6.78E+02  0.00E+00  0.00E+00  0.00E+00  0.00E+00 -2.3575E-01
    219  1.00E+01  6.88E+02  0.00E+00  0.00E+00  0.00E+00  0.00E+00 -2.3911E-01
    220  1.00E+01  6.98E+02  0.00E+00  0.00E+00  0.00E+00  0.00E+00 -2.4247E-01
    221  1.00E+01  7.08E+02  0.00E+00  0.00E+00  0.00E+00  0.00E+00 -2.4583E-01
    222  1.00E+01  7.18E+02  0.00E+00  0.00E+00  0.00E+00  0.00E+00 -2.4919E-01
    223  1.00E+01  7.28E+02  0.00E+00  0.00E+00  0.00E+00  0.00E+00 -2.5254E-01
    224  1.00E+01  7.38E+02  0.00E+00  0.00E+00  0.00E+00  0.00E+00 -2.5590E-01
    225  1.00E+01  7.48E+02  0.00E+00  0.00E+00  0.00E+00  0.00E+00 -2.5925E-01
    226  1.00E+01  7.58E+02  0.00E+00  0.00E+00  0.00E+00  0.00E+00 -2.6260E-01
    227  1.00E+01  7.68E+02  0.00E+00  0.00E+00  0.00E+00  0.00E+00 -2.6595E-01
    228  1.00E+01  7.78E+02  0.00E+00  0.00E+00  0.00E+00  0.00E+00 -2.6929E-01
    229  1.00E+01  7.88E+02  0.00E+00  0.00E+00  0.00E+00  0.00E+00 -2.7263E-01
    230  1.00E+01  7.98E+02  0.00E+00  0.00E+00  0.00E+00  0.00E+00 -2.7597E-01
    231  1.00E+01  8.08E+02  0.00E+00  0.00E+00  0.00E+00  0.00E+00 -2.7931E-01
    232  1.00E+01  8.18E+02  0.00E+00  0.00E+00  0.00E+00  0.00E+00 -2.8265E-01
    233  1.00E+01  8.28E+02  0.00E+00  0.00E+00  0.00E+00  0.00E+00 -2.8599E-01
    234  1.00E+01  8.38E+02  0.00E+00  0.00E+00  0.00E+00  0.00E+00 -2.8932E-01
    235  1.00E+01  8.48E+02  0.00E+00  0.00E+00  0.00E+00  0.00E+00 -2.9266E-01
    236  1.00E+01  8.58E+02  0.00E+00  0.00E+00  0.00E+00  0.00E+00 -2.9599E-01
    237  1.00E+01  8.68E+02  0.00E+00  0.00E+00  0.00E+00  0.00E+00 -2.9932E-01
    238  1.00E+01  8.78E+02  0.00E+00  0.00E+00  0.00E+00  0.00E+00 -3.0265E-01
    239  1.00E+01  8.88E+02  0.00E+00  0.00E+00  0.00E+00  0.00E+00 -3.0598E-01
    240  1.00E+01  8.98E+02  0.00E+00  0.00E+00  0.00E+00  0.00E+00 -3.0931E-01
    241  1.00E+01  9.08E+02  0.00E+00  0.00E+00  0.00E+00  0.00E+00 -3.1263E-01
    242  1.00E+01  9.18E+02  0.00E+00  0.00E+00  0.00E+00  0.00E+00 -3.1596E-01
    243  1.00E+01  9.28E+02  0.00E+00  0.00E+00  0.00E+00  0.00E+00 -3.1927E-01
    244  1.00E+01  9.38E+02  0.00E+00  0.00E+00  0.00E+00  0.00E+00 -3.2259E-01
    245  1.00E+01  9.48E+02  0.00E+00  0.00E+00  0.00E+00  0.00E+00 -3.2591E-01
    246  1.00E+01  9.58E+02  0.00E+00  0.00E+00  0.00E+00  0.00E+00 -3.2922E-01
    247  1.00E+01  9.68E+02  0.00E+00  0.00E+00  0.00E+00  0.00E+00 -3.3253E-01
    248  1.00E+01  9.78E+02  0.00E+00  0.00E+00  0.00E+00  0.00E+00 -3.3584E-01
    249  1.00E+01  9.88E+02  0.00E+00  0.00E+00  0.00E+00  0.00E+00 -3.3915E-01
    250  1.00E+01  9.98E+02  0.00E+00  0.00E+00  0.00E+00  0.00E+00 -3.4246E-01
    251  1.00E+01  1.01E+03  0.00E+00  0.00E+00  0.00E+00  0.00E+00 -3.4577E-01
    252  1.00E+01  1.02E+03  0.00E+00  0.00E+00  0.00E+00  0.00E+00 -3.4908E-01
    253  1.00E+01  1.03E+03  0.00E+00  0.00E+00  0.00E+00  0.00E+00 -3.5238E-01
    254  1.00E+01  1.04E+03  0.00E+00  0.00E+00  0.00E+00  0.00E+00 -3.5568E-01
    255  1.00E+01  1.05E+03  0.00E+00  0.00E+00  0.00E+00  0.00E+00 -3.5898E-01
    256  1.00E+01  1.06E+03  0.00E+00  0.00E+00  0.00E+00  0.00E+00 -3.6228E-01
    257  1.00E+01  1.07E+03  0.00E+00  0.00E+00  0.00E+00  0.00E+00 -3.6558E-01
    258  1.00E+01  1.08E+03  0.00E+00  0.00E+00  0.00E+00  0.00E+00 -3.6887E-01
    259  1.00E+01  1.09E+03  0.00E+00  0.00E+00  0.00E+00  0.00E+00 -3.7217E-01
    260  1.00E+01  1.10E+03  0.00E+00  0.00E+00  0.00E+00  0.00E+00 -3.7546E-01
    261  1.00E+01  1.11E+03  0.00E+00  0.00E+00  0.00E+00  0.00E+00 -3.7875E-01
    262  1.00E+01  1.12E+03  0.00E+00  0.00E+00  0.00E+00  0.00E+00 -3.8204E-01
    263  1.00E+01  1.13E+03  0.00E+00  0.00E+00  0.00E+00  0.00E+00 -3.8533E-01
    264  1.00E+01  1.14E+03  0.00E+00  0.00E+00  0.00E+00  0.00E+00 -3.8862E-01
    265  1.00E+01  1.15E+03  0.00E+00  0.00E+00  0.00E+00  0.00E+00 -3.9190E-01
    266  1.00E+01  1.16E+03  0.00E+00  0.00E+00  0.00E+00  0.00E+00 -3.9519E-01
    267  1.00E+01  1.17E+03  0.00E+00  0.00E+00  0.00E+00  0.00E+00 -3.9847E-01
    268  1.00E+01  1.18E+03  0.00E+00  0.00E+00  0.00E+00  0.00E+00 -4.0175E-01
    269  1.00E+01  1.19E+03  0.00E+00  0.00E+00  0.00E+00  0.00E+00 -4.0503E-01
    270  1.00E+01  1.20E+03  0.00E+00  0.00E+00  0.00E+00  0.00E+00 -4.0830E-01
    271  1.00E+01  1.21E+03  0.00E+00  0.00E+00  0.00E+00  0.00E+00 -4.1158E-01
    272  1.00E+01  1.22E+03  0.00E+00  0.00E+00  0.00E+00  0.00E+00 -4.1485E-01
    273  1.00E+01  1.23E+03  0.00E+00  0.00E+00  0.00E+00  0.00E+00 -4.1812E-01
    274  1.00E+01  1.24E+03  0.00E+00  0.00E+00  0.00E+00  0.00E+00 -4.2139E-01
    275  1.00E+01  1.25E+03  0.00E+00  0.00E+00  0.00E+00  0.00E+00 -4.2466E-01
    276  1.00E+01  1.26E+03  0.00E+00  0.00E+00  0.00E+00  0.00E+00 -4.2793E-01
    277  1.00E+01  1.27E+03  0.00E+00  0.00E+00  0.00E+00  0.00E+00 -4.3119E-01
    278  1.00E+01  1.28E+03  0.00E+00  0.00E+00  0.00E+00  0.00E+00 -4.3446E-01
    279  1.00E+01  1.29E+03  0.00E+00  0.00E+00  0.00E+00  0.00E+00 -4.3772E-01
    280  1.00E+01  1.30E+03  0.00E+00  0.00E+00  0.00E+00  0.00E+00 -4.4098E-01
    281  1.00E+01  1.31E+03  0.00E+00  0.00E+00  0.00E+00  0.00E+00 -4.4424E-01
    282  1.00E+01  1.32E+03  0.00E+00  0.00E+00  0.00E+00  0.00E+00 -4.4750E-01
    283  1.00E+01  1.33E+03  0.00E+00  0.00E+00  0.00E+00  0.00E+00 -4.5075E-01
    284  1.00E+01  1.34E+03  0.00E+00  0.00E+00  0.00E+00  0.00E+00 -4.5401E-01
    285  1.00E+01  1.35E+03  0.00E+00  0.00E+00  0.00E+00  0.00E+00 -4.5726E-01
    286  1.00E+01  1.36E+03  0.00E+00  0.00E+00  0.00E+00  0.00E+00 -4.6051E-01
    287  1.00E+01  1.37E+03  0.00E+00  0.00E+00  0.00E+00  0.00E+00 -4.6377E-01
    288  1.00E+01  1.38E+03  0.00E+00  0.00E+00  0.00E+00  0.00E+00 -4.6701E-01
    289  1.00E+01  1.39E+03  0.00E+00  0.00E+00  0.00E+00  0.00E+00 -4.7027E-01
    290  1.00E+01  1.40E+03  0.00E+00  0.00E+00  0.00E+00  0.00E+00 -4.7352E-01
    291  1.00E+01  1.41E+03  0.00E+00  0.00E+00  0.00E+00  0.00E+00 -4.7676E-01
    292  1.00E+01  1.42E+03  0.00E+00  0.00E+00  0.00E+00  0.00E+00 -4.8000E-01
    293  1.00E+01  1.43E+03  0.00E+00  0.00E+00  0.00E+00  0.00E+00 -4.8324E-01
    294  1.00E+01  1.44E+03  0.00E+00  0.00E+00  0.00E+00  0.00E+00 -4.8648E-01
    295  1.00E+01  1.45E+03  0.00E+00  0.00E+00  0.00E+00  0.00E+00 -4.8972E-01
    296  1.00E+01  1.46E+03  0.00E+00  0.00E+00  0.00E+00  0.00E+00 -4.9296E-01
    297  1.00E+01  1.47E+03  0.00E+00  0.00E+00  0.00E+00  0.00E+00 -4.9619E-01
    298  1.00E+01  1.48E+03  0.00E+00  0.00E+00  0.00E+00  0.00E+00 -4.9943E-01
    299  1.00E+01  1.49E+03  0.00E+00  0.00E+00  0.00E+00  0.00E+00 -5.0266E-01
    300  1.00E+01  1.50E+03  0.00E+00  0.00E+00  0.00E+00  0.00E+00 -5.0590E-01
    301  1.00E+01  1.51E+03  0.00E+00  0.00E+00  0.00E+00  0.00E+00 -5.0913E-01
    302  1.00E+01  1.52E+03  0.00E+00  0.00E+00  0.00E+00  0.00E+00 -5.1236E-01
    303  1.00E+01  1.53E+03  0.00E+00  0.00E+00  0.00E+00  0.00E+00 -5.1559E-01
    304  1.00E+01  1.54E+03  0.00E+00  0.00E+00  0.00E+00  0.00E+00 -5.1881E-01
    305  1.00E+01  1.55E+03  0.00E+00  0.00E+00  0.00E+00  0.00E+00 -5.2204E-01
    306  1.00E+01  1.56E+03  0.00E+00  0.00E+00  0.00E+00  0.00E+00 -5.2526E-01
    307  1.00E+01  1.57E+03  0.00E+00  0.00E+00  0.00E+00  0.00E+00 -5.2849E-01
    308  1.00E+01  1.58E+03  0.00E+00  0.00E+00  0.00E+00  0.00E+00 -5.3171E-01
    309  1.00E+01  1.59E+03  0.00E+00  0.00E+00  0.00E+00  0.00E+00 -5.3493E-01
    310  1.00E+01  1.60E+03  0.00E+00  0.00E+00  0.00E+00  0.00E+00 -5.3814E-01
    311  1.00E+01  1.61E+03  0.00E+00  0.00E+00  0.00E+00  0.00E+00 -5.4136E-01
    312  1.00E+01  1.62E+03  0.00E+00  0.00E+00  0.00E+00  0.00E+00 -5.4458E-01
    313  1.00E+01  1.63E+03  0.00E+00  0.00E+00  0.00E+00  0.00E+00 -5.4779E-01
    314  1.00E+01  1.64E+03  0.00E+00  0.00E+00  0.00E+00  0.00E+00 -5.5101E-01
    315  1.00E+01  1.65E+03  0.00E+00  0.00E+00  0.00E+00  0.00E+00 -5.5422E-01
    316  1.00E+01  1.66E+03  0.00E+00  0.00E+00  0.00E+00  0.00E+00 -5.5743E-01
    317  1.00E+01  1.67E+03  0.00E+00  0.00E+00  0.00E+00  0.00E+00 -5.6065E-01
    318  1.00E+01  1.68E+03  0.00E+00  0.00E+00  0.00E+00  0.00E+00 -5.6386E-01
    319  1.00E+01  1.69E+03  0.00E+00  0.00E+00  0.00E+00  0.00E+00 -5.6706E-01
    320  1.00E+01  1.70E+03  0.00E+00  0.00E+00  0.00E+00  0.00E+00 -5.7027E-01
    321  1.00E+01  1.71E+03  0.00E+00  0.00E+00  0.00E+00  0.00E+00 -5.7348E-01
    322  1.00E+01  1.72E+03  0.00E+00  0.00E+00  0.00E+00  0.00E+00 -5.7669E-01
    323  1.00E+01  1.73E+03  0.00E+00  0.00E+00  0.00E+00  0.00E+00 -5.7989E-01
    324  1.00E+01  1.74E+03  0.00E+00  0.00E+00  0.00E+00  0.00E+00 -5.8309E-01
    325  1.00E+01  1.75E+03  0.00E+00  0.00E+00  0.00E+00  0.00E+00 -5.8629E-01
    326  1.00E+01  1.76E+03  0.00E+00  0.00E+00  0.00E+00  0.00E+00 -5.8949E-01
    327  1.00E+01  1.77E+03  0.00E+00  0.00E+00  0.00E+00  0.00E+00 -5.9269E-01
    328  1.00E+01  1.78E+03  0.00E+00  0.00E+00  0.00E+00  0.00E+00 -5.9589E-01
    329  1.00E+01  1.79E+03  0.00E+00  0.00E+00  0.00E+00  0.00E+00 -5.9909E-01
    330  1.00E+01  1.80E+03  0.00E+00  0.00E+00  0.00E+00  0.00E+00 -6.0229E-01
    331  1.00E+01  1.81E+03  0.00E+00  0.00E+00  0.00E+00  0.00E+00 -6.0548E-01
    332  1.00E+01  1.82E+03  0.00E+00  0.00E+00  0.00E+00  0.00E+00 -6.0867E-01
    333  1.00E+01  1.83E+03  0.00E+00  0.00E+00  0.00E+00  0.00E+00 -6.1186E-01
    334  1.00E+01  1.84E+03  0.00E+00  0.00E+00  0.00E+00  0.00E+00 -6.1505E-01
    335  1.00E+01  1.85E+03  0.00E+00  0.00E+00  0.00E+00  0.00E+00 -6.1824E-01
    336  1.00E+01  1.86E+03  0.00E+00  0.00E+00  0.00E+00  0.00E+00 -6.2143E-01
    337  1.00E+01  1.87E+03  0.00E+00  0.00E+00  0.00E+00  0.00E+00 -6.2462E-01
    338  1.00E+01  1.88E+03  0.00E+00  0.00E+00  0.00E+00  0.00E+00 -6.2781E-01
    339  1.00E+01  1.89E+03  0.00E+00  0.00E+00  0.00E+00  0.00E+00 -6.3100E-01
    340  1.00E+01  1.90E+03  0.00E+00  0.00E+00  0.00E+00  0.00E+00 -6.3418E-01
    341  1.00E+01  1.91E+03  0.00E+00  0.00E+00  0.00E+00  0.00E+00 -6.3736E-01
    342  1.00E+01  1.92E+03  0.00E+00  0.00E+00  0.00E+00  0.00E+00 -6.4055E-01
    343  1.00E+01  1.93E+03  0.00E+00  0.00E+00  0.00E+00  0.00E+00 -6.4373E-01
    344  1.00E+01  1.94E+03  0.00E+00  0.00E+00  0.00E+00  0.00E+00 -6.4691E-01
    345  1.00E+01  1.95E+03  0.00E+00  0.00E+00  0.00E+00  0.00E+00 -6.5009E-01
    346  1.00E+01  1.96E+03  0.00E+00  0.00E+00  0.00E+00  0.00E+00 -6.5327E-01
    347  1.00E+01  1.97E+03  0.00E+00  0.00E+00  0.00E+00  0.00E+00 -6.5645E-01
    348  1.00E+01  1.98E+03  0.00E+00  0.00E+00  0.00E+00  0.00E+00 -6.5962E-01
    349  1.00E+01  1.99E+03  0.00E+00  0.00E+00  0.00E+00  0.00E+00 -6.6280E-01
    350  1.00E+01  2.00E+03  0.00E+00  0.00E+00  0.00E+00  0.00E+00 -6.6597E-01
    351  1.00E+01  2.01E+03  0.00E+00  0.00E+00  0.00E+00  0.00E+00 -6.6915E-01
    352  1.00E+01  2.02E+03  0.00E+00  0.00E+00  0.00E+00  0.00E+00 -6.7232E-01
    353  1.00E+01  2.03E+03  0.00E+00  0.00E+00  0.00E+00  0.00E+00 -6.7550E-01
    354  1.00E+01  2.04E+03  0.00E+00  0.00E+00  0.00E+00  0.00E+00 -6.7867E-01
    355  1.00E+01  2.05E+03  0.00E+00  0.00E+00  0.00E+00  0.00E+00 -6.8184E-01
    356  1.00E+01  2.06E+03  0.00E+00  0.00E+00  0.00E+00  0.00E+00 -6.8501E-01
    357  1.00E+01  2.07E+03  0.00E+00  0.00E+00  0.00E+00  0.00E+00 -6.8818E-01
    358  1.00E+01  2.08E+03  0.00E+00  0.00E+00  0.00E+00  0.00E+00 -6.9135E-01
    359  1.00E+01  2.09E+03  0.00E+00  0.00E+00  0.00E+00  0.00E+00 -6.9451E-01
    360  1.00E+01  2.10E+03  0.00E+00  0.00E+00  0.00E+00  0.00E+00 -6.9768E-01
    361  1.00E+01  2.11E+03  0.00E+00  0.00E+00  0.00E+00  0.00E+00 -7.0084E-01
    362  1.00E+01  2.12E+03  0.00E+00  0.00E+00  0.00E+00  0.00E+00 -7.0401E-01
    363  1.00E+01  2.13E+03  0.00E+00  0.00E+00  0.00E+00  0.00E+00 -7.0717E-01
    364  1.00E+01  2.14E+03  0.00E+00  0.00E+00  0.00E+00  0.00E+00 -7.1034E-01
    365  1.00E+01  2.15E+03  0.00E+00  0.00E+00  0.00E+00  0.00E+00 -7.1350E-01
    366  1.00E+01  2.16E+03  0.00E+00  0.00E+00  0.00E+00  0.00E+00 -7.1666E-01
    367  1.00E+01  2.17E+03  0.00E+00  0.00E+00  0.00E+00  0.00E+00 -7.1982E-01
    368  1.00E+01  2.18E+03  0.00E+00  0.00E+00  0.00E+00  0.00E+00 -7.2297E-01
    369  1.00E+01  2.19E+03  0.00E+00  0.00E+00  0.00E+00  0.00E+00 -7.2613E-01
    370  1.00E+01  2.20E+03  0.00E+00  0.00E+00  0.00E+00  0.00E+00 -7.2929E-01
    371  1.00E+01  2.21E+03  0.00E+00  0.00E+00  0.00E+00  0.00E+00 -7.3244E-01
    372  1.00E+01  2.22E+03  0.00E+00  0.00E+00  0.00E+00  0.00E+00 -7.3560E-01
    373  1.00E+01  2.23E+03  0.00E+00  0.00E+00  0.00E+00  0.00E+00 -7.3875E-01
    374  1.00E+01  2.24E+03  0.00E+00  0.00E+00  0.00E+00  0.00E+00 -7.4191E-01
    375  1.00E+01  2.25E+03  0.00E+00  0.00E+00  0.00E+00  0.00E+00 -7.4506E-01
    376  1.00E+01  2.26E+03  0.00E+00  0.00E+00  0.00E+00  0.00E+00 -7.4821E-01
    377  1.00E+01  2.27E+03  0.00E+00  0.00E+00  0.00E+00  0.00E+00 -7.5136E-01
    378  1.00E+01  2.28E+03  0.00E+00  0.00E+00  0.00E+00  0.00E+00 -7.5450E-01
    379  1.00E+01  2.29E+03  0.00E+00  0.00E+00  0.00E+00  0.00E+00 -7.5765E-01
    380  1.00E+01  2.30E+03  0.00E+00  0.00E+00  0.00E+00  0.00E+00 -7.6080E-01
    381  1.00E+01  2.31E+03  0.00E+00  0.00E+00  0.00E+00  0.00E+00 -7.6394E-01
    382  1.00E+01  2.32E+03  0.00E+00  0.00E+00  0.00E+00  0.00E+00 -7.6708E-01
    383  1.00E+01  2.33E+03  0.00E+00  0.00E+00  0.00E+00  0.00E+00 -7.7023E-01
    384  1.00E+01  2.34E+03  0.00E+00  0.00E+00  0.00E+00  0.00E+00 -7.7337E-01
    385  1.00E+01  2.35E+03  0.00E+00  0.00E+00  0.00E+00  0.00E+00 -7.7651E-01
    386  1.00E+01  2.36E+03  0.00E+00  0.00E+00  0.00E+00  0.00E+00 -7.7965E-01
    387  1.00E+01  2.37E+03  0.00E+00  0.00E+00  0.00E+00  0.00E+00 -7.8278E-01
    388  1.00E+01  2.38E+03  0.00E+00  0.00E+00  0.00E+00  0.00E+00 -7.8592E-01
    389  1.00E+01  2.39E+03  0.00E+00  0.00E+00  0.00E+00  0.00E+00 -7.8906E-01
    390  1.00E+01  2.40E+03  0.00E+00  0.00E+00  0.00E+00  0.00E+00 -7.9220E-01
    391  1.00E+01  2.41E+03  0.00E+00  0.00E+00  0.00E+00  0.00E+00 -7.9534E-01
    392  1.00E+01  2.42E+03  0.00E+00  0.00E+00  0.00E+00  0.00E+00 -7.9847E-01
    393  1.00E+01  2.43E+03  0.00E+00  0.00E+00  0.00E+00  0.00E+00 -8.0160E-01
    394  1.00E+01  2.44E+03  0.00E+00  0.00E+00  0.00E+00  0.00E+00 -8.0473E-01
    395  1.00E+01  2.45E+03  0.00E+00  0.00E+00  0.00E+00  0.00E+00 -8.0785E-01
    396  1.00E+01  2.46E+03  0.00E+00  0.00E+00  0.00E+00  0.00E+00 -8.1098E-01
    397  1.00E+01  2.47E+03  0.00E+00  0.00E+00  0.00E+00  0.00E+00 -8.1411E-01
    398  1.00E+01  2.48E+03  0.00E+00  0.00E+00  0.00E+00  0.00E+00 -8.1724E-01
    399  1.00E+01  2.49E+03  0.00E+00  0.00E+00  0.00E+00  0.00E+00 -8.2037E-01
    400  1.00E+01  2.50E+03  0.00E+00  0.00E+00  0.00E+00  0.00E+00 -8.2349E-01
    401  1.00E+01  2.51E+03  0.00E+00  0.00E+00  0.00E+00  0.00E+00 -8.2661E-01
    402  1.00E+01  2.52E+03  0.00E+00  0.00E+00  0.00E+00  0.00E+00 -8.2974E-01
    403  1.00E+01  2.53E+03  0.00E+00  0.00E+00  0.00E+00  0.00E+00 -8.3286E-01
    404  1.00E+01  2.54E+03  0.00E+00  0.00E+00  0.00E+00  0.00E+00 -8.3598E-01
    405  1.00E+01  2.55E+03  0.00E+00  0.00E+00  0.00E+00  0.00E+00 -8.3910E-01
    406  1.00E+01  2.56E+03  0.00E+00  0.00E+00  0.00E+00  0.00E+00 -8.4222E-01
    407  1.00E+01  2.57E+03  0.00E+00  0.00E+00  0.00E+00  0.00E+00 -8.4534E-01
    408  1.00E+01  2.58E+03  0.00E+00  0.00E+00  0.00E+00  0.00E+00 -8.4846E-01
    409  1.00E+01  2.59E+03  0.00E+00  0.00E+00  0.00E+00  0.00E+00 -8.5158E-01
    410  1.00E+01  2.60E+03  0.00E+00  0.00E+00  0.00E+00  0.00E+00 -8.5470E-01
    411  1.00E+01  2.61E+03  0.00E+00  0.00E+00  0.00E+00  0.00E+00 -8.5782E-01
    412  1.00E+01  2.62E+03  0.00E+00  0.00E+00  0.00E+00  0.00E+00 -8.6093E-01
    413  1.00E+01  2.63E+03  0.00E+00  0.00E+00  0.00E+00  0.00E+00 -8.6405E-01
    414  1.00E+01  2.64E+03  0.00E+00  0.00E+00  0.00E+00  0.00E+00 -8.6716E-01
    415  1.00E+01  2.65E+03  0.00E+00  0.00E+00  0.00E+00  0.00E+00 -8.7028E-01
    416  1.00E+01  2.66E+03  0.00E+00  0.00E+00  0.00E+00  0.00E+00 -8.7339E-01
    417  1.00E+01  2.67E+03  0.00E+00  0.00E+00  0.00E+00  0.00E+00 -8.7650E-01
    418  1.00E+01  2.68E+03  0.00E+00  0.00E+00  0.00E+00  0.00E+00 -8.7961E-01
    419  1.00E+01  2.69E+03  0.00E+00  0.00E+00  0.00E+00  0.00E+00 -8.8272E-01
    420  1.00E+01  2.70E+03  0.00E+00  0.00E+00  0.00E+00  0.00E+00 -8.8583E-01
    421  1.00E+01  2.71E+03  0.00E+00  0.00E+00  0.00E+00  0.00E+00 -8.8894E-01
    422  1.00E+01  2.72E+03  0.00E+00  0.00E+00  0.00E+00  0.00E+00 -8.9205E-01
    423  1.00E+01  2.73E+03  0.00E+00  0.00E+00  0.00E+00  0.00E+00 -8.9515E-01
    424  1.00E+01  2.74E+03  0.00E+00  0.00E+00  0.00E+00  0.00E+00 -8.9826E-01
    425  1.00E+01  2.75E+03  0.00E+00  0.00E+00  0.00E+00  0.00E+00 -9.0136E-01
    426  1.00E+01  2.76E+03  0.00E+00  0.00E+00  0.00E+00  0.00E+00 -9.0447E-01
    427  1.00E+01  2.77E+03  0.00E+00  0.00E+00  0.00E+00  0.00E+00 -9.0757E-01
    428  1.00E+01  2.78E+03  0.00E+00  0.00E+00  0.00E+00  0.00E+00 -9.1067E-01
    429  1.00E+01  2.79E+03  0.00E+00  0.00E+00  0.00E+00  0.00E+00 -9.1377E-01
    430  1.00E+01  2.80E+03  0.00E+00  0.00E+00  0.00E+00  0.00E+00 -9.1688E-01
    431  1.00E+01  2.81E+03  0.00E+00  0.00E+00  0.00E+00  0.00E+00 -9.1997E-01
    432  1.00E+01  2.82E+03  0.00E+00  0.00E+00  0.00E+00  0.00E+00 -9.2307E-01
    433  1.00E+01  2.83E+03  0.00E+00  0.00E+00  0.00E+00  0.00E+00 -9.2617E-01
    434  1.00E+01  2.84E+03  0.00E+00  0.00E+00  0.00E+00  0.00E+00 -9.2927E-01
    435  1.00E+01  2.85E+03  0.00E+00  0.00E+00  0.00E+00  0.00E+00 -9.3236E-01
    436  1.00E+01  2.86E+03  0.00E+00  0.00E+00  0.00E+00  0.00E+00 -9.3546E-01
    437  1.00E+01  2.87E+03  0.00E+00  0.00E+00  0.00E+00  0.00E+00 -9.3855E-01
    438  1.00E+01  2.88E+03  0.00E+00  0.00E+00  0.00E+00  0.00E+00 -9.4165E-01
    439  1.00E+01  2.89E+03  0.00E+00  0.00E+00  0.00E+00  0.00E+00 -9.4474E-01
    440  1.00E+01  2.90E+03  0.00E+00  0.00E+00  0.00E+00  0.00E+00 -9.4783E-01
    441  1.00E+01  2.91E+03  0.00E+00  0.00E+00  0.00E+00  0.00E+00 -9.5092E-01
    442  1.00E+01  2.92E+03  0.00E+00  0.00E+00  0.00E+00  0.00E+00 -9.5401E-01
    443  1.00E+01  2.93E+03  0.00E+00  0.00E+00  0.00E+00  0.00E+00 -9.5710E-01
    444  1.00E+01  2.94E+03  0.00E+00  0.00E+00  0.00E+00  0.00E+00 -9.6019E-01
    445  1.00E+01  2.95E+03  0.00E+00  0.00E+00  0.00E+00  0.00E+00 -9.6328E-01
    446  1.00E+01  2.96E+03  0.00E+00  0.00E+00  0.00E+00  0.00E+00 -9.6636E-01
    447  1.00E+01  2.97E+03  0.00E+00  0.00E+00  0.00E+00  0.00E+00 -9.6945E-01
    448  1.00E+01  2.98E+03  0.00E+00  0.00E+00  0.00E+00  0.00E+00 -9.7253E-01
    449  1.00E+01  2.99E+03  0.00E+00  0.00E+00  0.00E+00  0.00E+00 -9.7562E-01
    450  1.00E+01  3.00E+03  0.00E+00  0.00E+00  0.00E+00  0.00E+00 -9.7870E-01
    451  1.00E+01  3.01E+03  0.00E+00  0.00E+00  0.00E+00  0.00E+00 -9.8178E-01
    452  1.00E+01  3.02E+03  0.00E+00  0.00E+00  0.00E+00  0.00E+00 -9.8486E-01
    453  1.00E+01  3.03E+03  0.00E+00  0.00E+00  0.00E+00  0.00E+00 -9.8794E-01
    454  1.00E+01  3.04E+03  0.00E+00  0.00E+00  0.00E+00  0.00E+00 -9.9102E-01
    455  1.00E+01  3.05E+03  0.00E+00  0.00E+00  0.00E+00  0.00E+00 -9.9410E-01
    456  1.00E+01  3.06E+03  0.00E+00  0.00E+00  0.00E+00  0.00E+00 -9.9717E-01
    457  1.00E+01  3.07E+03  0.00E+00  0.00E+00  0.00E+00  0.00E+00 -1.0002E+00
    458  1.00E+01  3.08E+03  0.00E+00  0.00E+00  0.00E+00  0.00E+00 -1.0033E+00
    459  1.00E+01  3.09E+03  0.00E+00  0.00E+00  0.00E+00  0.00E+00 -1.0064E+00
    460  1.00E+01  3.10E+03  0.00E+00  0.00E+00  0.00E+00  0.00E+00 -1.0095E+00
    461  1.00E+01  3.11E+03  0.00E+00  0.00E+00  0.00E+00  0.00E+00 -1.0125E+00
    462  1.00E+01  3.12E+03  0.00E+00  0.00E+00  0.00E+00  0.00E+00 -1.0156E+00
    463  1.00E+01  3.13E+03  0.00E+00  0.00E+00  0.00E+00  0.00E+00 -1.0187E+00
    464  1.00E+01  3.14E+03  0.00E+00  0.00E+00  0.00E+00  0.00E+00 -1.0218E+00
    465  1.00E+01  3.15E+03  0.00E+00  0.00E+00  0.00E+00  0.00E+00 -1.0248E+00
    466  1.00E+01  3.16E+03  0.00E+00  0.00E+00  0.00E+00  0.00E+00 -1.0279E+00
    467  1.00E+01  3.17E+03  0.00E+00  0.00E+00  0.00E+00  0.00E+00 -1.0310E+00
    468  1.00E+01  3.18E+03  0.00E+00  0.00E+00  0.00E+00  0.00E+00 -1.0340E+00
    469  1.00E+01  3.19E+03  0.00E+00  0.00E+00  0.00E+00  0.00E+00 -1.0371E+00
    470  1.00E+01  3.20E+03  0.00E+00  0.00E+00  0.00E+00  0.00E+00 -1.0401E+00
    471  1.00E+01  3.21E+03  0.00E+00  0.00E+00  0.00E+00  0.00E+00 -1.0432E+00
    472  1.00E+01  3.22E+03  0.00E+00  0.00E+00  0.00E+00  0.00E+00 -1.0463E+00
    473  1.00E+01  3.23E+03  0.00E+00  0.00E+00  0.00E+00  0.00E+00 -1.0493E+00
    474  1.00E+01  3.24E+03  0.00E+00  0.00E+00  0.00E+00  0.00E+00 -1.0524E+00
    475  1.00E+01  3.25E+03  0.00E+00  0.00E+00  0.00E+00  0.00E+00 -1.0555E+00
    476  1.00E+01  3.26E+03  0.00E+00  0.00E+00  0.00E+00  0.00E+00 -1.0585E+00
    477  1.00E+01  3.27E+03  0.00E+00  0.00E+00  0.00E+00  0.00E+00 -1.0616E+00
    478  1.00E+01  3.28E+03  0.00E+00  0.00E+00  0.00E+00  0.00E+00 -1.0646E+00
    479  1.00E+01  3.29E+03  0.00E+00  0.00E+00  0.00E+00  0.00E+00 -1.0677E+00
    480  1.00E+01  3.30E+03  0.00E+00  0.00E+00  0.00E+00  0.00E+00 -1.0707E+00
    481  1.00E+01  3.31E+03  0.00E+00  0.00E+00  0.00E+00  0.00E+00 -1.0738E+00
    482  1.00E+01  3.32E+03  0.00E+00  0.00E+00  0.00E+00  0.00E+00 -1.0769E+00
    483  1.00E+01  3.33E+03  0.00E+00  0.00E+00  0.00E+00  0.00E+00 -1.0799E+00
    484  1.00E+01  3.34E+03  0.00E+00  0.00E+00  0.00E+00  0.00E+00 -1.0830E+00
    485  1.00E+01  3.35E+03  0.00E+00  0.00E+00  0.00E+00  0.00E+00 -1.0860E+00
    486  1.00E+01  3.36E+03  0.00E+00  0.00E+00  0.00E+00  0.00E+00 -1.0891E+00
    487  1.00E+01  3.37E+03  0.00E+00  0.00E+00  0.00E+00  0.00E+00 -1.0921E+00
    488  1.00E+01  3.38E+03  0.00E+00  0.00E+00  0.00E+00  0.00E+00 -1.0952E+00
    489  1.00E+01  3.39E+03  0.00E+00  0.00E+00  0.00E+00  0.00E+00 -1.0982E+00
    490  1.00E+01  3.40E+03  0.00E+00  0.00E+00  0.00E+00  0.00E+00 -1.1013E+00
    491  1.00E+01  3.41E+03  0.00E+00  0.00E+00  0.00E+00  0.00E+00 -1.1043E+00
    492  1.00E+01  3.42E+03  0.00E+00  0.00E+00  0.00E+00  0.00E+00 -1.1074E+00
    493  1.00E+01  3.43E+03  0.00E+00  0.00E+00  0.00E+00  0.00E+00 -1.1104E+00
    494  1.00E+01  3.44E+03  0.00E+00  0.00E+00  0.00E+00  0.00E+00 -1.1134E+00
    495  1.00E+01  3.45E+03  0.00E+00  0.00E+00  0.00E+00  0.00E+00 -1.1165E+00
    496  1.00E+01  3.46E+03  0.00E+00  0.00E+00  0.00E+00  0.00E+00 -1.1195E+00
    497  1.00E+01  3.47E+03  0.00E+00  0.00E+00  0.00E+00  0.00E+00 -1.1226E+00
    498  1.00E+01  3.48E+03  0.00E+00  0.00E+00  0.00E+00  0.00E+00 -1.1256E+00
    499  1.00E+01  3.49E+03  0.00E+00  0.00E+00  0.00E+00  0.00E+00 -1.1286E+00
    500  1.00E+01  3.50E+03  0.00E+00  0.00E+00  0.00E+00  0.00E+00 -1.1317E+00
    501  1.00E+01  3.51E+03  0.00E+00  0.00E+00  0.00E+00  0.00E+00 -1.1347E+00
    502  1.00E+01  3.52E+03  0.00E+00  0.00E+00  0.00E+00  0.00E+00 -1.1378E+00
    503  1.00E+01  3.53E+03  0.00E+00  0.00E+00  0.00E+00  0.00E+00 -1.1408E+00
    504  1.00E+01  3.54E+03  0.00E+00  0.00E+00  0.00E+00  0.00E+00 -1.1438E+00
    505  1.00E+01  3.55E+03  0.00E+00  0.00E+00  0.00E+00  0.00E+00 -1.1469E+00
    506  1.00E+01  3.56E+03  0.00E+00  0.00E+00  0.00E+00  0.00E+00 -1.1499E+00
    507  1.00E+01  3.57E+03  0.00E+00  0.00E+00  0.00E+00  0.00E+00 -1.1529E+00
    508  1.00E+01  3.58E+03  0.00E+00  0.00E+00  0.00E+00  0.00E+00 -1.1560E+00
    509  1.00E+01  3.59E+03  0.00E+00  0.00E+00  0.00E+00  0.00E+00 -1.1590E+00
    510  1.00E+01  3.60E+03  0.00E+00  0.00E+00  0.00E+00  0.00E+00 -1.1620E+00
    511  1.00E+01  3.61E+03  0.00E+00  0.00E+00  0.00E+00  0.00E+00 -1.1651E+00
    512  1.00E+01  3.62E+03  0.00E+00  0.00E+00  0.00E+00  0.00E+00 -1.1681E+00
    513  1.00E+01  3.63E+03  0.00E+00  0.00E+00  0.00E+00  0.00E+00 -1.1711E+00
    514  1.00E+01  3.64E+03  0.00E+00  0.00E+00  0.00E+00  0.00E+00 -1.1741E+00
    515  1.00E+01  3.65E+03  0.00E+00  0.00E+00  0.00E+00  0.00E+00 -1.1772E+00
    516  1.00E+01  3.66E+03  0.00E+00  0.00E+00  0.00E+00  0.00E+00 -1.1802E+00
    517  1.00E+01  3.67E+03  0.00E+00  0.00E+00  0.00E+00  0.00E+00 -1.1832E+00
    518  1.00E+01  3.68E+03  0.00E+00  0.00E+00  0.00E+00  0.00E+00 -1.1862E+00
    519  1.00E+01  3.69E+03  0.00E+00  0.00E+00  0.00E+00  0.00E+00 -1.1893E+00
    520  1.00E+01  3.70E+03  0.00E+00  0.00E+00  0.00E+00  0.00E+00 -1.1923E+00
    521  1.00E+01  3.71E+03  0.00E+00  0.00E+00  0.00E+00  0.00E+00 -1.1953E+00
    522  1.00E+01  3.72E+03  0.00E+00  0.00E+00  0.00E+00  0.00E+00 -1.1983E+00
    523  1.00E+01  3.73E+03  0.00E+00  0.00E+00  0.00E+00  0.00E+00 -1.2014E+00
    524  1.00E+01  3.74E+03  0.00E+00  0.00E+00  0.00E+00  0.00E+00 -1.2044E+00
    525  1.00E+01  3.75E+03  0.00E+00  0.00E+00  0.00E+00  0.00E+00 -1.2074E+00
    526  1.00E+01  3.76E+03  0.00E+00  0.00E+00  0.00E+00  0.00E+00 -1.2104E+00
    527  1.00E+01  3.77E+03  0.00E+00  0.00E+00  0.00E+00  0.00E+00 -1.2134E+00
    528  1.00E+01  3.78E+03  0.00E+00  0.00E+00  0.00E+00  0.00E+00 -1.2164E+00
    529  1.00E+01  3.79E+03  0.00E+00  0.00E+00  0.00E+00  0.00E+00 -1.2195E+00
    530  1.00E+01  3.80E+03  0.00E+00  0.00E+00  0.00E+00  0.00E+00 -1.2225E+00
    531  1.00E+01  3.81E+03  0.00E+00  0.00E+00  0.00E+00  0.00E+00 -1.2255E+00
    532  1.00E+01  3.82E+03  0.00E+00  0.00E+00  0.00E+00  0.00E+00 -1.2285E+00
    533  1.00E+01  3.83E+03  0.00E+00  0.00E+00  0.00E+00  0.00E+00 -1.2315E+00
    534  1.00E+01  3.84E+03  0.00E+00  0.00E+00  0.00E+00  0.00E+00 -1.2345E+00
    535  1.00E+01  3.85E+03  0.00E+00  0.00E+00  0.00E+00  0.00E+00 -1.2375E+00
    536  1.00E+01  3.86E+03  0.00E+00  0.00E+00  0.00E+00  0.00E+00 -1.2405E+00
    537  1.00E+01  3.87E+03  0.00E+00  0.00E+00  0.00E+00  0.00E+00 -1.2436E+00
    538  1.00E+01  3.88E+03  0.00E+00  0.00E+00  0.00E+00  0.00E+00 -1.2466E+00
    539  1.00E+01  3.89E+03  0.00E+00  0.00E+00  0.00E+00  0.00E+00 -1.2496E+00
    540  1.00E+01  3.90E+03  0.00E+00  0.00E+00  0.00E+00  0.00E+00 -1.2526E+00
    541  1.00E+01  3.91E+03  0.00E+00  0.00E+00  0.00E+00  0.00E+00 -1.2556E+00
    542  1.00E+01  3.92E+03  0.00E+00  0.00E+00  0.00E+00  0.00E+00 -1.2586E+00
    543  1.00E+01  3.93E+03  0.00E+00  0.00E+00  0.00E+00  0.00E+00 -1.2616E+00
    544  1.00E+01  3.94E+03  0.00E+00  0.00E+00  0.00E+00  0.00E+00 -1.2646E+00
    545  1.00E+01  3.95E+03  0.00E+00  0.00E+00  0.00E+00  0.00E+00 -1.2676E+00
    546  1.00E+01  3.96E+03  0.00E+00  0.00E+00  0.00E+00  0.00E+00 -1.2706E+00
    547  1.00E+01  3.97E+03  0.00E+00  0.00E+00  0.00E+00  0.00E+00 -1.2736E+00
    548  1.00E+01  3.98E+03  0.00E+00  0.00E+00  0.00E+00  0.00E+00 -1.2766E+00
    549  1.00E+01  3.99E+03  0.00E+00  0.00E+00  0.00E+00  0.00E+00 -1.2796E+00
    550  1.00E+01  4.00E+03  0.00E+00  0.00E+00  0.00E+00  0.00E+00 -1.2826E+00
    551  1.00E+01  4.01E+03  0.00E+00  0.00E+00  0.00E+00  0.00E+00 -1.2856E+00
    552  1.00E+01  4.02E+03  0.00E+00  0.00E+00  0.00E+00  0.00E+00 -1.2886E+00
    553  1.00E+01  4.03E+03  0.00E+00  0.00E+00  0.00E+00  0.00E+00 -1.2916E+00
    554  1.00E+01  4.04E+03  0.00E+00  0.00E+00  0.00E+00  0.00E+00 -1.2946E+00
    555  1.00E+01  4.05E+03  0.00E+00  0.00E+00  0.00E+00  0.00E+00 -1.2976E+00
    556  1.00E+01  4.06E+03  0.00E+00  0.00E+00  0.00E+00  0.00E+00 -1.3006E+00
    557  1.00E+01  4.07E+03  0.00E+00  0.00E+00  0.00E+00  0.00E+00 -1.3036E+00
    558  1.00E+01  4.08E+03  0.00E+00  0.00E+00  0.00E+00  0.00E+00 -1.3066E+00
    559  1.00E+01  4.09E+03  0.00E+00  0.00E+00  0.00E+00  0.00E+00 -1.3096E+00
    560  1.00E+01  4.10E+03  0.00E+00  0.00E+00  0.00E+00  0.00E+00 -1.3126E+00
    561  1.00E+01  4.11E+03  0.00E+00  0.00E+00  0.00E+00  0.00E+00 -1.3156E+00
    562  1.00E+01  4.12E+03  0.00E+00  0.00E+00  0.00E+00  0.00E+00 -1.3186E+00
    563  1.00E+01  4.13E+03  0.00E+00  0.00E+00  0.00E+00  0.00E+00 -1.3215E+00
    564  1.00E+01  4.14E+03  0.00E+00  0.00E+00  0.00E+00  0.00E+00 -1.3245E+00
    565  1.00E+01  4.15E+03  0.00E+00  0.00E+00  0.00E+00  0.00E+00 -1.3275E+00
    566  1.00E+01  4.16E+03  0.00E+00  0.00E+00  0.00E+00  0.00E+00 -1.3305E+00
    567  1.00E+01  4.17E+03  0.00E+00  0.00E+00  0.00E+00  0.00E+00 -1.3335E+00
    568  1.00E+01  4.18E+03  0.00E+00  0.00E+00  0.00E+00  0.00E+00 -1.3365E+00
    569  1.00E+01  4.19E+03  0.00E+00  0.00E+00  0.00E+00  0.00E+00 -1.3395E+00
    570  1.00E+01  4.20E+03  0.00E+00  0.00E+00  0.00E+00  0.00E+00 -1.3425E+00
    571  1.00E+01  4.21E+03  0.00E+00  0.00E+00  0.00E+00  0.00E+00 -1.3455E+00
    572  1.00E+01  4.22E+03  0.00E+00  0.00E+00  0.00E+00  0.00E+00 -1.3484E+00
    573  1.00E+01  4.23E+03  0.00E+00  0.00E+00  0.00E+00  0.00E+00 -1.3514E+00
    574  1.00E+01  4.24E+03  0.00E+00  0.00E+00  0.00E+00  0.00E+00 -1.3544E+00
    575  1.00E+01  4.25E+03  0.00E+00  0.00E+00  0.00E+00  0.00E+00 -1.3574E+00
    576  1.00E+01  4.26E+03  0.00E+00  0.00E+00  0.00E+00  0.00E+00 -1.3604E+00
    577  1.00E+01  4.27E+03  0.00E+00  0.00E+00  0.00E+00  0.00E+00 -1.3634E+00
    578  1.00E+01  4.28E+03  0.00E+00  0.00E+00  0.00E+00  0.00E+00 -1.3663E+00
    579  1.00E+01  4.29E+03  0.00E+00  0.00E+00  0.00E+00  0.00E+00 -1.3693E+00
    580  1.00E+01  4.30E+03  0.00E+00  0.00E+00  0.00E+00  0.00E+00 -1.3723E+00
    581  1.00E+01  4.31E+03  0.00E+00  0.00E+00  0.00E+00  0.00E+00 -1.3753E+00
    582  1.00E+01  4.32E+03  0.00E+00  0.00E+00  0.00E+00  0.00E+00 -1.3783E+00
    583  1.00E+01  4.33E+03  0.00E+00  0.00E+00  0.00E+00  0.00E+00 -1.3812E+00
    584  1.00E+01  4.34E+03  0.00E+00  0.00E+00  0.00E+00  0.00E+00 -1.3842E+00
    585  1.00E+01  4.35E+03  0.00E+00  0.00E+00  0.00E+00  0.00E+00 -1.3872E+00
    586  1.00E+01  4.36E+03  0.00E+00  0.00E+00  0.00E+00  0.00E+00 -1.3902E+00
    587  1.00E+01  4.37E+03  0.00E+00  0.00E+00  0.00E+00  0.00E+00 -1.3931E+00
    588  1.00E+01  4.38E+03  0.00E+00  0.00E+00  0.00E+00  0.00E+00 -1.3961E+00
    589  1.00E+01  4.39E+03  0.00E+00  0.00E+00  0.00E+00  0.00E+00 -1.3991E+00
    590  1.00E+01  4.40E+03  0.00E+00  0.00E+00  0.00E+00  0.00E+00 -1.4021E+00
    591  1.00E+01  4.41E+03  0.00E+00  0.00E+00  0.00E+00  0.00E+00 -1.4050E+00
    592  1.00E+01  4.42E+03  0.00E+00  0.00E+00  0.00E+00  0.00E+00 -1.4080E+00
    593  1.00E+01  4.43E+03  0.00E+00  0.00E+00  0.00E+00  0.00E+00 -1.4110E+00
    594  1.00E+01  4.44E+03  0.00E+00  0.00E+00  0.00E+00  0.00E+00 -1.4140E+00
    595  1.00E+01  4.45E+03  0.00E+00  0.00E+00  0.00E+00  0.00E+00 -1.4169E+00
    596  1.00E+01  4.46E+03  0.00E+00  0.00E+00  0.00E+00  0.00E+00 -1.4199E+00
    597  1.00E+01  4.47E+03  0.00E+00  0.00E+00  0.00E+00  0.00E+00 -1.4229E+00
    598  1.00E+01  4.48E+03  0.00E+00  0.00E+00  0.00E+00  0.00E+00 -1.4258E+00
    599  1.00E+01  4.49E+03  0.00E+00  0.00E+00  0.00E+00  0.00E+00 -1.4288E+00
    600  1.00E+01  4.50E+03  0.00E+00  0.00E+00  0.00E+00  0.00E+00 -1.4318E+00
    601  1.00E+01  4.51E+03  0.00E+00  0.00E+00  0.00E+00  0.00E+00 -1.4347E+00
    602  1.00E+01  4.52E+03  0.00E+00  0.00E+00  0.00E+00  0.00E+00 -1.4377E+00
    603  1.00E+01  4.53E+03  0.00E+00  0.00E+00  0.00E+00  0.00E+00 -1.4407E+00
    604  1.00E+01  4.54E+03  0.00E+00  0.00E+00  0.00E+00  0.00E+00 -1.4436E+00
    605  1.00E+01  4.55E+03  0.00E+00  0.00E+00  0.00E+00  0.00E+00 -1.4466E+00
    606  1.00E+01  4.56E+03  0.00E+00  0.00E+00  0.00E+00  0.00E+00 -1.4496E+00
    607  1.00E+01  4.57E+03  0.00E+00  0.00E+00  0.00E+00  0.00E+00 -1.4525E+00
    608  1.00E+01  4.58E+03  0.00E+00  0.00E+00  0.00E+00  0.00E+00 -1.4555E+00
    609  1.00E+01  4.59E+03  0.00E+00  0.00E+00  0.00E+00  0.00E+00 -1.4585E+00
    610  1.00E+01  4.60E+03  0.00E+00  0.00E+00  0.00E+00  0.00E+00 -1.4614E+00
    611  1.00E+01  4.61E+03  0.00E+00  0.00E+00  0.00E+00  0.00E+00 -1.4644E+00
    612  1.00E+01  4.62E+03  0.00E+00  0.00E+00  0.00E+00  0.00E+00 -1.4673E+00
    613  1.00E+01  4.63E+03  0.00E+00  0.00E+00  0.00E+00  0.00E+00 -1.4703E+00
    614  1.00E+01  4.64E+03  0.00E+00  0.00E+00  0.00E+00  0.00E+00 -1.4733E+00
    615  1.00E+01  4.65E+03  0.00E+00  0.00E+00  0.00E+00  0.00E+00 -1.4762E+00
    616  1.00E+01  4.66E+03  0.00E+00  0.00E+00  0.00E+00  0.00E+00 -1.4792E+00
    617  1.00E+01  4.67E+03  0.00E+00  0.00E+00  0.00E+00  0.00E+00 -1.4821E+00
    618  1.00E+01  4.68E+03  0.00E+00  0.00E+00  0.00E+00  0.00E+00 -1.4851E+00
    619  1.00E+01  4.69E+03  0.00E+00  0.00E+00  0.00E+00  0.00E+00 -1.4880E+00
    620  1.00E+01  4.70E+03  0.00E+00  0.00E+00  0.00E+00  0.00E+00 -1.4910E+00
    621  1.00E+01  4.71E+03  0.00E+00  0.00E+00  0.00E+00  0.00E+00 -1.4940E+00
    622  1.00E+01  4.72E+03  0.00E+00  0.00E+00  0.00E+00  0.00E+00 -1.4969E+00
    623  1.00E+01  4.73E+03  0.00E+00  0.00E+00  0.00E+00  0.00E+00 -1.4999E+00
    624  1.00E+01  4.74E+03  0.00E+00  0.00E+00  0.00E+00  0.00E+00 -1.5028E+00
    625  1.00E+01  4.75E+03  0.00E+00  0.00E+00  0.00E+00  0.00E+00 -1.5058E+00
    626  1.00E+01  4.76E+03  0.00E+00  0.00E+00  0.00E+00  0.00E+00 -1.5087E+00
    627  1.00E+01  4.77E+03  0.00E+00  0.00E+00  0.00E+00  0.00E+00 -1.5117E+00
    628  1.00E+01  4.78E+03  0.00E+00  0.00E+00  0.00E+00  0.00E+00 -1.5146E+00
    629  1.00E+01  4.79E+03  0.00E+00  0.00E+00  0.00E+00  0.00E+00 -1.5176E+00
    630  1.00E+01  4.80E+03  0.00E+00  0.00E+00  0.00E+00  0.00E+00 -1.5205E+00
    631  1.00E+01  4.81E+03  0.00E+00  0.00E+00  0.00E+00  0.00E+00 -1.5235E+00
    632  1.00E+01  4.82E+03  0.00E+00  0.00E+00  0.00E+00  0.00E+00 -1.5264E+00
    633  1.00E+01  4.83E+03  0.00E+00  0.00E+00  0.00E+00  0.00E+00 -1.5294E+00
    634  1.00E+01  4.84E+03  0.00E+00  0.00E+00  0.00E+00  0.00E+00 -1.5323E+00
    635  1.00E+01  4.85E+03  0.00E+00  0.00E+00  0.00E+00  0.00E+00 -1.5353E+00
    636  1.00E+01  4.86E+03  0.00E+00  0.00E+00  0.00E+00  0.00E+00 -1.5382E+00
    637  1.00E+01  4.87E+03  0.00E+00  0.00E+00  0.00E+00  0.00E+00 -1.5411E+00
    638  1.00E+01  4.88E+03  0.00E+00  0.00E+00  0.00E+00  0.00E+00 -1.5441E+00
    639  1.00E+01  4.89E+03  0.00E+00  0.00E+00  0.00E+00  0.00E+00 -1.5470E+00
    640  1.00E+01  4.90E+03  0.00E+00  0.00E+00  0.00E+00  0.00E+00 -1.5500E+00
    641  1.00E+01  4.91E+03  0.00E+00  0.00E+00  0.00E+00  0.00E+00 -1.5529E+00
    642  1.00E+01  4.92E+03  0.00E+00  0.00E+00  0.00E+00  0.00E+00 -1.5559E+00
    643  1.00E+01  4.93E+03  0.00E+00  0.00E+00  0.00E+00  0.00E+00 -1.5588E+00
    644  1.00E+01  4.94E+03  0.00E+00  0.00E+00  0.00E+00  0.00E+00 -1.5617E+00
    645  1.00E+01  4.95E+03  0.00E+00  0.00E+00  0.00E+00  0.00E+00 -1.5647E+00
    646  1.00E+01  4.96E+03  0.00E+00  0.00E+00  0.00E+00  0.00E+00 -1.5676E+00
    647  1.00E+01  4.97E+03  0.00E+00  0.00E+00  0.00E+00  0.00E+00 -1.5706E+00
    648  1.00E+01  4.98E+03  0.00E+00  0.00E+00  0.00E+00  0.00E+00 -1.5735E+00
    649  1.00E+01  4.99E+03  0.00E+00  0.00E+00  0.00E+00  0.00E+00 -1.5764E+00
    650  1.00E+01  5.00E+03  0.00E+00  0.00E+00  0.00E+00  0.00E+00 -1.5794E+00
    651  1.00E+01  5.01E+03  0.00E+00  0.00E+00  0.00E+00  0.00E+00 -1.5823E+00
    652  1.00E+01  5.02E+03  0.00E+00  0.00E+00  0.00E+00  0.00E+00 -1.5852E+00
    653  1.00E+01  5.03E+03  0.00E+00  0.00E+00  0.00E+00  0.00E+00 -1.5882E+00
    654  1.00E+01  5.04E+03  0.00E+00  0.00E+00  0.00E+00  0.00E+00 -1.5911E+00
    655  1.00E+01  5.05E+03  0.00E+00  0.00E+00  0.00E+00  0.00E+00 -1.5940E+00
    656  1.00E+01  5.06E+03  0.00E+00  0.00E+00  0.00E+00  0.00E+00 -1.5970E+00
    657  1.00E+01  5.07E+03  0.00E+00  0.00E+00  0.00E+00  0.00E+00 -1.5999E+00
    658  1.00E+01  5.08E+03  0.00E+00  0.00E+00  0.00E+00  0.00E+00 -1.6028E+00
    659  1.00E+01  5.09E+03  0.00E+00  0.00E+00  0.00E+00  0.00E+00 -1.6057E+00
    660  1.00E+01  5.10E+03  0.00E+00  0.00E+00  0.00E+00  0.00E+00 -1.6087E+00
    661  1.00E+01  5.11E+03  0.00E+00  0.00E+00  0.00E+00  0.00E+00 -1.6116E+00
    662  1.00E+01  5.12E+03  0.00E+00  0.00E+00  0.00E+00  0.00E+00 -1.6145E+00
    663  1.00E+01  5.13E+03  0.00E+00  0.00E+00  0.00E+00  0.00E+00 -1.6175E+00
    664  1.00E+01  5.14E+03  0.00E+00  0.00E+00  0.00E+00  0.00E+00 -1.6204E+00
    665  1.00E+01  5.15E+03  0.00E+00  0.00E+00  0.00E+00  0.00E+00 -1.6233E+00
    666  1.00E+01  5.16E+03  0.00E+00  0.00E+00  0.00E+00  0.00E+00 -1.6262E+00
    667  1.00E+01  5.17E+03  0.00E+00  0.00E+00  0.00E+00  0.00E+00 -1.6292E+00
    668  1.00E+01  5.18E+03  0.00E+00  0.00E+00  0.00E+00  0.00E+00 -1.6321E+00
    669  1.00E+01  5.19E+03  0.00E+00  0.00E+00  0.00E+00  0.00E+00 -1.6350E+00
    670  1.00E+01  5.20E+03  0.00E+00  0.00E+00  0.00E+00  0.00E+00 -1.6379E+00
    671  1.00E+01  5.21E+03  0.00E+00  0.00E+00  0.00E+00  0.00E+00 -1.6408E+00
    672  1.00E+01  5.22E+03  0.00E+00  0.00E+00  0.00E+00  0.00E+00 -1.6438E+00
    673  1.00E+01  5.23E+03  0.00E+00  0.00E+00  0.00E+00  0.00E+00 -1.6467E+00
    674  1.00E+01  5.24E+03  0.00E+00  0.00E+00  0.00E+00  0.00E+00 -1.6496E+00
    675  1.00E+01  5.25E+03  0.00E+00  0.00E+00  0.00E+00  0.00E+00 -1.6525E+00
    676  1.00E+01  5.26E+03  0.00E+00  0.00E+00  0.00E+00  0.00E+00 -1.6554E+00
    677  1.00E+01  5.27E+03  0.00E+00  0.00E+00  0.00E+00  0.00E+00 -1.6584E+00
    678  1.00E+01  5.28E+03  0.00E+00  0.00E+00  0.00E+00  0.00E+00 -1.6613E+00
    679  1.00E+01  5.29E+03  0.00E+00  0.00E+00  0.00E+00  0.00E+00 -1.6642E+00
    680  1.00E+01  5.30E+03  0.00E+00  0.00E+00  0.00E+00  0.00E+00 -1.6671E+00
    681  1.00E+01  5.31E+03  0.00E+00  0.00E+00  0.00E+00  0.00E+00 -1.6700E+00
    682  1.00E+01  5.32E+03  0.00E+00  0.00E+00  0.00E+00  0.00E+00 -1.6729E+00
    683  1.00E+01  5.33E+03  0.00E+00  0.00E+00  0.00E+00  0.00E+00 -1.6758E+00
    684  1.00E+01  5.34E+03  0.00E+00  0.00E+00  0.00E+00  0.00E+00 -1.6788E+00
    685  1.00E+01  5.35E+03  0.00E+00  0.00E+00  0.00E+00  0.00E+00 -1.6817E+00
    686  1.00E+01  5.36E+03  0.00E+00  0.00E+00  0.00E+00  0.00E+00 -1.6846E+00
    687  1.00E+01  5.37E+03  0.00E+00  0.00E+00  0.00E+00  0.00E+00 -1.6875E+00
    688  1.00E+01  5.38E+03  0.00E+00  0.00E+00  0.00E+00  0.00E+00 -1.6904E+00
    689  1.00E+01  5.39E+03  0.00E+00  0.00E+00  0.00E+00  0.00E+00 -1.6933E+00
    690  1.00E+01  5.40E+03  0.00E+00  0.00E+00  0.00E+00  0.00E+00 -1.6962E+00
    691  1.00E+01  5.41E+03  0.00E+00  0.00E+00  0.00E+00  0.00E+00 -1.6991E+00
    692  1.00E+01  5.42E+03  0.00E+00  0.00E+00  0.00E+00  0.00E+00 -1.7020E+00
    693  1.00E+01  5.43E+03  0.00E+00  0.00E+00  0.00E+00  0.00E+00 -1.7049E+00
    694  1.00E+01  5.44E+03  0.00E+00  0.00E+00  0.00E+00  0.00E+00 -1.7079E+00
    695  1.00E+01  5.45E+03  0.00E+00  0.00E+00  0.00E+00  0.00E+00 -1.7108E+00
    696  1.00E+01  5.46E+03  0.00E+00  0.00E+00  0.00E+00  0.00E+00 -1.7137E+00
    697  1.00E+01  5.47E+03  0.00E+00  0.00E+00  0.00E+00  0.00E+00 -1.7166E+00
    698  1.00E+01  5.48E+03  0.00E+00  0.00E+00  0.00E+00  0.00E+00 -1.7195E+00
    699  1.00E+01  5.49E+03  0.00E+00  0.00E+00  0.00E+00  0.00E+00 -1.7224E+00
    700  1.00E+01  5.50E+03  0.00E+00  0.00E+00  0.00E+00  0.00E+00 -1.7253E+00
    701  1.00E+01  5.51E+03  0.00E+00  0.00E+00  0.00E+00  0.00E+00 -1.7282E+00
    702  1.00E+01  5.52E+03  0.00E+00  0.00E+00  0.00E+00  0.00E+00 -1.7311E+00
    703  1.00E+01  5.53E+03  0.00E+00  0.00E+00  0.00E+00  0.00E+00 -1.7340E+00
    704  1.00E+01  5.54E+03  0.00E+00  0.00E+00  0.00E+00  0.00E+00 -1.7369E+00
    705  1.00E+01  5.55E+03  0.00E+00  0.00E+00  0.00E+00  0.00E+00 -1.7398E+00
    706  1.00E+01  5.56E+03  0.00E+00  0.00E+00  0.00E+00  0.00E+00 -1.7427E+00
    707  1.00E+01  5.57E+03  0.00E+00  0.00E+00  0.00E+00  0.00E+00 -1.7456E+00
    708  1.00E+01  5.58E+03  0.00E+00  0.00E+00  0.00E+00  0.00E+00 -1.7485E+00
    709  1.00E+01  5.59E+03  0.00E+00  0.00E+00  0.00E+00  0.00E+00 -1.7514E+00
    710  1.00E+01  5.60E+03  0.00E+00  0.00E+00  0.00E+00  0.00E+00 -1.7543E+00
    711  1.00E+01  5.61E+03  0.00E+00  0.00E+00  0.00E+00  0.00E+00 -1.7572E+00
    712  1.00E+01  5.62E+03  0.00E+00  0.00E+00  0.00E+00  0.00E+00 -1.7600E+00
    713  1.00E+01  5.63E+03  0.00E+00  0.00E+00  0.00E+00  0.00E+00 -1.7629E+00
    714  1.00E+01  5.64E+03  0.00E+00  0.00E+00  0.00E+00  0.00E+00 -1.7658E+00
    715  1.00E+01  5.65E+03  0.00E+00  0.00E+00  0.00E+00  0.00E+00 -1.7687E+00
    716  1.00E+01  5.66E+03  0.00E+00  0.00E+00  0.00E+00  0.00E+00 -1.7716E+00
    717  1.00E+01  5.67E+03  0.00E+00  0.00E+00  0.00E+00  0.00E+00 -1.7745E+00
    718  1.00E+01  5.68E+03  0.00E+00  0.00E+00  0.00E+00  0.00E+00 -1.7774E+00
    719  1.00E+01  5.69E+03  0.00E+00  0.00E+00  0.00E+00  0.00E+00 -1.7803E+00
    720  1.00E+01  5.70E+03  0.00E+00  0.00E+00  0.00E+00  0.00E+00 -1.7832E+00
    721  1.00E+01  5.71E+03  0.00E+00  0.00E+00  0.00E+00  0.00E+00 -1.7860E+00
    722  1.00E+01  5.72E+03  0.00E+00  0.00E+00  0.00E+00  0.00E+00 -1.7889E+00
    723  1.00E+01  5.73E+03  0.00E+00  0.00E+00  0.00E+00  0.00E+00 -1.7918E+00
    724  1.00E+01  5.74E+03  0.00E+00  0.00E+00  0.00E+00  0.00E+00 -1.7947E+00
    725  1.00E+01  5.75E+03  0.00E+00  0.00E+00  0.00E+00  0.00E+00 -1.7976E+00
    726  1.00E+01  5.76E+03  0.00E+00  0.00E+00  0.00E+00  0.00E+00 -1.8005E+00
    727  1.00E+01  5.77E+03  0.00E+00  0.00E+00  0.00E+00  0.00E+00 -1.8034E+00
    728  1.00E+01  5.78E+03  0.00E+00  0.00E+00  0.00E+00  0.00E+00 -1.8062E+00
    729  1.00E+01  5.79E+03  0.00E+00  0.00E+00  0.00E+00  0.00E+00 -1.8091E+00
    730  1.00E+01  5.80E+03  0.00E+00  0.00E+00  0.00E+00  0.00E+00 -1.8120E+00
    731  1.00E+01  5.81E+03  0.00E+00  0.00E+00  0.00E+00  0.00E+00 -1.8149E+00
    732  1.00E+01  5.82E+03  0.00E+00  0.00E+00  0.00E+00  0.00E+00 -1.8178E+00
    733  1.00E+01  5.83E+03  0.00E+00  0.00E+00  0.00E+00  0.00E+00 -1.8206E+00
    734  1.00E+01  5.84E+03  0.00E+00  0.00E+00  0.00E+00  0.00E+00 -1.8235E+00
    735  1.00E+01  5.85E+03  0.00E+00  0.00E+00  0.00E+00  0.00E+00 -1.8264E+00
    736  1.00E+01  5.86E+03  0.00E+00  0.00E+00  0.00E+00  0.00E+00 -1.8293E+00
    737  1.00E+01  5.87E+03  0.00E+00  0.00E+00  0.00E+00  0.00E+00 -1.8322E+00
    738  1.00E+01  5.88E+03  0.00E+00  0.00E+00  0.00E+00  0.00E+00 -1.8350E+00
    739  1.00E+01  5.89E+03  0.00E+00  0.00E+00  0.00E+00  0.00E+00 -1.8379E+00
    740  1.00E+01  5.90E+03  0.00E+00  0.00E+00  0.00E+00  0.00E+00 -1.8408E+00
    741  1.00E+01  5.91E+03  0.00E+00  0.00E+00  0.00E+00  0.00E+00 -1.8436E+00
    742  1.00E+01  5.92E+03  0.00E+00  0.00E+00  0.00E+00  0.00E+00 -1.8465E+00
    743  1.00E+01  5.93E+03  0.00E+00  0.00E+00  0.00E+00  0.00E+00 -1.8494E+00
    744  1.00E+01  5.94E+03  0.00E+00  0.00E+00  0.00E+00  0.00E+00 -1.8523E+00
    745  1.00E+01  5.95E+03  0.00E+00  0.00E+00  0.00E+00  0.00E+00 -1.8551E+00
    746  1.00E+01  5.96E+03  0.00E+00  0.00E+00  0.00E+00  0.00E+00 -1.8580E+00
    747  1.00E+01  5.97E+03  0.00E+00  0.00E+00  0.00E+00  0.00E+00 -1.8609E+00
    748  1.00E+01  5.98E+03  0.00E+00  0.00E+00  0.00E+00  0.00E+00 -1.8637E+00
    749  1.00E+01  5.99E+03  0.00E+00  0.00E+00  0.00E+00  0.00E+00 -1.8666E+00
    750  1.00E+01  6.00E+03  0.00E+00  0.00E+00  0.00E+00  0.00E+00 -1.8695E+00
    751  1.00E+01  6.01E+03  0.00E+00  0.00E+00  0.00E+00  0.00E+00 -1.8723E+00
    752  1.00E+01  6.02E+03  0.00E+00  0.00E+00  0.00E+00  0.00E+00 -1.8752E+00
    753  1.00E+01  6.03E+03  0.00E+00  0.00E+00  0.00E+00  0.00E+00 -1.8781E+00
    754  1.00E+01  6.04E+03  0.00E+00  0.00E+00  0.00E+00  0.00E+00 -1.8809E+00
    755  1.00E+01  6.05E+03  0.00E+00  0.00E+00  0.00E+00  0.00E+00 -1.8838E+00
    756  1.00E+01  6.06E+03  0.00E+00  0.00E+00  0.00E+00  0.00E+00 -1.8867E+00
    757  1.00E+01  6.07E+03  0.00E+00  0.00E+00  0.00E+00  0.00E+00 -1.8895E+00
    758  1.00E+01  6.08E+03  0.00E+00  0.00E+00  0.00E+00  0.00E+00 -1.8924E+00
    759  1.00E+01  6.09E+03  0.00E+00  0.00E+00  0.00E+00  0.00E+00 -1.8952E+00
    760  1.00E+01  6.10E+03  0.00E+00  0.00E+00  0.00E+00  0.00E+00 -1.8981E+00
    761  1.00E+01  6.11E+03  0.00E+00  0.00E+00  0.00E+00  0.00E+00 -1.9010E+00
    762  1.00E+01  6.12E+03  0.00E+00  0.00E+00  0.00E+00  0.00E+00 -1.9038E+00
    763  1.00E+01  6.13E+03  0.00E+00  0.00E+00  0.00E+00  0.00E+00 -1.9067E+00
    764  1.00E+01  6.14E+03  0.00E+00  0.00E+00  0.00E+00  0.00E+00 -1.9095E+00
    765  1.00E+01  6.15E+03  0.00E+00  0.00E+00  0.00E+00  0.00E+00 -1.9124E+00
    766  1.00E+01  6.16E+03  0.00E+00  0.00E+00  0.00E+00  0.00E+00 -1.9153E+00
    767  1.00E+01  6.17E+03  0.00E+00  0.00E+00  0.00E+00  0.00E+00 -1.9181E+00
    768  1.00E+01  6.18E+03  0.00E+00  0.00E+00  0.00E+00  0.00E+00 -1.9210E+00
    769  1.00E+01  6.19E+03  0.00E+00  0.00E+00  0.00E+00  0.00E+00 -1.9238E+00
    770  1.00E+01  6.20E+03  0.00E+00  0.00E+00  0.00E+00  0.00E+00 -1.9267E+00
    771  1.00E+01  6.21E+03  0.00E+00  0.00E+00  0.00E+00  0.00E+00 -1.9295E+00
    772  1.00E+01  6.22E+03  0.00E+00  0.00E+00  0.00E+00  0.00E+00 -1.9324E+00
    773  1.00E+01  6.23E+03  0.00E+00  0.00E+00  0.00E+00  0.00E+00 -1.9352E+00
    774  1.00E+01  6.24E+03  0.00E+00  0.00E+00  0.00E+00  0.00E+00 -1.9381E+00
    775  1.00E+01  6.25E+03  0.00E+00  0.00E+00  0.00E+00  0.00E+00 -1.9410E+00
    776  1.00E+01  6.26E+03  0.00E+00  0.00E+00  0.00E+00  0.00E+00 -1.9438E+00
    777  1.00E+01  6.27E+03  0.00E+00  0.00E+00  0.00E+00  0.00E+00 -1.9467E+00
    778  1.00E+01  6.28E+03  0.00E+00  0.00E+00  0.00E+00  0.00E+00 -1.9495E+00
    779  1.00E+01  6.29E+03  0.00E+00  0.00E+00  0.00E+00  0.00E+00 -1.9524E+00
    780  1.00E+01  6.30E+03  0.00E+00  0.00E+00  0.00E+00  0.00E+00 -1.9552E+00
    781  1.00E+01  6.31E+03  0.00E+00  0.00E+00  0.00E+00  0.00E+00 -1.9581E+00
    782  1.00E+01  6.32E+03  0.00E+00  0.00E+00  0.00E+00  0.00E+00 -1.9609E+00
    783  1.00E+01  6.33E+03  0.00E+00  0.00E+00  0.00E+00  0.00E+00 -1.9637E+00
    784  1.00E+01  6.34E+03  0.00E+00  0.00E+00  0.00E+00  0.00E+00 -1.9666E+00
    785  1.00E+01  6.35E+03  0.00E+00  0.00E+00  0.00E+00  0.00E+00 -1.9694E+00
    786  1.00E+01  6.36E+03  0.00E+00  0.00E+00  0.00E+00  0.00E+00 -1.9723E+00
    787  1.00E+01  6.37E+03  0.00E+00  0.00E+00  0.00E+00  0.00E+00 -1.9751E+00
    788  1.00E+01  6.38E+03  0.00E+00  0.00E+00  0.00E+00  0.00E+00 -1.9780E+00
    789  1.00E+01  6.39E+03  0.00E+00  0.00E+00  0.00E+00  0.00E+00 -1.9808E+00
    790  1.00E+01  6.40E+03  0.00E+00  0.00E+00  0.00E+00  0.00E+00 -1.9837E+00
    791  1.00E+01  6.41E+03  0.00E+00  0.00E+00  0.00E+00  0.00E+00 -1.9865E+00
    792  1.00E+01  6.42E+03  0.00E+00  0.00E+00  0.00E+00  0.00E+00 -1.9893E+00
    793  1.00E+01  6.43E+03  0.00E+00  0.00E+00  0.00E+00  0.00E+00 -1.9922E+00
    794  1.00E+01  6.44E+03  0.00E+00  0.00E+00  0.00E+00  0.00E+00 -1.9950E+00
    795  1.00E+01  6.45E+03  0.00E+00  0.00E+00  0.00E+00  0.00E+00 -1.9979E+00
    796  1.00E+01  6.46E+03  0.00E+00  0.00E+00  0.00E+00  0.00E+00 -2.0007E+00
    797  1.00E+01  6.47E+03  0.00E+00  0.00E+00  0.00E+00  0.00E+00 -2.0035E+00
    798  1.00E+01  6.48E+03  0.00E+00  0.00E+00  0.00E+00  0.00E+00 -2.0064E+00
    799  1.00E+01  6.49E+03  0.00E+00  0.00E+00  0.00E+00  0.00E+00 -2.0092E+00
    800  1.00E+01  6.50E+03  0.00E+00  0.00E+00  0.00E+00  0.00E+00 -2.0120E+00
    801  1.00E+01  6.51E+03  0.00E+00  0.00E+00  0.00E+00  0.00E+00 -2.0149E+00
    802  1.00E+01  6.52E+03  0.00E+00  0.00E+00  0.00E+00  0.00E+00 -2.0177E+00
    803  1.00E+01  6.53E+03  0.00E+00  0.00E+00  0.00E+00  0.00E+00 -2.0206E+00
    804  1.00E+01  6.54E+03  0.00E+00  0.00E+00  0.00E+00  0.00E+00 -2.0234E+00
    805  1.00E+01  6.55E+03  0.00E+00  0.00E+00  0.00E+00  0.00E+00 -2.0262E+00
    806  1.00E+01  6.56E+03  0.00E+00  0.00E+00  0.00E+00  0.00E+00 -2.0291E+00
    807  1.00E+01  6.57E+03  0.00E+00  0.00E+00  0.00E+00  0.00E+00 -2.0319E+00
    808  1.00E+01  6.58E+03  0.00E+00  0.00E+00  0.00E+00  0.00E+00 -2.0347E+00
    809  1.00E+01  6.59E+03  0.00E+00  0.00E+00  0.00E+00  0.00E+00 -2.0375E+00
    810  1.00E+01  6.60E+03  0.00E+00  0.00E+00  0.00E+00  0.00E+00 -2.0404E+00
    811  1.00E+01  6.61E+03  0.00E+00  0.00E+00  0.00E+00  0.00E+00 -2.0432E+00
    812  1.00E+01  6.62E+03  0.00E+00  0.00E+00  0.00E+00  0.00E+00 -2.0460E+00
    813  1.00E+01  6.63E+03  0.00E+00  0.00E+00  0.00E+00  0.00E+00 -2.0489E+00
    814  1.00E+01  6.64E+03  0.00E+00  0.00E+00  0.00E+00  0.00E+00 -2.0517E+00
    815  1.00E+01  6.65E+03  0.00E+00  0.00E+00  0.00E+00  0.00E+00 -2.0545E+00
    816  1.00E+01  6.66E+03  0.00E+00  0.00E+00  0.00E+00  0.00E+00 -2.0574E+00
    817  1.00E+01  6.67E+03  0.00E+00  0.00E+00  0.00E+00  0.00E+00 -2.0602E+00
    818  1.00E+01  6.68E+03  0.00E+00  0.00E+00  0.00E+00  0.00E+00 -2.0630E+00
    819  1.00E+01  6.69E+03  0.00E+00  0.00E+00  0.00E+00  0.00E+00 -2.0658E+00
    820  1.00E+01  6.70E+03  0.00E+00  0.00E+00  0.00E+00  0.00E+00 -2.0687E+00
    821  1.00E+01  6.71E+03  0.00E+00  0.00E+00  0.00E+00  0.00E+00 -2.0715E+00
    822  1.00E+01  6.72E+03  0.00E+00  0.00E+00  0.00E+00  0.00E+00 -2.0743E+00
    823  1.00E+01  6.73E+03  0.00E+00  0.00E+00  0.00E+00  0.00E+00 -2.0771E+00
    824  1.00E+01  6.74E+03  0.00E+00  0.00E+00  0.00E+00  0.00E+00 -2.0799E+00
    825  1.00E+01  6.75E+03  0.00E+00  0.00E+00  0.00E+00  0.00E+00 -2.0828E+00
    826  1.00E+01  6.76E+03  0.00E+00  0.00E+00  0.00E+00  0.00E+00 -2.0856E+00
    827  1.00E+01  6.77E+03  0.00E+00  0.00E+00  0.00E+00  0.00E+00 -2.0884E+00
    828  1.00E+01  6.78E+03  0.00E+00  0.00E+00  0.00E+00  0.00E+00 -2.0912E+00
    829  1.00E+01  6.79E+03  0.00E+00  0.00E+00  0.00E+00  0.00E+00 -2.0941E+00
    830  1.00E+01  6.80E+03  0.00E+00  0.00E+00  0.00E+00  0.00E+00 -2.0969E+00
    831  1.00E+01  6.81E+03  0.00E+00  0.00E+00  0.00E+00  0.00E+00 -2.0997E+00
    832  1.00E+01  6.82E+03  0.00E+00  0.00E+00  0.00E+00  0.00E+00 -2.1025E+00
    833  1.00E+01  6.83E+03  0.00E+00  0.00E+00  0.00E+00  0.00E+00 -2.1053E+00
    834  1.00E+01  6.84E+03  0.00E+00  0.00E+00  0.00E+00  0.00E+00 -2.1081E+00
    835  1.00E+01  6.85E+03  0.00E+00  0.00E+00  0.00E+00  0.00E+00 -2.1110E+00
    836  1.00E+01  6.86E+03  0.00E+00  0.00E+00  0.00E+00  0.00E+00 -2.1138E+00
    837  1.00E+01  6.87E+03  0.00E+00  0.00E+00  0.00E+00  0.00E+00 -2.1166E+00
    838  1.00E+01  6.88E+03  0.00E+00  0.00E+00  0.00E+00  0.00E+00 -2.1194E+00
    839  1.00E+01  6.89E+03  0.00E+00  0.00E+00  0.00E+00  0.00E+00 -2.1222E+00
    840  1.00E+01  6.90E+03  0.00E+00  0.00E+00  0.00E+00  0.00E+00 -2.1250E+00
    841  1.00E+01  6.91E+03  0.00E+00  0.00E+00  0.00E+00  0.00E+00 -2.1278E+00
    842  1.00E+01  6.92E+03  0.00E+00  0.00E+00  0.00E+00  0.00E+00 -2.1306E+00
    843  1.00E+01  6.93E+03  0.00E+00  0.00E+00  0.00E+00  0.00E+00 -2.1334E+00
    844  1.00E+01  6.94E+03  0.00E+00  0.00E+00  0.00E+00  0.00E+00 -2.1363E+00
    845  1.00E+01  6.95E+03  0.00E+00  0.00E+00  0.00E+00  0.00E+00 -2.1391E+00
    846  1.00E+01  6.96E+03  0.00E+00  0.00E+00  0.00E+00  0.00E+00 -2.1419E+00
    847  1.00E+01  6.97E+03  0.00E+00  0.00E+00  0.00E+00  0.00E+00 -2.1447E+00
    848  1.00E+01  6.98E+03  0.00E+00  0.00E+00  0.00E+00  0.00E+00 -2.1475E+00
    849  1.00E+01  6.99E+03  0.00E+00  0.00E+00  0.00E+00  0.00E+00 -2.1503E+00
    850  1.00E+01  7.00E+03  0.00E+00  0.00E+00  0.00E+00  0.00E+00 -2.1531E+00
    851  1.00E+01  7.01E+03  0.00E+00  0.00E+00  0.00E+00  0.00E+00 -2.1559E+00
    852  1.00E+01  7.02E+03  0.00E+00  0.00E+00  0.00E+00  0.00E+00 -2.1587E+00
    853  1.00E+01  7.03E+03  0.00E+00  0.00E+00  0.00E+00  0.00E+00 -2.1615E+00
    854  1.00E+01  7.04E+03  0.00E+00  0.00E+00  0.00E+00  0.00E+00 -2.1643E+00
    855  1.00E+01  7.05E+03  0.00E+00  0.00E+00  0.00E+00  0.00E+00 -2.1671E+00
    856  1.00E+01  7.06E+03  0.00E+00  0.00E+00  0.00E+00  0.00E+00 -2.1699E+00
    857  1.00E+01  7.07E+03  0.00E+00  0.00E+00  0.00E+00  0.00E+00 -2.1727E+00
    858  1.00E+01  7.08E+03  0.00E+00  0.00E+00  0.00E+00  0.00E+00 -2.1755E+00
    859  1.00E+01  7.09E+03  0.00E+00  0.00E+00  0.00E+00  0.00E+00 -2.1783E+00
    860  1.00E+01  7.10E+03  0.00E+00  0.00E+00  0.00E+00  0.00E+00 -2.1811E+00
    861  1.00E+01  7.11E+03  0.00E+00  0.00E+00  0.00E+00  0.00E+00 -2.1839E+00
    862  1.00E+01  7.12E+03  0.00E+00  0.00E+00  0.00E+00  0.00E+00 -2.1867E+00
    863  1.00E+01  7.13E+03  0.00E+00  0.00E+00  0.00E+00  0.00E+00 -2.1895E+00
    864  1.00E+01  7.14E+03  0.00E+00  0.00E+00  0.00E+00  0.00E+00 -2.1923E+00
    865  1.00E+01  7.15E+03  0.00E+00  0.00E+00  0.00E+00  0.00E+00 -2.1951E+00
    866  1.00E+01  7.16E+03  0.00E+00  0.00E+00  0.00E+00  0.00E+00 -2.1979E+00
    867  1.00E+01  7.17E+03  0.00E+00  0.00E+00  0.00E+00  0.00E+00 -2.2007E+00
    868  1.00E+01  7.18E+03  0.00E+00  0.00E+00  0.00E+00  0.00E+00 -2.2034E+00
    869  1.00E+01  7.19E+03  0.00E+00  0.00E+00  0.00E+00  0.00E+00 -2.2062E+00
    870  6.20E+00  7.19E+03  0.00E+00  0.00E+00  0.00E+00  0.00E+00 -2.2080E+00
    871  6.20E+00  7.20E+03  0.00E+00  0.00E+00  0.00E+00  0.00E+00 -2.2097E+00
