#TIME      <--- WTDEPTH(NODVP(I)), I=1,2,...,NUMVP --->
   1.000000E-02   9.999907E-01
   1.500000E-02   9.999889E-01
   2.050000E-02   9.999870E-01
   2.655000E-02   9.999849E-01
   3.320500E-02   9.999827E-01
   4.052550E-02   9.999802E-01
   4.857805E-02   9.999775E-01
   5.743586E-02   9.999746E-01
   6.717944E-02   9.999715E-01
   7.253841E-02   9.999698E-01
   7.843328E-02   9.999679E-01
   8.491764E-02   9.999659E-01
   9.205043E-02   9.999637E-01
   9.561683E-02   9.999627E-01
   9.953986E-02   9.999615E-01
   1.038552E-01   9.999602E-01
   1.086021E-01   9.999588E-01
   1.138236E-01   9.999572E-01
   1.195673E-01   9.999555E-01
   1.253111E-01   9.999538E-01
   1.316292E-01   9.999520E-01
   1.385791E-01   9.999500E-01
   1.462239E-01   9.999478E-01
   1.546333E-01   9.999454E-01
   1.638836E-01   9.999428E-01
   1.740590E-01   9.999400E-01
   1.842343E-01   9.999372E-01
   1.954272E-01   9.999342E-01
   2.066201E-01   9.999312E-01
   2.178129E-01   9.999282E-01
   2.290058E-01   9.999252E-01
   2.413180E-01   9.999220E-01
   2.536302E-01   9.999188E-01
   2.659423E-01   9.999157E-01
   2.794857E-01   9.999122E-01
   2.930291E-01   9.999088E-01
   3.065725E-01   9.999054E-01
   3.214702E-01   9.999017E-01
   3.363679E-01   9.998981E-01
   3.512656E-01   9.998945E-01
   3.676531E-01   9.998905E-01
   3.856794E-01   9.998863E-01
   3.946925E-01   9.998841E-01
   4.046069E-01   9.998818E-01
   4.155128E-01   9.998793E-01
   4.275093E-01   9.998765E-01
   4.407054E-01   9.998734E-01
   4.539015E-01   9.998704E-01
   4.670976E-01   9.998674E-01
   4.816133E-01   9.998641E-01
   4.961290E-01   9.998609E-01
   5.106448E-01   9.998576E-01
   5.266120E-01   9.998541E-01
   5.425793E-01   9.998506E-01
   5.601434E-01   9.998468E-01
   5.794638E-01   9.998426E-01
   6.007163E-01   9.998380E-01
   6.219687E-01   9.998335E-01
   6.453464E-01   9.998286E-01
   6.687242E-01   9.998237E-01
   6.944396E-01   9.998184E-01
   7.201551E-01   9.998132E-01
   7.484422E-01   9.998075E-01
   7.795579E-01   9.998012E-01
   8.106736E-01   9.997951E-01
   8.449010E-01   9.997884E-01
   8.825510E-01   9.997811E-01
   9.202010E-01   9.997740E-01
   9.616161E-01   9.997662E-01
   1.007173E+00   9.997577E-01
   1.057285E+00   9.997486E-01
   1.107397E+00   9.997396E-01
   1.162520E+00   9.997298E-01
   1.217644E+00   9.997202E-01
   1.278280E+00   9.997098E-01
   1.338915E+00   9.996995E-01
   1.405615E+00   9.996885E-01
   1.478984E+00   9.996765E-01
   1.559690E+00   9.996635E-01
   1.648467E+00   9.996496E-01
   1.737244E+00   9.996358E-01
   1.834898E+00   9.996211E-01
   1.932553E+00   9.996065E-01
   2.039973E+00   9.995909E-01
   2.158135E+00   9.995740E-01
   2.288113E+00   9.995558E-01
   2.431089E+00   9.995363E-01
   2.588363E+00   9.995152E-01
   2.745636E+00   9.994946E-01
   2.824273E+00   9.994845E-01
   2.910773E+00   9.994734E-01
   3.005924E+00   9.994614E-01
   3.110590E+00   9.994484E-01
   3.225722E+00   9.994342E-01
   3.340854E+00   9.994202E-01
   3.467499E+00   9.994050E-01
   3.594144E+00   9.993901E-01
   3.733454E+00   9.993738E-01
   3.886695E+00   9.993562E-01
   4.055260E+00   9.993371E-01
   4.240682E+00   9.993164E-01
   4.333392E+00   9.993061E-01
   4.435374E+00   9.992949E-01
   4.547554E+00   9.992827E-01
   4.670952E+00   9.992694E-01
   4.806690E+00   9.992549E-01
   4.956001E+00   9.992392E-01
   5.120244E+00   9.992220E-01
   5.300911E+00   9.992034E-01
   5.499645E+00   9.991832E-01
   5.698378E+00   9.991632E-01
   5.916985E+00   9.991416E-01
   6.135592E+00   9.991202E-01
   6.376060E+00   9.990970E-01
   6.616528E+00   9.990741E-01
   6.881042E+00   9.990493E-01
   7.172008E+00   9.990224E-01
   7.492071E+00   9.989933E-01
   7.812133E+00   9.989646E-01
   8.164202E+00   9.989335E-01
   8.516271E+00   9.989029E-01
   8.903546E+00   9.988698E-01
   9.329550E+00   9.988340E-01
   9.798153E+00   9.987953E-01
   1.026676E+01   9.987572E-01
   1.078222E+01   9.987161E-01
   1.134923E+01   9.986716E-01
   1.197294E+01   9.986237E-01
   1.265902E+01   9.985720E-01
   1.341372E+01   9.985163E-01
   1.424388E+01   9.984563E-01
   1.515705E+01   9.983919E-01
   1.607023E+01   9.983288E-01
   1.707472E+01   9.982610E-01
   1.817966E+01   9.981880E-01
   1.939510E+01   9.981097E-01
   2.073208E+01   9.980255E-01
   2.220276E+01   9.979353E-01
   2.382051E+01   9.978385E-01
   2.560003E+01   9.977348E-01
   2.755750E+01   9.976238E-01
   2.971072E+01   9.975051E-01
   3.207926E+01   9.973792E-01
   3.444781E+01   9.972567E-01
   3.705320E+01   9.971256E-01
   3.991914E+01   9.969853E-01
   4.307167E+01   9.968352E-01
   4.622420E+01   9.966892E-01
   4.937673E+01   9.965468E-01
   5.284451E+01   9.963941E-01
   5.665908E+01   9.962304E-01
   6.047364E+01   9.960708E-01
   6.466966E+01   9.958995E-01
   6.928528E+01   9.957158E-01
   7.390090E+01   9.955367E-01
   7.897808E+01   9.953444E-01
   8.456298E+01   9.951382E-01
   9.070637E+01   9.949172E-01
   9.746410E+01   9.946805E-01
   1.042218E+02   9.944498E-01
   1.116553E+02   9.942023E-01
   1.198322E+02   9.939371E-01
   1.288267E+02   9.936530E-01
   1.378213E+02   9.933759E-01
   1.477152E+02   9.930788E-01
   1.576092E+02   9.927886E-01
   1.676092E+02   9.925019E-01
   1.776092E+02   9.922212E-01
   1.876092E+02   9.919460E-01
   1.976092E+02   9.916759E-01
   2.076092E+02   9.914105E-01
   2.176092E+02   9.911494E-01
   2.276092E+02   9.908925E-01
   2.376092E+02   9.906393E-01
   2.476092E+02   9.903898E-01
   2.576092E+02   9.901436E-01
   2.676092E+02   9.899006E-01
   2.776092E+02   9.896605E-01
   2.876092E+02   9.894233E-01
   2.976092E+02   9.891888E-01
   3.076092E+02   9.889567E-01
   3.176092E+02   9.887271E-01
   3.276092E+02   9.884998E-01
   3.376092E+02   9.882746E-01
   3.476092E+02   9.880515E-01
   3.576092E+02   9.878304E-01
   3.676092E+02   9.876112E-01
   3.776092E+02   9.873938E-01
   3.876092E+02   9.871781E-01
   3.976092E+02   9.869641E-01
   4.076092E+02   9.867517E-01
   4.176092E+02   9.865407E-01
   4.276092E+02   9.863313E-01
   4.376092E+02   9.861232E-01
   4.476092E+02   9.859165E-01
   4.576092E+02   9.857111E-01
   4.676092E+02   9.855069E-01
   4.776092E+02   9.853039E-01
   4.876092E+02   9.851021E-01
   4.976092E+02   9.849014E-01
   5.076092E+02   9.847018E-01
   5.176092E+02   9.845032E-01
   5.276092E+02   9.843056E-01
   5.376092E+02   9.841090E-01
   5.476092E+02   9.839133E-01
   5.576092E+02   9.837185E-01
   5.676092E+02   9.835246E-01
   5.776092E+02   9.833315E-01
   5.876092E+02   9.831392E-01
   5.976092E+02   9.829477E-01
   6.076092E+02   9.827570E-01
   6.176092E+02   9.825670E-01
   6.276092E+02   9.823778E-01
   6.376092E+02   9.821892E-01
   6.476092E+02   9.820013E-01
   6.576092E+02   9.818140E-01
   6.676092E+02   9.816274E-01
   6.776092E+02   9.814413E-01
   6.876092E+02   9.812559E-01
   6.976092E+02   9.810710E-01
   7.076092E+02   9.808867E-01
   7.176092E+02   9.807029E-01
   7.276092E+02   9.805196E-01
   7.376092E+02   9.803369E-01
   7.476092E+02   9.801546E-01
   7.576092E+02   9.799728E-01
   7.676092E+02   9.797914E-01
   7.776092E+02   9.796105E-01
   7.876092E+02   9.794300E-01
   7.976092E+02   9.792500E-01
   8.076092E+02   9.790703E-01
   8.176092E+02   9.788910E-01
   8.276092E+02   9.787122E-01
   8.376092E+02   9.785336E-01
   8.476092E+02   9.783555E-01
   8.576092E+02   9.781777E-01
   8.676092E+02   9.780002E-01
   8.776092E+02   9.778230E-01
   8.876092E+02   9.776462E-01
   8.976092E+02   9.774697E-01
   9.076092E+02   9.772934E-01
   9.176092E+02   9.771174E-01
   9.276092E+02   9.769417E-01
   9.376092E+02   9.767663E-01
   9.476092E+02   9.765912E-01
   9.576092E+02   9.764163E-01
   9.676092E+02   9.762416E-01
   9.776092E+02   9.760672E-01
   9.876092E+02   9.758930E-01
   9.976092E+02   9.757190E-01
   1.007609E+03   9.755452E-01
   1.017609E+03   9.753716E-01
   1.027609E+03   9.751982E-01
   1.037609E+03   9.750250E-01
   1.047609E+03   9.748520E-01
   1.057609E+03   9.746792E-01
   1.067609E+03   9.745065E-01
   1.077609E+03   9.743340E-01
   1.087609E+03   9.741617E-01
   1.097609E+03   9.739895E-01
   1.107609E+03   9.738174E-01
   1.117609E+03   9.736455E-01
   1.127609E+03   9.734737E-01
   1.137609E+03   9.733021E-01
   1.147609E+03   9.731305E-01
   1.157609E+03   9.729591E-01
   1.167609E+03   9.727878E-01
   1.177609E+03   9.726166E-01
   1.187609E+03   9.724455E-01
   1.197609E+03   9.722745E-01
   1.207609E+03   9.721036E-01
   1.217609E+03   9.719328E-01
   1.227609E+03   9.717620E-01
   1.237609E+03   9.715914E-01
   1.247609E+03   9.714208E-01
   1.257609E+03   9.712502E-01
   1.267609E+03   9.710798E-01
   1.277609E+03   9.709094E-01
   1.287609E+03   9.707390E-01
   1.297609E+03   9.705687E-01
   1.307609E+03   9.703984E-01
   1.317609E+03   9.702282E-01
   1.327609E+03   9.700581E-01
   1.337609E+03   9.698879E-01
   1.347609E+03   9.697178E-01
   1.357609E+03   9.695477E-01
   1.367609E+03   9.693777E-01
   1.377609E+03   9.692076E-01
   1.387609E+03   9.690376E-01
   1.397609E+03   9.688676E-01
   1.407609E+03   9.686976E-01
   1.417609E+03   9.685276E-01
   1.427609E+03   9.683576E-01
   1.437609E+03   9.681876E-01
   1.447609E+03   9.680176E-01
   1.457609E+03   9.678476E-01
   1.467609E+03   9.676776E-01
   1.477609E+03   9.675075E-01
   1.487609E+03   9.673375E-01
   1.497609E+03   9.671674E-01
   1.507609E+03   9.669974E-01
   1.517609E+03   9.668272E-01
   1.527609E+03   9.666571E-01
   1.537609E+03   9.664869E-01
   1.547609E+03   9.663167E-01
   1.557609E+03   9.661465E-01
   1.567609E+03   9.659762E-01
   1.577609E+03   9.658059E-01
   1.587609E+03   9.656355E-01
   1.597609E+03   9.654651E-01
   1.607609E+03   9.652947E-01
   1.617609E+03   9.651242E-01
   1.627609E+03   9.649536E-01
   1.637609E+03   9.647830E-01
   1.647609E+03   9.646123E-01
   1.657609E+03   9.644416E-01
   1.667609E+03   9.642708E-01
   1.677609E+03   9.640999E-01
   1.687609E+03   9.639289E-01
   1.697609E+03   9.637579E-01
   1.707609E+03   9.635868E-01
   1.717609E+03   9.634157E-01
   1.727609E+03   9.632445E-01
   1.737609E+03   9.630731E-01
   1.747609E+03   9.629017E-01
   1.757609E+03   9.627303E-01
   1.767609E+03   9.625587E-01
   1.777609E+03   9.623871E-01
   1.787609E+03   9.622153E-01
   1.797609E+03   9.620435E-01
   1.807609E+03   9.618716E-01
   1.817609E+03   9.616995E-01
   1.827609E+03   9.615274E-01
   1.837609E+03   9.613552E-01
   1.847609E+03   9.611829E-01
   1.857609E+03   9.610105E-01
   1.867609E+03   9.608379E-01
   1.877609E+03   9.606653E-01
   1.887609E+03   9.604926E-01
   1.897609E+03   9.603197E-01
   1.907609E+03   9.601468E-01
   1.917609E+03   9.599737E-01
   1.927609E+03   9.598005E-01
   1.937609E+03   9.596272E-01
   1.947609E+03   9.594538E-01
   1.957609E+03   9.592803E-01
   1.967609E+03   9.591066E-01
   1.977609E+03   9.589328E-01
   1.987609E+03   9.587589E-01
   1.997609E+03   9.585849E-01
   2.007609E+03   9.584107E-01
   2.017609E+03   9.582364E-01
   2.027609E+03   9.580620E-01
   2.037609E+03   9.578874E-01
   2.047609E+03   9.577128E-01
   2.057609E+03   9.575379E-01
   2.067609E+03   9.573630E-01
   2.077609E+03   9.571879E-01
   2.087609E+03   9.570126E-01
   2.097609E+03   9.568373E-01
   2.107609E+03   9.566617E-01
   2.117609E+03   9.564861E-01
   2.127609E+03   9.563103E-01
   2.137609E+03   9.561343E-01
   2.147609E+03   9.559582E-01
   2.157609E+03   9.557820E-01
   2.167609E+03   9.556056E-01
   2.177609E+03   9.554290E-01
   2.187609E+03   9.552523E-01
   2.197609E+03   9.550755E-01
   2.207609E+03   9.548985E-01
   2.217609E+03   9.547213E-01
   2.227609E+03   9.545440E-01
   2.237609E+03   9.543665E-01
   2.247609E+03   9.541889E-01
   2.257609E+03   9.540111E-01
   2.267609E+03   9.538331E-01
   2.277609E+03   9.536550E-01
   2.287609E+03   9.534767E-01
   2.297609E+03   9.532983E-01
   2.307609E+03   9.531197E-01
   2.317609E+03   9.529409E-01
   2.327609E+03   9.527619E-01
   2.337609E+03   9.525828E-01
   2.347609E+03   9.524035E-01
   2.357609E+03   9.522241E-01
   2.367609E+03   9.520444E-01
   2.377609E+03   9.518646E-01
   2.387609E+03   9.516847E-01
   2.397609E+03   9.515045E-01
   2.407609E+03   9.513242E-01
   2.417609E+03   9.511437E-01
   2.427609E+03   9.509630E-01
   2.437609E+03   9.507821E-01
   2.447609E+03   9.506011E-01
   2.457609E+03   9.504198E-01
   2.467609E+03   9.502384E-01
   2.477609E+03   9.500569E-01
   2.487609E+03   9.498751E-01
   2.497609E+03   9.496931E-01
   2.507609E+03   9.495110E-01
   2.517609E+03   9.493286E-01
   2.527609E+03   9.491461E-01
   2.537609E+03   9.489634E-01
   2.547609E+03   9.487805E-01
   2.557609E+03   9.485974E-01
   2.567609E+03   9.484142E-01
   2.577609E+03   9.482307E-01
   2.587609E+03   9.480470E-01
   2.597609E+03   9.478632E-01
   2.607609E+03   9.476791E-01
   2.617609E+03   9.474949E-01
   2.627609E+03   9.473105E-01
   2.637609E+03   9.471259E-01
   2.647609E+03   9.469410E-01
   2.657609E+03   9.467560E-01
   2.667609E+03   9.465708E-01
   2.677609E+03   9.463854E-01
   2.687609E+03   9.461997E-01
   2.697609E+03   9.460139E-01
   2.707609E+03   9.458279E-01
   2.717609E+03   9.456417E-01
   2.727609E+03   9.454553E-01
   2.737609E+03   9.452686E-01
   2.747609E+03   9.450818E-01
   2.757609E+03   9.448948E-01
   2.767609E+03   9.447076E-01
   2.777609E+03   9.445201E-01
   2.787609E+03   9.443325E-01
   2.797609E+03   9.441446E-01
   2.807609E+03   9.439566E-01
   2.817609E+03   9.437683E-01
   2.827609E+03   9.435798E-01
   2.837609E+03   9.433911E-01
   2.847609E+03   9.432023E-01
   2.857609E+03   9.430131E-01
   2.867609E+03   9.428238E-01
   2.877609E+03   9.426343E-01
   2.887609E+03   9.424446E-01
   2.897609E+03   9.422546E-01
   2.907609E+03   9.420645E-01
   2.917609E+03   9.418741E-01
   2.927609E+03   9.416835E-01
   2.937609E+03   9.414927E-01
   2.947609E+03   9.413017E-01
   2.957609E+03   9.411104E-01
   2.967609E+03   9.409190E-01
   2.977609E+03   9.407273E-01
   2.987609E+03   9.405354E-01
   2.997609E+03   9.403433E-01
   3.007609E+03   9.401510E-01
   3.017609E+03   9.399585E-01
   3.027609E+03   9.397658E-01
   3.037609E+03   9.395728E-01
   3.047609E+03   9.393796E-01
   3.057609E+03   9.391862E-01
   3.067609E+03   9.389925E-01
   3.077609E+03   9.387987E-01
   3.087609E+03   9.386046E-01
   3.097609E+03   9.384103E-01
   3.107609E+03   9.382158E-01
   3.117609E+03   9.380211E-01
   3.127609E+03   9.378261E-01
   3.137609E+03   9.376309E-01
   3.147609E+03   9.374355E-01
   3.157609E+03   9.372399E-01
   3.167609E+03   9.370440E-01
   3.177609E+03   9.368480E-01
   3.187609E+03   9.366517E-01
   3.197609E+03   9.364551E-01
   3.207609E+03   9.362584E-01
   3.217609E+03   9.360614E-01
   3.227609E+03   9.358642E-01
   3.237609E+03   9.356668E-01
   3.247609E+03   9.354691E-01
   3.257609E+03   9.352713E-01
   3.267609E+03   9.350731E-01
   3.277609E+03   9.348748E-01
   3.287609E+03   9.346762E-01
   3.297609E+03   9.344774E-01
   3.307609E+03   9.342784E-01
   3.317609E+03   9.340792E-01
   3.327609E+03   9.338797E-01
   3.337609E+03   9.336800E-01
   3.347609E+03   9.334801E-01
   3.357609E+03   9.332799E-01
   3.367609E+03   9.330795E-01
   3.377609E+03   9.328789E-01
   3.387609E+03   9.326780E-01
   3.397609E+03   9.324769E-01
   3.407609E+03   9.322756E-01
   3.417609E+03   9.320741E-01
   3.427609E+03   9.318723E-01
   3.437609E+03   9.316703E-01
   3.447609E+03   9.314681E-01
   3.457609E+03   9.312656E-01
   3.467609E+03   9.310629E-01
   3.477609E+03   9.308600E-01
   3.487609E+03   9.306568E-01
   3.497609E+03   9.304534E-01
   3.507609E+03   9.302498E-01
   3.517609E+03   9.300460E-01
   3.527609E+03   9.298419E-01
   3.537609E+03   9.296376E-01
   3.547609E+03   9.294330E-01
   3.557609E+03   9.292283E-01
   3.567609E+03   9.290232E-01
   3.577609E+03   9.288180E-01
   3.587609E+03   9.286125E-01
   3.597609E+03   9.284068E-01
   3.607609E+03   9.282008E-01
   3.617609E+03   9.279947E-01
   3.627609E+03   9.277882E-01
   3.637609E+03   9.275816E-01
   3.647609E+03   9.273747E-01
   3.657609E+03   9.271676E-01
   3.667609E+03   9.269603E-01
   3.677609E+03   9.267527E-01
   3.687609E+03   9.265449E-01
   3.697609E+03   9.263368E-01
   3.707609E+03   9.261285E-01
   3.717609E+03   9.259200E-01
   3.727609E+03   9.257113E-01
   3.737609E+03   9.255023E-01
   3.747609E+03   9.252931E-01
   3.757609E+03   9.250837E-01
   3.767609E+03   9.248740E-01
   3.777609E+03   9.246641E-01
   3.787609E+03   9.244540E-01
   3.797609E+03   9.242436E-01
   3.807609E+03   9.240330E-01
   3.817609E+03   9.238221E-01
   3.827609E+03   9.236110E-01
   3.837609E+03   9.233997E-01
   3.847609E+03   9.231882E-01
   3.857609E+03   9.229764E-01
   3.867609E+03   9.227644E-01
   3.877609E+03   9.225522E-01
   3.887609E+03   9.223397E-01
   3.897609E+03   9.221270E-01
   3.907609E+03   9.219140E-01
   3.917609E+03   9.217009E-01
   3.927609E+03   9.214875E-01
   3.937609E+03   9.212738E-01
   3.947609E+03   9.210600E-01
   3.957609E+03   9.208459E-01
   3.967609E+03   9.206315E-01
   3.977609E+03   9.204170E-01
   3.987609E+03   9.202022E-01
   3.997609E+03   9.199871E-01
   4.007609E+03   9.197719E-01
   4.017609E+03   9.195564E-01
   4.027609E+03   9.193407E-01
   4.037609E+03   9.191247E-01
   4.047609E+03   9.189085E-01
   4.057609E+03   9.186921E-01
   4.067609E+03   9.184755E-01
   4.077609E+03   9.182586E-01
   4.087609E+03   9.180415E-01
   4.097609E+03   9.178242E-01
   4.107609E+03   9.176066E-01
   4.117609E+03   9.173888E-01
   4.127609E+03   9.171708E-01
   4.137609E+03   9.169526E-01
   4.147609E+03   9.167341E-01
   4.157609E+03   9.165154E-01
   4.167609E+03   9.162964E-01
   4.177609E+03   9.160773E-01
   4.187609E+03   9.158579E-01
   4.197609E+03   9.156383E-01
   4.207609E+03   9.154185E-01
   4.217609E+03   9.151984E-01
   4.227609E+03   9.149781E-01
   4.237609E+03   9.147576E-01
   4.247609E+03   9.145368E-01
   4.257609E+03   9.143159E-01
   4.267609E+03   9.140947E-01
   4.277609E+03   9.138732E-01
   4.287609E+03   9.136516E-01
   4.297609E+03   9.134297E-01
   4.307609E+03   9.132076E-01
   4.317609E+03   9.129853E-01
   4.327609E+03   9.127627E-01
   4.337609E+03   9.125399E-01
   4.347609E+03   9.123169E-01
   4.357609E+03   9.120937E-01
   4.367609E+03   9.118703E-01
   4.377609E+03   9.116466E-01
   4.387609E+03   9.114227E-01
   4.397609E+03   9.111986E-01
   4.407609E+03   9.109743E-01
   4.417609E+03   9.107497E-01
   4.427609E+03   9.105250E-01
   4.437609E+03   9.103000E-01
   4.447609E+03   9.100748E-01
   4.457609E+03   9.098493E-01
   4.467609E+03   9.096237E-01
   4.477609E+03   9.093979E-01
   4.487609E+03   9.091718E-01
   4.497609E+03   9.089455E-01
   4.507609E+03   9.087190E-01
   4.517609E+03   9.084922E-01
   4.527609E+03   9.082653E-01
   4.537609E+03   9.080381E-01
   4.547609E+03   9.078107E-01
   4.557609E+03   9.075831E-01
   4.567609E+03   9.073553E-01
   4.577609E+03   9.071273E-01
   4.587609E+03   9.068990E-01
   4.597609E+03   9.066706E-01
   4.607609E+03   9.064419E-01
   4.617609E+03   9.062130E-01
   4.627609E+03   9.059839E-01
   4.637609E+03   9.057546E-01
   4.647609E+03   9.055251E-01
   4.657609E+03   9.052954E-01
   4.667609E+03   9.050654E-01
   4.677609E+03   9.048353E-01
   4.687609E+03   9.046049E-01
   4.697609E+03   9.043743E-01
   4.707609E+03   9.041436E-01
   4.717609E+03   9.039126E-01
   4.727609E+03   9.036814E-01
   4.737609E+03   9.034500E-01
   4.747609E+03   9.032184E-01
   4.757609E+03   9.029866E-01
   4.767609E+03   9.027545E-01
   4.777609E+03   9.025223E-01
   4.787609E+03   9.022899E-01
   4.797609E+03   9.020572E-01
   4.807609E+03   9.018244E-01
   4.817609E+03   9.015914E-01
   4.827609E+03   9.013581E-01
   4.837609E+03   9.011247E-01
   4.847609E+03   9.008910E-01
   4.857609E+03   9.006572E-01
   4.867609E+03   9.004231E-01
   4.877609E+03   9.001889E-01
   4.887609E+03   8.999544E-01
   4.897609E+03   8.997198E-01
   4.907609E+03   8.994849E-01
   4.917609E+03   8.992499E-01
   4.927609E+03   8.990147E-01
   4.937609E+03   8.987792E-01
   4.947609E+03   8.985437E-01
   4.957609E+03   8.983079E-01
   4.967609E+03   8.980718E-01
   4.977609E+03   8.978356E-01
   4.987609E+03   8.975992E-01
   4.997609E+03   8.973626E-01
   5.007609E+03   8.971258E-01
   5.017609E+03   8.968889E-01
   5.027609E+03   8.966517E-01
   5.037609E+03   8.964143E-01
   5.047609E+03   8.961768E-01
   5.057609E+03   8.959390E-01
   5.067609E+03   8.957011E-01
   5.077609E+03   8.954630E-01
   5.087609E+03   8.952247E-01
   5.097609E+03   8.949862E-01
   5.107609E+03   8.947475E-01
   5.117609E+03   8.945087E-01
   5.127609E+03   8.942696E-01
   5.137609E+03   8.940304E-01
   5.147609E+03   8.937910E-01
   5.157609E+03   8.935514E-01
   5.167609E+03   8.933116E-01
   5.177609E+03   8.930716E-01
   5.187609E+03   8.928315E-01
   5.197609E+03   8.925912E-01
   5.207609E+03   8.923507E-01
   5.217609E+03   8.921100E-01
   5.227609E+03   8.918691E-01
   5.237609E+03   8.916281E-01
   5.247609E+03   8.913869E-01
   5.257609E+03   8.911455E-01
   5.267609E+03   8.909040E-01
   5.277609E+03   8.906622E-01
   5.287609E+03   8.904203E-01
   5.297609E+03   8.901783E-01
   5.307609E+03   8.899360E-01
   5.317609E+03   8.896936E-01
   5.327609E+03   8.894510E-01
   5.337609E+03   8.892082E-01
   5.347609E+03   8.889653E-01
   5.357609E+03   8.887222E-01
   5.367609E+03   8.884790E-01
   5.377609E+03   8.882355E-01
   5.387609E+03   8.879919E-01
   5.397609E+03   8.877482E-01
   5.407609E+03   8.875042E-01
   5.417609E+03   8.872602E-01
   5.427609E+03   8.870159E-01
   5.437609E+03   8.867715E-01
   5.447609E+03   8.865269E-01
   5.457609E+03   8.862822E-01
   5.467609E+03   8.860373E-01
   5.477609E+03   8.857922E-01
   5.487609E+03   8.855470E-01
   5.497609E+03   8.853016E-01
   5.507609E+03   8.850561E-01
   5.517609E+03   8.848104E-01
   5.527609E+03   8.845646E-01
   5.537609E+03   8.843186E-01
   5.547609E+03   8.840725E-01
   5.557609E+03   8.838262E-01
   5.567609E+03   8.835797E-01
   5.577609E+03   8.833331E-01
   5.587609E+03   8.830864E-01
   5.597609E+03   8.828395E-01
   5.607609E+03   8.825925E-01
   5.617609E+03   8.823453E-01
   5.627609E+03   8.820980E-01
   5.637609E+03   8.818505E-01
   5.647609E+03   8.816029E-01
   5.657609E+03   8.813551E-01
   5.667609E+03   8.811072E-01
   5.677609E+03   8.808591E-01
   5.687609E+03   8.806109E-01
   5.697609E+03   8.803626E-01
   5.707609E+03   8.801141E-01
   5.717609E+03   8.798655E-01
   5.727609E+03   8.796167E-01
   5.737609E+03   8.793678E-01
   5.747609E+03   8.791188E-01
   5.757609E+03   8.788696E-01
   5.767609E+03   8.786203E-01
   5.777609E+03   8.783709E-01
   5.787609E+03   8.781213E-01
   5.797609E+03   8.778716E-01
   5.807609E+03   8.776218E-01
   5.817609E+03   8.773718E-01
   5.827609E+03   8.771217E-01
   5.837609E+03   8.768715E-01
   5.847609E+03   8.766212E-01
   5.857609E+03   8.763707E-01
   5.867609E+03   8.761202E-01
   5.877609E+03   8.758695E-01
   5.887609E+03   8.756186E-01
   5.897609E+03   8.753676E-01
   5.907609E+03   8.751165E-01
   5.917609E+03   8.748653E-01
   5.927609E+03   8.746140E-01
   5.937609E+03   8.743625E-01
   5.947609E+03   8.741110E-01
   5.957609E+03   8.738593E-01
   5.967609E+03   8.736075E-01
   5.977609E+03   8.733555E-01
   5.987609E+03   8.731035E-01
   5.997609E+03   8.728514E-01
   6.007609E+03   8.725991E-01
   6.017609E+03   8.723467E-01
   6.027609E+03   8.720942E-01
   6.037609E+03   8.718416E-01
   6.047609E+03   8.715889E-01
   6.057609E+03   8.713361E-01
   6.067609E+03   8.710832E-01
   6.077609E+03   8.708301E-01
   6.087609E+03   8.705770E-01
   6.097609E+03   8.703238E-01
   6.107609E+03   8.700704E-01
   6.117609E+03   8.698170E-01
   6.127609E+03   8.695634E-01
   6.137609E+03   8.693098E-01
   6.147609E+03   8.690560E-01
   6.157609E+03   8.688022E-01
   6.167609E+03   8.685482E-01
   6.177609E+03   8.682942E-01
   6.187609E+03   8.680400E-01
   6.197609E+03   8.677858E-01
   6.207609E+03   8.675315E-01
   6.217609E+03   8.672770E-01
   6.227609E+03   8.670225E-01
   6.237609E+03   8.667679E-01
   6.247609E+03   8.665132E-01
   6.257609E+03   8.662584E-01
   6.267609E+03   8.660037E-01
   6.277609E+03   8.657487E-01
   6.287609E+03   8.654937E-01
   6.297609E+03   8.652385E-01
   6.307609E+03   8.649833E-01
   6.317609E+03   8.647280E-01
   6.327609E+03   8.644726E-01
   6.337609E+03   8.642172E-01
   6.347609E+03   8.639616E-01
   6.357609E+03   8.637060E-01
   6.367609E+03   8.634503E-01
   6.377609E+03   8.631945E-01
   6.387609E+03   8.629387E-01
   6.397609E+03   8.626828E-01
   6.407609E+03   8.624268E-01
   6.417609E+03   8.621707E-01
   6.427609E+03   8.619145E-01
   6.437609E+03   8.616583E-01
   6.447609E+03   8.614021E-01
   6.457609E+03   8.611458E-01
   6.467609E+03   8.608893E-01
   6.477609E+03   8.606328E-01
   6.487609E+03   8.603763E-01
   6.497609E+03   8.601197E-01
   6.507609E+03   8.598630E-01
   6.517609E+03   8.596062E-01
   6.527609E+03   8.593494E-01
   6.537609E+03   8.590925E-01
   6.547609E+03   8.588356E-01
   6.557609E+03   8.585786E-01
   6.567609E+03   8.583215E-01
   6.577609E+03   8.580644E-01
   6.587609E+03   8.578073E-01
   6.597609E+03   8.575500E-01
   6.607609E+03   8.572928E-01
   6.617609E+03   8.570354E-01
   6.627609E+03   8.567780E-01
   6.637609E+03   8.565206E-01
   6.647609E+03   8.562631E-01
   6.657609E+03   8.560056E-01
   6.667609E+03   8.557480E-01
   6.677609E+03   8.554904E-01
   6.687609E+03   8.552327E-01
   6.697609E+03   8.549750E-01
   6.707609E+03   8.547172E-01
   6.717609E+03   8.544594E-01
   6.727609E+03   8.542016E-01
   6.737609E+03   8.539437E-01
   6.747609E+03   8.536857E-01
   6.757609E+03   8.534278E-01
   6.767609E+03   8.531699E-01
   6.777609E+03   8.529118E-01
   6.787609E+03   8.526537E-01
   6.797609E+03   8.523956E-01
   6.807609E+03   8.521375E-01
   6.817609E+03   8.518793E-01
   6.827609E+03   8.516211E-01
   6.837609E+03   8.513629E-01
   6.847609E+03   8.511046E-01
   6.857609E+03   8.508463E-01
   6.867609E+03   8.505880E-01
   6.877609E+03   8.503296E-01
   6.887609E+03   8.500712E-01
   6.897609E+03   8.498128E-01
   6.907609E+03   8.495544E-01
   6.917609E+03   8.492959E-01
   6.927609E+03   8.490375E-01
   6.937609E+03   8.487790E-01
   6.947609E+03   8.485204E-01
   6.957609E+03   8.482619E-01
   6.967609E+03   8.480034E-01
   6.977609E+03   8.477448E-01
   6.987609E+03   8.474862E-01
   6.997609E+03   8.472276E-01
   7.007609E+03   8.469690E-01
   7.017609E+03   8.467104E-01
   7.027609E+03   8.464517E-01
   7.037609E+03   8.461931E-01
   7.047609E+03   8.459344E-01
   7.057609E+03   8.456758E-01
   7.067609E+03   8.454171E-01
   7.077609E+03   8.451584E-01
   7.087609E+03   8.448997E-01
   7.097609E+03   8.446411E-01
   7.107609E+03   8.443824E-01
   7.117609E+03   8.441237E-01
   7.127609E+03   8.438650E-01
   7.137609E+03   8.436063E-01
   7.147609E+03   8.433476E-01
   7.157609E+03   8.430889E-01
   7.167609E+03   8.428302E-01
   7.177609E+03   8.425715E-01
   7.187609E+03   8.423128E-01
   7.193805E+03   8.421521E-01
   7.200000E+03   8.419916E-01
