                     #***** Cumulative flow volumes ***** 
# Nstep    Deltat      Time  SeepageF  nansfDir  nansfNeu   Nudging  net (VTOT)
      1  3.91E-02  3.91E-02  0.00E+00  0.00E+00  0.00E+00  0.00E+00 -6.1047E-05
      2  3.91E-02  7.81E-02  0.00E+00  0.00E+00  0.00E+00  0.00E+00 -6.1047E-05
      3  3.91E-02  1.17E-01  0.00E+00  0.00E+00  0.00E+00  0.00E+00 -6.1047E-05
      4  1.95E-02  1.37E-01  0.00E+00  0.00E+00  0.00E+00  0.00E+00 -6.1047E-05
      5  2.15E-02  1.58E-01  0.00E+00  0.00E+00  0.00E+00  0.00E+00 -6.1047E-05
      6  2.36E-02  1.82E-01  0.00E+00  0.00E+00  0.00E+00  0.00E+00 -6.1047E-05
      7  2.36E-02  2.05E-01  0.00E+00  0.00E+00  0.00E+00  0.00E+00 -6.1047E-05
      8  2.60E-02  2.31E-01  0.00E+00  0.00E+00  0.00E+00  0.00E+00 -6.1047E-05
      9  1.30E-02  2.44E-01  0.00E+00  0.00E+00  0.00E+00  0.00E+00 -6.1047E-05
     10  1.43E-02  2.59E-01  0.00E+00  0.00E+00  0.00E+00  0.00E+00 -6.1047E-05
     11  1.43E-02  2.73E-01  0.00E+00  0.00E+00  0.00E+00  0.00E+00 -6.1047E-05
     12  1.57E-02  2.89E-01  0.00E+00  0.00E+00  0.00E+00  0.00E+00 -6.1047E-05
     13  1.73E-02  3.06E-01  0.00E+00  0.00E+00  0.00E+00  0.00E+00 -6.1047E-05
     14  1.90E-02  3.25E-01  0.00E+00  0.00E+00  0.00E+00  0.00E+00 -6.1047E-05
     15  2.09E-02  3.46E-01  0.00E+00  0.00E+00  0.00E+00  0.00E+00 -6.1047E-05
     16  2.09E-02  3.67E-01  0.00E+00  0.00E+00  0.00E+00  0.00E+00 -6.1047E-05
     17  2.30E-02  3.90E-01  0.00E+00  0.00E+00  0.00E+00  0.00E+00 -6.1047E-05
     18  2.53E-02  4.15E-01  0.00E+00  0.00E+00  0.00E+00  0.00E+00 -6.1047E-05
     19  2.79E-02  4.43E-01  0.00E+00  0.00E+00  0.00E+00  0.00E+00 -6.1047E-05
     20  1.39E-02  4.57E-01  0.00E+00  0.00E+00  0.00E+00  0.00E+00 -6.1047E-05
     21  1.39E-02  4.71E-01  0.00E+00  0.00E+00  0.00E+00  0.00E+00 -6.1047E-05
     22  1.53E-02  4.86E-01  0.00E+00  0.00E+00  0.00E+00  0.00E+00 -6.1047E-05
     23  1.69E-02  5.03E-01  0.00E+00  0.00E+00  0.00E+00  0.00E+00 -6.1047E-05
     24  1.85E-02  5.22E-01  0.00E+00  0.00E+00  0.00E+00  0.00E+00 -6.1047E-05
     25  2.04E-02  5.42E-01  0.00E+00  0.00E+00  0.00E+00  0.00E+00 -6.1047E-05
     26  2.24E-02  5.65E-01  0.00E+00  0.00E+00  0.00E+00  0.00E+00 -6.1047E-05
     27  2.47E-02  5.89E-01  0.00E+00  0.00E+00  0.00E+00  0.00E+00 -6.1047E-05
     28  2.71E-02  6.16E-01  0.00E+00  0.00E+00  0.00E+00  0.00E+00 -6.1047E-05
     29  2.99E-02  6.46E-01  0.00E+00  0.00E+00  0.00E+00  0.00E+00 -6.1047E-05
     30  2.99E-02  6.76E-01  0.00E+00  0.00E+00  0.00E+00  0.00E+00 -6.1047E-05
     31  3.28E-02  7.09E-01  0.00E+00  0.00E+00  0.00E+00  0.00E+00 -6.1047E-05
     32  3.61E-02  7.45E-01  0.00E+00  0.00E+00  0.00E+00  0.00E+00 -6.1047E-05
     33  3.97E-02  7.85E-01  0.00E+00  0.00E+00  0.00E+00  0.00E+00 -6.1047E-05
     34  4.37E-02  8.29E-01  0.00E+00  0.00E+00  0.00E+00  0.00E+00 -6.1047E-05
     35  4.81E-02  8.77E-01  0.00E+00  0.00E+00  0.00E+00  0.00E+00 -6.1047E-05
     36  5.29E-02  9.30E-01  0.00E+00  0.00E+00  0.00E+00  0.00E+00 -6.1047E-05
     37  5.82E-02  9.88E-01  0.00E+00  0.00E+00  0.00E+00  0.00E+00 -6.1047E-05
     38  2.91E-02  1.02E+00  0.00E+00  0.00E+00  0.00E+00  0.00E+00 -6.1047E-05
     39  3.20E-02  1.05E+00  0.00E+00  0.00E+00  0.00E+00  0.00E+00 -6.1047E-05
     40  3.52E-02  1.08E+00  0.00E+00  0.00E+00  0.00E+00  0.00E+00 -6.1047E-05
     41  3.87E-02  1.12E+00  0.00E+00  0.00E+00  0.00E+00  0.00E+00 -6.1047E-05
     42  3.87E-02  1.16E+00  0.00E+00  0.00E+00  0.00E+00  0.00E+00 -6.1047E-05
     43  4.26E-02  1.20E+00  0.00E+00  0.00E+00  0.00E+00  0.00E+00 -6.1047E-05
     44  4.69E-02  1.25E+00  0.00E+00  0.00E+00  0.00E+00  0.00E+00 -6.1047E-05
     45  5.15E-02  1.30E+00  0.00E+00  0.00E+00  0.00E+00  0.00E+00 -6.1047E-05
     46  5.67E-02  1.36E+00  0.00E+00  0.00E+00  0.00E+00  0.00E+00 -6.1047E-05
     47  6.24E-02  1.42E+00  0.00E+00  0.00E+00  0.00E+00  0.00E+00 -6.1047E-05
     48  6.86E-02  1.49E+00  0.00E+00  0.00E+00  0.00E+00  0.00E+00 -6.1047E-05
     49  3.43E-02  1.52E+00  0.00E+00  0.00E+00  0.00E+00  0.00E+00 -6.1047E-05
     50  3.77E-02  1.56E+00  0.00E+00  0.00E+00  0.00E+00  0.00E+00 -6.1047E-05
     51  4.15E-02  1.60E+00  0.00E+00  0.00E+00  0.00E+00  0.00E+00 -6.1047E-05
     52  4.57E-02  1.65E+00  0.00E+00  0.00E+00  0.00E+00  0.00E+00 -6.1047E-05
     53  5.02E-02  1.70E+00  0.00E+00  0.00E+00  0.00E+00  0.00E+00 -6.1047E-05
     54  5.52E-02  1.75E+00  0.00E+00  0.00E+00  0.00E+00  0.00E+00 -6.1047E-05
     55  6.08E-02  1.82E+00  0.00E+00  0.00E+00  0.00E+00  0.00E+00 -6.1047E-05
     56  6.69E-02  1.88E+00  0.00E+00  0.00E+00  0.00E+00  0.00E+00 -6.1047E-05
     57  7.35E-02  1.96E+00  0.00E+00  0.00E+00  0.00E+00  0.00E+00 -6.1047E-05
     58  8.09E-02  2.04E+00  0.00E+00  0.00E+00  0.00E+00  0.00E+00 -6.1047E-05
     59  8.90E-02  2.13E+00  0.00E+00  0.00E+00  0.00E+00  0.00E+00 -6.1047E-05
     60  4.45E-02  2.17E+00  0.00E+00  0.00E+00  0.00E+00  0.00E+00 -6.1047E-05
     61  4.89E-02  2.22E+00  0.00E+00  0.00E+00  0.00E+00  0.00E+00 -6.1047E-05
     62  5.38E-02  2.27E+00  0.00E+00  0.00E+00  0.00E+00  0.00E+00 -6.1047E-05
     63  5.92E-02  2.33E+00  0.00E+00  0.00E+00  0.00E+00  0.00E+00 -6.1047E-05
     64  6.51E-02  2.40E+00  0.00E+00  0.00E+00  0.00E+00  0.00E+00 -6.1047E-05
     65  7.16E-02  2.47E+00  0.00E+00  0.00E+00  0.00E+00  0.00E+00 -6.1047E-05
     66  7.88E-02  2.55E+00  0.00E+00  0.00E+00  0.00E+00  0.00E+00 -6.1047E-05
     67  8.67E-02  2.63E+00  0.00E+00  0.00E+00  0.00E+00  0.00E+00 -6.1047E-05
     68  9.54E-02  2.73E+00  0.00E+00  0.00E+00  0.00E+00  0.00E+00 -6.1047E-05
     69  1.05E-01  2.84E+00  0.00E+00  0.00E+00  0.00E+00  0.00E+00 -6.1047E-05
     70  1.15E-01  2.95E+00  0.00E+00  0.00E+00  0.00E+00  0.00E+00 -6.1047E-05
     71  1.27E-01  3.08E+00  0.00E+00  0.00E+00  0.00E+00  0.00E+00 -6.1047E-05
     72  1.40E-01  3.22E+00  0.00E+00  0.00E+00  0.00E+00  0.00E+00 -6.1047E-05
     73  1.54E-01  3.37E+00  0.00E+00  0.00E+00  0.00E+00  0.00E+00 -6.1047E-05
     74  1.69E-01  3.54E+00  0.00E+00  0.00E+00  0.00E+00  0.00E+00 -6.1047E-05
     75  8.45E-02  3.62E+00  0.00E+00  0.00E+00  0.00E+00  0.00E+00 -6.1047E-05
     76  9.29E-02  3.72E+00  0.00E+00  0.00E+00  0.00E+00  0.00E+00 -6.1047E-05
     77  1.02E-01  3.82E+00  0.00E+00  0.00E+00  0.00E+00  0.00E+00 -6.1047E-05
     78  1.12E-01  3.93E+00  0.00E+00  0.00E+00  0.00E+00  0.00E+00 -6.1047E-05
     79  1.24E-01  4.06E+00  0.00E+00  0.00E+00  0.00E+00  0.00E+00 -6.1047E-05
     80  6.18E-02  4.12E+00  0.00E+00  0.00E+00  0.00E+00  0.00E+00 -6.1047E-05
     81  6.80E-02  4.19E+00  0.00E+00  0.00E+00  0.00E+00  0.00E+00 -6.1047E-05
     82  7.48E-02  4.26E+00  0.00E+00  0.00E+00  0.00E+00  0.00E+00 -6.1047E-05
     83  8.23E-02  4.34E+00  0.00E+00  0.00E+00  0.00E+00  0.00E+00 -6.1047E-05
     84  9.05E-02  4.43E+00  0.00E+00  0.00E+00  0.00E+00  0.00E+00 -6.1047E-05
     85  9.96E-02  4.53E+00  0.00E+00  0.00E+00  0.00E+00  0.00E+00 -6.1047E-05
     86  1.10E-01  4.64E+00  0.00E+00  0.00E+00  0.00E+00  0.00E+00 -6.1047E-05
     87  5.48E-02  4.70E+00  0.00E+00  0.00E+00  0.00E+00  0.00E+00 -6.1047E-05
     88  6.03E-02  4.76E+00  0.00E+00  0.00E+00  0.00E+00  0.00E+00 -6.1047E-05
     89  6.63E-02  4.82E+00  0.00E+00  0.00E+00  0.00E+00  0.00E+00 -6.1047E-05
     90  7.29E-02  4.90E+00  0.00E+00  0.00E+00  0.00E+00  0.00E+00 -6.1047E-05
     91  8.02E-02  4.98E+00  0.00E+00  0.00E+00  0.00E+00  0.00E+00 -6.1047E-05
     92  8.82E-02  5.06E+00  0.00E+00  0.00E+00  0.00E+00  0.00E+00 -6.1047E-05
     93  9.70E-02  5.16E+00  0.00E+00  0.00E+00  0.00E+00  0.00E+00 -6.1047E-05
     94  1.07E-01  5.27E+00  0.00E+00  0.00E+00  0.00E+00  0.00E+00 -6.1047E-05
     95  1.17E-01  5.39E+00  0.00E+00  0.00E+00  0.00E+00  0.00E+00 -6.1047E-05
     96  1.29E-01  5.51E+00  0.00E+00  0.00E+00  0.00E+00  0.00E+00 -6.1047E-05
     97  1.42E-01  5.66E+00  0.00E+00  0.00E+00  0.00E+00  0.00E+00 -6.1047E-05
     98  1.56E-01  5.81E+00  0.00E+00  0.00E+00  0.00E+00  0.00E+00 -6.1047E-05
     99  8.60E-02  5.90E+00  0.00E+00  0.00E+00  0.00E+00  0.00E+00 -6.1047E-05
    100  4.73E-02  5.95E+00  0.00E+00  0.00E+00  0.00E+00  0.00E+00 -6.1047E-05
    101  2.60E-02  5.97E+00  0.00E+00  0.00E+00  0.00E+00  0.00E+00 -6.1047E-05
    102  1.43E-02  5.99E+00  0.00E+00  0.00E+00  0.00E+00  0.00E+00 -6.1047E-05
    103  1.00E-02  6.00E+00  0.00E+00  0.00E+00  0.00E+00  0.00E+00 -6.1047E-05
    104  1.10E-02  6.01E+00  0.00E+00  0.00E+00  0.00E+00  0.00E+00 -6.1047E-05
    105  1.21E-02  6.02E+00  0.00E+00  0.00E+00  0.00E+00  0.00E+00 -6.1047E-05
    106  1.33E-02  6.03E+00  0.00E+00  0.00E+00  0.00E+00  0.00E+00 -6.1047E-05
    107  1.46E-02  6.05E+00  0.00E+00  0.00E+00  0.00E+00  0.00E+00 -6.1047E-05
    108  1.61E-02  6.06E+00  0.00E+00  0.00E+00  0.00E+00  0.00E+00 -6.1047E-05
    109  1.77E-02  6.08E+00  0.00E+00  0.00E+00  0.00E+00  0.00E+00 -6.1047E-05
    110  1.95E-02  6.10E+00  0.00E+00  0.00E+00  0.00E+00  0.00E+00 -6.1047E-05
    111  2.14E-02  6.12E+00  0.00E+00  0.00E+00  0.00E+00  0.00E+00 -6.1047E-05
    112  1.07E-02  6.13E+00  0.00E+00  0.00E+00  0.00E+00  0.00E+00 -6.1047E-05
    113  1.18E-02  6.15E+00  0.00E+00  0.00E+00  0.00E+00  0.00E+00 -6.1047E-05
    114  1.30E-02  6.16E+00  0.00E+00  0.00E+00  0.00E+00  0.00E+00 -6.1047E-05
    115  1.43E-02  6.17E+00  0.00E+00  0.00E+00  0.00E+00  0.00E+00 -6.1047E-05
    116  1.57E-02  6.19E+00  0.00E+00  0.00E+00  0.00E+00  0.00E+00 -6.1047E-05
    117  1.73E-02  6.21E+00  0.00E+00  0.00E+00  0.00E+00  0.00E+00 -6.1047E-05
    118  1.90E-02  6.22E+00  0.00E+00  0.00E+00  0.00E+00  0.00E+00 -6.1047E-05
    119  2.09E-02  6.25E+00  0.00E+00  0.00E+00  0.00E+00  0.00E+00 -6.1047E-05
    120  2.30E-02  6.27E+00  0.00E+00  0.00E+00  0.00E+00  0.00E+00 -6.1047E-05
    121  2.53E-02  6.29E+00  0.00E+00  0.00E+00  0.00E+00  0.00E+00 -6.1047E-05
    122  2.78E-02  6.32E+00  0.00E+00  0.00E+00  0.00E+00  0.00E+00 -6.1047E-05
    123  3.06E-02  6.35E+00  0.00E+00  0.00E+00  0.00E+00  0.00E+00 -6.1047E-05
    124  3.36E-02  6.39E+00  0.00E+00  0.00E+00  0.00E+00  0.00E+00 -6.1047E-05
    125  3.70E-02  6.42E+00  0.00E+00  0.00E+00  0.00E+00  0.00E+00 -6.1047E-05
    126  4.07E-02  6.46E+00  0.00E+00  0.00E+00  0.00E+00  0.00E+00 -6.1047E-05
    127  4.48E-02  6.51E+00  0.00E+00  0.00E+00  0.00E+00  0.00E+00 -6.1047E-05
    128  4.92E-02  6.56E+00  0.00E+00  0.00E+00  0.00E+00  0.00E+00 -6.1047E-05
    129  5.42E-02  6.61E+00  0.00E+00  0.00E+00  0.00E+00  0.00E+00 -6.1047E-05
    130  5.96E-02  6.67E+00  0.00E+00  0.00E+00  0.00E+00  0.00E+00 -6.1047E-05
    131  6.55E-02  6.74E+00  0.00E+00  0.00E+00  0.00E+00  0.00E+00 -6.1047E-05
    132  7.21E-02  6.81E+00  0.00E+00  0.00E+00  0.00E+00  0.00E+00 -6.1047E-05
    133  7.93E-02  6.89E+00  0.00E+00  0.00E+00  0.00E+00  0.00E+00 -6.1047E-05
    134  8.72E-02  6.98E+00  0.00E+00  0.00E+00  0.00E+00  0.00E+00 -6.1047E-05
    135  9.60E-02  7.07E+00  0.00E+00  0.00E+00  0.00E+00  0.00E+00 -6.1047E-05
    136  1.06E-01  7.18E+00  0.00E+00  0.00E+00  0.00E+00  0.00E+00 -6.1047E-05
    137  1.16E-01  7.29E+00  0.00E+00  0.00E+00  0.00E+00  0.00E+00 -6.1047E-05
    138  5.81E-02  7.35E+00  0.00E+00  0.00E+00  0.00E+00  0.00E+00 -6.1047E-05
    139  6.39E-02  7.41E+00  0.00E+00  0.00E+00  0.00E+00  0.00E+00 -6.1047E-05
    140  7.03E-02  7.48E+00  0.00E+00  0.00E+00  0.00E+00  0.00E+00 -6.1047E-05
    141  7.73E-02  7.56E+00  0.00E+00  0.00E+00  0.00E+00  0.00E+00 -6.1047E-05
    142  3.86E-02  7.60E+00  0.00E+00  0.00E+00  0.00E+00  0.00E+00 -6.1047E-05
    143  4.25E-02  7.64E+00  0.00E+00  0.00E+00  0.00E+00  0.00E+00 -6.1047E-05
    144  4.68E-02  7.69E+00  0.00E+00  0.00E+00  0.00E+00  0.00E+00 -6.1047E-05
    145  5.14E-02  7.74E+00  0.00E+00  0.00E+00  0.00E+00  0.00E+00 -6.1047E-05
    146  5.66E-02  7.80E+00  0.00E+00  0.00E+00  0.00E+00  0.00E+00 -6.1047E-05
    147  6.22E-02  7.86E+00  0.00E+00  0.00E+00  0.00E+00  0.00E+00 -6.1047E-05
    148  6.85E-02  7.93E+00  0.00E+00  0.00E+00  0.00E+00  0.00E+00 -6.1047E-05
    149  7.53E-02  8.00E+00  0.00E+00  0.00E+00  0.00E+00  0.00E+00 -6.1047E-05
    150  8.28E-02  8.09E+00  0.00E+00  0.00E+00  0.00E+00  0.00E+00 -6.1047E-05
    151  9.11E-02  8.18E+00  0.00E+00  0.00E+00  0.00E+00  0.00E+00 -6.1047E-05
    152  1.00E-01  8.28E+00  0.00E+00  0.00E+00  0.00E+00  0.00E+00 -6.1047E-05
    153  1.10E-01  8.39E+00  0.00E+00  0.00E+00  0.00E+00  0.00E+00 -6.1047E-05
    154  5.51E-02  8.44E+00  0.00E+00  0.00E+00  0.00E+00  0.00E+00 -6.1047E-05
    155  6.06E-02  8.50E+00  0.00E+00  0.00E+00  0.00E+00  0.00E+00 -6.1047E-05
    156  6.67E-02  8.57E+00  0.00E+00  0.00E+00  0.00E+00  0.00E+00 -6.1047E-05
    157  7.34E-02  8.64E+00  0.00E+00  0.00E+00  0.00E+00  0.00E+00 -6.1047E-05
    158  8.07E-02  8.73E+00  0.00E+00  0.00E+00  0.00E+00  0.00E+00 -6.1047E-05
    159  8.88E-02  8.81E+00  0.00E+00  0.00E+00  0.00E+00  0.00E+00 -6.1047E-05
    160  9.77E-02  8.91E+00  0.00E+00  0.00E+00  0.00E+00  0.00E+00 -6.1047E-05
    161  1.07E-01  9.02E+00  0.00E+00  0.00E+00  0.00E+00  0.00E+00 -6.1047E-05
    162  1.18E-01  9.14E+00  0.00E+00  0.00E+00  0.00E+00  0.00E+00 -6.1047E-05
    163  1.30E-01  9.27E+00  0.00E+00  0.00E+00  0.00E+00  0.00E+00 -6.1047E-05
    164  7.15E-02  9.34E+00  0.00E+00  0.00E+00  0.00E+00  0.00E+00 -6.1047E-05
    165  1.97E-02  9.36E+00  0.00E+00  0.00E+00  0.00E+00  0.00E+00 -6.1047E-05
    166  1.97E-02  9.38E+00  0.00E+00  0.00E+00  0.00E+00  0.00E+00 -6.1047E-05
    167  2.16E-02  9.40E+00  0.00E+00  0.00E+00  0.00E+00  0.00E+00 -6.1047E-05
    168  2.38E-02  9.42E+00  0.00E+00  0.00E+00  0.00E+00  0.00E+00 -6.1047E-05
    169  2.62E-02  9.45E+00  0.00E+00  0.00E+00  0.00E+00  0.00E+00 -6.1047E-05
    170  2.88E-02  9.48E+00  0.00E+00  0.00E+00  0.00E+00  0.00E+00 -6.1047E-05
    171  1.44E-02  9.49E+00  0.00E+00  0.00E+00  0.00E+00  0.00E+00 -6.1047E-05
    172  1.58E-02  9.51E+00  0.00E+00  0.00E+00  0.00E+00  0.00E+00 -6.1047E-05
    173  1.74E-02  9.53E+00  0.00E+00  0.00E+00  0.00E+00  0.00E+00 -6.1047E-05
    174  1.92E-02  9.55E+00  0.00E+00  0.00E+00  0.00E+00  0.00E+00 -6.1047E-05
    175  2.11E-02  9.57E+00  0.00E+00  0.00E+00  0.00E+00  0.00E+00 -6.1047E-05
    176  2.32E-02  9.59E+00  0.00E+00  0.00E+00  0.00E+00  0.00E+00 -6.1047E-05
    177  2.55E-02  9.61E+00  0.00E+00  0.00E+00  0.00E+00  0.00E+00 -6.1047E-05
    178  2.80E-02  9.64E+00  0.00E+00  0.00E+00  0.00E+00  0.00E+00 -6.1047E-05
    179  3.08E-02  9.67E+00  0.00E+00  0.00E+00  0.00E+00  0.00E+00 -6.1047E-05
    180  3.39E-02  9.71E+00  0.00E+00  0.00E+00  0.00E+00  0.00E+00 -6.1047E-05
    181  3.73E-02  9.74E+00  0.00E+00  0.00E+00  0.00E+00  0.00E+00 -6.1047E-05
    182  4.11E-02  9.79E+00  0.00E+00  0.00E+00  0.00E+00  0.00E+00 -6.1047E-05
    183  4.52E-02  9.83E+00  0.00E+00  0.00E+00  0.00E+00  0.00E+00 -6.1047E-05
    184  4.97E-02  9.88E+00  0.00E+00  0.00E+00  0.00E+00  0.00E+00 -6.1047E-05
    185  5.47E-02  9.94E+00  0.00E+00  0.00E+00  0.00E+00  0.00E+00 -6.1047E-05
    186  6.01E-02  1.00E+01  0.00E+00  0.00E+00  0.00E+00  0.00E+00 -6.1047E-05
    187  6.61E-02  1.01E+01  0.00E+00  0.00E+00  0.00E+00  0.00E+00 -6.1047E-05
    188  7.27E-02  1.01E+01  0.00E+00  0.00E+00  0.00E+00  0.00E+00 -6.1047E-05
    189  8.00E-02  1.02E+01  0.00E+00  0.00E+00  0.00E+00  0.00E+00 -6.1047E-05
    190  8.80E-02  1.03E+01  0.00E+00  0.00E+00  0.00E+00  0.00E+00 -6.1047E-05
    191  9.68E-02  1.04E+01  0.00E+00  0.00E+00  0.00E+00  0.00E+00 -6.1047E-05
    192  1.07E-01  1.05E+01  0.00E+00  0.00E+00  0.00E+00  0.00E+00 -6.1047E-05
    193  1.17E-01  1.06E+01  0.00E+00  0.00E+00  0.00E+00  0.00E+00 -6.1047E-05
    194  1.29E-01  1.08E+01  0.00E+00  0.00E+00  0.00E+00  0.00E+00 -6.1047E-05
    195  1.42E-01  1.09E+01  0.00E+00  0.00E+00  0.00E+00  0.00E+00 -6.1047E-05
    196  1.56E-01  1.10E+01  0.00E+00  0.00E+00  0.00E+00  0.00E+00 -6.1047E-05
    197  7.80E-02  1.11E+01  0.00E+00  0.00E+00  0.00E+00  0.00E+00 -6.1047E-05
    198  8.58E-02  1.12E+01  0.00E+00  0.00E+00  0.00E+00  0.00E+00 -6.1047E-05
    199  9.43E-02  1.13E+01  0.00E+00  0.00E+00  0.00E+00  0.00E+00 -6.1047E-05
    200  1.04E-01  1.14E+01  0.00E+00  0.00E+00  0.00E+00  0.00E+00 -6.1047E-05
    201  1.14E-01  1.15E+01  0.00E+00  0.00E+00  0.00E+00  0.00E+00 -6.1047E-05
    202  1.26E-01  1.17E+01  0.00E+00  0.00E+00  0.00E+00  0.00E+00 -6.1047E-05
    203  1.38E-01  1.18E+01  0.00E+00  0.00E+00  0.00E+00  0.00E+00 -6.1047E-05
    204  1.52E-01  1.19E+01  0.00E+00  0.00E+00  0.00E+00  0.00E+00 -6.1047E-05
    205  1.67E-01  1.21E+01  0.00E+00  0.00E+00  0.00E+00  0.00E+00 -6.1047E-05
    206  1.67E-01  1.23E+01  0.00E+00  0.00E+00  0.00E+00  0.00E+00 -6.1047E-05
    207  1.67E-01  1.24E+01  0.00E+00  0.00E+00  0.00E+00  0.00E+00 -6.1047E-05
    208  1.84E-01  1.26E+01  0.00E+00  0.00E+00  0.00E+00  0.00E+00 -6.1047E-05
    209  2.02E-01  1.28E+01  0.00E+00  0.00E+00  0.00E+00  0.00E+00 -6.1047E-05
    210  2.22E-01  1.31E+01  0.00E+00  0.00E+00  0.00E+00  0.00E+00 -6.1047E-05
    211  1.11E-01  1.32E+01  0.00E+00  0.00E+00  0.00E+00  0.00E+00 -6.1047E-05
    212  1.22E-01  1.33E+01  0.00E+00  0.00E+00  0.00E+00  0.00E+00 -6.1047E-05
    213  1.35E-01  1.34E+01  0.00E+00  0.00E+00  0.00E+00  0.00E+00 -6.1047E-05
    214  1.48E-01  1.36E+01  0.00E+00  0.00E+00  0.00E+00  0.00E+00 -6.1047E-05
    215  1.63E-01  1.37E+01  0.00E+00  0.00E+00  0.00E+00  0.00E+00 -6.1047E-05
    216  1.79E-01  1.39E+01  0.00E+00  0.00E+00  0.00E+00  0.00E+00 -6.1047E-05
    217  1.97E-01  1.41E+01  0.00E+00  0.00E+00  0.00E+00  0.00E+00 -6.1047E-05
    218  2.17E-01  1.43E+01  0.00E+00  0.00E+00  0.00E+00  0.00E+00 -6.1047E-05
    219  2.38E-01  1.46E+01  0.00E+00  0.00E+00  0.00E+00  0.00E+00 -6.1047E-05
    220  1.19E-01  1.47E+01  0.00E+00  0.00E+00  0.00E+00  0.00E+00 -6.1047E-05
    221  1.31E-01  1.48E+01  0.00E+00  0.00E+00  0.00E+00  0.00E+00 -6.1047E-05
    222  1.44E-01  1.50E+01  0.00E+00  0.00E+00  0.00E+00  0.00E+00 -6.1047E-05
    223  1.59E-01  1.51E+01  0.00E+00  0.00E+00  0.00E+00  0.00E+00 -6.1047E-05
    224  7.93E-02  1.52E+01  0.00E+00  0.00E+00  0.00E+00  0.00E+00 -6.1047E-05
    225  8.73E-02  1.53E+01  0.00E+00  0.00E+00  0.00E+00  0.00E+00 -6.1047E-05
    226  9.60E-02  1.54E+01  0.00E+00  0.00E+00  0.00E+00  0.00E+00 -6.1047E-05
    227  4.80E-02  1.54E+01  0.00E+00  0.00E+00  0.00E+00  0.00E+00 -6.1047E-05
    228  5.28E-02  1.55E+01  0.00E+00  0.00E+00  0.00E+00  0.00E+00 -6.1047E-05
    229  5.81E-02  1.55E+01  0.00E+00  0.00E+00  0.00E+00  0.00E+00 -6.1047E-05
    230  6.39E-02  1.56E+01  0.00E+00  0.00E+00  0.00E+00  0.00E+00 -6.1047E-05
    231  3.19E-02  1.56E+01  0.00E+00  0.00E+00  0.00E+00  0.00E+00 -6.1047E-05
    232  3.51E-02  1.57E+01  0.00E+00  0.00E+00  0.00E+00  0.00E+00 -6.1047E-05
    233  3.86E-02  1.57E+01  0.00E+00  0.00E+00  0.00E+00  0.00E+00 -6.1047E-05
    234  4.25E-02  1.57E+01  0.00E+00  0.00E+00  0.00E+00  0.00E+00 -6.1047E-05
    235  4.68E-02  1.58E+01  0.00E+00  0.00E+00  0.00E+00  0.00E+00 -6.1047E-05
    236  5.14E-02  1.58E+01  0.00E+00  0.00E+00  0.00E+00  0.00E+00 -6.1047E-05
    237  5.66E-02  1.59E+01  0.00E+00  0.00E+00  0.00E+00  0.00E+00 -6.1047E-05
    238  2.83E-02  1.59E+01  0.00E+00  0.00E+00  0.00E+00  0.00E+00 -6.1047E-05
    239  3.11E-02  1.60E+01  0.00E+00  0.00E+00  0.00E+00  0.00E+00 -6.1047E-05
    240  1.56E-02  1.60E+01  0.00E+00  0.00E+00  0.00E+00  0.00E+00 -6.1047E-05
    241  1.71E-02  1.60E+01  0.00E+00  0.00E+00  0.00E+00  0.00E+00 -6.1047E-05
    242  1.88E-02  1.60E+01  0.00E+00  0.00E+00  0.00E+00  0.00E+00 -6.1047E-05
    243  2.07E-02  1.60E+01  0.00E+00  0.00E+00  0.00E+00  0.00E+00 -6.1047E-05
    244  2.28E-02  1.61E+01  0.00E+00  0.00E+00  0.00E+00  0.00E+00 -6.1047E-05
    245  2.51E-02  1.61E+01  0.00E+00  0.00E+00  0.00E+00  0.00E+00 -6.1047E-05
    246  2.76E-02  1.61E+01  0.00E+00  0.00E+00  0.00E+00  0.00E+00 -6.1047E-05
    247  3.03E-02  1.61E+01  0.00E+00  0.00E+00  0.00E+00  0.00E+00 -6.1047E-05
    248  3.34E-02  1.62E+01  0.00E+00  0.00E+00  0.00E+00  0.00E+00 -6.1047E-05
    249  3.67E-02  1.62E+01  0.00E+00  0.00E+00  0.00E+00  0.00E+00 -6.1047E-05
    250  4.04E-02  1.63E+01  0.00E+00  0.00E+00  0.00E+00  0.00E+00 -6.1047E-05
    251  2.02E-02  1.63E+01  0.00E+00  0.00E+00  0.00E+00  0.00E+00 -6.1047E-05
    252  2.22E-02  1.63E+01  0.00E+00  0.00E+00  0.00E+00  0.00E+00 -6.1047E-05
    253  2.44E-02  1.63E+01  0.00E+00  0.00E+00  0.00E+00  0.00E+00 -6.1047E-05
    254  2.69E-02  1.63E+01  0.00E+00  0.00E+00  0.00E+00  0.00E+00 -6.1047E-05
    255  2.95E-02  1.64E+01  0.00E+00  0.00E+00  0.00E+00  0.00E+00 -6.1047E-05
    256  3.25E-02  1.64E+01  0.00E+00  0.00E+00  0.00E+00  0.00E+00 -6.1047E-05
    257  3.58E-02  1.64E+01  0.00E+00  0.00E+00  0.00E+00  0.00E+00 -6.1047E-05
    258  3.93E-02  1.65E+01  0.00E+00  0.00E+00  0.00E+00  0.00E+00 -6.1047E-05
    259  4.33E-02  1.65E+01  0.00E+00  0.00E+00  0.00E+00  0.00E+00 -6.1047E-05
    260  2.16E-02  1.65E+01  0.00E+00  0.00E+00  0.00E+00  0.00E+00 -6.1047E-05
    261  2.38E-02  1.66E+01  0.00E+00  0.00E+00  0.00E+00  0.00E+00 -6.1047E-05
    262  2.62E-02  1.66E+01  0.00E+00  0.00E+00  0.00E+00  0.00E+00 -6.1047E-05
    263  2.88E-02  1.66E+01  0.00E+00  0.00E+00  0.00E+00  0.00E+00 -6.1047E-05
    264  3.17E-02  1.67E+01  0.00E+00  0.00E+00  0.00E+00  0.00E+00 -6.1047E-05
    265  1.58E-02  1.67E+01  0.00E+00  0.00E+00  0.00E+00  0.00E+00 -6.1047E-05
    266  1.74E-02  1.67E+01  0.00E+00  0.00E+00  0.00E+00  0.00E+00 -6.1047E-05
    267  1.92E-02  1.67E+01  0.00E+00  0.00E+00  0.00E+00  0.00E+00 -6.1047E-05
    268  2.11E-02  1.67E+01  0.00E+00  0.00E+00  0.00E+00  0.00E+00 -6.1047E-05
    269  2.32E-02  1.68E+01  0.00E+00  0.00E+00  0.00E+00  0.00E+00 -6.1047E-05
    270  2.55E-02  1.68E+01  0.00E+00  0.00E+00  0.00E+00  0.00E+00 -6.1047E-05
    271  2.81E-02  1.68E+01  0.00E+00  0.00E+00  0.00E+00  0.00E+00 -6.1047E-05
    272  3.09E-02  1.68E+01  0.00E+00  0.00E+00  0.00E+00  0.00E+00 -6.1047E-05
    273  3.39E-02  1.69E+01  0.00E+00  0.00E+00  0.00E+00  0.00E+00 -6.1047E-05
    274  3.73E-02  1.69E+01  0.00E+00  0.00E+00  0.00E+00  0.00E+00 -6.1047E-05
    275  4.11E-02  1.70E+01  0.00E+00  0.00E+00  0.00E+00  0.00E+00 -6.1047E-05
    276  4.52E-02  1.70E+01  0.00E+00  0.00E+00  0.00E+00  0.00E+00 -6.1047E-05
    277  4.97E-02  1.70E+01  0.00E+00  0.00E+00  0.00E+00  0.00E+00 -6.1047E-05
    278  4.97E-02  1.71E+01  0.00E+00  0.00E+00  0.00E+00  0.00E+00 -6.1047E-05
    279  5.47E-02  1.71E+01  0.00E+00  0.00E+00  0.00E+00  0.00E+00 -6.1047E-05
    280  6.01E-02  1.72E+01  0.00E+00  0.00E+00  0.00E+00  0.00E+00 -6.1047E-05
    281  6.01E-02  1.73E+01  0.00E+00  0.00E+00  0.00E+00  0.00E+00 -6.1047E-05
    282  6.61E-02  1.73E+01  0.00E+00  0.00E+00  0.00E+00  0.00E+00 -6.1047E-05
    283  7.28E-02  1.74E+01  0.00E+00  0.00E+00  0.00E+00  0.00E+00 -6.1047E-05
    284  3.64E-02  1.74E+01  0.00E+00  0.00E+00  0.00E+00  0.00E+00 -6.1047E-05
    285  4.00E-02  1.75E+01  0.00E+00  0.00E+00  0.00E+00  0.00E+00 -6.1047E-05
    286  4.40E-02  1.75E+01  0.00E+00  0.00E+00  0.00E+00  0.00E+00 -6.1047E-05
    287  2.20E-02  1.76E+01  0.00E+00  0.00E+00  0.00E+00  0.00E+00 -6.1047E-05
    288  2.42E-02  1.76E+01  0.00E+00  0.00E+00  0.00E+00  0.00E+00 -6.1047E-05
    289  2.66E-02  1.76E+01  0.00E+00  0.00E+00  0.00E+00  0.00E+00 -6.1047E-05
    290  2.93E-02  1.76E+01  0.00E+00  0.00E+00  0.00E+00  0.00E+00 -6.1047E-05
    291  3.22E-02  1.77E+01  0.00E+00  0.00E+00  0.00E+00  0.00E+00 -6.1047E-05
    292  3.54E-02  1.77E+01  0.00E+00  0.00E+00  0.00E+00  0.00E+00 -6.1047E-05
    293  3.90E-02  1.77E+01  0.00E+00  0.00E+00  0.00E+00  0.00E+00 -6.1047E-05
    294  4.29E-02  1.78E+01  0.00E+00  0.00E+00  0.00E+00  0.00E+00 -6.1047E-05
    295  4.72E-02  1.78E+01  0.00E+00  0.00E+00  0.00E+00  0.00E+00 -6.1047E-05
    296  5.19E-02  1.79E+01  0.00E+00  0.00E+00  0.00E+00  0.00E+00 -6.1047E-05
    297  5.71E-02  1.79E+01  0.00E+00  0.00E+00  0.00E+00  0.00E+00 -6.1047E-05
    298  6.28E-02  1.80E+01  0.00E+00  0.00E+00  0.00E+00  0.00E+00 -6.1047E-05
    299  6.28E-02  1.81E+01  0.00E+00  0.00E+00  0.00E+00  0.00E+00 -6.1047E-05
    300  6.28E-02  1.81E+01  0.00E+00  0.00E+00  0.00E+00  0.00E+00 -6.1047E-05
    301  6.91E-02  1.82E+01  0.00E+00  0.00E+00  0.00E+00  0.00E+00 -6.1047E-05
    302  7.60E-02  1.83E+01  0.00E+00  0.00E+00  0.00E+00  0.00E+00 -6.1047E-05
    303  3.80E-02  1.83E+01  0.00E+00  0.00E+00  0.00E+00  0.00E+00 -6.1047E-05
    304  4.18E-02  1.83E+01  0.00E+00  0.00E+00  0.00E+00  0.00E+00 -6.1047E-05
    305  4.60E-02  1.84E+01  0.00E+00  0.00E+00  0.00E+00  0.00E+00 -6.1047E-05
    306  5.06E-02  1.84E+01  0.00E+00  0.00E+00  0.00E+00  0.00E+00 -6.1047E-05
    307  2.53E-02  1.85E+01  0.00E+00  0.00E+00  0.00E+00  0.00E+00 -6.1047E-05
    308  2.78E-02  1.85E+01  0.00E+00  0.00E+00  0.00E+00  0.00E+00 -6.1047E-05
    309  1.39E-02  1.85E+01  0.00E+00  0.00E+00  0.00E+00  0.00E+00 -6.1047E-05
    310  1.53E-02  1.85E+01  0.00E+00  0.00E+00  0.00E+00  0.00E+00 -6.1047E-05
    311  1.68E-02  1.85E+01  0.00E+00  0.00E+00  0.00E+00  0.00E+00 -6.1047E-05
    312  1.85E-02  1.86E+01  0.00E+00  0.00E+00  0.00E+00  0.00E+00 -6.1047E-05
    313  2.04E-02  1.86E+01  0.00E+00  0.00E+00  0.00E+00  0.00E+00 -6.1047E-05
    314  2.24E-02  1.86E+01  0.00E+00  0.00E+00  0.00E+00  0.00E+00 -6.1047E-05
    315  2.46E-02  1.86E+01  0.00E+00  0.00E+00  0.00E+00  0.00E+00 -6.1047E-05
    316  2.71E-02  1.87E+01  0.00E+00  0.00E+00  0.00E+00  0.00E+00 -6.1047E-05
    317  2.98E-02  1.87E+01  0.00E+00  0.00E+00  0.00E+00  0.00E+00 -6.1047E-05
    318  2.98E-02  1.87E+01  0.00E+00  0.00E+00  0.00E+00  0.00E+00 -6.1047E-05
    319  3.28E-02  1.88E+01  0.00E+00  0.00E+00  0.00E+00  0.00E+00 -6.1047E-05
    320  3.61E-02  1.88E+01  0.00E+00  0.00E+00  0.00E+00  0.00E+00 -6.1047E-05
    321  3.97E-02  1.88E+01  0.00E+00  0.00E+00  0.00E+00  0.00E+00 -6.1047E-05
    322  4.36E-02  1.89E+01  0.00E+00  0.00E+00  0.00E+00  0.00E+00 -6.1047E-05
    323  4.80E-02  1.89E+01  0.00E+00  0.00E+00  0.00E+00  0.00E+00 -6.1047E-05
    324  5.28E-02  1.90E+01  0.00E+00  0.00E+00  0.00E+00  0.00E+00 -6.1047E-05
    325  5.81E-02  1.90E+01  0.00E+00  0.00E+00  0.00E+00  0.00E+00 -6.1047E-05
    326  6.39E-02  1.91E+01  0.00E+00  0.00E+00  0.00E+00  0.00E+00 -6.1047E-05
    327  7.03E-02  1.92E+01  0.00E+00  0.00E+00  0.00E+00  0.00E+00 -6.1047E-05
    328  7.73E-02  1.92E+01  0.00E+00  0.00E+00  0.00E+00  0.00E+00 -6.1047E-05
    329  8.50E-02  1.93E+01  0.00E+00  0.00E+00  0.00E+00  0.00E+00 -6.1047E-05
    330  4.25E-02  1.94E+01  0.00E+00  0.00E+00  0.00E+00  0.00E+00 -6.1047E-05
    331  2.13E-02  1.94E+01  0.00E+00  0.00E+00  0.00E+00  0.00E+00 -6.1047E-05
    332  2.34E-02  1.94E+01  0.00E+00  0.00E+00  0.00E+00  0.00E+00 -6.1047E-05
    333  2.57E-02  1.94E+01  0.00E+00  0.00E+00  0.00E+00  0.00E+00 -6.1047E-05
    334  2.83E-02  1.95E+01  0.00E+00  0.00E+00  0.00E+00  0.00E+00 -6.1047E-05
    335  3.11E-02  1.95E+01  0.00E+00  0.00E+00  0.00E+00  0.00E+00 -6.1047E-05
    336  3.42E-02  1.95E+01  0.00E+00  0.00E+00  0.00E+00  0.00E+00 -6.1047E-05
    337  3.77E-02  1.96E+01  0.00E+00  0.00E+00  0.00E+00  0.00E+00 -6.1047E-05
    338  4.14E-02  1.96E+01  0.00E+00  0.00E+00  0.00E+00  0.00E+00 -6.1047E-05
    339  4.56E-02  1.97E+01  0.00E+00  0.00E+00  0.00E+00  0.00E+00 -6.1047E-05
    340  5.01E-02  1.97E+01  0.00E+00  0.00E+00  0.00E+00  0.00E+00 -6.1047E-05
    341  5.51E-02  1.98E+01  0.00E+00  0.00E+00  0.00E+00  0.00E+00 -6.1047E-05
    342  6.07E-02  1.98E+01  0.00E+00  0.00E+00  0.00E+00  0.00E+00 -6.1047E-05
    343  6.67E-02  1.99E+01  0.00E+00  0.00E+00  0.00E+00  0.00E+00 -6.1047E-05
    344  3.34E-02  1.99E+01  0.00E+00  0.00E+00  0.00E+00  0.00E+00 -6.1047E-05
    345  3.67E-02  2.00E+01  0.00E+00  0.00E+00  0.00E+00  0.00E+00 -6.1047E-05
    346  4.04E-02  2.00E+01  0.00E+00  0.00E+00  0.00E+00  0.00E+00 -6.1047E-05
    347  4.44E-02  2.00E+01  0.00E+00  0.00E+00  0.00E+00  0.00E+00 -6.1047E-05
    348  4.88E-02  2.01E+01  0.00E+00  0.00E+00  0.00E+00  0.00E+00 -6.1047E-05
    349  5.37E-02  2.01E+01  0.00E+00  0.00E+00  0.00E+00  0.00E+00 -6.1047E-05
    350  5.91E-02  2.02E+01  0.00E+00  0.00E+00  0.00E+00  0.00E+00 -6.1047E-05
    351  6.50E-02  2.03E+01  0.00E+00  0.00E+00  0.00E+00  0.00E+00 -6.1047E-05
    352  7.15E-02  2.03E+01  0.00E+00  0.00E+00  0.00E+00  0.00E+00 -6.1047E-05
    353  7.87E-02  2.04E+01  0.00E+00  0.00E+00  0.00E+00  0.00E+00 -6.1047E-05
    354  8.65E-02  2.05E+01  0.00E+00  0.00E+00  0.00E+00  0.00E+00 -6.1047E-05
    355  9.52E-02  2.06E+01  0.00E+00  0.00E+00  0.00E+00  0.00E+00 -6.1047E-05
    356  1.05E-01  2.07E+01  0.00E+00  0.00E+00  0.00E+00  0.00E+00 -6.1047E-05
    357  1.15E-01  2.08E+01  0.00E+00  0.00E+00  0.00E+00  0.00E+00 -6.1047E-05
    358  1.27E-01  2.09E+01  0.00E+00  0.00E+00  0.00E+00  0.00E+00 -6.1047E-05
    359  1.39E-01  2.11E+01  0.00E+00  0.00E+00  0.00E+00  0.00E+00 -6.1047E-05
    360  1.53E-01  2.12E+01  0.00E+00  0.00E+00  0.00E+00  0.00E+00 -6.1047E-05
    361  1.69E-01  2.14E+01  0.00E+00  0.00E+00  0.00E+00  0.00E+00 -6.1047E-05
    362  1.85E-01  2.16E+01  0.00E+00  0.00E+00  0.00E+00  0.00E+00 -6.1047E-05
    363  2.04E-01  2.18E+01  0.00E+00  0.00E+00  0.00E+00  0.00E+00 -6.1047E-05
    364  2.24E-01  2.20E+01  0.00E+00  0.00E+00  0.00E+00  0.00E+00 -6.1047E-05
    365  1.12E-01  2.21E+01  0.00E+00  0.00E+00  0.00E+00  0.00E+00 -6.1047E-05
    366  1.23E-01  2.23E+01  0.00E+00  0.00E+00  0.00E+00  0.00E+00 -6.1047E-05
    367  1.36E-01  2.24E+01  0.00E+00  0.00E+00  0.00E+00  0.00E+00 -6.1047E-05
    368  1.49E-01  2.25E+01  0.00E+00  0.00E+00  0.00E+00  0.00E+00 -6.1047E-05
    369  1.64E-01  2.27E+01  0.00E+00  0.00E+00  0.00E+00  0.00E+00 -6.1047E-05
    370  8.22E-02  2.28E+01  0.00E+00  0.00E+00  0.00E+00  0.00E+00 -6.1047E-05
    371  9.04E-02  2.29E+01  0.00E+00  0.00E+00  0.00E+00  0.00E+00 -6.1047E-05
    372  9.94E-02  2.30E+01  0.00E+00  0.00E+00  0.00E+00  0.00E+00 -6.1047E-05
    373  1.09E-01  2.31E+01  0.00E+00  0.00E+00  0.00E+00  0.00E+00 -6.1047E-05
    374  1.20E-01  2.32E+01  0.00E+00  0.00E+00  0.00E+00  0.00E+00 -6.1047E-05
    375  1.32E-01  2.33E+01  0.00E+00  0.00E+00  0.00E+00  0.00E+00 -6.1047E-05
    376  1.46E-01  2.35E+01  0.00E+00  0.00E+00  0.00E+00  0.00E+00 -6.1047E-05
    377  1.60E-01  2.36E+01  0.00E+00  0.00E+00  0.00E+00  0.00E+00 -6.1047E-05
    378  8.00E-02  2.37E+01  0.00E+00  0.00E+00  0.00E+00  0.00E+00 -6.1047E-05
    379  8.81E-02  2.38E+01  0.00E+00  0.00E+00  0.00E+00  0.00E+00 -6.1047E-05
    380  4.40E-02  2.39E+01  0.00E+00  0.00E+00  0.00E+00  0.00E+00 -6.1047E-05
    381  4.84E-02  2.39E+01  0.00E+00  0.00E+00  0.00E+00  0.00E+00 -6.1047E-05
    382  5.33E-02  2.40E+01  0.00E+00  0.00E+00  0.00E+00  0.00E+00 -6.1047E-05
    383  5.86E-02  2.40E+01  0.00E+00  0.00E+00  0.00E+00  0.00E+00 -6.1047E-05
    384  6.45E-02  2.41E+01  0.00E+00  0.00E+00  0.00E+00  0.00E+00 -6.1047E-05
    385  7.09E-02  2.42E+01  0.00E+00  0.00E+00  0.00E+00  0.00E+00 -6.1047E-05
    386  7.80E-02  2.42E+01  0.00E+00  0.00E+00  0.00E+00  0.00E+00 -6.1047E-05
    387  8.58E-02  2.43E+01  0.00E+00  0.00E+00  0.00E+00  0.00E+00 -6.1047E-05
    388  9.44E-02  2.44E+01  0.00E+00  0.00E+00  0.00E+00  0.00E+00 -6.1047E-05
    389  1.04E-01  2.45E+01  0.00E+00  0.00E+00  0.00E+00  0.00E+00 -6.1047E-05
    390  1.14E-01  2.46E+01  0.00E+00  0.00E+00  0.00E+00  0.00E+00 -6.1047E-05
    391  1.26E-01  2.48E+01  0.00E+00  0.00E+00  0.00E+00  0.00E+00 -6.1047E-05
    392  1.38E-01  2.49E+01  0.00E+00  0.00E+00  0.00E+00  0.00E+00 -6.1047E-05
    393  1.52E-01  2.50E+01  0.00E+00  0.00E+00  0.00E+00  0.00E+00 -6.1047E-05
    394  1.67E-01  2.52E+01  0.00E+00  0.00E+00  0.00E+00  0.00E+00 -6.1047E-05
    395  8.36E-02  2.53E+01  0.00E+00  0.00E+00  0.00E+00  0.00E+00 -6.1047E-05
    396  9.20E-02  2.54E+01  0.00E+00  0.00E+00  0.00E+00  0.00E+00 -6.1047E-05
    397  1.01E-01  2.55E+01  0.00E+00  0.00E+00  0.00E+00  0.00E+00 -6.1047E-05
    398  5.06E-02  2.55E+01  0.00E+00  0.00E+00  0.00E+00  0.00E+00 -6.1047E-05
    399  5.56E-02  2.56E+01  0.00E+00  0.00E+00  0.00E+00  0.00E+00 -6.1047E-05
    400  6.12E-02  2.57E+01  0.00E+00  0.00E+00  0.00E+00  0.00E+00 -6.1047E-05
    401  6.73E-02  2.57E+01  0.00E+00  0.00E+00  0.00E+00  0.00E+00 -6.1047E-05
    402  7.40E-02  2.58E+01  0.00E+00  0.00E+00  0.00E+00  0.00E+00 -6.1047E-05
    403  8.15E-02  2.59E+01  0.00E+00  0.00E+00  0.00E+00  0.00E+00 -6.1047E-05
    404  8.96E-02  2.60E+01  0.00E+00  0.00E+00  0.00E+00  0.00E+00 -6.1047E-05
    405  9.86E-02  2.61E+01  0.00E+00  0.00E+00  0.00E+00  0.00E+00 -6.1047E-05
    406  4.93E-02  2.61E+01  0.00E+00  0.00E+00  0.00E+00  0.00E+00 -6.1047E-05
    407  5.42E-02  2.62E+01  0.00E+00  0.00E+00  0.00E+00  0.00E+00 -6.1047E-05
    408  5.96E-02  2.62E+01  0.00E+00  0.00E+00  0.00E+00  0.00E+00 -6.1047E-05
    409  6.56E-02  2.63E+01  0.00E+00  0.00E+00  0.00E+00  0.00E+00 -6.1047E-05
    410  7.21E-02  2.64E+01  0.00E+00  0.00E+00  0.00E+00  0.00E+00 -6.1047E-05
    411  7.94E-02  2.65E+01  0.00E+00  0.00E+00  0.00E+00  0.00E+00 -6.1047E-05
    412  8.73E-02  2.65E+01  0.00E+00  0.00E+00  0.00E+00  0.00E+00 -6.1047E-05
    413  9.60E-02  2.66E+01  0.00E+00  0.00E+00  0.00E+00  0.00E+00 -6.1047E-05
    414  4.80E-02  2.67E+01  0.00E+00  0.00E+00  0.00E+00  0.00E+00 -6.1047E-05
    415  5.28E-02  2.67E+01  0.00E+00  0.00E+00  0.00E+00  0.00E+00 -6.1047E-05
    416  5.81E-02  2.68E+01  0.00E+00  0.00E+00  0.00E+00  0.00E+00 -6.1047E-05
    417  6.39E-02  2.69E+01  0.00E+00  0.00E+00  0.00E+00  0.00E+00 -6.1047E-05
    418  7.03E-02  2.69E+01  0.00E+00  0.00E+00  0.00E+00  0.00E+00 -6.1047E-05
    419  7.73E-02  2.70E+01  0.00E+00  0.00E+00  0.00E+00  0.00E+00 -6.1047E-05
    420  8.51E-02  2.71E+01  0.00E+00  0.00E+00  0.00E+00  0.00E+00 -6.1047E-05
    421  9.36E-02  2.72E+01  0.00E+00  0.00E+00  0.00E+00  0.00E+00 -6.1047E-05
    422  1.03E-01  2.73E+01  0.00E+00  0.00E+00  0.00E+00  0.00E+00 -6.1047E-05
    423  5.15E-02  2.73E+01  0.00E+00  0.00E+00  0.00E+00  0.00E+00 -6.1047E-05
    424  5.66E-02  2.74E+01  0.00E+00  0.00E+00  0.00E+00  0.00E+00 -6.1047E-05
    425  6.23E-02  2.75E+01  0.00E+00  0.00E+00  0.00E+00  0.00E+00 -6.1047E-05
    426  6.85E-02  2.75E+01  0.00E+00  0.00E+00  0.00E+00  0.00E+00 -6.1047E-05
    427  3.42E-02  2.76E+01  0.00E+00  0.00E+00  0.00E+00  0.00E+00 -6.1047E-05
    428  3.77E-02  2.76E+01  0.00E+00  0.00E+00  0.00E+00  0.00E+00 -6.1047E-05
    429  4.14E-02  2.76E+01  0.00E+00  0.00E+00  0.00E+00  0.00E+00 -6.1047E-05
    430  4.56E-02  2.77E+01  0.00E+00  0.00E+00  0.00E+00  0.00E+00 -6.1047E-05
    431  5.01E-02  2.77E+01  0.00E+00  0.00E+00  0.00E+00  0.00E+00 -6.1047E-05
    432  5.52E-02  2.78E+01  0.00E+00  0.00E+00  0.00E+00  0.00E+00 -6.1047E-05
    433  2.76E-02  2.78E+01  0.00E+00  0.00E+00  0.00E+00  0.00E+00 -6.1047E-05
    434  3.03E-02  2.78E+01  0.00E+00  0.00E+00  0.00E+00  0.00E+00 -6.1047E-05
    435  3.34E-02  2.79E+01  0.00E+00  0.00E+00  0.00E+00  0.00E+00 -6.1047E-05
    436  3.67E-02  2.79E+01  0.00E+00  0.00E+00  0.00E+00  0.00E+00 -6.1047E-05
    437  4.04E-02  2.80E+01  0.00E+00  0.00E+00  0.00E+00  0.00E+00 -6.1047E-05
    438  4.44E-02  2.80E+01  0.00E+00  0.00E+00  0.00E+00  0.00E+00 -6.1047E-05
    439  4.89E-02  2.81E+01  0.00E+00  0.00E+00  0.00E+00  0.00E+00 -6.1047E-05
    440  4.89E-02  2.81E+01  0.00E+00  0.00E+00  0.00E+00  0.00E+00 -6.1047E-05
    441  5.37E-02  2.82E+01  0.00E+00  0.00E+00  0.00E+00  0.00E+00 -6.1047E-05
    442  5.91E-02  2.82E+01  0.00E+00  0.00E+00  0.00E+00  0.00E+00 -6.1047E-05
    443  6.50E-02  2.83E+01  0.00E+00  0.00E+00  0.00E+00  0.00E+00 -6.1047E-05
    444  7.15E-02  2.84E+01  0.00E+00  0.00E+00  0.00E+00  0.00E+00 -6.1047E-05
    445  7.87E-02  2.84E+01  0.00E+00  0.00E+00  0.00E+00  0.00E+00 -6.1047E-05
    446  8.66E-02  2.85E+01  0.00E+00  0.00E+00  0.00E+00  0.00E+00 -6.1047E-05
    447  9.52E-02  2.86E+01  0.00E+00  0.00E+00  0.00E+00  0.00E+00 -6.1047E-05
    448  4.76E-02  2.87E+01  0.00E+00  0.00E+00  0.00E+00  0.00E+00 -6.1047E-05
    449  5.24E-02  2.87E+01  0.00E+00  0.00E+00  0.00E+00  0.00E+00 -6.1047E-05
    450  2.62E-02  2.87E+01  0.00E+00  0.00E+00  0.00E+00  0.00E+00 -6.1047E-05
    451  2.88E-02  2.88E+01  0.00E+00  0.00E+00  0.00E+00  0.00E+00 -6.1047E-05
    452  3.17E-02  2.88E+01  0.00E+00  0.00E+00  0.00E+00  0.00E+00 -6.1047E-05
    453  3.48E-02  2.88E+01  0.00E+00  0.00E+00  0.00E+00  0.00E+00 -6.1047E-05
    454  3.83E-02  2.89E+01  0.00E+00  0.00E+00  0.00E+00  0.00E+00 -6.1047E-05
    455  4.22E-02  2.89E+01  0.00E+00  0.00E+00  0.00E+00  0.00E+00 -6.1047E-05
    456  4.64E-02  2.90E+01  0.00E+00  0.00E+00  0.00E+00  0.00E+00 -6.1047E-05
    457  5.10E-02  2.90E+01  0.00E+00  0.00E+00  0.00E+00  0.00E+00 -6.1047E-05
    458  5.61E-02  2.91E+01  0.00E+00  0.00E+00  0.00E+00  0.00E+00 -6.1047E-05
    459  6.17E-02  2.91E+01  0.00E+00  0.00E+00  0.00E+00  0.00E+00 -6.1047E-05
    460  6.79E-02  2.92E+01  0.00E+00  0.00E+00  0.00E+00  0.00E+00 -6.1047E-05
    461  7.47E-02  2.93E+01  0.00E+00  0.00E+00  0.00E+00  0.00E+00 -6.1047E-05
    462  8.22E-02  2.94E+01  0.00E+00  0.00E+00  0.00E+00  0.00E+00 -6.1047E-05
    463  9.04E-02  2.94E+01  0.00E+00  0.00E+00  0.00E+00  0.00E+00 -6.1047E-05
    464  9.94E-02  2.95E+01  0.00E+00  0.00E+00  0.00E+00  0.00E+00 -6.1047E-05
    465  1.09E-01  2.97E+01  0.00E+00  0.00E+00  0.00E+00  0.00E+00 -6.1047E-05
    466  1.20E-01  2.98E+01  0.00E+00  0.00E+00  0.00E+00  0.00E+00 -6.1047E-05
    467  1.20E-01  2.99E+01  0.00E+00  0.00E+00  0.00E+00  0.00E+00 -6.1047E-05
    468  1.32E-01  3.00E+01  0.00E+00  0.00E+00  0.00E+00  0.00E+00 -6.1047E-05
    469  1.46E-01  3.02E+01  0.00E+00  0.00E+00  0.00E+00  0.00E+00 -6.1047E-05
    470  1.60E-01  3.03E+01  0.00E+00  0.00E+00  0.00E+00  0.00E+00 -6.1047E-05
    471  1.76E-01  3.05E+01  0.00E+00  0.00E+00  0.00E+00  0.00E+00 -6.1047E-05
    472  1.94E-01  3.07E+01  0.00E+00  0.00E+00  0.00E+00  0.00E+00 -6.1047E-05
    473  9.69E-02  3.08E+01  0.00E+00  0.00E+00  0.00E+00  0.00E+00 -6.1047E-05
    474  1.07E-01  3.09E+01  0.00E+00  0.00E+00  0.00E+00  0.00E+00 -6.1047E-05
    475  1.17E-01  3.10E+01  0.00E+00  0.00E+00  0.00E+00  0.00E+00 -6.1047E-05
    476  1.29E-01  3.11E+01  0.00E+00  0.00E+00  0.00E+00  0.00E+00 -6.1047E-05
    477  1.42E-01  3.13E+01  0.00E+00  0.00E+00  0.00E+00  0.00E+00 -6.1047E-05
    478  1.56E-01  3.14E+01  0.00E+00  0.00E+00  0.00E+00  0.00E+00 -6.1047E-05
    479  7.80E-02  3.15E+01  0.00E+00  0.00E+00  0.00E+00  0.00E+00 -6.1047E-05
    480  8.58E-02  3.16E+01  0.00E+00  0.00E+00  0.00E+00  0.00E+00 -6.1047E-05
    481  9.44E-02  3.17E+01  0.00E+00  0.00E+00  0.00E+00  0.00E+00 -6.1047E-05
    482  1.04E-01  3.18E+01  0.00E+00  0.00E+00  0.00E+00  0.00E+00 -6.1047E-05
    483  5.19E-02  3.19E+01  0.00E+00  0.00E+00  0.00E+00  0.00E+00 -6.1047E-05
    484  5.71E-02  3.19E+01  0.00E+00  0.00E+00  0.00E+00  0.00E+00 -6.1047E-05
    485  6.28E-02  3.20E+01  0.00E+00  0.00E+00  0.00E+00  0.00E+00 -6.1047E-05
    486  6.91E-02  3.21E+01  0.00E+00  0.00E+00  0.00E+00  0.00E+00 -6.1047E-05
    487  7.60E-02  3.21E+01  0.00E+00  0.00E+00  0.00E+00  0.00E+00 -6.1047E-05
    488  8.36E-02  3.22E+01  0.00E+00  0.00E+00  0.00E+00  0.00E+00 -6.1047E-05
    489  9.20E-02  3.23E+01  0.00E+00  0.00E+00  0.00E+00  0.00E+00 -6.1047E-05
    490  1.01E-01  3.24E+01  0.00E+00  0.00E+00  0.00E+00  0.00E+00 -6.1047E-05
    491  1.11E-01  3.25E+01  0.00E+00  0.00E+00  0.00E+00  0.00E+00 -6.1047E-05
    492  1.22E-01  3.26E+01  0.00E+00  0.00E+00  0.00E+00  0.00E+00 -6.1047E-05
    493  6.12E-02  3.27E+01  0.00E+00  0.00E+00  0.00E+00  0.00E+00 -6.1047E-05
    494  6.73E-02  3.28E+01  0.00E+00  0.00E+00  0.00E+00  0.00E+00 -6.1047E-05
    495  7.41E-02  3.28E+01  0.00E+00  0.00E+00  0.00E+00  0.00E+00 -6.1047E-05
    496  8.15E-02  3.29E+01  0.00E+00  0.00E+00  0.00E+00  0.00E+00 -6.1047E-05
    497  8.96E-02  3.30E+01  0.00E+00  0.00E+00  0.00E+00  0.00E+00 -6.1047E-05
    498  9.86E-02  3.31E+01  0.00E+00  0.00E+00  0.00E+00  0.00E+00 -6.1047E-05
    499  1.08E-01  3.32E+01  0.00E+00  0.00E+00  0.00E+00  0.00E+00 -6.1047E-05
    500  1.19E-01  3.33E+01  0.00E+00  0.00E+00  0.00E+00  0.00E+00 -6.1047E-05
    501  1.31E-01  3.35E+01  0.00E+00  0.00E+00  0.00E+00  0.00E+00 -6.1047E-05
    502  1.44E-01  3.36E+01  0.00E+00  0.00E+00  0.00E+00  0.00E+00 -6.1047E-05
    503  1.59E-01  3.38E+01  0.00E+00  0.00E+00  0.00E+00  0.00E+00 -6.1047E-05
    504  1.75E-01  3.39E+01  0.00E+00  0.00E+00  0.00E+00  0.00E+00 -6.1047E-05
    505  1.92E-01  3.41E+01  0.00E+00  0.00E+00  0.00E+00  0.00E+00 -6.1047E-05
    506  2.11E-01  3.43E+01  0.00E+00  0.00E+00  0.00E+00  0.00E+00 -6.1047E-05
    507  2.32E-01  3.46E+01  0.00E+00  0.00E+00  0.00E+00  0.00E+00 -6.1047E-05
    508  2.56E-01  3.48E+01  0.00E+00  0.00E+00  0.00E+00  0.00E+00 -6.1047E-05
    509  2.81E-01  3.51E+01  0.00E+00  0.00E+00  0.00E+00  0.00E+00 -6.1047E-05
    510  3.09E-01  3.54E+01  0.00E+00  0.00E+00  0.00E+00  0.00E+00 -6.1047E-05
    511  1.55E-01  3.56E+01  0.00E+00  0.00E+00  0.00E+00  0.00E+00 -6.1047E-05
    512  1.70E-01  3.58E+01  0.00E+00  0.00E+00  0.00E+00  0.00E+00 -6.1047E-05
    513  1.87E-01  3.59E+01  0.00E+00  0.00E+00  0.00E+00  0.00E+00 -6.1047E-05
    514  9.36E-02  3.60E+01  0.00E+00  0.00E+00  0.00E+00  0.00E+00 -6.1047E-05
    515  4.68E-02  3.61E+01  0.00E+00  0.00E+00  0.00E+00  0.00E+00 -6.1047E-05
    516  5.15E-02  3.61E+01  0.00E+00  0.00E+00  0.00E+00  0.00E+00 -6.1047E-05
    517  5.66E-02  3.62E+01  0.00E+00  0.00E+00  0.00E+00  0.00E+00 -6.1047E-05
    518  6.23E-02  3.63E+01  0.00E+00  0.00E+00  0.00E+00  0.00E+00 -6.1047E-05
    519  6.85E-02  3.63E+01  0.00E+00  0.00E+00  0.00E+00  0.00E+00 -6.1047E-05
    520  7.54E-02  3.64E+01  0.00E+00  0.00E+00  0.00E+00  0.00E+00 -6.1047E-05
    521  3.77E-02  3.64E+01  0.00E+00  0.00E+00  0.00E+00  0.00E+00 -6.1047E-05
    522  3.77E-02  3.65E+01  0.00E+00  0.00E+00  0.00E+00  0.00E+00 -6.1047E-05
    523  4.14E-02  3.65E+01  0.00E+00  0.00E+00  0.00E+00  0.00E+00 -6.1047E-05
    524  4.56E-02  3.66E+01  0.00E+00  0.00E+00  0.00E+00  0.00E+00 -6.1047E-05
    525  5.02E-02  3.66E+01  0.00E+00  0.00E+00  0.00E+00  0.00E+00 -6.1047E-05
    526  5.52E-02  3.67E+01  0.00E+00  0.00E+00  0.00E+00  0.00E+00 -6.1047E-05
    527  5.52E-02  3.67E+01  0.00E+00  0.00E+00  0.00E+00  0.00E+00 -6.1047E-05
    528  6.07E-02  3.68E+01  0.00E+00  0.00E+00  0.00E+00  0.00E+00 -6.1047E-05
    529  6.68E-02  3.68E+01  0.00E+00  0.00E+00  0.00E+00  0.00E+00 -6.1047E-05
    530  7.34E-02  3.69E+01  0.00E+00  0.00E+00  0.00E+00  0.00E+00 -6.1047E-05
    531  8.08E-02  3.70E+01  0.00E+00  0.00E+00  0.00E+00  0.00E+00 -6.1047E-05
    532  8.88E-02  3.71E+01  0.00E+00  0.00E+00  0.00E+00  0.00E+00 -6.1047E-05
    533  4.44E-02  3.71E+01  0.00E+00  0.00E+00  0.00E+00  0.00E+00 -6.1047E-05
    534  4.89E-02  3.72E+01  0.00E+00  0.00E+00  0.00E+00  0.00E+00 -6.1047E-05
    535  5.38E-02  3.72E+01  0.00E+00  0.00E+00  0.00E+00  0.00E+00 -6.1047E-05
    536  5.91E-02  3.73E+01  0.00E+00  0.00E+00  0.00E+00  0.00E+00 -6.1047E-05
    537  6.50E-02  3.74E+01  0.00E+00  0.00E+00  0.00E+00  0.00E+00 -6.1047E-05
    538  7.15E-02  3.74E+01  0.00E+00  0.00E+00  0.00E+00  0.00E+00 -6.1047E-05
    539  7.87E-02  3.75E+01  0.00E+00  0.00E+00  0.00E+00  0.00E+00 -6.1047E-05
    540  8.66E-02  3.76E+01  0.00E+00  0.00E+00  0.00E+00  0.00E+00 -6.1047E-05
    541  9.52E-02  3.77E+01  0.00E+00  0.00E+00  0.00E+00  0.00E+00 -6.1047E-05
    542  1.05E-01  3.78E+01  0.00E+00  0.00E+00  0.00E+00  0.00E+00 -6.1047E-05
    543  1.15E-01  3.79E+01  0.00E+00  0.00E+00  0.00E+00  0.00E+00 -6.1047E-05
    544  1.27E-01  3.80E+01  0.00E+00  0.00E+00  0.00E+00  0.00E+00 -6.1047E-05
    545  1.39E-01  3.82E+01  0.00E+00  0.00E+00  0.00E+00  0.00E+00 -6.1047E-05
    546  1.53E-01  3.83E+01  0.00E+00  0.00E+00  0.00E+00  0.00E+00 -6.1047E-05
    547  7.67E-02  3.84E+01  0.00E+00  0.00E+00  0.00E+00  0.00E+00 -6.1047E-05
    548  8.43E-02  3.85E+01  0.00E+00  0.00E+00  0.00E+00  0.00E+00 -6.1047E-05
    549  9.28E-02  3.86E+01  0.00E+00  0.00E+00  0.00E+00  0.00E+00 -6.1047E-05
    550  1.02E-01  3.87E+01  0.00E+00  0.00E+00  0.00E+00  0.00E+00 -6.1047E-05
    551  1.12E-01  3.88E+01  0.00E+00  0.00E+00  0.00E+00  0.00E+00 -6.1047E-05
    552  5.61E-02  3.89E+01  0.00E+00  0.00E+00  0.00E+00  0.00E+00 -6.1047E-05
    553  6.17E-02  3.89E+01  0.00E+00  0.00E+00  0.00E+00  0.00E+00 -6.1047E-05
    554  6.79E-02  3.90E+01  0.00E+00  0.00E+00  0.00E+00  0.00E+00 -6.1047E-05
    555  7.47E-02  3.91E+01  0.00E+00  0.00E+00  0.00E+00  0.00E+00 -6.1047E-05
    556  8.22E-02  3.91E+01  0.00E+00  0.00E+00  0.00E+00  0.00E+00 -6.1047E-05
    557  9.04E-02  3.92E+01  0.00E+00  0.00E+00  0.00E+00  0.00E+00 -6.1047E-05
    558  9.94E-02  3.93E+01  0.00E+00  0.00E+00  0.00E+00  0.00E+00 -6.1047E-05
    559  1.09E-01  3.94E+01  0.00E+00  0.00E+00  0.00E+00  0.00E+00 -6.1047E-05
    560  1.20E-01  3.96E+01  0.00E+00  0.00E+00  0.00E+00  0.00E+00 -6.1047E-05
    561  1.32E-01  3.97E+01  0.00E+00  0.00E+00  0.00E+00  0.00E+00 -6.1047E-05
    562  1.46E-01  3.98E+01  0.00E+00  0.00E+00  0.00E+00  0.00E+00 -6.1047E-05
    563  7.28E-02  3.99E+01  0.00E+00  0.00E+00  0.00E+00  0.00E+00 -6.1047E-05
    564  8.01E-02  4.00E+01  0.00E+00  0.00E+00  0.00E+00  0.00E+00 -6.1047E-05
    565  8.81E-02  4.01E+01  0.00E+00  0.00E+00  0.00E+00  0.00E+00 -6.1047E-05
    566  9.69E-02  4.02E+01  0.00E+00  0.00E+00  0.00E+00  0.00E+00 -6.1047E-05
    567  1.07E-01  4.03E+01  0.00E+00  0.00E+00  0.00E+00  0.00E+00 -6.1047E-05
    568  1.17E-01  4.04E+01  0.00E+00  0.00E+00  0.00E+00  0.00E+00 -6.1047E-05
    569  1.29E-01  4.05E+01  0.00E+00  0.00E+00  0.00E+00  0.00E+00 -6.1047E-05
    570  1.42E-01  4.07E+01  0.00E+00  0.00E+00  0.00E+00  0.00E+00 -6.1047E-05
    571  1.56E-01  4.08E+01  0.00E+00  0.00E+00  0.00E+00  0.00E+00 -6.1047E-05
    572  7.80E-02  4.09E+01  0.00E+00  0.00E+00  0.00E+00  0.00E+00 -6.1047E-05
    573  8.58E-02  4.10E+01  0.00E+00  0.00E+00  0.00E+00  0.00E+00 -6.1047E-05
    574  9.44E-02  4.11E+01  0.00E+00  0.00E+00  0.00E+00  0.00E+00 -6.1047E-05
    575  4.72E-02  4.11E+01  0.00E+00  0.00E+00  0.00E+00  0.00E+00 -6.1047E-05
    576  5.19E-02  4.12E+01  0.00E+00  0.00E+00  0.00E+00  0.00E+00 -6.1047E-05
    577  5.71E-02  4.12E+01  0.00E+00  0.00E+00  0.00E+00  0.00E+00 -6.1047E-05
    578  6.28E-02  4.13E+01  0.00E+00  0.00E+00  0.00E+00  0.00E+00 -6.1047E-05
    579  6.91E-02  4.14E+01  0.00E+00  0.00E+00  0.00E+00  0.00E+00 -6.1047E-05
    580  7.60E-02  4.15E+01  0.00E+00  0.00E+00  0.00E+00  0.00E+00 -6.1047E-05
    581  8.36E-02  4.15E+01  0.00E+00  0.00E+00  0.00E+00  0.00E+00 -6.1047E-05
    582  9.20E-02  4.16E+01  0.00E+00  0.00E+00  0.00E+00  0.00E+00 -6.1047E-05
    583  1.01E-01  4.17E+01  0.00E+00  0.00E+00  0.00E+00  0.00E+00 -6.1047E-05
    584  1.11E-01  4.18E+01  0.00E+00  0.00E+00  0.00E+00  0.00E+00 -6.1047E-05
    585  1.22E-01  4.20E+01  0.00E+00  0.00E+00  0.00E+00  0.00E+00 -6.1047E-05
    586  1.35E-01  4.21E+01  0.00E+00  0.00E+00  0.00E+00  0.00E+00 -6.1047E-05
    587  1.48E-01  4.22E+01  0.00E+00  0.00E+00  0.00E+00  0.00E+00 -6.1047E-05
    588  1.63E-01  4.24E+01  0.00E+00  0.00E+00  0.00E+00  0.00E+00 -6.1047E-05
    589  8.15E-02  4.25E+01  0.00E+00  0.00E+00  0.00E+00  0.00E+00 -6.1047E-05
    590  8.96E-02  4.26E+01  0.00E+00  0.00E+00  0.00E+00  0.00E+00 -6.1047E-05
    591  9.86E-02  4.27E+01  0.00E+00  0.00E+00  0.00E+00  0.00E+00 -6.1047E-05
    592  1.08E-01  4.28E+01  0.00E+00  0.00E+00  0.00E+00  0.00E+00 -6.1047E-05
    593  1.19E-01  4.29E+01  0.00E+00  0.00E+00  0.00E+00  0.00E+00 -6.1047E-05
    594  1.31E-01  4.30E+01  0.00E+00  0.00E+00  0.00E+00  0.00E+00 -6.1047E-05
    595  1.44E-01  4.32E+01  0.00E+00  0.00E+00  0.00E+00  0.00E+00 -6.1047E-05
    596  1.59E-01  4.33E+01  0.00E+00  0.00E+00  0.00E+00  0.00E+00 -6.1047E-05
    597  1.75E-01  4.35E+01  0.00E+00  0.00E+00  0.00E+00  0.00E+00 -6.1047E-05
    598  1.92E-01  4.37E+01  0.00E+00  0.00E+00  0.00E+00  0.00E+00 -6.1047E-05
    599  2.11E-01  4.39E+01  0.00E+00  0.00E+00  0.00E+00  0.00E+00 -6.1047E-05
    600  2.32E-01  4.41E+01  0.00E+00  0.00E+00  0.00E+00  0.00E+00 -6.1047E-05
    601  2.56E-01  4.44E+01  0.00E+00  0.00E+00  0.00E+00  0.00E+00 -6.1047E-05
    602  1.28E-01  4.45E+01  0.00E+00  0.00E+00  0.00E+00  0.00E+00 -6.1047E-05
    603  1.41E-01  4.47E+01  0.00E+00  0.00E+00  0.00E+00  0.00E+00 -6.1047E-05
    604  1.55E-01  4.48E+01  0.00E+00  0.00E+00  0.00E+00  0.00E+00 -6.1047E-05
    605  7.74E-02  4.49E+01  0.00E+00  0.00E+00  0.00E+00  0.00E+00 -6.1047E-05
    606  8.51E-02  4.50E+01  0.00E+00  0.00E+00  0.00E+00  0.00E+00 -6.1047E-05
    607  9.36E-02  4.51E+01  0.00E+00  0.00E+00  0.00E+00  0.00E+00 -6.1047E-05
    608  1.03E-01  4.52E+01  0.00E+00  0.00E+00  0.00E+00  0.00E+00 -6.1047E-05
    609  1.13E-01  4.53E+01  0.00E+00  0.00E+00  0.00E+00  0.00E+00 -6.1047E-05
    610  1.25E-01  4.54E+01  0.00E+00  0.00E+00  0.00E+00  0.00E+00 -6.1047E-05
    611  1.37E-01  4.56E+01  0.00E+00  0.00E+00  0.00E+00  0.00E+00 -6.1047E-05
    612  1.51E-01  4.57E+01  0.00E+00  0.00E+00  0.00E+00  0.00E+00 -6.1047E-05
    613  1.66E-01  4.59E+01  0.00E+00  0.00E+00  0.00E+00  0.00E+00 -6.1047E-05
    614  1.82E-01  4.61E+01  0.00E+00  0.00E+00  0.00E+00  0.00E+00 -6.1047E-05
    615  2.01E-01  4.63E+01  0.00E+00  0.00E+00  0.00E+00  0.00E+00 -6.1047E-05
    616  2.21E-01  4.65E+01  0.00E+00  0.00E+00  0.00E+00  0.00E+00 -6.1047E-05
    617  2.43E-01  4.67E+01  0.00E+00  0.00E+00  0.00E+00  0.00E+00 -6.1047E-05
    618  2.67E-01  4.70E+01  0.00E+00  0.00E+00  0.00E+00  0.00E+00 -6.1047E-05
    619  2.94E-01  4.73E+01  0.00E+00  0.00E+00  0.00E+00  0.00E+00 -6.1047E-05
    620  3.23E-01  4.76E+01  0.00E+00  0.00E+00  0.00E+00  0.00E+00 -6.1047E-05
    621  3.55E-01  4.80E+01  0.00E+00  0.00E+00  0.00E+00  0.00E+00 -6.1047E-05
    622  3.91E-01  4.84E+01  0.00E+00  0.00E+00  0.00E+00  0.00E+00 -6.1047E-05
    623  4.30E-01  4.88E+01  0.00E+00  0.00E+00  0.00E+00  0.00E+00 -6.1047E-05
    624  2.37E-01  4.90E+01  0.00E+00  0.00E+00  0.00E+00  0.00E+00 -6.1047E-05
    625  1.18E-01  4.91E+01  0.00E+00  0.00E+00  0.00E+00  0.00E+00 -6.1047E-05
    626  5.91E-02  4.92E+01  0.00E+00  0.00E+00  0.00E+00  0.00E+00 -6.1047E-05
    627  6.51E-02  4.93E+01  0.00E+00  0.00E+00  0.00E+00  0.00E+00 -6.1047E-05
    628  7.16E-02  4.93E+01  0.00E+00  0.00E+00  0.00E+00  0.00E+00 -6.1047E-05
    629  7.87E-02  4.94E+01  0.00E+00  0.00E+00  0.00E+00  0.00E+00 -6.1047E-05
    630  8.66E-02  4.95E+01  0.00E+00  0.00E+00  0.00E+00  0.00E+00 -6.1047E-05
    631  9.52E-02  4.96E+01  0.00E+00  0.00E+00  0.00E+00  0.00E+00 -6.1047E-05
    632  4.76E-02  4.96E+01  0.00E+00  0.00E+00  0.00E+00  0.00E+00 -6.1047E-05
    633  4.76E-02  4.97E+01  0.00E+00  0.00E+00  0.00E+00  0.00E+00 -6.1047E-05
    634  5.24E-02  4.97E+01  0.00E+00  0.00E+00  0.00E+00  0.00E+00 -6.1047E-05
    635  5.76E-02  4.98E+01  0.00E+00  0.00E+00  0.00E+00  0.00E+00 -6.1047E-05
    636  6.34E-02  4.99E+01  0.00E+00  0.00E+00  0.00E+00  0.00E+00 -6.1047E-05
    637  6.97E-02  4.99E+01  0.00E+00  0.00E+00  0.00E+00  0.00E+00 -6.1047E-05
    638  7.67E-02  5.00E+01  0.00E+00  0.00E+00  0.00E+00  0.00E+00 -6.1047E-05
    639  8.44E-02  5.01E+01  0.00E+00  0.00E+00  0.00E+00  0.00E+00 -6.1047E-05
    640  9.28E-02  5.02E+01  0.00E+00  0.00E+00  0.00E+00  0.00E+00 -6.1047E-05
    641  4.64E-02  5.02E+01  0.00E+00  0.00E+00  0.00E+00  0.00E+00 -6.1047E-05
    642  5.10E-02  5.03E+01  0.00E+00  0.00E+00  0.00E+00  0.00E+00 -6.1047E-05
    643  5.61E-02  5.03E+01  0.00E+00  0.00E+00  0.00E+00  0.00E+00 -6.1047E-05
    644  6.18E-02  5.04E+01  0.00E+00  0.00E+00  0.00E+00  0.00E+00 -6.1047E-05
    645  6.79E-02  5.05E+01  0.00E+00  0.00E+00  0.00E+00  0.00E+00 -6.1047E-05
    646  7.47E-02  5.05E+01  0.00E+00  0.00E+00  0.00E+00  0.00E+00 -6.1047E-05
    647  8.22E-02  5.06E+01  0.00E+00  0.00E+00  0.00E+00  0.00E+00 -6.1047E-05
    648  9.04E-02  5.07E+01  0.00E+00  0.00E+00  0.00E+00  0.00E+00 -6.1047E-05
    649  4.52E-02  5.08E+01  0.00E+00  0.00E+00  0.00E+00  0.00E+00 -6.1047E-05
    650  4.97E-02  5.08E+01  0.00E+00  0.00E+00  0.00E+00  0.00E+00 -6.1047E-05
    651  5.47E-02  5.09E+01  0.00E+00  0.00E+00  0.00E+00  0.00E+00 -6.1047E-05
    652  6.02E-02  5.09E+01  0.00E+00  0.00E+00  0.00E+00  0.00E+00 -6.1047E-05
    653  6.62E-02  5.10E+01  0.00E+00  0.00E+00  0.00E+00  0.00E+00 -6.1047E-05
    654  7.28E-02  5.11E+01  0.00E+00  0.00E+00  0.00E+00  0.00E+00 -6.1047E-05
    655  8.01E-02  5.11E+01  0.00E+00  0.00E+00  0.00E+00  0.00E+00 -6.1047E-05
    656  8.81E-02  5.12E+01  0.00E+00  0.00E+00  0.00E+00  0.00E+00 -6.1047E-05
    657  4.41E-02  5.13E+01  0.00E+00  0.00E+00  0.00E+00  0.00E+00 -6.1047E-05
    658  4.85E-02  5.13E+01  0.00E+00  0.00E+00  0.00E+00  0.00E+00 -6.1047E-05
    659  5.33E-02  5.14E+01  0.00E+00  0.00E+00  0.00E+00  0.00E+00 -6.1047E-05
    660  5.86E-02  5.14E+01  0.00E+00  0.00E+00  0.00E+00  0.00E+00 -6.1047E-05
    661  6.45E-02  5.15E+01  0.00E+00  0.00E+00  0.00E+00  0.00E+00 -6.1047E-05
    662  7.09E-02  5.16E+01  0.00E+00  0.00E+00  0.00E+00  0.00E+00 -6.1047E-05
    663  7.80E-02  5.17E+01  0.00E+00  0.00E+00  0.00E+00  0.00E+00 -6.1047E-05
    664  8.58E-02  5.17E+01  0.00E+00  0.00E+00  0.00E+00  0.00E+00 -6.1047E-05
    665  9.44E-02  5.18E+01  0.00E+00  0.00E+00  0.00E+00  0.00E+00 -6.1047E-05
    666  1.04E-01  5.19E+01  0.00E+00  0.00E+00  0.00E+00  0.00E+00 -6.1047E-05
    667  1.14E-01  5.21E+01  0.00E+00  0.00E+00  0.00E+00  0.00E+00 -6.1047E-05
    668  1.26E-01  5.22E+01  0.00E+00  0.00E+00  0.00E+00  0.00E+00 -6.1047E-05
    669  1.38E-01  5.23E+01  0.00E+00  0.00E+00  0.00E+00  0.00E+00 -6.1047E-05
    670  1.52E-01  5.25E+01  0.00E+00  0.00E+00  0.00E+00  0.00E+00 -6.1047E-05
    671  7.60E-02  5.25E+01  0.00E+00  0.00E+00  0.00E+00  0.00E+00 -6.1047E-05
    672  8.36E-02  5.26E+01  0.00E+00  0.00E+00  0.00E+00  0.00E+00 -6.1047E-05
    673  9.20E-02  5.27E+01  0.00E+00  0.00E+00  0.00E+00  0.00E+00 -6.1047E-05
    674  4.60E-02  5.28E+01  0.00E+00  0.00E+00  0.00E+00  0.00E+00 -6.1047E-05
    675  5.06E-02  5.28E+01  0.00E+00  0.00E+00  0.00E+00  0.00E+00 -6.1047E-05
    676  5.06E-02  5.29E+01  0.00E+00  0.00E+00  0.00E+00  0.00E+00 -6.1047E-05
    677  5.57E-02  5.29E+01  0.00E+00  0.00E+00  0.00E+00  0.00E+00 -6.1047E-05
    678  6.12E-02  5.30E+01  0.00E+00  0.00E+00  0.00E+00  0.00E+00 -6.1047E-05
    679  6.74E-02  5.31E+01  0.00E+00  0.00E+00  0.00E+00  0.00E+00 -6.1047E-05
    680  6.74E-02  5.31E+01  0.00E+00  0.00E+00  0.00E+00  0.00E+00 -6.1047E-05
    681  7.41E-02  5.32E+01  0.00E+00  0.00E+00  0.00E+00  0.00E+00 -6.1047E-05
    682  8.15E-02  5.33E+01  0.00E+00  0.00E+00  0.00E+00  0.00E+00 -6.1047E-05
    683  8.96E-02  5.34E+01  0.00E+00  0.00E+00  0.00E+00  0.00E+00 -6.1047E-05
    684  9.86E-02  5.35E+01  0.00E+00  0.00E+00  0.00E+00  0.00E+00 -6.1047E-05
    685  4.93E-02  5.35E+01  0.00E+00  0.00E+00  0.00E+00  0.00E+00 -6.1047E-05
    686  5.42E-02  5.36E+01  0.00E+00  0.00E+00  0.00E+00  0.00E+00 -6.1047E-05
    687  5.42E-02  5.36E+01  0.00E+00  0.00E+00  0.00E+00  0.00E+00 -6.1047E-05
    688  5.97E-02  5.37E+01  0.00E+00  0.00E+00  0.00E+00  0.00E+00 -6.1047E-05
    689  6.56E-02  5.37E+01  0.00E+00  0.00E+00  0.00E+00  0.00E+00 -6.1047E-05
    690  7.22E-02  5.38E+01  0.00E+00  0.00E+00  0.00E+00  0.00E+00 -6.1047E-05
    691  7.94E-02  5.39E+01  0.00E+00  0.00E+00  0.00E+00  0.00E+00 -6.1047E-05
    692  8.73E-02  5.40E+01  0.00E+00  0.00E+00  0.00E+00  0.00E+00 -6.1047E-05
    693  9.61E-02  5.41E+01  0.00E+00  0.00E+00  0.00E+00  0.00E+00 -6.1047E-05
    694  1.06E-01  5.42E+01  0.00E+00  0.00E+00  0.00E+00  0.00E+00 -6.1047E-05
    695  1.16E-01  5.43E+01  0.00E+00  0.00E+00  0.00E+00  0.00E+00 -6.1047E-05
    696  1.28E-01  5.44E+01  0.00E+00  0.00E+00  0.00E+00  0.00E+00 -6.1047E-05
    697  1.41E-01  5.46E+01  0.00E+00  0.00E+00  0.00E+00  0.00E+00 -6.1047E-05
    698  1.55E-01  5.47E+01  0.00E+00  0.00E+00  0.00E+00  0.00E+00 -6.1047E-05
    699  1.70E-01  5.49E+01  0.00E+00  0.00E+00  0.00E+00  0.00E+00 -6.1047E-05
    700  1.87E-01  5.51E+01  0.00E+00  0.00E+00  0.00E+00  0.00E+00 -6.1047E-05
    701  1.87E-01  5.53E+01  0.00E+00  0.00E+00  0.00E+00  0.00E+00 -6.1047E-05
    702  2.06E-01  5.55E+01  0.00E+00  0.00E+00  0.00E+00  0.00E+00 -6.1047E-05
    703  2.27E-01  5.57E+01  0.00E+00  0.00E+00  0.00E+00  0.00E+00 -6.1047E-05
    704  1.13E-01  5.58E+01  0.00E+00  0.00E+00  0.00E+00  0.00E+00 -6.1047E-05
    705  1.25E-01  5.59E+01  0.00E+00  0.00E+00  0.00E+00  0.00E+00 -6.1047E-05
    706  1.37E-01  5.61E+01  0.00E+00  0.00E+00  0.00E+00  0.00E+00 -6.1047E-05
    707  1.51E-01  5.62E+01  0.00E+00  0.00E+00  0.00E+00  0.00E+00 -6.1047E-05
    708  1.66E-01  5.64E+01  0.00E+00  0.00E+00  0.00E+00  0.00E+00 -6.1047E-05
    709  1.82E-01  5.66E+01  0.00E+00  0.00E+00  0.00E+00  0.00E+00 -6.1047E-05
    710  2.01E-01  5.68E+01  0.00E+00  0.00E+00  0.00E+00  0.00E+00 -6.1047E-05
    711  2.21E-01  5.70E+01  0.00E+00  0.00E+00  0.00E+00  0.00E+00 -6.1047E-05
    712  2.43E-01  5.72E+01  0.00E+00  0.00E+00  0.00E+00  0.00E+00 -6.1047E-05
    713  2.67E-01  5.75E+01  0.00E+00  0.00E+00  0.00E+00  0.00E+00 -6.1047E-05
    714  2.94E-01  5.78E+01  0.00E+00  0.00E+00  0.00E+00  0.00E+00 -6.1047E-05
    715  3.23E-01  5.81E+01  0.00E+00  0.00E+00  0.00E+00  0.00E+00 -6.1047E-05
    716  3.56E-01  5.85E+01  0.00E+00  0.00E+00  0.00E+00  0.00E+00 -6.1047E-05
    717  1.78E-01  5.87E+01  0.00E+00  0.00E+00  0.00E+00  0.00E+00 -6.1047E-05
    718  1.96E-01  5.89E+01  0.00E+00  0.00E+00  0.00E+00  0.00E+00 -6.1047E-05
    719  2.15E-01  5.91E+01  0.00E+00  0.00E+00  0.00E+00  0.00E+00 -6.1047E-05
    720  1.08E-01  5.92E+01  0.00E+00  0.00E+00  0.00E+00  0.00E+00 -6.1047E-05
    721  5.38E-02  5.92E+01  0.00E+00  0.00E+00  0.00E+00  0.00E+00 -6.1047E-05
    722  5.92E-02  5.93E+01  0.00E+00  0.00E+00  0.00E+00  0.00E+00 -6.1047E-05
    723  6.51E-02  5.94E+01  0.00E+00  0.00E+00  0.00E+00  0.00E+00 -6.1047E-05
    724  7.16E-02  5.94E+01  0.00E+00  0.00E+00  0.00E+00  0.00E+00 -6.1047E-05
    725  3.58E-02  5.95E+01  0.00E+00  0.00E+00  0.00E+00  0.00E+00 -6.1047E-05
    726  3.94E-02  5.95E+01  0.00E+00  0.00E+00  0.00E+00  0.00E+00 -6.1047E-05
    727  4.33E-02  5.95E+01  0.00E+00  0.00E+00  0.00E+00  0.00E+00 -6.1047E-05
    728  4.76E-02  5.96E+01  0.00E+00  0.00E+00  0.00E+00  0.00E+00 -6.1047E-05
    729  5.24E-02  5.96E+01  0.00E+00  0.00E+00  0.00E+00  0.00E+00 -6.1047E-05
    730  2.62E-02  5.97E+01  0.00E+00  0.00E+00  0.00E+00  0.00E+00 -6.1047E-05
    731  2.88E-02  5.97E+01  0.00E+00  0.00E+00  0.00E+00  0.00E+00 -6.1047E-05
    732  3.17E-02  5.97E+01  0.00E+00  0.00E+00  0.00E+00  0.00E+00 -6.1047E-05
    733  3.49E-02  5.98E+01  0.00E+00  0.00E+00  0.00E+00  0.00E+00 -6.1047E-05
    734  3.84E-02  5.98E+01  0.00E+00  0.00E+00  0.00E+00  0.00E+00 -6.1047E-05
    735  4.22E-02  5.98E+01  0.00E+00  0.00E+00  0.00E+00  0.00E+00 -6.1047E-05
    736  4.64E-02  5.99E+01  0.00E+00  0.00E+00  0.00E+00  0.00E+00 -6.1047E-05
    737  5.11E-02  5.99E+01  0.00E+00  0.00E+00  0.00E+00  0.00E+00 -6.1047E-05
    738  5.62E-02  6.00E+01  0.00E+00  0.00E+00  0.00E+00  0.00E+00 -6.1047E-05
    739  6.18E-02  6.01E+01  0.00E+00  0.00E+00  0.00E+00  0.00E+00 -6.1047E-05
    740  6.79E-02  6.01E+01  0.00E+00  0.00E+00  0.00E+00  0.00E+00 -6.1047E-05
    741  7.47E-02  6.02E+01  0.00E+00  0.00E+00  0.00E+00  0.00E+00 -6.1047E-05
    742  8.22E-02  6.03E+01  0.00E+00  0.00E+00  0.00E+00  0.00E+00 -6.1047E-05
    743  9.04E-02  6.04E+01  0.00E+00  0.00E+00  0.00E+00  0.00E+00 -6.1047E-05
    744  9.95E-02  6.05E+01  0.00E+00  0.00E+00  0.00E+00  0.00E+00 -6.1047E-05
    745  1.09E-01  6.06E+01  0.00E+00  0.00E+00  0.00E+00  0.00E+00 -6.1047E-05
    746  1.20E-01  6.07E+01  0.00E+00  0.00E+00  0.00E+00  0.00E+00 -6.1047E-05
    747  1.32E-01  6.08E+01  0.00E+00  0.00E+00  0.00E+00  0.00E+00 -6.1047E-05
    748  1.46E-01  6.10E+01  0.00E+00  0.00E+00  0.00E+00  0.00E+00 -6.1047E-05
    749  1.60E-01  6.11E+01  0.00E+00  0.00E+00  0.00E+00  0.00E+00 -6.1047E-05
    750  1.76E-01  6.13E+01  0.00E+00  0.00E+00  0.00E+00  0.00E+00 -6.1047E-05
    751  8.81E-02  6.14E+01  0.00E+00  0.00E+00  0.00E+00  0.00E+00 -6.1047E-05
    752  9.69E-02  6.15E+01  0.00E+00  0.00E+00  0.00E+00  0.00E+00 -6.1047E-05
    753  1.07E-01  6.16E+01  0.00E+00  0.00E+00  0.00E+00  0.00E+00 -6.1047E-05
    754  1.17E-01  6.17E+01  0.00E+00  0.00E+00  0.00E+00  0.00E+00 -6.1047E-05
    755  1.29E-01  6.19E+01  0.00E+00  0.00E+00  0.00E+00  0.00E+00 -6.1047E-05
    756  1.42E-01  6.20E+01  0.00E+00  0.00E+00  0.00E+00  0.00E+00 -6.1047E-05
    757  1.56E-01  6.22E+01  0.00E+00  0.00E+00  0.00E+00  0.00E+00 -6.1047E-05
    758  1.72E-01  6.23E+01  0.00E+00  0.00E+00  0.00E+00  0.00E+00 -6.1047E-05
    759  8.59E-02  6.24E+01  0.00E+00  0.00E+00  0.00E+00  0.00E+00 -6.1047E-05
    760  8.59E-02  6.25E+01  0.00E+00  0.00E+00  0.00E+00  0.00E+00 -6.1047E-05
    761  9.44E-02  6.26E+01  0.00E+00  0.00E+00  0.00E+00  0.00E+00 -6.1047E-05
    762  1.04E-01  6.27E+01  0.00E+00  0.00E+00  0.00E+00  0.00E+00 -6.1047E-05
    763  5.19E-02  6.28E+01  0.00E+00  0.00E+00  0.00E+00  0.00E+00 -6.1047E-05
    764  5.71E-02  6.28E+01  0.00E+00  0.00E+00  0.00E+00  0.00E+00 -6.1047E-05
    765  6.29E-02  6.29E+01  0.00E+00  0.00E+00  0.00E+00  0.00E+00 -6.1047E-05
    766  6.91E-02  6.29E+01  0.00E+00  0.00E+00  0.00E+00  0.00E+00 -6.1047E-05
    767  7.61E-02  6.30E+01  0.00E+00  0.00E+00  0.00E+00  0.00E+00 -6.1047E-05
    768  8.37E-02  6.31E+01  0.00E+00  0.00E+00  0.00E+00  0.00E+00 -6.1047E-05
    769  9.20E-02  6.32E+01  0.00E+00  0.00E+00  0.00E+00  0.00E+00 -6.1047E-05
    770  1.01E-01  6.33E+01  0.00E+00  0.00E+00  0.00E+00  0.00E+00 -6.1047E-05
    771  1.11E-01  6.34E+01  0.00E+00  0.00E+00  0.00E+00  0.00E+00 -6.1047E-05
    772  1.22E-01  6.35E+01  0.00E+00  0.00E+00  0.00E+00  0.00E+00 -6.1047E-05
    773  1.35E-01  6.37E+01  0.00E+00  0.00E+00  0.00E+00  0.00E+00 -6.1047E-05
    774  1.48E-01  6.38E+01  0.00E+00  0.00E+00  0.00E+00  0.00E+00 -6.1047E-05
    775  1.63E-01  6.40E+01  0.00E+00  0.00E+00  0.00E+00  0.00E+00 -6.1047E-05
    776  1.79E-01  6.42E+01  0.00E+00  0.00E+00  0.00E+00  0.00E+00 -6.1047E-05
    777  1.97E-01  6.44E+01  0.00E+00  0.00E+00  0.00E+00  0.00E+00 -6.1047E-05
    778  2.17E-01  6.46E+01  0.00E+00  0.00E+00  0.00E+00  0.00E+00 -6.1047E-05
    779  2.39E-01  6.48E+01  0.00E+00  0.00E+00  0.00E+00  0.00E+00 -6.1047E-05
    780  2.63E-01  6.51E+01  0.00E+00  0.00E+00  0.00E+00  0.00E+00 -6.1047E-05
    781  2.89E-01  6.54E+01  0.00E+00  0.00E+00  0.00E+00  0.00E+00 -6.1047E-05
    782  7.94E-02  6.54E+01  0.00E+00  0.00E+00  0.00E+00  0.00E+00 -6.1047E-05
    783  4.37E-02  6.55E+01  0.00E+00  0.00E+00  0.00E+00  0.00E+00 -6.1047E-05
    784  1.20E-02  6.55E+01  0.00E+00  0.00E+00  0.00E+00  0.00E+00 -6.1047E-05
    785  1.32E-02  6.55E+01  0.00E+00  0.00E+00  0.00E+00  0.00E+00 -6.1047E-05
    786  1.45E-02  6.55E+01  0.00E+00  0.00E+00  0.00E+00  0.00E+00 -6.1047E-05
    787  1.60E-02  6.55E+01  0.00E+00  0.00E+00  0.00E+00  0.00E+00 -6.1047E-05
    788  1.76E-02  6.56E+01  0.00E+00  0.00E+00  0.00E+00  0.00E+00 -6.1047E-05
    789  1.00E-02  6.56E+01  0.00E+00  0.00E+00  0.00E+00  0.00E+00 -6.1047E-05
    790  1.10E-02  6.56E+01  0.00E+00  0.00E+00  0.00E+00  0.00E+00 -6.1047E-05
    791  1.21E-02  6.56E+01  0.00E+00  0.00E+00  0.00E+00  0.00E+00 -6.1047E-05
    792  1.33E-02  6.56E+01  0.00E+00  0.00E+00  0.00E+00  0.00E+00 -6.1047E-05
    793  1.46E-02  6.56E+01  0.00E+00  0.00E+00  0.00E+00  0.00E+00 -6.1047E-05
    794  1.61E-02  6.56E+01  0.00E+00  0.00E+00  0.00E+00  0.00E+00 -6.1047E-05
    795  1.77E-02  6.56E+01  0.00E+00  0.00E+00  0.00E+00  0.00E+00 -6.1047E-05
    796  1.95E-02  6.57E+01  0.00E+00  0.00E+00  0.00E+00  0.00E+00 -6.1047E-05
    797  2.14E-02  6.57E+01  0.00E+00  0.00E+00  0.00E+00  0.00E+00 -6.1047E-05
    798  2.36E-02  6.57E+01  0.00E+00  0.00E+00  0.00E+00  0.00E+00 -6.1047E-05
    799  2.59E-02  6.57E+01  0.00E+00  0.00E+00  0.00E+00  0.00E+00 -6.1047E-05
    800  2.85E-02  6.58E+01  0.00E+00  0.00E+00  0.00E+00  0.00E+00 -6.1047E-05
    801  3.14E-02  6.58E+01  0.00E+00  0.00E+00  0.00E+00  0.00E+00 -6.1047E-05
    802  3.45E-02  6.58E+01  0.00E+00  0.00E+00  0.00E+00  0.00E+00 -6.1047E-05
    803  3.80E-02  6.59E+01  0.00E+00  0.00E+00  0.00E+00  0.00E+00 -6.1047E-05
    804  4.18E-02  6.59E+01  0.00E+00  0.00E+00  0.00E+00  0.00E+00 -6.1047E-05
    805  4.59E-02  6.60E+01  0.00E+00  0.00E+00  0.00E+00  0.00E+00 -6.1047E-05
    806  5.05E-02  6.60E+01  0.00E+00  0.00E+00  0.00E+00  0.00E+00 -6.1047E-05
    807  5.56E-02  6.61E+01  0.00E+00  0.00E+00  0.00E+00  0.00E+00 -6.1047E-05
    808  2.78E-02  6.61E+01  0.00E+00  0.00E+00  0.00E+00  0.00E+00 -6.1047E-05
    809  3.06E-02  6.61E+01  0.00E+00  0.00E+00  0.00E+00  0.00E+00 -6.1047E-05
    810  3.36E-02  6.62E+01  0.00E+00  0.00E+00  0.00E+00  0.00E+00 -6.1047E-05
    811  3.70E-02  6.62E+01  0.00E+00  0.00E+00  0.00E+00  0.00E+00 -6.1047E-05
    812  4.07E-02  6.62E+01  0.00E+00  0.00E+00  0.00E+00  0.00E+00 -6.1047E-05
    813  4.48E-02  6.63E+01  0.00E+00  0.00E+00  0.00E+00  0.00E+00 -6.1047E-05
    814  4.92E-02  6.63E+01  0.00E+00  0.00E+00  0.00E+00  0.00E+00 -6.1047E-05
    815  5.42E-02  6.64E+01  0.00E+00  0.00E+00  0.00E+00  0.00E+00 -6.1047E-05
    816  5.96E-02  6.64E+01  0.00E+00  0.00E+00  0.00E+00  0.00E+00 -6.1047E-05
    817  6.55E-02  6.65E+01  0.00E+00  0.00E+00  0.00E+00  0.00E+00 -6.1047E-05
    818  7.21E-02  6.66E+01  0.00E+00  0.00E+00  0.00E+00  0.00E+00 -6.1047E-05
    819  7.93E-02  6.67E+01  0.00E+00  0.00E+00  0.00E+00  0.00E+00 -6.1047E-05
    820  8.72E-02  6.67E+01  0.00E+00  0.00E+00  0.00E+00  0.00E+00 -6.1047E-05
    821  9.60E-02  6.68E+01  0.00E+00  0.00E+00  0.00E+00  0.00E+00 -6.1047E-05
    822  1.06E-01  6.69E+01  0.00E+00  0.00E+00  0.00E+00  0.00E+00 -6.1047E-05
    823  1.16E-01  6.71E+01  0.00E+00  0.00E+00  0.00E+00  0.00E+00 -6.1047E-05
    824  1.28E-01  6.72E+01  0.00E+00  0.00E+00  0.00E+00  0.00E+00 -6.1047E-05
    825  1.41E-01  6.73E+01  0.00E+00  0.00E+00  0.00E+00  0.00E+00 -6.1047E-05
    826  1.55E-01  6.75E+01  0.00E+00  0.00E+00  0.00E+00  0.00E+00 -6.1047E-05
    827  1.70E-01  6.77E+01  0.00E+00  0.00E+00  0.00E+00  0.00E+00 -6.1047E-05
    828  8.50E-02  6.77E+01  0.00E+00  0.00E+00  0.00E+00  0.00E+00 -6.1047E-05
    829  9.35E-02  6.78E+01  0.00E+00  0.00E+00  0.00E+00  0.00E+00 -6.1047E-05
    830  1.03E-01  6.79E+01  0.00E+00  0.00E+00  0.00E+00  0.00E+00 -6.1047E-05
    831  1.13E-01  6.81E+01  0.00E+00  0.00E+00  0.00E+00  0.00E+00 -6.1047E-05
    832  1.24E-01  6.82E+01  0.00E+00  0.00E+00  0.00E+00  0.00E+00 -6.1047E-05
    833  1.37E-01  6.83E+01  0.00E+00  0.00E+00  0.00E+00  0.00E+00 -6.1047E-05
    834  1.51E-01  6.85E+01  0.00E+00  0.00E+00  0.00E+00  0.00E+00 -6.1047E-05
    835  1.66E-01  6.86E+01  0.00E+00  0.00E+00  0.00E+00  0.00E+00 -6.1047E-05
    836  1.82E-01  6.88E+01  0.00E+00  0.00E+00  0.00E+00  0.00E+00 -6.1047E-05
    837  2.00E-01  6.90E+01  0.00E+00  0.00E+00  0.00E+00  0.00E+00 -6.1047E-05
    838  1.00E-01  6.91E+01  0.00E+00  0.00E+00  0.00E+00  0.00E+00 -6.1047E-05
    839  1.10E-01  6.92E+01  0.00E+00  0.00E+00  0.00E+00  0.00E+00 -6.1047E-05
    840  1.21E-01  6.93E+01  0.00E+00  0.00E+00  0.00E+00  0.00E+00 -6.1047E-05
    841  1.33E-01  6.95E+01  0.00E+00  0.00E+00  0.00E+00  0.00E+00 -6.1047E-05
    842  1.47E-01  6.96E+01  0.00E+00  0.00E+00  0.00E+00  0.00E+00 -6.1047E-05
    843  1.61E-01  6.98E+01  0.00E+00  0.00E+00  0.00E+00  0.00E+00 -6.1047E-05
    844  8.07E-02  6.99E+01  0.00E+00  0.00E+00  0.00E+00  0.00E+00 -6.1047E-05
    845  8.88E-02  7.00E+01  0.00E+00  0.00E+00  0.00E+00  0.00E+00 -6.1047E-05
    846  9.77E-02  7.01E+01  0.00E+00  0.00E+00  0.00E+00  0.00E+00 -6.1047E-05
    847  1.07E-01  7.02E+01  0.00E+00  0.00E+00  0.00E+00  0.00E+00 -6.1047E-05
    848  1.18E-01  7.03E+01  0.00E+00  0.00E+00  0.00E+00  0.00E+00 -6.1047E-05
    849  1.30E-01  7.04E+01  0.00E+00  0.00E+00  0.00E+00  0.00E+00 -6.1047E-05
    850  1.43E-01  7.06E+01  0.00E+00  0.00E+00  0.00E+00  0.00E+00 -6.1047E-05
    851  1.57E-01  7.07E+01  0.00E+00  0.00E+00  0.00E+00  0.00E+00 -6.1047E-05
    852  1.73E-01  7.09E+01  0.00E+00  0.00E+00  0.00E+00  0.00E+00 -6.1047E-05
    853  1.90E-01  7.11E+01  0.00E+00  0.00E+00  0.00E+00  0.00E+00 -6.1047E-05
    854  2.09E-01  7.13E+01  0.00E+00  0.00E+00  0.00E+00  0.00E+00 -6.1047E-05
    855  2.30E-01  7.15E+01  0.00E+00  0.00E+00  0.00E+00  0.00E+00 -6.1047E-05
    856  2.53E-01  7.18E+01  0.00E+00  0.00E+00  0.00E+00  0.00E+00 -6.1047E-05
    857  2.79E-01  7.20E+01  0.00E+00  0.00E+00  0.00E+00  0.00E+00 -6.1047E-05
    858  3.06E-01  7.24E+01  0.00E+00  0.00E+00  0.00E+00  0.00E+00 -6.1047E-05
    859  1.53E-01  7.25E+01  0.00E+00  0.00E+00  0.00E+00  0.00E+00 -6.1047E-05
    860  7.66E-02  7.26E+01  0.00E+00  0.00E+00  0.00E+00  0.00E+00 -6.1047E-05
    861  8.43E-02  7.27E+01  0.00E+00  0.00E+00  0.00E+00  0.00E+00 -6.1047E-05
    862  9.27E-02  7.28E+01  0.00E+00  0.00E+00  0.00E+00  0.00E+00 -6.1047E-05
    863  1.02E-01  7.29E+01  0.00E+00  0.00E+00  0.00E+00  0.00E+00 -6.1047E-05
    864  1.12E-01  7.30E+01  0.00E+00  0.00E+00  0.00E+00  0.00E+00 -6.1047E-05
    865  1.23E-01  7.31E+01  0.00E+00  0.00E+00  0.00E+00  0.00E+00 -6.1047E-05
    866  1.36E-01  7.32E+01  0.00E+00  0.00E+00  0.00E+00  0.00E+00 -6.1047E-05
    867  1.49E-01  7.34E+01  0.00E+00  0.00E+00  0.00E+00  0.00E+00 -6.1047E-05
    868  1.64E-01  7.35E+01  0.00E+00  0.00E+00  0.00E+00  0.00E+00 -6.1047E-05
    869  1.81E-01  7.37E+01  0.00E+00  0.00E+00  0.00E+00  0.00E+00 -6.1047E-05
    870  1.99E-01  7.39E+01  0.00E+00  0.00E+00  0.00E+00  0.00E+00 -6.1047E-05
    871  9.94E-02  7.40E+01  0.00E+00  0.00E+00  0.00E+00  0.00E+00 -6.1047E-05
    872  1.09E-01  7.41E+01  0.00E+00  0.00E+00  0.00E+00  0.00E+00 -6.1047E-05
    873  1.20E-01  7.43E+01  0.00E+00  0.00E+00  0.00E+00  0.00E+00 -6.1047E-05
    874  1.32E-01  7.44E+01  0.00E+00  0.00E+00  0.00E+00  0.00E+00 -6.1047E-05
    875  1.45E-01  7.45E+01  0.00E+00  0.00E+00  0.00E+00  0.00E+00 -6.1047E-05
    876  7.27E-02  7.46E+01  0.00E+00  0.00E+00  0.00E+00  0.00E+00 -6.1047E-05
    877  4.00E-02  7.46E+01  0.00E+00  0.00E+00  0.00E+00  0.00E+00 -6.1047E-05
    878  4.40E-02  7.47E+01  0.00E+00  0.00E+00  0.00E+00  0.00E+00 -6.1047E-05
    879  4.40E-02  7.47E+01  0.00E+00  0.00E+00  0.00E+00  0.00E+00 -6.1047E-05
    880  4.84E-02  7.48E+01  0.00E+00  0.00E+00  0.00E+00  0.00E+00 -6.1047E-05
    881  5.33E-02  7.48E+01  0.00E+00  0.00E+00  0.00E+00  0.00E+00 -6.1047E-05
    882  5.86E-02  7.49E+01  0.00E+00  0.00E+00  0.00E+00  0.00E+00 -6.1047E-05
    883  6.44E-02  7.50E+01  0.00E+00  0.00E+00  0.00E+00  0.00E+00 -6.1047E-05
    884  7.09E-02  7.50E+01  0.00E+00  0.00E+00  0.00E+00  0.00E+00 -6.1047E-05
    885  7.80E-02  7.51E+01  0.00E+00  0.00E+00  0.00E+00  0.00E+00 -6.1047E-05
    886  8.58E-02  7.52E+01  0.00E+00  0.00E+00  0.00E+00  0.00E+00 -6.1047E-05
    887  9.43E-02  7.53E+01  0.00E+00  0.00E+00  0.00E+00  0.00E+00 -6.1047E-05
    888  1.04E-01  7.54E+01  0.00E+00  0.00E+00  0.00E+00  0.00E+00 -6.1047E-05
    889  1.14E-01  7.55E+01  0.00E+00  0.00E+00  0.00E+00  0.00E+00 -6.1047E-05
    890  1.26E-01  7.56E+01  0.00E+00  0.00E+00  0.00E+00  0.00E+00 -6.1047E-05
    891  1.38E-01  7.58E+01  0.00E+00  0.00E+00  0.00E+00  0.00E+00 -6.1047E-05
    892  1.52E-01  7.59E+01  0.00E+00  0.00E+00  0.00E+00  0.00E+00 -6.1047E-05
    893  1.67E-01  7.61E+01  0.00E+00  0.00E+00  0.00E+00  0.00E+00 -6.1047E-05
    894  1.84E-01  7.63E+01  0.00E+00  0.00E+00  0.00E+00  0.00E+00 -6.1047E-05
    895  2.02E-01  7.65E+01  0.00E+00  0.00E+00  0.00E+00  0.00E+00 -6.1047E-05
    896  5.56E-02  7.65E+01  0.00E+00  0.00E+00  0.00E+00  0.00E+00 -6.1047E-05
    897  1.53E-02  7.65E+01  0.00E+00  0.00E+00  0.00E+00  0.00E+00 -6.1047E-05
    898  1.53E-02  7.66E+01  0.00E+00  0.00E+00  0.00E+00  0.00E+00 -6.1047E-05
    899  1.68E-02  7.66E+01  0.00E+00  0.00E+00  0.00E+00  0.00E+00 -6.1047E-05
    900  1.85E-02  7.66E+01  0.00E+00  0.00E+00  0.00E+00  0.00E+00 -6.1047E-05
    901  2.04E-02  7.66E+01  0.00E+00  0.00E+00  0.00E+00  0.00E+00 -6.1047E-05
    902  2.24E-02  7.66E+01  0.00E+00  0.00E+00  0.00E+00  0.00E+00 -6.1047E-05
    903  2.46E-02  7.67E+01  0.00E+00  0.00E+00  0.00E+00  0.00E+00 -6.1047E-05
    904  2.71E-02  7.67E+01  0.00E+00  0.00E+00  0.00E+00  0.00E+00 -6.1047E-05
    905  2.98E-02  7.67E+01  0.00E+00  0.00E+00  0.00E+00  0.00E+00 -6.1047E-05
    906  3.28E-02  7.67E+01  0.00E+00  0.00E+00  0.00E+00  0.00E+00 -6.1047E-05
    907  3.61E-02  7.68E+01  0.00E+00  0.00E+00  0.00E+00  0.00E+00 -6.1047E-05
    908  3.97E-02  7.68E+01  0.00E+00  0.00E+00  0.00E+00  0.00E+00 -6.1047E-05
    909  1.98E-02  7.68E+01  0.00E+00  0.00E+00  0.00E+00  0.00E+00 -6.1047E-05
    910  2.18E-02  7.69E+01  0.00E+00  0.00E+00  0.00E+00  0.00E+00 -6.1047E-05
    911  2.40E-02  7.69E+01  0.00E+00  0.00E+00  0.00E+00  0.00E+00 -6.1047E-05
    912  2.64E-02  7.69E+01  0.00E+00  0.00E+00  0.00E+00  0.00E+00 -6.1047E-05
    913  2.90E-02  7.69E+01  0.00E+00  0.00E+00  0.00E+00  0.00E+00 -6.1047E-05
    914  3.19E-02  7.70E+01  0.00E+00  0.00E+00  0.00E+00  0.00E+00 -6.1047E-05
    915  3.51E-02  7.70E+01  0.00E+00  0.00E+00  0.00E+00  0.00E+00 -6.1047E-05
    916  3.86E-02  7.71E+01  0.00E+00  0.00E+00  0.00E+00  0.00E+00 -6.1047E-05
    917  4.25E-02  7.71E+01  0.00E+00  0.00E+00  0.00E+00  0.00E+00 -6.1047E-05
    918  4.68E-02  7.71E+01  0.00E+00  0.00E+00  0.00E+00  0.00E+00 -6.1047E-05
    919  5.14E-02  7.72E+01  0.00E+00  0.00E+00  0.00E+00  0.00E+00 -6.1047E-05
    920  5.66E-02  7.72E+01  0.00E+00  0.00E+00  0.00E+00  0.00E+00 -6.1047E-05
    921  6.22E-02  7.73E+01  0.00E+00  0.00E+00  0.00E+00  0.00E+00 -6.1047E-05
    922  6.85E-02  7.74E+01  0.00E+00  0.00E+00  0.00E+00  0.00E+00 -6.1047E-05
    923  7.53E-02  7.75E+01  0.00E+00  0.00E+00  0.00E+00  0.00E+00 -6.1047E-05
    924  8.28E-02  7.75E+01  0.00E+00  0.00E+00  0.00E+00  0.00E+00 -6.1047E-05
    925  9.11E-02  7.76E+01  0.00E+00  0.00E+00  0.00E+00  0.00E+00 -6.1047E-05
    926  1.00E-01  7.77E+01  0.00E+00  0.00E+00  0.00E+00  0.00E+00 -6.1047E-05
    927  1.10E-01  7.78E+01  0.00E+00  0.00E+00  0.00E+00  0.00E+00 -6.1047E-05
    928  1.21E-01  7.80E+01  0.00E+00  0.00E+00  0.00E+00  0.00E+00 -6.1047E-05
    929  1.33E-01  7.81E+01  0.00E+00  0.00E+00  0.00E+00  0.00E+00 -6.1047E-05
    930  1.47E-01  7.82E+01  0.00E+00  0.00E+00  0.00E+00  0.00E+00 -6.1047E-05
    931  1.61E-01  7.84E+01  0.00E+00  0.00E+00  0.00E+00  0.00E+00 -6.1047E-05
    932  1.78E-01  7.86E+01  0.00E+00  0.00E+00  0.00E+00  0.00E+00 -6.1047E-05
    933  1.95E-01  7.88E+01  0.00E+00  0.00E+00  0.00E+00  0.00E+00 -6.1047E-05
    934  2.15E-01  7.90E+01  0.00E+00  0.00E+00  0.00E+00  0.00E+00 -6.1047E-05
    935  2.36E-01  7.92E+01  0.00E+00  0.00E+00  0.00E+00  0.00E+00 -6.1047E-05
    936  2.60E-01  7.95E+01  0.00E+00  0.00E+00  0.00E+00  0.00E+00 -6.1047E-05
    937  1.30E-01  7.96E+01  0.00E+00  0.00E+00  0.00E+00  0.00E+00 -6.1047E-05
    938  1.43E-01  7.98E+01  0.00E+00  0.00E+00  0.00E+00  0.00E+00 -6.1047E-05
    939  1.57E-01  7.99E+01  0.00E+00  0.00E+00  0.00E+00  0.00E+00 -6.1047E-05
    940  7.87E-02  8.00E+01  0.00E+00  0.00E+00  0.00E+00  0.00E+00 -6.1047E-05
    941  8.65E-02  8.01E+01  0.00E+00  0.00E+00  0.00E+00  0.00E+00 -6.1047E-05
    942  9.52E-02  8.02E+01  0.00E+00  0.00E+00  0.00E+00  0.00E+00 -6.1047E-05
    943  1.05E-01  8.03E+01  0.00E+00  0.00E+00  0.00E+00  0.00E+00 -6.1047E-05
    944  1.15E-01  8.04E+01  0.00E+00  0.00E+00  0.00E+00  0.00E+00 -6.1047E-05
    945  5.76E-02  8.05E+01  0.00E+00  0.00E+00  0.00E+00  0.00E+00 -6.1047E-05
    946  6.33E-02  8.05E+01  0.00E+00  0.00E+00  0.00E+00  0.00E+00 -6.1047E-05
    947  6.97E-02  8.06E+01  0.00E+00  0.00E+00  0.00E+00  0.00E+00 -6.1047E-05
    948  7.66E-02  8.07E+01  0.00E+00  0.00E+00  0.00E+00  0.00E+00 -6.1047E-05
    949  8.43E-02  8.07E+01  0.00E+00  0.00E+00  0.00E+00  0.00E+00 -6.1047E-05
    950  9.27E-02  8.08E+01  0.00E+00  0.00E+00  0.00E+00  0.00E+00 -6.1047E-05
    951  1.02E-01  8.09E+01  0.00E+00  0.00E+00  0.00E+00  0.00E+00 -6.1047E-05
    952  1.12E-01  8.11E+01  0.00E+00  0.00E+00  0.00E+00  0.00E+00 -6.1047E-05
    953  1.23E-01  8.12E+01  0.00E+00  0.00E+00  0.00E+00  0.00E+00 -6.1047E-05
    954  1.36E-01  8.13E+01  0.00E+00  0.00E+00  0.00E+00  0.00E+00 -6.1047E-05
    955  1.49E-01  8.15E+01  0.00E+00  0.00E+00  0.00E+00  0.00E+00 -6.1047E-05
    956  1.64E-01  8.16E+01  0.00E+00  0.00E+00  0.00E+00  0.00E+00 -6.1047E-05
    957  1.81E-01  8.18E+01  0.00E+00  0.00E+00  0.00E+00  0.00E+00 -6.1047E-05
    958  1.99E-01  8.20E+01  0.00E+00  0.00E+00  0.00E+00  0.00E+00 -6.1047E-05
    959  2.19E-01  8.22E+01  0.00E+00  0.00E+00  0.00E+00  0.00E+00 -6.1047E-05
    960  2.41E-01  8.25E+01  0.00E+00  0.00E+00  0.00E+00  0.00E+00 -6.1047E-05
    961  2.65E-01  8.27E+01  0.00E+00  0.00E+00  0.00E+00  0.00E+00 -6.1047E-05
    962  2.91E-01  8.30E+01  0.00E+00  0.00E+00  0.00E+00  0.00E+00 -6.1047E-05
    963  3.20E-01  8.33E+01  0.00E+00  0.00E+00  0.00E+00  0.00E+00 -6.1047E-05
    964  3.52E-01  8.37E+01  0.00E+00  0.00E+00  0.00E+00  0.00E+00 -6.1047E-05
    965  3.87E-01  8.41E+01  0.00E+00  0.00E+00  0.00E+00  0.00E+00 -6.1047E-05
    966  4.26E-01  8.45E+01  0.00E+00  0.00E+00  0.00E+00  0.00E+00 -6.1047E-05
    967  4.69E-01  8.50E+01  0.00E+00  0.00E+00  0.00E+00  0.00E+00 -6.1047E-05
    968  5.16E-01  8.55E+01  0.00E+00  0.00E+00  0.00E+00  0.00E+00 -6.1047E-05
    969  5.67E-01  8.61E+01  0.00E+00  0.00E+00  0.00E+00  0.00E+00 -6.1047E-05
    970  6.24E-01  8.67E+01  0.00E+00  0.00E+00  0.00E+00  0.00E+00 -6.1047E-05
    971  6.86E-01  8.74E+01  0.00E+00  0.00E+00  0.00E+00  0.00E+00 -6.1047E-05
    972  7.55E-01  8.81E+01  0.00E+00  0.00E+00  0.00E+00  0.00E+00 -6.1047E-05
    973  8.30E-01  8.90E+01  0.00E+00  0.00E+00  0.00E+00  0.00E+00 -6.1047E-05
    974  9.13E-01  8.99E+01  0.00E+00  0.00E+00  0.00E+00  0.00E+00 -6.1047E-05
    975  1.00E+00  9.09E+01  0.00E+00  0.00E+00  0.00E+00  0.00E+00 -6.1047E-05
    976  1.11E+00  9.20E+01  0.00E+00  0.00E+00  0.00E+00  0.00E+00 -6.1047E-05
    977  5.53E-01  9.25E+01  0.00E+00  0.00E+00  0.00E+00  0.00E+00 -6.1047E-05
    978  6.08E-01  9.31E+01  0.00E+00  0.00E+00  0.00E+00  0.00E+00 -6.1047E-05
    979  6.69E-01  9.38E+01  0.00E+00  0.00E+00  0.00E+00  0.00E+00 -6.1047E-05
    980  7.35E-01  9.45E+01  0.00E+00  0.00E+00  0.00E+00  0.00E+00 -6.1047E-05
    981  8.09E-01  9.54E+01  0.00E+00  0.00E+00  0.00E+00  0.00E+00 -6.1047E-05
    982  4.05E-01  9.58E+01  0.00E+00  0.00E+00  0.00E+00  0.00E+00 -6.1047E-05
    983  4.45E-01  9.62E+01  0.00E+00  0.00E+00  0.00E+00  0.00E+00 -6.1047E-05
    984  4.89E-01  9.67E+01  0.00E+00  0.00E+00  0.00E+00  0.00E+00 -6.1047E-05
    985  5.38E-01  9.72E+01  0.00E+00  0.00E+00  0.00E+00  0.00E+00 -6.1047E-05
    986  2.69E-01  9.75E+01  0.00E+00  0.00E+00  0.00E+00  0.00E+00 -6.1047E-05
    987  2.96E-01  9.78E+01  0.00E+00  0.00E+00  0.00E+00  0.00E+00 -6.1047E-05
    988  3.26E-01  9.81E+01  0.00E+00  0.00E+00  0.00E+00  0.00E+00 -6.1047E-05
    989  3.58E-01  9.85E+01  0.00E+00  0.00E+00  0.00E+00  0.00E+00 -6.1047E-05
    990  3.94E-01  9.89E+01  0.00E+00  0.00E+00  0.00E+00  0.00E+00 -6.1047E-05
    991  4.34E-01  9.93E+01  0.00E+00  0.00E+00  0.00E+00  0.00E+00 -6.1047E-05
    992  2.17E-01  9.95E+01  0.00E+00  0.00E+00  0.00E+00  0.00E+00 -6.1047E-05
    993  2.38E-01  9.98E+01  0.00E+00  0.00E+00  0.00E+00  0.00E+00 -6.1047E-05
    994  2.62E-01  1.00E+02  0.00E+00  0.00E+00  0.00E+00  0.00E+00 -6.1047E-05
    995  2.89E-01  1.00E+02  0.00E+00  0.00E+00  0.00E+00  0.00E+00 -6.1047E-05
    996  3.17E-01  1.01E+02  0.00E+00  0.00E+00  0.00E+00  0.00E+00 -6.1047E-05
    997  3.49E-01  1.01E+02  0.00E+00  0.00E+00  0.00E+00  0.00E+00 -6.1047E-05
    998  3.84E-01  1.01E+02  0.00E+00  0.00E+00  0.00E+00  0.00E+00 -6.1047E-05
    999  4.22E-01  1.02E+02  0.00E+00  0.00E+00  0.00E+00  0.00E+00 -6.1047E-05
   1000  4.65E-01  1.02E+02  0.00E+00  0.00E+00  0.00E+00  0.00E+00 -6.1047E-05
   1001  2.32E-01  1.02E+02  0.00E+00  0.00E+00  0.00E+00  0.00E+00 -6.1047E-05
   1002  2.56E-01  1.03E+02  0.00E+00  0.00E+00  0.00E+00  0.00E+00 -6.1047E-05
   1003  2.81E-01  1.03E+02  0.00E+00  0.00E+00  0.00E+00  0.00E+00 -6.1047E-05
   1004  3.09E-01  1.03E+02  0.00E+00  0.00E+00  0.00E+00  0.00E+00 -6.1047E-05
   1005  3.40E-01  1.04E+02  0.00E+00  0.00E+00  0.00E+00  0.00E+00 -6.1047E-05
   1006  9.35E-02  1.04E+02  0.00E+00  0.00E+00  0.00E+00  0.00E+00 -6.1047E-05
   1007  5.15E-02  1.04E+02  0.00E+00  0.00E+00  0.00E+00  0.00E+00 -6.1047E-05
   1008  5.66E-02  1.04E+02  0.00E+00  0.00E+00  0.00E+00  0.00E+00 -6.1047E-05
   1009  6.23E-02  1.04E+02  0.00E+00  0.00E+00  0.00E+00  0.00E+00 -6.1047E-05
   1010  6.85E-02  1.04E+02  0.00E+00  0.00E+00  0.00E+00  0.00E+00 -6.1047E-05
   1011  7.53E-02  1.04E+02  0.00E+00  0.00E+00  0.00E+00  0.00E+00 -6.1047E-05
   1012  8.29E-02  1.04E+02  0.00E+00  0.00E+00  0.00E+00  0.00E+00 -6.1047E-05
   1013  9.11E-02  1.04E+02  0.00E+00  0.00E+00  0.00E+00  0.00E+00 -6.1047E-05
   1014  1.00E-01  1.04E+02  0.00E+00  0.00E+00  0.00E+00  0.00E+00 -6.1047E-05
   1015  1.10E-01  1.04E+02  0.00E+00  0.00E+00  0.00E+00  0.00E+00 -6.1047E-05
   1016  1.21E-01  1.05E+02  0.00E+00  0.00E+00  0.00E+00  0.00E+00 -6.1047E-05
   1017  1.33E-01  1.05E+02  0.00E+00  0.00E+00  0.00E+00  0.00E+00 -6.1047E-05
   1018  6.67E-02  1.05E+02  0.00E+00  0.00E+00  0.00E+00  0.00E+00 -6.1047E-05
   1019  7.34E-02  1.05E+02  0.00E+00  0.00E+00  0.00E+00  0.00E+00 -6.1047E-05
   1020  8.07E-02  1.05E+02  0.00E+00  0.00E+00  0.00E+00  0.00E+00 -6.1047E-05
   1021  8.88E-02  1.05E+02  0.00E+00  0.00E+00  0.00E+00  0.00E+00 -6.1047E-05
   1022  9.77E-02  1.05E+02  0.00E+00  0.00E+00  0.00E+00  0.00E+00 -6.1047E-05
   1023  1.07E-01  1.05E+02  0.00E+00  0.00E+00  0.00E+00  0.00E+00 -6.1047E-05
   1024  1.18E-01  1.05E+02  0.00E+00  0.00E+00  0.00E+00  0.00E+00 -6.1047E-05
   1025  1.30E-01  1.05E+02  0.00E+00  0.00E+00  0.00E+00  0.00E+00 -6.1047E-05
   1026  1.43E-01  1.06E+02  0.00E+00  0.00E+00  0.00E+00  0.00E+00 -6.1047E-05
   1027  1.57E-01  1.06E+02  0.00E+00  0.00E+00  0.00E+00  0.00E+00 -6.1047E-05
   1028  1.73E-01  1.06E+02  0.00E+00  0.00E+00  0.00E+00  0.00E+00 -6.1047E-05
   1029  1.90E-01  1.06E+02  0.00E+00  0.00E+00  0.00E+00  0.00E+00 -6.1047E-05
   1030  2.09E-01  1.06E+02  0.00E+00  0.00E+00  0.00E+00  0.00E+00 -6.1047E-05
   1031  2.30E-01  1.07E+02  0.00E+00  0.00E+00  0.00E+00  0.00E+00 -6.1047E-05
   1032  2.53E-01  1.07E+02  0.00E+00  0.00E+00  0.00E+00  0.00E+00 -6.1047E-05
   1033  2.79E-01  1.07E+02  0.00E+00  0.00E+00  0.00E+00  0.00E+00 -6.1047E-05
   1034  3.07E-01  1.07E+02  0.00E+00  0.00E+00  0.00E+00  0.00E+00 -6.1047E-05
   1035  3.37E-01  1.08E+02  0.00E+00  0.00E+00  0.00E+00  0.00E+00 -6.1047E-05
   1036  3.71E-01  1.08E+02  0.00E+00  0.00E+00  0.00E+00  0.00E+00 -6.1047E-05
   1037  4.08E-01  1.09E+02  0.00E+00  0.00E+00  0.00E+00  0.00E+00 -6.1047E-05
   1038  4.49E-01  1.09E+02  0.00E+00  0.00E+00  0.00E+00  0.00E+00 -6.1047E-05
