#       1
#          TIME               12
  5.00000000E+00  0.00000000E+00  0.00000000E+00  0.00000000E+00  0.00000000E+00
  1.05000000E+01  0.00000000E+00  0.00000000E+00  0.00000000E+00  0.00000000E+00
  1.65500000E+01  0.00000000E+00  0.00000000E+00  0.00000000E+00  0.00000000E+00
  2.32050000E+01  0.00000000E+00  0.00000000E+00  0.00000000E+00  0.00000000E+00
  3.05255000E+01  0.00000000E+00  0.00000000E+00  0.00000000E+00  0.00000000E+00
  3.85780500E+01  0.00000000E+00  0.00000000E+00  0.00000000E+00  0.00000000E+00
  4.74358550E+01  0.00000000E+00  0.00000000E+00  0.00000000E+00  0.00000000E+00
  5.71794405E+01  0.00000000E+00  0.00000000E+00  0.00000000E+00  0.00000000E+00
  6.78973846E+01  0.00000000E+00  0.00000000E+00  0.00000000E+00  0.00000000E+00
  7.96871230E+01  0.00000000E+00  0.00000000E+00  0.00000000E+00  0.00000000E+00
  9.26558353E+01  0.00000000E+00  0.00000000E+00  0.00000000E+00  0.00000000E+00
  1.06921419E+02  0.00000000E+00  0.00000000E+00  0.00000000E+00  0.00000000E+00
  1.22613561E+02  0.00000000E+00  0.00000000E+00  0.00000000E+00  0.00000000E+00
  1.39874917E+02  0.00000000E+00  0.00000000E+00  0.00000000E+00  0.00000000E+00
  1.58862408E+02  0.00000000E+00  0.00000000E+00  0.00000000E+00  0.00000000E+00
  1.79748649E+02  0.00000000E+00  0.00000000E+00  0.00000000E+00  0.00000000E+00
  2.02723514E+02  0.00000000E+00  0.00000000E+00  0.00000000E+00  0.00000000E+00
  2.27995866E+02  0.00000000E+00  0.00000000E+00  0.00000000E+00  0.00000000E+00
  2.55795452E+02  0.00000000E+00  0.00000000E+00  0.00000000E+00  0.00000000E+00
  2.86374997E+02  0.00000000E+00  0.00000000E+00  0.00000000E+00  0.00000000E+00
  3.20012497E+02  0.00000000E+00  0.00000000E+00  0.00000000E+00  0.00000000E+00
  3.57013747E+02  0.00000000E+00  0.00000000E+00  0.00000000E+00  0.00000000E+00
  3.97715122E+02  0.00000000E+00  0.00000000E+00  0.00000000E+00  0.00000000E+00
  4.42486634E+02  0.00000000E+00  0.00000000E+00  0.00000000E+00  0.00000000E+00
  4.91735297E+02  0.00000000E+00  0.00000000E+00  0.00000000E+00  0.00000000E+00
  5.45908827E+02  0.00000000E+00  0.00000000E+00  0.00000000E+00  0.00000000E+00
  6.05499710E+02  0.00000000E+00  0.00000000E+00  0.00000000E+00  0.00000000E+00
  6.71049681E+02  0.00000000E+00  0.00000000E+00  0.00000000E+00  0.00000000E+00
  7.43154649E+02  0.00000000E+00  0.00000000E+00  0.00000000E+00  0.00000000E+00
  8.22470113E+02  0.00000000E+00  0.00000000E+00  0.00000000E+00  0.00000000E+00
  9.09717125E+02  0.00000000E+00  0.00000000E+00  0.00000000E+00  0.00000000E+00
  1.00568884E+03  0.00000000E+00  0.00000000E+00  0.00000000E+00  0.00000000E+00
  1.10568884E+03  0.00000000E+00  0.00000000E+00  0.00000000E+00  0.00000000E+00
  1.20568884E+03  0.00000000E+00  0.00000000E+00  0.00000000E+00  0.00000000E+00
  1.30568884E+03  0.00000000E+00  0.00000000E+00  0.00000000E+00  0.00000000E+00
  1.40568884E+03  0.00000000E+00  0.00000000E+00  0.00000000E+00  0.00000000E+00
  1.50568884E+03  0.00000000E+00  0.00000000E+00  0.00000000E+00  0.00000000E+00
  1.60568884E+03  0.00000000E+00  0.00000000E+00  0.00000000E+00  0.00000000E+00
  1.70568884E+03  0.00000000E+00  0.00000000E+00  0.00000000E+00  0.00000000E+00
  1.80568884E+03  0.00000000E+00  0.00000000E+00  0.00000000E+00  0.00000000E+00
  1.90568884E+03  0.00000000E+00  0.00000000E+00  0.00000000E+00  0.00000000E+00
  2.00568884E+03  0.00000000E+00  0.00000000E+00  0.00000000E+00  0.00000000E+00
  2.10568884E+03  0.00000000E+00  0.00000000E+00  0.00000000E+00  0.00000000E+00
  2.20568884E+03  0.00000000E+00  0.00000000E+00  0.00000000E+00  0.00000000E+00
  2.30568884E+03  0.00000000E+00  0.00000000E+00  0.00000000E+00  0.00000000E+00
  2.40568884E+03  0.00000000E+00  0.00000000E+00  0.00000000E+00  0.00000000E+00
  2.50568884E+03  0.00000000E+00  0.00000000E+00  0.00000000E+00  0.00000000E+00
  2.60568884E+03  0.00000000E+00  0.00000000E+00  0.00000000E+00  0.00000000E+00
  2.70568884E+03  0.00000000E+00  0.00000000E+00  0.00000000E+00  0.00000000E+00
  2.80568884E+03  0.00000000E+00  0.00000000E+00  0.00000000E+00  0.00000000E+00
  2.90568884E+03  0.00000000E+00  0.00000000E+00  0.00000000E+00  0.00000000E+00
  3.00568884E+03  0.00000000E+00  0.00000000E+00  0.00000000E+00  0.00000000E+00
  3.10568884E+03  0.00000000E+00  0.00000000E+00  0.00000000E+00  0.00000000E+00
  3.20568884E+03  0.00000000E+00  0.00000000E+00  0.00000000E+00  0.00000000E+00
  3.30568884E+03  0.00000000E+00  0.00000000E+00  0.00000000E+00  0.00000000E+00
  3.40568884E+03  0.00000000E+00  0.00000000E+00  0.00000000E+00  0.00000000E+00
  3.50568884E+03  0.00000000E+00  0.00000000E+00  0.00000000E+00  0.00000000E+00
  3.60568884E+03  0.00000000E+00  0.00000000E+00  0.00000000E+00  0.00000000E+00
  3.70568884E+03  0.00000000E+00  0.00000000E+00  0.00000000E+00  0.00000000E+00
  3.80568884E+03  0.00000000E+00  0.00000000E+00  0.00000000E+00  0.00000000E+00
  3.90568884E+03  0.00000000E+00  0.00000000E+00  0.00000000E+00  0.00000000E+00
  4.00568884E+03  0.00000000E+00  0.00000000E+00  0.00000000E+00  0.00000000E+00
  4.10568884E+03  0.00000000E+00  0.00000000E+00  0.00000000E+00  0.00000000E+00
  4.20568884E+03  0.00000000E+00  0.00000000E+00  0.00000000E+00  0.00000000E+00
  4.30568884E+03  0.00000000E+00  0.00000000E+00  0.00000000E+00  0.00000000E+00
  4.40568884E+03  0.00000000E+00  0.00000000E+00  0.00000000E+00  0.00000000E+00
  4.50568884E+03  0.00000000E+00  0.00000000E+00  0.00000000E+00  0.00000000E+00
  4.60568884E+03  0.00000000E+00  0.00000000E+00  0.00000000E+00  0.00000000E+00
  4.70568884E+03  0.00000000E+00  0.00000000E+00  0.00000000E+00  0.00000000E+00
  4.80568884E+03  0.00000000E+00  0.00000000E+00  0.00000000E+00  0.00000000E+00
  4.90568884E+03  0.00000000E+00  0.00000000E+00  0.00000000E+00  0.00000000E+00
  5.00568884E+03  0.00000000E+00  0.00000000E+00  0.00000000E+00  0.00000000E+00
  5.10568884E+03  0.00000000E+00  0.00000000E+00  0.00000000E+00  0.00000000E+00
  5.20568884E+03  0.00000000E+00  0.00000000E+00  0.00000000E+00  0.00000000E+00
  5.30568884E+03  0.00000000E+00  0.00000000E+00  0.00000000E+00  0.00000000E+00
  5.40568884E+03  0.00000000E+00  0.00000000E+00  0.00000000E+00  0.00000000E+00
  5.50568884E+03  0.00000000E+00  0.00000000E+00  0.00000000E+00  0.00000000E+00
  5.60568884E+03  0.00000000E+00  0.00000000E+00  0.00000000E+00  0.00000000E+00
  5.70568884E+03  0.00000000E+00  0.00000000E+00  0.00000000E+00  0.00000000E+00
  5.80568884E+03  0.00000000E+00  0.00000000E+00  0.00000000E+00  0.00000000E+00
  5.90568884E+03  0.00000000E+00  0.00000000E+00  0.00000000E+00  0.00000000E+00
  6.00568884E+03  0.00000000E+00  0.00000000E+00  0.00000000E+00  0.00000000E+00
  6.10568884E+03  0.00000000E+00  0.00000000E+00  0.00000000E+00  0.00000000E+00
  6.20568884E+03  0.00000000E+00  0.00000000E+00  0.00000000E+00  0.00000000E+00
  6.30568884E+03  0.00000000E+00  0.00000000E+00  0.00000000E+00  0.00000000E+00
  6.40568884E+03  0.00000000E+00  0.00000000E+00  0.00000000E+00  0.00000000E+00
  6.50568884E+03  0.00000000E+00  0.00000000E+00  0.00000000E+00  0.00000000E+00
  6.60568884E+03  0.00000000E+00  0.00000000E+00  0.00000000E+00  0.00000000E+00
  6.70568884E+03  0.00000000E+00  0.00000000E+00  0.00000000E+00  0.00000000E+00
  6.80568884E+03  0.00000000E+00  0.00000000E+00  0.00000000E+00  0.00000000E+00
  6.90568884E+03  0.00000000E+00  0.00000000E+00  0.00000000E+00  0.00000000E+00
  7.00568884E+03  0.00000000E+00  0.00000000E+00  0.00000000E+00  0.00000000E+00
  7.10568884E+03  0.00000000E+00  0.00000000E+00  0.00000000E+00  0.00000000E+00
  7.20568884E+03  0.00000000E+00  0.00000000E+00  0.00000000E+00  0.00000000E+00
  7.30568884E+03  0.00000000E+00  0.00000000E+00  0.00000000E+00  0.00000000E+00
  7.40568884E+03  0.00000000E+00  0.00000000E+00  0.00000000E+00  0.00000000E+00
  7.50568884E+03  0.00000000E+00  0.00000000E+00  0.00000000E+00  0.00000000E+00
  7.60568884E+03  0.00000000E+00  0.00000000E+00  0.00000000E+00  0.00000000E+00
  7.70568884E+03  0.00000000E+00  0.00000000E+00  0.00000000E+00  0.00000000E+00
  7.80568884E+03  0.00000000E+00  0.00000000E+00  0.00000000E+00  0.00000000E+00
  7.90568884E+03  0.00000000E+00  0.00000000E+00  0.00000000E+00  0.00000000E+00
  8.00568884E+03  0.00000000E+00  0.00000000E+00  0.00000000E+00  0.00000000E+00
  8.10568884E+03  0.00000000E+00  0.00000000E+00  0.00000000E+00  0.00000000E+00
  8.20568884E+03  0.00000000E+00  0.00000000E+00  0.00000000E+00  0.00000000E+00
  8.30568884E+03  0.00000000E+00  0.00000000E+00  0.00000000E+00  0.00000000E+00
  8.40568884E+03  0.00000000E+00  0.00000000E+00  0.00000000E+00  0.00000000E+00
  8.50568884E+03  0.00000000E+00  0.00000000E+00  0.00000000E+00  0.00000000E+00
  8.60568884E+03  0.00000000E+00  0.00000000E+00  0.00000000E+00  0.00000000E+00
  8.70568884E+03  0.00000000E+00  0.00000000E+00  0.00000000E+00  0.00000000E+00
  8.80568884E+03  0.00000000E+00  0.00000000E+00  0.00000000E+00  0.00000000E+00
  8.90568884E+03  0.00000000E+00  0.00000000E+00  0.00000000E+00  0.00000000E+00
  9.00568884E+03  0.00000000E+00  0.00000000E+00  0.00000000E+00  0.00000000E+00
  9.10568884E+03  0.00000000E+00  0.00000000E+00  0.00000000E+00  0.00000000E+00
  9.20568884E+03  0.00000000E+00  0.00000000E+00  0.00000000E+00  0.00000000E+00
  9.30568884E+03  0.00000000E+00  0.00000000E+00  0.00000000E+00  0.00000000E+00
  9.40568884E+03  0.00000000E+00  0.00000000E+00  0.00000000E+00  0.00000000E+00
  9.50568884E+03  0.00000000E+00  0.00000000E+00  0.00000000E+00  0.00000000E+00
  9.60568884E+03  0.00000000E+00  0.00000000E+00  0.00000000E+00  0.00000000E+00
  9.70568884E+03  0.00000000E+00  0.00000000E+00  0.00000000E+00  0.00000000E+00
  9.80568884E+03  0.00000000E+00  0.00000000E+00  0.00000000E+00  0.00000000E+00
  9.90568884E+03  0.00000000E+00  0.00000000E+00  0.00000000E+00  0.00000000E+00
  1.00056888E+04  0.00000000E+00  0.00000000E+00  0.00000000E+00  0.00000000E+00
  1.01056888E+04  0.00000000E+00  0.00000000E+00  0.00000000E+00  0.00000000E+00
  1.02056888E+04  0.00000000E+00  0.00000000E+00  0.00000000E+00  0.00000000E+00
  1.03056888E+04  0.00000000E+00  0.00000000E+00  0.00000000E+00  0.00000000E+00
  1.04056888E+04  0.00000000E+00  0.00000000E+00  0.00000000E+00  0.00000000E+00
  1.05056888E+04  0.00000000E+00  0.00000000E+00  0.00000000E+00  0.00000000E+00
  1.06056888E+04  0.00000000E+00  0.00000000E+00  0.00000000E+00  0.00000000E+00
  1.07056888E+04  0.00000000E+00  0.00000000E+00  0.00000000E+00  0.00000000E+00
  1.08056888E+04  0.00000000E+00  0.00000000E+00  0.00000000E+00  0.00000000E+00
  1.09056888E+04  0.00000000E+00  0.00000000E+00  0.00000000E+00  0.00000000E+00
  1.10056888E+04  0.00000000E+00  0.00000000E+00  0.00000000E+00  0.00000000E+00
  1.11056888E+04  0.00000000E+00  0.00000000E+00  0.00000000E+00  0.00000000E+00
  1.12056888E+04  0.00000000E+00  0.00000000E+00  0.00000000E+00  0.00000000E+00
  1.13056888E+04  0.00000000E+00  0.00000000E+00  0.00000000E+00  0.00000000E+00
  1.14056888E+04  0.00000000E+00  0.00000000E+00  0.00000000E+00  0.00000000E+00
  1.15056888E+04  0.00000000E+00  0.00000000E+00  0.00000000E+00  0.00000000E+00
  1.16056888E+04  0.00000000E+00  0.00000000E+00  0.00000000E+00  0.00000000E+00
  1.17056888E+04  0.00000000E+00  0.00000000E+00  0.00000000E+00  0.00000000E+00
  1.18056888E+04  0.00000000E+00  0.00000000E+00  0.00000000E+00  0.00000000E+00
  1.19056888E+04  0.00000000E+00  0.00000000E+00  0.00000000E+00  0.00000000E+00
  1.20056888E+04  0.00000000E+00  0.00000000E+00  0.00000000E+00  0.00000000E+00
  1.21056888E+04  0.00000000E+00  0.00000000E+00  0.00000000E+00  0.00000000E+00
  1.22056888E+04  0.00000000E+00  0.00000000E+00  0.00000000E+00  0.00000000E+00
  1.23056888E+04  0.00000000E+00  0.00000000E+00  0.00000000E+00  0.00000000E+00
  1.24056888E+04  0.00000000E+00  0.00000000E+00  0.00000000E+00  0.00000000E+00
  1.25056888E+04  0.00000000E+00  0.00000000E+00  0.00000000E+00  0.00000000E+00
  1.26056888E+04  0.00000000E+00  0.00000000E+00  0.00000000E+00  0.00000000E+00
  1.27056888E+04  0.00000000E+00  0.00000000E+00  0.00000000E+00  0.00000000E+00
  1.28056888E+04  0.00000000E+00  0.00000000E+00  0.00000000E+00  0.00000000E+00
  1.29056888E+04  0.00000000E+00  0.00000000E+00  0.00000000E+00  0.00000000E+00
  1.30056888E+04  0.00000000E+00  0.00000000E+00  0.00000000E+00  0.00000000E+00
  1.31056888E+04  0.00000000E+00  0.00000000E+00  0.00000000E+00  0.00000000E+00
  1.32056888E+04  0.00000000E+00  0.00000000E+00  0.00000000E+00  0.00000000E+00
  1.33056888E+04  0.00000000E+00  0.00000000E+00  0.00000000E+00  0.00000000E+00
  1.34056888E+04  0.00000000E+00  0.00000000E+00  0.00000000E+00  0.00000000E+00
  1.35056888E+04  0.00000000E+00  0.00000000E+00  0.00000000E+00  0.00000000E+00
  1.36056888E+04  0.00000000E+00  0.00000000E+00  0.00000000E+00  0.00000000E+00
  1.37056888E+04  0.00000000E+00  0.00000000E+00  0.00000000E+00  0.00000000E+00
  1.38056888E+04  0.00000000E+00  0.00000000E+00  0.00000000E+00  0.00000000E+00
  1.39056888E+04  0.00000000E+00  0.00000000E+00  0.00000000E+00  0.00000000E+00
  1.40056888E+04  0.00000000E+00  0.00000000E+00  0.00000000E+00  0.00000000E+00
  1.41056888E+04  0.00000000E+00  0.00000000E+00  0.00000000E+00  0.00000000E+00
  1.42056888E+04  0.00000000E+00  0.00000000E+00  0.00000000E+00  0.00000000E+00
  1.43056888E+04  0.00000000E+00  0.00000000E+00  0.00000000E+00  0.00000000E+00
  1.44056888E+04  0.00000000E+00  0.00000000E+00  0.00000000E+00  0.00000000E+00
  1.45056888E+04  0.00000000E+00  0.00000000E+00  0.00000000E+00  0.00000000E+00
  1.46056888E+04  0.00000000E+00  0.00000000E+00  0.00000000E+00  0.00000000E+00
  1.47056888E+04  0.00000000E+00  0.00000000E+00  0.00000000E+00  0.00000000E+00
  1.48056888E+04  0.00000000E+00  0.00000000E+00  0.00000000E+00  0.00000000E+00
  1.49056888E+04  0.00000000E+00  0.00000000E+00  0.00000000E+00  0.00000000E+00
  1.50056888E+04  0.00000000E+00  0.00000000E+00  0.00000000E+00  0.00000000E+00
  1.51056888E+04  0.00000000E+00  0.00000000E+00  0.00000000E+00  0.00000000E+00
  1.52056888E+04  0.00000000E+00  0.00000000E+00  0.00000000E+00  0.00000000E+00
  1.53056888E+04  0.00000000E+00  0.00000000E+00  0.00000000E+00  0.00000000E+00
  1.54056888E+04  0.00000000E+00  0.00000000E+00  0.00000000E+00  0.00000000E+00
  1.55056888E+04  0.00000000E+00  0.00000000E+00  0.00000000E+00  0.00000000E+00
  1.56056888E+04  0.00000000E+00  0.00000000E+00  0.00000000E+00  0.00000000E+00
  1.57056888E+04  0.00000000E+00  0.00000000E+00  0.00000000E+00  0.00000000E+00
  1.58056888E+04  0.00000000E+00  0.00000000E+00  0.00000000E+00  0.00000000E+00
  1.59056888E+04  0.00000000E+00  0.00000000E+00  0.00000000E+00  0.00000000E+00
  1.60056888E+04  0.00000000E+00  0.00000000E+00  0.00000000E+00  0.00000000E+00
  1.61056888E+04  0.00000000E+00  0.00000000E+00  0.00000000E+00  0.00000000E+00
  1.62056888E+04  0.00000000E+00  0.00000000E+00  0.00000000E+00  0.00000000E+00
  1.63056888E+04  0.00000000E+00  0.00000000E+00  0.00000000E+00  0.00000000E+00
  1.64056888E+04  0.00000000E+00  0.00000000E+00  0.00000000E+00  0.00000000E+00
  1.65056888E+04  0.00000000E+00  0.00000000E+00  0.00000000E+00  0.00000000E+00
  1.66056888E+04  0.00000000E+00  0.00000000E+00  0.00000000E+00  0.00000000E+00
  1.67056888E+04  0.00000000E+00  0.00000000E+00  0.00000000E+00  0.00000000E+00
  1.68056888E+04  0.00000000E+00  0.00000000E+00  0.00000000E+00  0.00000000E+00
  1.69056888E+04  0.00000000E+00  0.00000000E+00  0.00000000E+00  0.00000000E+00
  1.70056888E+04  0.00000000E+00  0.00000000E+00  0.00000000E+00  0.00000000E+00
  1.71056888E+04  0.00000000E+00  0.00000000E+00  0.00000000E+00  0.00000000E+00
  1.72056888E+04  0.00000000E+00  0.00000000E+00  0.00000000E+00  0.00000000E+00
  1.73056888E+04  0.00000000E+00  0.00000000E+00  0.00000000E+00  0.00000000E+00
  1.74056888E+04  0.00000000E+00  0.00000000E+00  0.00000000E+00  0.00000000E+00
  1.75056888E+04  0.00000000E+00  0.00000000E+00  0.00000000E+00  0.00000000E+00
  1.76056888E+04  0.00000000E+00  0.00000000E+00  0.00000000E+00  0.00000000E+00
  1.77056888E+04  0.00000000E+00  0.00000000E+00  0.00000000E+00  0.00000000E+00
  1.78056888E+04  0.00000000E+00  0.00000000E+00  0.00000000E+00  0.00000000E+00
  1.79056888E+04  0.00000000E+00  0.00000000E+00  0.00000000E+00  0.00000000E+00
  1.80056888E+04  0.00000000E+00  0.00000000E+00  0.00000000E+00  0.00000000E+00
  1.81056888E+04  0.00000000E+00  0.00000000E+00  0.00000000E+00  0.00000000E+00
  1.82056888E+04  0.00000000E+00  0.00000000E+00  0.00000000E+00  0.00000000E+00
  1.83056888E+04  0.00000000E+00  0.00000000E+00  0.00000000E+00  0.00000000E+00
  1.84056888E+04  0.00000000E+00  0.00000000E+00  0.00000000E+00  0.00000000E+00
  1.85056888E+04  0.00000000E+00  0.00000000E+00  0.00000000E+00  0.00000000E+00
  1.86056888E+04  0.00000000E+00  0.00000000E+00  0.00000000E+00  0.00000000E+00
  1.87056888E+04  0.00000000E+00  0.00000000E+00  0.00000000E+00  0.00000000E+00
  1.88056888E+04  0.00000000E+00  0.00000000E+00  0.00000000E+00  0.00000000E+00
  1.89056888E+04  0.00000000E+00  0.00000000E+00  0.00000000E+00  0.00000000E+00
  1.90056888E+04  0.00000000E+00  0.00000000E+00  0.00000000E+00  0.00000000E+00
  1.91056888E+04  0.00000000E+00  0.00000000E+00  0.00000000E+00  0.00000000E+00
  1.92056888E+04  0.00000000E+00  0.00000000E+00  0.00000000E+00  0.00000000E+00
  1.93056888E+04  0.00000000E+00  0.00000000E+00  0.00000000E+00  0.00000000E+00
  1.94056888E+04  0.00000000E+00  0.00000000E+00  0.00000000E+00  0.00000000E+00
  1.95056888E+04  0.00000000E+00  0.00000000E+00  0.00000000E+00  0.00000000E+00
  1.96056888E+04  0.00000000E+00  0.00000000E+00  0.00000000E+00  0.00000000E+00
  1.97056888E+04  0.00000000E+00  0.00000000E+00  0.00000000E+00  0.00000000E+00
  1.98056888E+04  0.00000000E+00  0.00000000E+00  0.00000000E+00  0.00000000E+00
  1.99056888E+04  0.00000000E+00  0.00000000E+00  0.00000000E+00  0.00000000E+00
  2.00056888E+04  0.00000000E+00  0.00000000E+00  0.00000000E+00  0.00000000E+00
  2.01056888E+04  0.00000000E+00  0.00000000E+00  0.00000000E+00  0.00000000E+00
  2.02056888E+04  0.00000000E+00  0.00000000E+00  0.00000000E+00  0.00000000E+00
  2.03056888E+04  0.00000000E+00  0.00000000E+00  0.00000000E+00  0.00000000E+00
  2.04056888E+04  0.00000000E+00  0.00000000E+00  0.00000000E+00  0.00000000E+00
  2.05056888E+04  0.00000000E+00  0.00000000E+00  0.00000000E+00  0.00000000E+00
  2.06056888E+04  0.00000000E+00  0.00000000E+00  0.00000000E+00  0.00000000E+00
  2.07056888E+04  0.00000000E+00  0.00000000E+00  0.00000000E+00  0.00000000E+00
  2.08056888E+04  0.00000000E+00  0.00000000E+00  0.00000000E+00  0.00000000E+00
  2.09056888E+04  0.00000000E+00  0.00000000E+00  0.00000000E+00  0.00000000E+00
  2.10056888E+04  0.00000000E+00  0.00000000E+00  0.00000000E+00  0.00000000E+00
  2.11056888E+04  0.00000000E+00  0.00000000E+00  0.00000000E+00  0.00000000E+00
  2.12056888E+04  0.00000000E+00  0.00000000E+00  0.00000000E+00  0.00000000E+00
  2.13056888E+04  0.00000000E+00  0.00000000E+00  0.00000000E+00  0.00000000E+00
  2.14056888E+04  0.00000000E+00  0.00000000E+00  0.00000000E+00  0.00000000E+00
  2.15056888E+04  0.00000000E+00  0.00000000E+00  0.00000000E+00  0.00000000E+00
  2.16056888E+04  0.00000000E+00  0.00000000E+00  0.00000000E+00  0.00000000E+00
  2.17056888E+04  0.00000000E+00  0.00000000E+00  0.00000000E+00  0.00000000E+00
  2.18056888E+04  0.00000000E+00  0.00000000E+00  0.00000000E+00  0.00000000E+00
  2.19056888E+04  0.00000000E+00  0.00000000E+00  0.00000000E+00  0.00000000E+00
  2.20056888E+04  0.00000000E+00  0.00000000E+00  0.00000000E+00  0.00000000E+00
  2.21056888E+04  0.00000000E+00  0.00000000E+00  0.00000000E+00  0.00000000E+00
  2.22056888E+04  0.00000000E+00  0.00000000E+00  0.00000000E+00  0.00000000E+00
  2.23056888E+04  0.00000000E+00  0.00000000E+00  0.00000000E+00  0.00000000E+00
  2.24056888E+04  0.00000000E+00  0.00000000E+00  0.00000000E+00  0.00000000E+00
  2.25056888E+04  0.00000000E+00  0.00000000E+00  0.00000000E+00  0.00000000E+00
  2.26056888E+04  0.00000000E+00  0.00000000E+00  0.00000000E+00  0.00000000E+00
  2.27056888E+04  0.00000000E+00  0.00000000E+00  0.00000000E+00  0.00000000E+00
  2.28056888E+04  0.00000000E+00  0.00000000E+00  0.00000000E+00  0.00000000E+00
  2.29056888E+04  0.00000000E+00  0.00000000E+00  0.00000000E+00  0.00000000E+00
  2.30056888E+04  0.00000000E+00  0.00000000E+00  0.00000000E+00  0.00000000E+00
  2.31056888E+04  0.00000000E+00  0.00000000E+00  0.00000000E+00  0.00000000E+00
  2.32056888E+04  0.00000000E+00  0.00000000E+00  0.00000000E+00  0.00000000E+00
  2.33056888E+04  0.00000000E+00  0.00000000E+00  0.00000000E+00  0.00000000E+00
  2.34056888E+04  0.00000000E+00  0.00000000E+00  0.00000000E+00  0.00000000E+00
  2.35056888E+04  0.00000000E+00  0.00000000E+00  0.00000000E+00  0.00000000E+00
  2.36056888E+04  0.00000000E+00  0.00000000E+00  0.00000000E+00  0.00000000E+00
  2.37056888E+04  0.00000000E+00  0.00000000E+00  0.00000000E+00  0.00000000E+00
  2.38056888E+04  0.00000000E+00  0.00000000E+00  0.00000000E+00  0.00000000E+00
  2.39056888E+04  0.00000000E+00  0.00000000E+00  0.00000000E+00  0.00000000E+00
  2.40056888E+04  0.00000000E+00  0.00000000E+00  0.00000000E+00  0.00000000E+00
  2.41056888E+04  0.00000000E+00  0.00000000E+00  0.00000000E+00  0.00000000E+00
  2.42056888E+04  0.00000000E+00  0.00000000E+00  0.00000000E+00  0.00000000E+00
  2.43056888E+04  0.00000000E+00  0.00000000E+00  0.00000000E+00  0.00000000E+00
  2.44056888E+04  0.00000000E+00  0.00000000E+00  0.00000000E+00  0.00000000E+00
  2.45056888E+04  0.00000000E+00  0.00000000E+00  0.00000000E+00  0.00000000E+00
  2.46056888E+04  0.00000000E+00  0.00000000E+00  0.00000000E+00  0.00000000E+00
  2.47056888E+04  0.00000000E+00  0.00000000E+00  0.00000000E+00  0.00000000E+00
  2.48056888E+04  0.00000000E+00  0.00000000E+00  0.00000000E+00  0.00000000E+00
  2.49056888E+04  0.00000000E+00  0.00000000E+00  0.00000000E+00  0.00000000E+00
  2.50056888E+04  0.00000000E+00  0.00000000E+00  0.00000000E+00  0.00000000E+00
  2.51056888E+04  0.00000000E+00  0.00000000E+00  0.00000000E+00  0.00000000E+00
  2.52056888E+04  0.00000000E+00  0.00000000E+00  0.00000000E+00  0.00000000E+00
  2.53056888E+04  0.00000000E+00  0.00000000E+00  0.00000000E+00  0.00000000E+00
  2.54056888E+04  0.00000000E+00  0.00000000E+00  0.00000000E+00  0.00000000E+00
  2.55056888E+04  0.00000000E+00  0.00000000E+00  0.00000000E+00  0.00000000E+00
  2.56056888E+04  0.00000000E+00  0.00000000E+00  0.00000000E+00  0.00000000E+00
  2.57056888E+04  0.00000000E+00  0.00000000E+00  0.00000000E+00  0.00000000E+00
  2.58056888E+04  0.00000000E+00  0.00000000E+00  0.00000000E+00  0.00000000E+00
  2.59056888E+04  0.00000000E+00  0.00000000E+00  0.00000000E+00  0.00000000E+00
  2.60056888E+04  0.00000000E+00  0.00000000E+00  0.00000000E+00  0.00000000E+00
  2.61056888E+04  0.00000000E+00  0.00000000E+00  0.00000000E+00  0.00000000E+00
  2.62056888E+04  0.00000000E+00  0.00000000E+00  0.00000000E+00  0.00000000E+00
  2.63056888E+04  0.00000000E+00  0.00000000E+00  0.00000000E+00  0.00000000E+00
  2.64056888E+04  0.00000000E+00  0.00000000E+00  0.00000000E+00  0.00000000E+00
  2.65056888E+04  0.00000000E+00  0.00000000E+00  0.00000000E+00  0.00000000E+00
  2.66056888E+04  0.00000000E+00  0.00000000E+00  0.00000000E+00  0.00000000E+00
  2.67056888E+04  0.00000000E+00  0.00000000E+00  0.00000000E+00  0.00000000E+00
  2.68056888E+04  0.00000000E+00  0.00000000E+00  0.00000000E+00  0.00000000E+00
  2.69056888E+04  0.00000000E+00  0.00000000E+00  0.00000000E+00  0.00000000E+00
  2.70056888E+04  0.00000000E+00  0.00000000E+00  0.00000000E+00  0.00000000E+00
  2.71056888E+04  0.00000000E+00  0.00000000E+00  0.00000000E+00  0.00000000E+00
  2.72056888E+04  0.00000000E+00  0.00000000E+00  0.00000000E+00  0.00000000E+00
  2.73056888E+04  0.00000000E+00  0.00000000E+00  0.00000000E+00  0.00000000E+00
  2.74056888E+04  0.00000000E+00  0.00000000E+00  0.00000000E+00  0.00000000E+00
  2.75056888E+04  0.00000000E+00  0.00000000E+00  0.00000000E+00  0.00000000E+00
  2.76056888E+04  0.00000000E+00  0.00000000E+00  0.00000000E+00  0.00000000E+00
  2.77056888E+04  0.00000000E+00  0.00000000E+00  0.00000000E+00  0.00000000E+00
  2.78056888E+04  0.00000000E+00  0.00000000E+00  0.00000000E+00  0.00000000E+00
  2.79056888E+04  0.00000000E+00  0.00000000E+00  0.00000000E+00  0.00000000E+00
  2.80056888E+04  0.00000000E+00  0.00000000E+00  0.00000000E+00  0.00000000E+00
  2.81056888E+04  0.00000000E+00  0.00000000E+00  0.00000000E+00  0.00000000E+00
  2.82056888E+04  0.00000000E+00  0.00000000E+00  0.00000000E+00  0.00000000E+00
  2.83056888E+04  0.00000000E+00  0.00000000E+00  0.00000000E+00  0.00000000E+00
  2.84056888E+04  0.00000000E+00  0.00000000E+00  0.00000000E+00  0.00000000E+00
  2.85056888E+04  0.00000000E+00  0.00000000E+00  0.00000000E+00  0.00000000E+00
  2.86056888E+04  0.00000000E+00  0.00000000E+00  0.00000000E+00  0.00000000E+00
  2.87056888E+04  0.00000000E+00  0.00000000E+00  0.00000000E+00  0.00000000E+00
  2.88056888E+04  0.00000000E+00  0.00000000E+00  0.00000000E+00  0.00000000E+00
  2.89056888E+04  0.00000000E+00  0.00000000E+00  0.00000000E+00  0.00000000E+00
  2.90056888E+04  0.00000000E+00  0.00000000E+00  0.00000000E+00  0.00000000E+00
  2.91056888E+04  0.00000000E+00  0.00000000E+00  0.00000000E+00  0.00000000E+00
  2.92056888E+04  0.00000000E+00  0.00000000E+00  0.00000000E+00  0.00000000E+00
  2.93056888E+04  0.00000000E+00  0.00000000E+00  0.00000000E+00  0.00000000E+00
  2.94056888E+04  0.00000000E+00  0.00000000E+00  0.00000000E+00  0.00000000E+00
  2.95056888E+04  0.00000000E+00  0.00000000E+00  0.00000000E+00  0.00000000E+00
  2.96056888E+04  0.00000000E+00  0.00000000E+00  0.00000000E+00  0.00000000E+00
  2.97056888E+04  0.00000000E+00  0.00000000E+00  0.00000000E+00  0.00000000E+00
  2.98056888E+04  0.00000000E+00  0.00000000E+00  0.00000000E+00  0.00000000E+00
  2.99056888E+04  0.00000000E+00  0.00000000E+00  0.00000000E+00  0.00000000E+00
  3.00056888E+04  0.00000000E+00  0.00000000E+00  0.00000000E+00  0.00000000E+00
  3.01056888E+04  0.00000000E+00  0.00000000E+00  0.00000000E+00  0.00000000E+00
  3.02056888E+04  0.00000000E+00  0.00000000E+00  0.00000000E+00  0.00000000E+00
  3.03056888E+04  0.00000000E+00  0.00000000E+00  0.00000000E+00  0.00000000E+00
  3.04056888E+04  0.00000000E+00  0.00000000E+00  0.00000000E+00  0.00000000E+00
  3.05056888E+04  0.00000000E+00  0.00000000E+00  0.00000000E+00  0.00000000E+00
  3.06056888E+04  0.00000000E+00  0.00000000E+00  0.00000000E+00  0.00000000E+00
  3.07056888E+04  0.00000000E+00  0.00000000E+00  0.00000000E+00  0.00000000E+00
  3.08056888E+04  0.00000000E+00  0.00000000E+00  0.00000000E+00  0.00000000E+00
  3.09056888E+04  0.00000000E+00  0.00000000E+00  0.00000000E+00  0.00000000E+00
  3.10056888E+04  0.00000000E+00  0.00000000E+00  0.00000000E+00  0.00000000E+00
  3.11056888E+04  0.00000000E+00  0.00000000E+00  0.00000000E+00  0.00000000E+00
  3.12056888E+04  0.00000000E+00  0.00000000E+00  0.00000000E+00  0.00000000E+00
  3.13056888E+04  0.00000000E+00  0.00000000E+00  0.00000000E+00  0.00000000E+00
  3.14056888E+04  0.00000000E+00  0.00000000E+00  0.00000000E+00  0.00000000E+00
  3.15056888E+04  0.00000000E+00  0.00000000E+00  0.00000000E+00  0.00000000E+00
  3.16056888E+04  0.00000000E+00  0.00000000E+00  0.00000000E+00  0.00000000E+00
  3.17056888E+04  0.00000000E+00  0.00000000E+00  0.00000000E+00  0.00000000E+00
  3.18056888E+04  0.00000000E+00  0.00000000E+00  0.00000000E+00  0.00000000E+00
  3.19056888E+04  0.00000000E+00  0.00000000E+00  0.00000000E+00  0.00000000E+00
  3.20056888E+04  0.00000000E+00  0.00000000E+00  0.00000000E+00  0.00000000E+00
  3.21056888E+04  0.00000000E+00  0.00000000E+00  0.00000000E+00  0.00000000E+00
  3.22056888E+04  0.00000000E+00  0.00000000E+00  0.00000000E+00  0.00000000E+00
  3.23056888E+04  0.00000000E+00  0.00000000E+00  0.00000000E+00  0.00000000E+00
  3.24056888E+04  0.00000000E+00  0.00000000E+00  0.00000000E+00  0.00000000E+00
  3.25056888E+04  0.00000000E+00  0.00000000E+00  0.00000000E+00  0.00000000E+00
  3.26056888E+04  0.00000000E+00  0.00000000E+00  0.00000000E+00  0.00000000E+00
  3.27056888E+04  0.00000000E+00  0.00000000E+00  0.00000000E+00  0.00000000E+00
  3.28056888E+04  0.00000000E+00  0.00000000E+00  0.00000000E+00  0.00000000E+00
  3.29056888E+04  0.00000000E+00  0.00000000E+00  0.00000000E+00  0.00000000E+00
  3.30056888E+04  0.00000000E+00  0.00000000E+00  0.00000000E+00  0.00000000E+00
  3.31056888E+04  0.00000000E+00  0.00000000E+00  0.00000000E+00  0.00000000E+00
  3.32056888E+04  0.00000000E+00  0.00000000E+00  0.00000000E+00  0.00000000E+00
  3.33056888E+04  0.00000000E+00  0.00000000E+00  0.00000000E+00  0.00000000E+00
  3.34056888E+04  0.00000000E+00  0.00000000E+00  0.00000000E+00  0.00000000E+00
  3.35056888E+04  0.00000000E+00  0.00000000E+00  0.00000000E+00  0.00000000E+00
  3.36056888E+04  0.00000000E+00  0.00000000E+00  0.00000000E+00  0.00000000E+00
  3.37056888E+04  0.00000000E+00  0.00000000E+00  0.00000000E+00  0.00000000E+00
  3.38056888E+04  0.00000000E+00  0.00000000E+00  0.00000000E+00  0.00000000E+00
  3.39056888E+04  0.00000000E+00  0.00000000E+00  0.00000000E+00  0.00000000E+00
  3.40056888E+04  0.00000000E+00  0.00000000E+00  0.00000000E+00  0.00000000E+00
  3.41056888E+04  0.00000000E+00  0.00000000E+00  0.00000000E+00  0.00000000E+00
  3.42056888E+04  0.00000000E+00  0.00000000E+00  0.00000000E+00  0.00000000E+00
  3.43056888E+04  0.00000000E+00  0.00000000E+00  0.00000000E+00  0.00000000E+00
  3.44056888E+04  0.00000000E+00  0.00000000E+00  0.00000000E+00  0.00000000E+00
  3.45056888E+04  0.00000000E+00  0.00000000E+00  0.00000000E+00  0.00000000E+00
  3.46056888E+04  0.00000000E+00  0.00000000E+00  0.00000000E+00  0.00000000E+00
  3.47056888E+04  0.00000000E+00  0.00000000E+00  0.00000000E+00  0.00000000E+00
  3.48056888E+04  0.00000000E+00  0.00000000E+00  0.00000000E+00  0.00000000E+00
  3.49056888E+04  0.00000000E+00  0.00000000E+00  0.00000000E+00  0.00000000E+00
  3.50056888E+04  0.00000000E+00  0.00000000E+00  0.00000000E+00  0.00000000E+00
  3.51056888E+04  0.00000000E+00  0.00000000E+00  0.00000000E+00  0.00000000E+00
  3.52056888E+04  0.00000000E+00  0.00000000E+00  0.00000000E+00  0.00000000E+00
  3.53056888E+04  0.00000000E+00  0.00000000E+00  0.00000000E+00  0.00000000E+00
  3.54056888E+04  0.00000000E+00  0.00000000E+00  0.00000000E+00  0.00000000E+00
  3.55056888E+04  0.00000000E+00  0.00000000E+00  0.00000000E+00  0.00000000E+00
  3.56056888E+04  0.00000000E+00  0.00000000E+00  0.00000000E+00  0.00000000E+00
  3.57056888E+04  0.00000000E+00  0.00000000E+00  0.00000000E+00  0.00000000E+00
  3.58056888E+04  0.00000000E+00  0.00000000E+00  0.00000000E+00  0.00000000E+00
  3.59056888E+04  0.00000000E+00  0.00000000E+00  0.00000000E+00  0.00000000E+00
  3.60056888E+04  0.00000000E+00  0.00000000E+00  0.00000000E+00  0.00000000E+00
  3.61056888E+04  0.00000000E+00  0.00000000E+00  0.00000000E+00  0.00000000E+00
  3.62056888E+04  0.00000000E+00  0.00000000E+00  0.00000000E+00  0.00000000E+00
  3.63056888E+04  0.00000000E+00  0.00000000E+00  0.00000000E+00  0.00000000E+00
  3.64056888E+04  0.00000000E+00  0.00000000E+00  0.00000000E+00  0.00000000E+00
  3.65056888E+04  0.00000000E+00  0.00000000E+00  0.00000000E+00  0.00000000E+00
  3.66056888E+04  0.00000000E+00  0.00000000E+00  0.00000000E+00  0.00000000E+00
  3.67056888E+04  0.00000000E+00  0.00000000E+00  0.00000000E+00  0.00000000E+00
  3.68056888E+04  0.00000000E+00  0.00000000E+00  0.00000000E+00  0.00000000E+00
  3.69056888E+04  0.00000000E+00  0.00000000E+00  0.00000000E+00  0.00000000E+00
  3.70056888E+04  0.00000000E+00  0.00000000E+00  0.00000000E+00  0.00000000E+00
  3.71056888E+04  0.00000000E+00  0.00000000E+00  0.00000000E+00  0.00000000E+00
  3.72056888E+04  0.00000000E+00  0.00000000E+00  0.00000000E+00  0.00000000E+00
  3.73056888E+04  0.00000000E+00  0.00000000E+00  0.00000000E+00  0.00000000E+00
  3.74056888E+04  0.00000000E+00  0.00000000E+00  0.00000000E+00  0.00000000E+00
  3.75056888E+04  0.00000000E+00  0.00000000E+00  0.00000000E+00  0.00000000E+00
  3.76056888E+04  0.00000000E+00  0.00000000E+00  0.00000000E+00  0.00000000E+00
  3.77056888E+04  0.00000000E+00  0.00000000E+00  0.00000000E+00  0.00000000E+00
  3.78056888E+04  0.00000000E+00  0.00000000E+00  0.00000000E+00  0.00000000E+00
  3.79056888E+04  0.00000000E+00  0.00000000E+00  0.00000000E+00  0.00000000E+00
  3.80056888E+04  0.00000000E+00  0.00000000E+00  0.00000000E+00  0.00000000E+00
  3.81056888E+04  0.00000000E+00  0.00000000E+00  0.00000000E+00  0.00000000E+00
  3.82056888E+04  0.00000000E+00  0.00000000E+00  0.00000000E+00  0.00000000E+00
  3.83056888E+04  0.00000000E+00  0.00000000E+00  0.00000000E+00  0.00000000E+00
  3.84056888E+04  0.00000000E+00  0.00000000E+00  0.00000000E+00  0.00000000E+00
  3.85056888E+04  0.00000000E+00  0.00000000E+00  0.00000000E+00  0.00000000E+00
  3.86056888E+04  0.00000000E+00  0.00000000E+00  0.00000000E+00  0.00000000E+00
  3.87056888E+04  0.00000000E+00  0.00000000E+00  0.00000000E+00  0.00000000E+00
  3.88056888E+04  0.00000000E+00  0.00000000E+00  0.00000000E+00  0.00000000E+00
  3.89056888E+04  0.00000000E+00  0.00000000E+00  0.00000000E+00  0.00000000E+00
  3.90056888E+04  0.00000000E+00  0.00000000E+00  0.00000000E+00  0.00000000E+00
  3.91056888E+04  0.00000000E+00  0.00000000E+00  0.00000000E+00  0.00000000E+00
  3.92056888E+04  0.00000000E+00  0.00000000E+00  0.00000000E+00  0.00000000E+00
  3.93056888E+04  0.00000000E+00  0.00000000E+00  0.00000000E+00  0.00000000E+00
  3.94056888E+04  0.00000000E+00  0.00000000E+00  0.00000000E+00  0.00000000E+00
  3.95056888E+04  0.00000000E+00  0.00000000E+00  0.00000000E+00  0.00000000E+00
  3.96056888E+04  0.00000000E+00  0.00000000E+00  0.00000000E+00  0.00000000E+00
  3.97056888E+04  0.00000000E+00  0.00000000E+00  0.00000000E+00  0.00000000E+00
  3.98056888E+04  0.00000000E+00  0.00000000E+00  0.00000000E+00  0.00000000E+00
  3.99056888E+04  0.00000000E+00  0.00000000E+00  0.00000000E+00  0.00000000E+00
  4.00056888E+04  0.00000000E+00  0.00000000E+00  0.00000000E+00  0.00000000E+00
  4.01056888E+04  0.00000000E+00  0.00000000E+00  0.00000000E+00  0.00000000E+00
  4.02056888E+04  0.00000000E+00  0.00000000E+00  0.00000000E+00  0.00000000E+00
  4.03056888E+04  0.00000000E+00  0.00000000E+00  0.00000000E+00  0.00000000E+00
  4.04056888E+04  0.00000000E+00  0.00000000E+00  0.00000000E+00  0.00000000E+00
  4.05056888E+04  0.00000000E+00  0.00000000E+00  0.00000000E+00  0.00000000E+00
  4.06056888E+04  0.00000000E+00  0.00000000E+00  0.00000000E+00  0.00000000E+00
  4.07056888E+04  0.00000000E+00  0.00000000E+00  0.00000000E+00  0.00000000E+00
  4.08056888E+04  0.00000000E+00  0.00000000E+00  0.00000000E+00  0.00000000E+00
  4.09056888E+04  0.00000000E+00  0.00000000E+00  0.00000000E+00  0.00000000E+00
  4.10056888E+04  0.00000000E+00  0.00000000E+00  0.00000000E+00  0.00000000E+00
  4.11056888E+04  0.00000000E+00  0.00000000E+00  0.00000000E+00  0.00000000E+00
  4.12056888E+04  0.00000000E+00  0.00000000E+00  0.00000000E+00  0.00000000E+00
  4.13056888E+04  0.00000000E+00  0.00000000E+00  0.00000000E+00  0.00000000E+00
  4.14056888E+04  0.00000000E+00  0.00000000E+00  0.00000000E+00  0.00000000E+00
  4.15056888E+04  0.00000000E+00  0.00000000E+00  0.00000000E+00  0.00000000E+00
  4.16056888E+04  0.00000000E+00  0.00000000E+00  0.00000000E+00  0.00000000E+00
  4.17056888E+04  0.00000000E+00  0.00000000E+00  0.00000000E+00  0.00000000E+00
  4.18056888E+04  0.00000000E+00  0.00000000E+00  0.00000000E+00  0.00000000E+00
  4.19056888E+04  0.00000000E+00  0.00000000E+00  0.00000000E+00  0.00000000E+00
  4.20056888E+04  0.00000000E+00  0.00000000E+00  0.00000000E+00  0.00000000E+00
  4.21056888E+04  0.00000000E+00  0.00000000E+00  0.00000000E+00  0.00000000E+00
  4.22056888E+04  0.00000000E+00  0.00000000E+00  0.00000000E+00  0.00000000E+00
  4.23056888E+04  0.00000000E+00  0.00000000E+00  0.00000000E+00  0.00000000E+00
  4.24056888E+04  0.00000000E+00  0.00000000E+00  0.00000000E+00  0.00000000E+00
  4.25056888E+04  0.00000000E+00  0.00000000E+00  0.00000000E+00  0.00000000E+00
  4.26056888E+04  0.00000000E+00  0.00000000E+00  0.00000000E+00  0.00000000E+00
  4.27056888E+04  0.00000000E+00  0.00000000E+00  0.00000000E+00  0.00000000E+00
  4.28056888E+04  0.00000000E+00  0.00000000E+00  0.00000000E+00  0.00000000E+00
  4.29056888E+04  0.00000000E+00  0.00000000E+00  0.00000000E+00  0.00000000E+00
  4.30056888E+04  0.00000000E+00  0.00000000E+00  0.00000000E+00  0.00000000E+00
  4.31056888E+04  0.00000000E+00  0.00000000E+00  0.00000000E+00  0.00000000E+00
  4.32056888E+04  0.00000000E+00  0.00000000E+00  0.00000000E+00  0.00000000E+00
  4.33056888E+04  0.00000000E+00  0.00000000E+00  0.00000000E+00  0.00000000E+00
  4.34056888E+04  0.00000000E+00  0.00000000E+00  0.00000000E+00  0.00000000E+00
  4.35056888E+04  0.00000000E+00  0.00000000E+00  0.00000000E+00  0.00000000E+00
  4.36056888E+04  0.00000000E+00  0.00000000E+00  0.00000000E+00  0.00000000E+00
  4.37056888E+04  0.00000000E+00  0.00000000E+00  0.00000000E+00  0.00000000E+00
  4.38056888E+04  0.00000000E+00  0.00000000E+00  0.00000000E+00  0.00000000E+00
  4.39056888E+04  0.00000000E+00  0.00000000E+00  0.00000000E+00  0.00000000E+00
  4.40056888E+04  0.00000000E+00  0.00000000E+00  0.00000000E+00  0.00000000E+00
  4.41056888E+04  0.00000000E+00  0.00000000E+00  0.00000000E+00  0.00000000E+00
  4.42056888E+04  0.00000000E+00  0.00000000E+00  0.00000000E+00  0.00000000E+00
  4.43056888E+04  0.00000000E+00  0.00000000E+00  0.00000000E+00  0.00000000E+00
  4.44056888E+04  0.00000000E+00  0.00000000E+00  0.00000000E+00  0.00000000E+00
  4.45056888E+04  0.00000000E+00  0.00000000E+00  0.00000000E+00  0.00000000E+00
  4.46056888E+04  0.00000000E+00  0.00000000E+00  0.00000000E+00  0.00000000E+00
  4.47056888E+04  0.00000000E+00  0.00000000E+00  0.00000000E+00  0.00000000E+00
  4.48056888E+04  0.00000000E+00  0.00000000E+00  0.00000000E+00  0.00000000E+00
  4.49056888E+04  0.00000000E+00  0.00000000E+00  0.00000000E+00  0.00000000E+00
  4.50056888E+04  0.00000000E+00  0.00000000E+00  0.00000000E+00  0.00000000E+00
  4.51056888E+04  0.00000000E+00  0.00000000E+00  0.00000000E+00  0.00000000E+00
  4.52056888E+04  0.00000000E+00  0.00000000E+00  0.00000000E+00  0.00000000E+00
  4.53056888E+04  0.00000000E+00  0.00000000E+00  0.00000000E+00  0.00000000E+00
  4.54056888E+04  0.00000000E+00  0.00000000E+00  0.00000000E+00  0.00000000E+00
  4.55056888E+04  0.00000000E+00  0.00000000E+00  0.00000000E+00  0.00000000E+00
  4.56056888E+04  0.00000000E+00  0.00000000E+00  0.00000000E+00  0.00000000E+00
  4.57056888E+04  0.00000000E+00  0.00000000E+00  0.00000000E+00  0.00000000E+00
  4.58056888E+04  0.00000000E+00  0.00000000E+00  0.00000000E+00  0.00000000E+00
  4.59056888E+04  0.00000000E+00  0.00000000E+00  0.00000000E+00  0.00000000E+00
  4.60056888E+04  0.00000000E+00  0.00000000E+00  0.00000000E+00  0.00000000E+00
  4.61056888E+04  0.00000000E+00  0.00000000E+00  0.00000000E+00  0.00000000E+00
  4.62056888E+04  0.00000000E+00  0.00000000E+00  0.00000000E+00  0.00000000E+00
  4.63056888E+04  0.00000000E+00  0.00000000E+00  0.00000000E+00  0.00000000E+00
  4.64056888E+04  0.00000000E+00  0.00000000E+00  0.00000000E+00  0.00000000E+00
  4.65056888E+04  0.00000000E+00  0.00000000E+00  0.00000000E+00  0.00000000E+00
  4.66056888E+04  0.00000000E+00  0.00000000E+00  0.00000000E+00  0.00000000E+00
  4.67056888E+04  0.00000000E+00  0.00000000E+00  0.00000000E+00  0.00000000E+00
  4.68056888E+04  0.00000000E+00  0.00000000E+00  0.00000000E+00  0.00000000E+00
  4.69056888E+04  0.00000000E+00  0.00000000E+00  0.00000000E+00  0.00000000E+00
  4.70056888E+04  0.00000000E+00  0.00000000E+00  0.00000000E+00  0.00000000E+00
  4.71056888E+04  0.00000000E+00  0.00000000E+00  0.00000000E+00  0.00000000E+00
  4.72056888E+04  0.00000000E+00  0.00000000E+00  0.00000000E+00  0.00000000E+00
  4.73056888E+04  0.00000000E+00  0.00000000E+00  0.00000000E+00  0.00000000E+00
  4.74056888E+04  0.00000000E+00  0.00000000E+00  0.00000000E+00  0.00000000E+00
  4.75056888E+04  0.00000000E+00  0.00000000E+00  0.00000000E+00  0.00000000E+00
  4.76056888E+04  0.00000000E+00  0.00000000E+00  0.00000000E+00  0.00000000E+00
  4.77056888E+04  0.00000000E+00  0.00000000E+00  0.00000000E+00  0.00000000E+00
  4.78056888E+04  0.00000000E+00  0.00000000E+00  0.00000000E+00  0.00000000E+00
  4.79056888E+04  0.00000000E+00  0.00000000E+00  0.00000000E+00  0.00000000E+00
  4.80056888E+04  0.00000000E+00  0.00000000E+00  0.00000000E+00  0.00000000E+00
  4.81056888E+04  0.00000000E+00  0.00000000E+00  0.00000000E+00  0.00000000E+00
  4.82056888E+04  0.00000000E+00  0.00000000E+00  0.00000000E+00  0.00000000E+00
  4.83056888E+04  0.00000000E+00  0.00000000E+00  0.00000000E+00  0.00000000E+00
  4.84056888E+04  0.00000000E+00  0.00000000E+00  0.00000000E+00  0.00000000E+00
  4.85056888E+04  0.00000000E+00  0.00000000E+00  0.00000000E+00  0.00000000E+00
  4.86056888E+04  0.00000000E+00  0.00000000E+00  0.00000000E+00  0.00000000E+00
  4.87056888E+04  0.00000000E+00  0.00000000E+00  0.00000000E+00  0.00000000E+00
  4.88056888E+04  0.00000000E+00  0.00000000E+00  0.00000000E+00  0.00000000E+00
