      0  0.00000000E+00     NSTEP   TIME
 SURFACE NODE =   441  X =   1.6000E+02  Y =   9.5000E+01
              Z  PRESSURE HEAD             SW           CKRW        QTRANIE
   5.926450E+02  -2.000000E+00   3.800123E-01   2.022411E-07   0.000000E+00   0.000000E+00
   5.925896E+02  -1.944630E+00   3.814036E-01   2.209102E-07   0.000000E+00   0.000000E+00
   5.924789E+02  -1.833890E+00   3.843670E-01   2.656375E-07   0.000000E+00   0.000000E+00
   5.923128E+02  -1.667780E+00   3.893367E-01   3.580386E-07   0.000000E+00   0.000000E+00
   5.920913E+02  -1.446300E+00   3.972085E-01   5.602857E-07   0.000000E+00   0.000000E+00
   5.918145E+02  -1.169450E+00   4.099315E-01   1.092002E-06   0.000000E+00   0.000000E+00
   5.915376E+02  -8.926000E-01   4.279678E-01   2.548260E-06   0.000000E+00   0.000000E+00
   5.909839E+02  -3.389000E-01   5.133542E-01   5.205114E-05   0.000000E+00   0.000000E+00
   5.904302E+02   2.148000E-01   1.000000E+00   1.000000E+00   0.000000E+00   0.000000E+00
   5.890460E+02   1.599050E+00   1.000000E+00   1.000000E+00   0.000000E+00   0.000000E+00
   5.876617E+02   2.983300E+00   1.000000E+00   1.000000E+00   0.000000E+00   0.000000E+00
   5.848932E+02   5.751800E+00   1.000000E+00   1.000000E+00   0.000000E+00   0.000000E+00
   5.821247E+02   8.520300E+00   1.000000E+00   1.000000E+00   0.000000E+00   0.000000E+00
   5.765877E+02   1.405730E+01   1.000000E+00   1.000000E+00   0.000000E+00   0.000000E+00
   5.710507E+02   1.959430E+01   1.000000E+00   1.000000E+00   0.000000E+00   0.000000E+00
   5.649600E+02   2.568500E+01   1.000000E+00   1.000000E+00   0.000000E+00   0.000000E+00
      1  3.90625000E-02     NSTEP   TIME
 SURFACE NODE =   441  X =   1.6000E+02  Y =   9.5000E+01
              Z  PRESSURE HEAD             SW           CKRW        QTRANIE
   5.926450E+02  -2.000001E+00   3.800123E-01   2.022408E-07   1.805620E-07   0.000000E+00
   5.925896E+02  -1.944631E+00   3.814036E-01   2.209100E-07   4.841305E-07   0.000000E+00
   5.924789E+02  -1.833890E+00   3.843670E-01   2.656373E-07   6.376237E-07   0.000000E+00
   5.923128E+02  -1.667780E+00   3.893367E-01   3.580384E-07   6.054474E-07   0.000000E+00
   5.920913E+02  -1.446300E+00   3.972085E-01   5.602856E-07   4.168952E-07   0.000000E+00
   5.918145E+02  -1.169450E+00   4.099315E-01   1.092002E-06   1.333413E-07   0.000000E+00
   5.915376E+02  -8.926000E-01   4.279678E-01   2.548260E-06   0.000000E+00   0.000000E+00
   5.909839E+02  -3.388974E-01   5.133551E-01   5.205236E-05   0.000000E+00   0.000000E+00
   5.904302E+02   2.244810E-01   1.000000E+00   1.000000E+00   0.000000E+00   0.000000E+00
   5.890460E+02   1.602023E+00   1.000000E+00   1.000000E+00   0.000000E+00   0.000000E+00
   5.876617E+02   2.984649E+00   1.000000E+00   1.000000E+00   0.000000E+00   0.000000E+00
   5.848932E+02   5.752789E+00   1.000000E+00   1.000000E+00   0.000000E+00   0.000000E+00
   5.821247E+02   8.521269E+00   1.000000E+00   1.000000E+00   0.000000E+00   0.000000E+00
   5.765877E+02   1.405826E+01   1.000000E+00   1.000000E+00   0.000000E+00   0.000000E+00
   5.710507E+02   1.959526E+01   1.000000E+00   1.000000E+00   0.000000E+00   0.000000E+00
   5.649600E+02   2.568592E+01   1.000000E+00   1.000000E+00   0.000000E+00   0.000000E+00
   5631  2.50560000E+06     NSTEP   TIME
 SURFACE NODE =   441  X =   1.6000E+02  Y =   9.5000E+01
              Z  PRESSURE HEAD             SW           CKRW        QTRANIE
   5.926450E+02  -2.856523E+00   3.638141E-01   6.589048E-08   1.805620E-07   0.000000E+00
   5.925896E+02  -2.589387E+00   3.680160E-01   8.974415E-08   4.841305E-07   0.000000E+00
   5.924789E+02  -2.277394E+00   3.738028E-01   1.344121E-07   6.376237E-07   0.000000E+00
   5.923128E+02  -1.914858E+00   3.821757E-01   2.318928E-07   6.054474E-07   0.000000E+00
   5.920913E+02  -1.548345E+00   3.933784E-01   4.522342E-07   4.168952E-07   0.000000E+00
   5.918145E+02  -9.979128E-01   4.202563E-01   1.796332E-06   1.333413E-07   0.000000E+00
   5.915376E+02  -1.156015E-01   6.542034E-01   1.313121E-03   0.000000E+00   0.000000E+00
   5.909839E+02   4.386277E-01   1.000000E+00   1.000000E+00   0.000000E+00   0.000000E+00
   5.904302E+02   9.807731E-01   1.000000E+00   1.000000E+00   0.000000E+00   0.000000E+00
   5.890460E+02   2.338902E+00   1.000000E+00   1.000000E+00   0.000000E+00   0.000000E+00
   5.876617E+02   3.700323E+00   1.000000E+00   1.000000E+00   0.000000E+00   0.000000E+00
   5.848932E+02   6.431544E+00   1.000000E+00   1.000000E+00   0.000000E+00   0.000000E+00
   5.821247E+02   9.171120E+00   1.000000E+00   1.000000E+00   0.000000E+00   0.000000E+00
   5.765877E+02   1.466895E+01   1.000000E+00   1.000000E+00   0.000000E+00   0.000000E+00
   5.710507E+02   2.018419E+01   1.000000E+00   1.000000E+00   0.000000E+00   0.000000E+00
   5.649600E+02   2.626705E+01   1.000000E+00   1.000000E+00   0.000000E+00   0.000000E+00
