#NSTP            DELTAT         TIME    POT. FLUX    ACT. FLUX    OVL. FLUX    RET. FLUX    SEEP FLUX    REC. FLUX     REC.VOL.
         1  1.00000E-02  1.00000E-02  0.00000E+00 -1.03158E-04  1.03158E-04  1.03158E-04  0.00000E+00  3.02514E-05  3.02514E-09
         2  5.00000E-03  1.50000E-02  0.00000E+00 -1.12251E-04  1.13996E-04  1.14035E-04  0.00000E+00  4.32168E-05  5.18599E-09
         3  5.50000E-03  2.05000E-02  0.00000E+00 -1.17808E-04  1.23923E-04  1.23923E-04  0.00000E+00  5.55691E-05  8.24229E-09
         4  6.05000E-03  2.65500E-02  0.00000E+00 -1.27870E-04  1.32762E-04  1.33169E-04  0.00000E+00  6.74431E-05  1.23226E-08
         5  6.65500E-03  3.32050E-02  0.00000E+00 -1.37075E-04  1.41560E-04  1.41950E-04  0.00000E+00  7.89406E-05  1.75761E-08
         6  7.32050E-03  4.05255E-02  0.00000E+00 -1.35656E-04  1.41064E-04  1.50657E-04  0.00000E+00  9.01730E-05  2.41772E-08
         7  8.05255E-03  4.85780E-02  0.00000E+00 -1.50369E-04  1.57787E-04  1.59402E-04  0.00000E+00  1.01182E-04  3.23249E-08
         8  8.85781E-03  5.74359E-02  0.00000E+00 -1.59609E-04  1.65631E-04  1.67996E-04  0.00000E+00  1.12083E-04  4.22531E-08
         9  9.74359E-03  6.71794E-02  0.00000E+00 -1.70538E-04  1.72670E-04  1.76437E-04  0.00000E+00  1.22932E-04  5.42310E-08
        10  4.87179E-03  7.20512E-02  0.00000E+00 -1.70783E-04  1.77794E-04  1.80584E-04  0.00000E+00  1.28124E-04  6.04730E-08
        11  5.35897E-03  7.74102E-02  0.00000E+00 -1.77451E-04  1.81020E-04  1.84921E-04  0.00000E+00  1.33552E-04  6.76300E-08
        12  5.89487E-03  8.33051E-02  0.00000E+00 -1.83066E-04  1.85621E-04  1.89449E-04  0.00000E+00  1.39213E-04  7.58364E-08
        13  6.48436E-03  8.97894E-02  0.00000E+00 -1.88689E-04  1.90538E-04  1.94164E-04  0.00000E+00  1.45050E-04  8.52420E-08
        14  6.48436E-03  9.62738E-02  0.00000E+00 -1.92464E-04  1.94707E-04  1.98700E-04  0.00000E+00  1.50639E-04  9.50100E-08
        15  7.13279E-03  1.03407E-01  0.00000E+00 -1.97658E-04  1.99529E-04  2.03455E-04  0.00000E+00  1.56445E-04  1.06169E-07
        16  7.13279E-03  1.10539E-01  0.00000E+00 -2.01496E-04  2.03166E-04  2.08016E-04  0.00000E+00  1.62020E-04  1.17725E-07
        17  7.84607E-03  1.18385E-01  0.00000E+00 -2.06993E-04  2.09158E-04  2.12815E-04  0.00000E+00  1.67807E-04  1.30892E-07
        18  3.92304E-03  1.22308E-01  0.00000E+00 -2.05282E-04  2.11342E-04  2.15166E-04  0.00000E+00  1.70656E-04  1.37587E-07
        19  4.31534E-03  1.26624E-01  0.00000E+00 -2.09344E-04  2.13584E-04  2.17687E-04  0.00000E+00  1.73709E-04  1.45083E-07
        20  4.74687E-03  1.31371E-01  0.00000E+00 -2.13122E-04  2.16147E-04  2.20395E-04  0.00000E+00  1.76957E-04  1.53483E-07
        21  4.74687E-03  1.36118E-01  0.00000E+00 -2.15875E-04  2.18494E-04  2.23030E-04  0.00000E+00  1.80133E-04  1.62033E-07
        22  5.22156E-03  1.41339E-01  0.00000E+00 -2.19426E-04  2.21304E-04  2.25850E-04  0.00000E+00  1.83498E-04  1.71615E-07
        23  5.22156E-03  1.46561E-01  0.00000E+00 -2.22230E-04  2.24132E-04  2.28603E-04  0.00000E+00  1.86764E-04  1.81367E-07
        24  5.22156E-03  1.51782E-01  0.00000E+00 -2.24768E-04  2.26791E-04  2.31256E-04  0.00000E+00  1.89949E-04  1.91285E-07
        25  5.22156E-03  1.57004E-01  0.00000E+00 -2.27287E-04  2.29307E-04  2.33877E-04  0.00000E+00  1.93054E-04  2.01366E-07
        26  5.22156E-03  1.62225E-01  0.00000E+00 -2.30089E-04  2.32045E-04  2.36411E-04  0.00000E+00  1.96054E-04  2.11603E-07
        27  5.22156E-03  1.67447E-01  0.00000E+00 -2.32410E-04  2.34512E-04  2.38920E-04  0.00000E+00  1.98997E-04  2.21993E-07
        28  5.22156E-03  1.72668E-01  0.00000E+00 -2.34850E-04  2.36889E-04  2.41374E-04  0.00000E+00  2.01870E-04  2.32534E-07
        29  5.22156E-03  1.77890E-01  0.00000E+00 -2.37212E-04  2.39139E-04  2.43775E-04  0.00000E+00  2.04674E-04  2.43221E-07
        30  5.74372E-03  1.83634E-01  0.00000E+00 -2.40215E-04  2.41825E-04  2.46356E-04  0.00000E+00  2.07672E-04  2.55149E-07
        31  5.74372E-03  1.89377E-01  0.00000E+00 -2.42770E-04  2.44478E-04  2.48880E-04  0.00000E+00  2.10598E-04  2.67246E-07
        32  5.74372E-03  1.95121E-01  0.00000E+00 -2.44994E-04  2.46717E-04  2.51338E-04  0.00000E+00  2.13483E-04  2.79507E-07
