#INITIAL VOLUME OF WATER IN THE SUBSURFACE =   5.50000E+02
#NSTEP       DELTAT         TIME  NLIN   AVG.LIN       STORE1       STORE2       DSTORE   CUM.DSTORE       VIN  CUM.VIN       VOUT    CUM.VOUT   VIN+VOUT   CUM. VIN  M.BAL.ERR   REL. MBE   CUM. MBE      CUM.
#                                 ITER.    ITER.                             (>0 x inc)                                                                      + VOUT  (Vi+Vo-Ds)        (%)             ABS(MBE)
     1 1.000000E-02 1.000000E-02     7 5.714E+00 5.500000E+02 5.499999E+02 -5.86419E-05 -5.86419E-05 0.000E+00 0.000E+00 -5.158E-07 -5.158E-07 -5.158E-07 -5.158E-07  5.813E-05 -1.127E+04  5.813E-05 5.813E-05
     2 5.000000E-03 1.500000E-02     2 6.500E+00 5.500000E+02 5.499999E+02 -5.63500E-07 -5.92054E-05 4.459E-09 4.459E-09 -5.430E-07 -1.059E-06 -5.385E-07 -1.054E-06  2.498E-08 -4.638E+00  5.815E-05 5.815E-05
     3 5.500000E-03 2.050000E-02     2 6.500E+00 5.500000E+02 5.499999E+02 -6.51936E-07 -5.98573E-05 2.172E-08 2.618E-08 -6.544E-07 -1.713E-06 -6.327E-07 -1.687E-06  1.927E-08 -3.046E+00  5.817E-05 5.817E-05
     4 6.050000E-03 2.655000E-02     2 6.500E+00 5.500000E+02 5.499999E+02 -7.78064E-07 -6.06354E-05 3.453E-08 6.071E-08 -7.777E-07 -2.491E-06 -7.432E-07 -2.430E-06  3.489E-08 -4.694E+00  5.821E-05 5.821E-05
     5 6.655000E-03 3.320500E-02     2 6.500E+00 5.500000E+02 5.499999E+02 -9.18901E-07 -6.15543E-05 3.385E-08 9.456E-08 -9.155E-07 -3.406E-06 -8.816E-07 -3.312E-06  3.730E-08 -4.231E+00  5.824E-05 5.824E-05
     6 7.320500E-03 4.052550E-02     2 7.000E+00 5.500000E+02 5.499999E+02 -1.01226E-06 -6.25666E-05 7.275E-08 1.673E-07 -1.071E-06 -4.477E-06 -9.983E-07 -4.310E-06  1.400E-08 -1.403E+00  5.826E-05 5.826E-05
     7 8.052550E-03 4.857805E-02     4 5.750E+00 5.500000E+02 5.499999E+02 -3.52931E-06 -6.60959E-05 9.677E-08 2.641E-07 -1.248E-06 -5.726E-06 -1.152E-06 -5.462E-06  2.378E-06 -2.065E+02  6.063E-05 6.063E-05
     8 8.857805E-03 5.743586E-02     4 6.000E+00 5.500000E+02 5.499999E+02 -4.00224E-06 -7.00981E-05 7.715E-08 3.412E-07 -1.450E-06 -7.176E-06 -1.373E-06 -6.834E-06  2.629E-06 -1.915E+02  6.326E-05 6.326E-05
     9 9.743586E-03 6.717944E-02    10 5.400E+00 5.500000E+02 5.499999E+02 -4.40001E-06 -7.44981E-05 6.960E-08 4.108E-07 -1.678E-06 -8.854E-06 -1.608E-06 -8.443E-06  2.792E-06 -1.736E+02  6.606E-05 6.606E-05
    10 4.871793E-03 7.205123E-02     2 5.500E+00 5.500000E+02 5.499999E+02 -8.37433E-07 -7.53355E-05 3.824E-08 4.491E-07 -8.697E-07 -9.723E-06 -8.314E-07 -9.274E-06  6.010E-09 -7.229E-01  6.606E-05 6.606E-05
    11 5.358972E-03 7.741021E-02     2 6.500E+00 5.500000E+02 5.499999E+02 -9.56233E-07 -7.62918E-05 4.628E-08 4.954E-07 -9.794E-07 -1.070E-05 -9.331E-07 -1.021E-05  2.314E-08 -2.480E+00  6.608E-05 6.608E-05
    12 5.894869E-03 8.330507E-02     2 6.500E+00 5.500000E+02 5.499999E+02 -1.08620E-06 -7.73780E-05 4.083E-08 5.362E-07 -1.103E-06 -1.181E-05 -1.063E-06 -1.127E-05  2.360E-08 -2.221E+00  6.611E-05 6.611E-05
    13 6.484356E-03 8.978943E-02     5 5.000E+00 5.500000E+02 5.499999E+02 -5.74535E-06 -8.31233E-05 3.845E-08 5.746E-07 -1.244E-06 -1.305E-05 -1.205E-06 -1.248E-05  4.540E-06 -3.767E+02  7.065E-05 7.065E-05
    14 6.484356E-03 9.627379E-02     4 5.250E+00 5.500000E+02 5.499999E+02 -5.15040E-06 -8.82737E-05 3.797E-08 6.126E-07 -1.274E-06 -1.432E-05 -1.236E-06 -1.371E-05  3.915E-06 -3.168E+02  7.456E-05 7.456E-05
    15 7.132792E-03 1.034066E-01     5 5.000E+00 5.500000E+02 5.499999E+02 -5.39599E-06 -9.36697E-05 4.291E-08 6.555E-07 -1.434E-06 -1.576E-05 -1.391E-06 -1.510E-05  4.005E-06 -2.878E+02  7.857E-05 7.857E-05
    16 7.132792E-03 1.105394E-01     2 7.000E+00 5.500000E+02 5.499999E+02 -1.44847E-06 -9.51182E-05 4.393E-08 6.994E-07 -1.467E-06 -1.723E-05 -1.424E-06 -1.653E-05  2.493E-08 -1.751E+00  7.859E-05 7.859E-05
    17 7.846071E-03 1.183854E-01     7 5.143E+00 5.500000E+02 5.499999E+02 -2.98298E-06 -9.81012E-05 4.842E-08 7.479E-07 -1.651E-06 -1.888E-05 -1.603E-06 -1.813E-05  1.380E-06 -8.614E+01  7.997E-05 7.997E-05
    18 3.923035E-03 1.223085E-01     2 5.500E+00 5.500000E+02 5.499999E+02 -8.08436E-07 -9.89096E-05 3.081E-08 7.787E-07 -8.395E-07 -1.972E-05 -8.087E-07 -1.894E-05 -2.496E-10  3.086E-02  7.997E-05 7.997E-05
    19 4.315339E-03 1.266238E-01     2 5.500E+00 5.500000E+02 5.499999E+02 -9.07137E-07 -9.98168E-05 3.933E-08 8.180E-07 -9.340E-07 -2.065E-05 -8.946E-07 -1.983E-05  1.251E-08 -1.398E+00  7.998E-05 7.999E-05
    20 4.746873E-03 1.313707E-01     5 4.400E+00 5.500000E+02 5.499999E+02 -1.82159E-06 -1.01638E-04 3.706E-08 8.551E-07 -1.040E-06 -2.169E-05 -1.003E-06 -2.083E-05  8.189E-07 -8.167E+01  8.080E-05 8.080E-05
    21 4.746873E-03 1.361176E-01     2 6.000E+00 5.500000E+02 5.499999E+02 -1.02928E-06 -1.02668E-04 3.424E-08 8.893E-07 -1.052E-06 -2.274E-05 -1.018E-06 -2.185E-05  1.108E-08 -1.088E+00  8.081E-05 8.082E-05
    22 5.221560E-03 1.413391E-01     5 4.400E+00 5.500000E+02 5.499999E+02 -2.77426E-06 -1.05442E-04 3.545E-08 9.248E-07 -1.172E-06 -2.391E-05 -1.136E-06 -2.299E-05  1.638E-06 -1.441E+02  8.245E-05 8.245E-05
    23 5.221560E-03 1.465607E-01     5 4.400E+00 5.500000E+02 5.499999E+02 -2.95514E-06 -1.08397E-04 3.341E-08 9.582E-07 -1.186E-06 -2.510E-05 -1.153E-06 -2.414E-05  1.802E-06 -1.563E+02  8.425E-05 8.426E-05
    24 5.221560E-03 1.517822E-01     5 4.400E+00 5.500000E+02 5.499999E+02 -2.45034E-06 -1.10847E-04 3.358E-08 9.917E-07 -1.201E-06 -2.630E-05 -1.167E-06 -2.531E-05  1.283E-06 -1.100E+02  8.554E-05 8.554E-05
    25 5.221560E-03 1.570038E-01     5 4.400E+00 5.500000E+02 5.499999E+02 -2.06885E-06 -1.12916E-04 3.414E-08 1.026E-06 -1.214E-06 -2.752E-05 -1.180E-06 -2.649E-05  8.886E-07 -7.529E+01  8.643E-05 8.643E-05
    26 5.221560E-03 1.622254E-01     5 4.400E+00 5.500000E+02 5.499999E+02 -3.37575E-06 -1.16292E-04 3.371E-08 1.060E-06 -1.228E-06 -2.874E-05 -1.194E-06 -2.768E-05  2.182E-06 -1.827E+02  8.861E-05 8.861E-05
    27 5.221560E-03 1.674469E-01     5 4.400E+00 5.500000E+02 5.499999E+02 -2.14012E-06 -1.18432E-04 3.350E-08 1.093E-06 -1.241E-06 -2.998E-05 -1.207E-06 -2.889E-05  9.326E-07 -7.724E+01  8.954E-05 8.954E-05
    28 5.221560E-03 1.726685E-01     5 4.400E+00 5.500000E+02 5.499999E+02 -2.15872E-06 -1.20591E-04 3.403E-08 1.127E-06 -1.254E-06 -3.124E-05 -1.220E-06 -3.011E-05  9.388E-07 -7.696E+01  9.048E-05 9.048E-05
    29 5.221560E-03 1.778900E-01     4 4.500E+00 5.500000E+02 5.499999E+02 -4.91633E-06 -1.25507E-04 3.417E-08 1.161E-06 -1.267E-06 -3.250E-05 -1.232E-06 -3.134E-05  3.684E-06 -2.989E+02  9.416E-05 9.416E-05
    30 5.743716E-03 1.836338E-01     5 4.800E+00 5.500000E+02 5.499999E+02 -3.36835E-06 -1.28875E-04 3.648E-08 1.198E-06 -1.408E-06 -3.391E-05 -1.371E-06 -3.271E-05  1.997E-06 -1.457E+02  9.616E-05 9.616E-05
    31 5.743716E-03 1.893775E-01     5 4.800E+00 5.500000E+02 5.499999E+02 -3.34216E-06 -1.32218E-04 3.518E-08 1.233E-06 -1.422E-06 -3.533E-05 -1.387E-06 -3.410E-05  1.955E-06 -1.410E+02  9.812E-05 9.812E-05
    32 5.743716E-03 1.951212E-01     2 6.500E+00 5.500000E+02 5.499999E+02 -1.41332E-06 -1.33631E-04 3.577E-08 1.269E-06 -1.437E-06 -3.677E-05 -1.401E-06 -3.550E-05  1.253E-08 -8.946E-01  9.813E-05 9.813E-05
    33 6.318088E-03 2.014393E-01     5 5.000E+00 5.500000E+02 5.499999E+02 -2.65279E-06 -1.36284E-04 3.902E-08 1.308E-06 -1.596E-06 -3.837E-05 -1.557E-06 -3.706E-05  1.096E-06 -7.035E+01  9.922E-05 9.922E-05
    34 6.318088E-03 2.077574E-01     5 5.000E+00 5.500000E+02 5.499999E+02 -3.41225E-06 -1.39696E-04 3.743E-08 1.345E-06 -1.613E-06 -3.998E-05 -1.575E-06 -3.863E-05  1.837E-06 -1.166E+02  1.011E-04 1.011E-04
    35 6.318088E-03 2.140755E-01     5 5.000E+00 5.499999E+02 5.499999E+02 -2.64847E-06 -1.42344E-04 3.751E-08 1.383E-06 -1.629E-06 -4.161E-05 -1.591E-06 -4.023E-05  1.057E-06 -6.645E+01  1.021E-04 1.021E-04
    36 6.318088E-03 2.203935E-01     2 6.500E+00 5.499999E+02 5.499999E+02 -1.62127E-06 -1.43966E-04 3.794E-08 1.421E-06 -1.644E-06 -4.325E-05 -1.606E-06 -4.183E-05  1.495E-08 -9.305E-01  1.021E-04 1.021E-04
    37 6.949897E-03 2.273434E-01     5 5.000E+00 5.499999E+02 5.499998E+02 -6.37111E-06 -1.50337E-04 3.883E-08 1.459E-06 -1.826E-06 -4.508E-05 -1.787E-06 -4.362E-05  4.584E-06 -2.565E+02  1.067E-04 1.067E-04
    38 6.949897E-03 2.342933E-01     2 7.000E+00 5.499999E+02 5.499998E+02 -1.82060E-06 -1.52157E-04 3.830E-08 1.498E-06 -1.844E-06 -4.692E-05 -1.806E-06 -4.543E-05  1.503E-08 -8.324E-01  1.067E-04 1.067E-04
    39 7.644886E-03 2.419382E-01     5 5.200E+00 5.499999E+02 5.499998E+02 -3.16445E-06 -1.55322E-04 4.331E-08 1.541E-06 -2.048E-06 -4.897E-05 -2.005E-06 -4.743E-05  1.159E-06 -5.783E+01  1.079E-04 1.079E-04
    40 7.644886E-03 2.495831E-01     5 5.200E+00 5.499999E+02 5.499998E+02 -3.23415E-06 -1.58556E-04 4.194E-08 1.583E-06 -2.069E-06 -5.104E-05 -2.027E-06 -4.946E-05  1.207E-06 -5.958E+01  1.091E-04 1.091E-04
