      0  0.00000000E+00     NSTEP   TIME
 SURFACE NODE              X              Y      REC. FLUX
            1   0.000000E+00   1.000000E+01  -0.000000E+00
            2   5.000000E-01   1.000000E+01   4.957146E-19
            3   1.000000E+00   1.000000E+01   1.325384E-18
            4   1.500000E+00   1.000000E+01   0.000000E+00
            5   2.000000E+00   1.000000E+01   0.000000E+00
            6   2.500000E+00   1.000000E+01   0.000000E+00
            7   3.000000E+00   1.000000E+01   0.000000E+00
            8   3.500000E+00   1.000000E+01   0.000000E+00
            9   4.000000E+00   1.000000E+01   0.000000E+00
           10   4.500000E+00   1.000000E+01   0.000000E+00
           11   5.000000E+00   1.000000E+01   5.614620E-18
           12   5.500000E+00   1.000000E+01   0.000000E+00
           13   6.000000E+00   1.000000E+01   0.000000E+00
           14   6.500000E+00   1.000000E+01   0.000000E+00
           15   7.000000E+00   1.000000E+01   2.337686E-18
           16   7.500000E+00   1.000000E+01   0.000000E+00
           17   8.000000E+00   1.000000E+01   0.000000E+00
           18   8.500000E+00   1.000000E+01   4.049205E-18
           19   9.000000E+00   1.000000E+01   0.000000E+00
           20   9.500000E+00   1.000000E+01   0.000000E+00
           21   1.000000E+01   1.000000E+01   6.679102E-18
           22   0.000000E+00   9.500000E+00   0.000000E+00
           23   5.000000E-01   9.500000E+00   0.000000E+00
           24   1.000000E+00   9.500000E+00   5.635492E-19
           25   1.500000E+00   9.500000E+00   1.887194E-18
           26   2.000000E+00   9.500000E+00   1.287119E-19
           27   2.500000E+00   9.500000E+00   0.000000E+00
           28   3.000000E+00   9.500000E+00   9.705570E-19
           29   3.500000E+00   9.500000E+00   2.501184E-18
           30   4.000000E+00   9.500000E+00   3.997025E-18
           31   4.500000E+00   9.500000E+00   0.000000E+00
           32   5.000000E+00   9.500000E+00   2.142878E-18
           33   5.500000E+00   9.500000E+00   1.426267E-18
           34   6.000000E+00   9.500000E+00   0.000000E+00
           35   6.500000E+00   9.500000E+00   0.000000E+00
           36   7.000000E+00   9.500000E+00   3.061255E-19
           37   7.500000E+00   9.500000E+00   0.000000E+00
           38   8.000000E+00   9.500000E+00   0.000000E+00
           39   8.500000E+00   9.500000E+00   0.000000E+00
           40   9.000000E+00   9.500000E+00   8.905469E-19
           41   9.500000E+00   9.500000E+00   0.000000E+00
           42   1.000000E+01   9.500000E+00   0.000000E+00
           43   0.000000E+00   9.000000E+00   0.000000E+00
           44   5.000000E-01   9.000000E+00   0.000000E+00
           45   1.000000E+00   9.000000E+00   0.000000E+00
           46   1.500000E+00   9.000000E+00   1.257550E-18
           47   2.000000E+00   9.000000E+00   0.000000E+00
           48   2.500000E+00   9.000000E+00   0.000000E+00
           49   3.000000E+00   9.000000E+00   4.023115E-18
           50   3.500000E+00   9.000000E+00   0.000000E+00
           51   4.000000E+00   9.000000E+00   1.739349E-18
           52   4.500000E+00   9.000000E+00   2.595109E-18
           53   5.000000E+00   9.000000E+00   2.782959E-20
           54   5.500000E+00   9.000000E+00   5.565918E-20
           55   6.000000E+00   9.000000E+00   0.000000E+00
           56   6.500000E+00   9.000000E+00   0.000000E+00
           57   7.000000E+00   9.000000E+00   3.130829E-20
           58   7.500000E+00   9.000000E+00   0.000000E+00
           59   8.000000E+00   9.000000E+00   0.000000E+00
           60   8.500000E+00   9.000000E+00   0.000000E+00
           61   9.000000E+00   9.000000E+00   9.740357E-19
           62   9.500000E+00   9.000000E+00   3.130829E-18
           63   1.000000E+01   9.000000E+00   4.362288E-18
           64   0.000000E+00   8.500000E+00   0.000000E+00
           65   5.000000E-01   8.500000E+00   0.000000E+00
           66   1.000000E+00   8.500000E+00   0.000000E+00
           67   1.500000E+00   8.500000E+00   5.044113E-19
           68   2.000000E+00   8.500000E+00   4.974539E-19
           69   2.500000E+00   8.500000E+00   0.000000E+00
           70   3.000000E+00   8.500000E+00   0.000000E+00
           71   3.500000E+00   8.500000E+00   1.022737E-18
           72   4.000000E+00   8.500000E+00   0.000000E+00
           73   4.500000E+00   8.500000E+00   2.894277E-18
           74   5.000000E+00   8.500000E+00   7.653137E-19
           75   5.500000E+00   8.500000E+00   7.340054E-19
           76   6.000000E+00   8.500000E+00   1.394958E-18
           77   6.500000E+00   8.500000E+00   0.000000E+00
           78   7.000000E+00   8.500000E+00   8.661960E-19
           79   7.500000E+00   8.500000E+00   0.000000E+00
           80   8.000000E+00   8.500000E+00   0.000000E+00
           81   8.500000E+00   8.500000E+00   0.000000E+00
           82   9.000000E+00   8.500000E+00   0.000000E+00
           83   9.500000E+00   8.500000E+00   1.934157E-18
           84   1.000000E+01   8.500000E+00   6.658230E-18
           85   0.000000E+00   8.000000E+00  -0.000000E+00
           86   5.000000E-01   8.000000E+00   0.000000E+00
           87   1.000000E+00   8.000000E+00   3.443912E-19
           88   1.500000E+00   8.000000E+00   0.000000E+00
           89   2.000000E+00   8.000000E+00   5.131081E-19
           90   2.500000E+00   8.000000E+00   0.000000E+00
           91   3.000000E+00   8.000000E+00   0.000000E+00
           92   3.500000E+00   8.000000E+00   0.000000E+00
           93   4.000000E+00   8.000000E+00   0.000000E+00
           94   4.500000E+00   8.000000E+00   0.000000E+00
           95   5.000000E+00   8.000000E+00   0.000000E+00
           96   5.500000E+00   8.000000E+00   1.141013E-18
           97   6.000000E+00   8.000000E+00   0.000000E+00
           98   6.500000E+00   8.000000E+00   1.252332E-19
           99   7.000000E+00   8.000000E+00   0.000000E+00
          100   7.500000E+00   8.000000E+00   4.174439E-20
          101   8.000000E+00   8.000000E+00   0.000000E+00
          102   8.500000E+00   8.000000E+00   4.313587E-19
          103   9.000000E+00   8.000000E+00   0.000000E+00
          104   9.500000E+00   8.000000E+00   8.348877E-20
          105   1.000000E+01   8.000000E+00   2.755129E-18
          106   0.000000E+00   7.500000E+00  -0.000000E+00
          107   5.000000E-01   7.500000E+00   7.653137E-20
          108   1.000000E+00   7.500000E+00   5.983362E-19
          109   1.500000E+00   7.500000E+00   5.131081E-19
          110   2.000000E+00   7.500000E+00   5.652886E-19
          111   2.500000E+00   7.500000E+00   0.000000E+00
          112   3.000000E+00   7.500000E+00   0.000000E+00
          113   3.500000E+00   7.500000E+00   0.000000E+00
          114   4.000000E+00   7.500000E+00   0.000000E+00
          115   4.500000E+00   7.500000E+00   6.818250E-19
          116   5.000000E+00   7.500000E+00   0.000000E+00
          117   5.500000E+00   7.500000E+00   2.125485E-18
          118   6.000000E+00   7.500000E+00   0.000000E+00
          119   6.500000E+00   7.500000E+00   0.000000E+00
          120   7.000000E+00   7.500000E+00   0.000000E+00
          121   7.500000E+00   7.500000E+00   1.795009E-18
          122   8.000000E+00   7.500000E+00   1.544542E-18
          123   8.500000E+00   7.500000E+00   8.488025E-19
          124   9.000000E+00   7.500000E+00   0.000000E+00
          125   9.500000E+00   7.500000E+00   3.617847E-18
          126   1.000000E+01   7.500000E+00   2.087219E-19
          127   0.000000E+00   7.000000E+00   8.348877E-20
          128   5.000000E-01   7.000000E+00   1.721956E-19
          129   1.000000E+00   7.000000E+00   6.087723E-20
          130   1.500000E+00   7.000000E+00   1.948071E-19
          131   2.000000E+00   7.000000E+00   4.574489E-19
          132   2.500000E+00   7.000000E+00   1.095790E-18
          133   3.000000E+00   7.000000E+00   0.000000E+00
          134   3.500000E+00   7.000000E+00   8.001007E-20
          135   4.000000E+00   7.000000E+00   0.000000E+00
          136   4.500000E+00   7.000000E+00   0.000000E+00
          137   5.000000E+00   7.000000E+00   2.208974E-19
          138   5.500000E+00   7.000000E+00   1.351474E-18
          139   6.000000E+00   7.000000E+00   0.000000E+00
          140   6.500000E+00   7.000000E+00   0.000000E+00
          141   7.000000E+00   7.000000E+00   3.339551E-19
          142   7.500000E+00   7.000000E+00   0.000000E+00
          143   8.000000E+00   7.000000E+00   2.669901E-18
          144   8.500000E+00   7.000000E+00   1.194933E-18
          145   9.000000E+00   7.000000E+00   3.075170E-18
          146   9.500000E+00   7.000000E+00   3.089085E-18
          147   1.000000E+01   7.000000E+00   1.419309E-18
          148   0.000000E+00   6.500000E+00   0.000000E+00
          149   5.000000E-01   6.500000E+00   9.566422E-20
          150   1.000000E+00   6.500000E+00   0.000000E+00
          151   1.500000E+00   6.500000E+00   0.000000E+00
          152   2.000000E+00   6.500000E+00   0.000000E+00
          153   2.500000E+00   6.500000E+00   6.279051E-19
          154   3.000000E+00   6.500000E+00   6.748676E-19
          155   3.500000E+00   6.500000E+00   0.000000E+00
          156   4.000000E+00   6.500000E+00   6.331232E-19
          157   4.500000E+00   6.500000E+00   0.000000E+00
          158   5.000000E+00   6.500000E+00   0.000000E+00
          159   5.500000E+00   6.500000E+00   0.000000E+00
          160   6.000000E+00   6.500000E+00   1.739349E-19
          161   6.500000E+00   6.500000E+00   1.426267E-18
          162   7.000000E+00   6.500000E+00   6.261658E-19
          163   7.500000E+00   6.500000E+00   0.000000E+00
          164   8.000000E+00   6.500000E+00   0.000000E+00
          165   8.500000E+00   6.500000E+00   0.000000E+00
          166   9.000000E+00   6.500000E+00   0.000000E+00
          167   9.500000E+00   6.500000E+00   0.000000E+00
          168   1.000000E+01   6.500000E+00   0.000000E+00
          169   0.000000E+00   6.000000E+00   0.000000E+00
          170   5.000000E-01   6.000000E+00   0.000000E+00
          171   1.000000E+00   6.000000E+00   4.191832E-19
          172   1.500000E+00   6.000000E+00   2.469876E-19
          173   2.000000E+00   6.000000E+00   0.000000E+00
          174   2.500000E+00   6.000000E+00   3.130829E-19
          175   3.000000E+00   6.000000E+00   1.000126E-18
          176   3.500000E+00   6.000000E+00   0.000000E+00
          177   4.000000E+00   6.000000E+00   0.000000E+00
          178   4.500000E+00   6.000000E+00   1.391480E-18
          179   5.000000E+00   6.000000E+00   1.401916E-18
          180   5.500000E+00   6.000000E+00   0.000000E+00
          181   6.000000E+00   6.000000E+00   7.792285E-19
          182   6.500000E+00   6.000000E+00   2.431610E-18
          183   7.000000E+00   6.000000E+00   1.603680E-18
          184   7.500000E+00   6.000000E+00   0.000000E+00
          185   8.000000E+00   6.000000E+00   0.000000E+00
          186   8.500000E+00   6.000000E+00   4.174439E-20
          187   9.000000E+00   6.000000E+00   0.000000E+00
          188   9.500000E+00   6.000000E+00   1.154928E-18
          189   1.000000E+01   6.000000E+00   1.273204E-18
          190   0.000000E+00   5.500000E+00   8.348877E-20
          191   5.000000E-01   5.500000E+00   0.000000E+00
          192   1.000000E+00   5.500000E+00   2.661205E-19
          193   1.500000E+00   5.500000E+00   8.679354E-19
          194   2.000000E+00   5.500000E+00   1.165364E-19
          195   2.500000E+00   5.500000E+00   0.000000E+00
          196   3.000000E+00   5.500000E+00   0.000000E+00
          197   3.500000E+00   5.500000E+00   0.000000E+00
          198   4.000000E+00   5.500000E+00   0.000000E+00
          199   4.500000E+00   5.500000E+00   0.000000E+00
          200   5.000000E+00   5.500000E+00   9.114191E-19
          201   5.500000E+00   5.500000E+00   1.328863E-18
          202   6.000000E+00   5.500000E+00   0.000000E+00
          203   6.500000E+00   5.500000E+00   0.000000E+00
          204   7.000000E+00   5.500000E+00   0.000000E+00
          205   7.500000E+00   5.500000E+00   0.000000E+00
          206   8.000000E+00   5.500000E+00   0.000000E+00
          207   8.500000E+00   5.500000E+00   1.182758E-18
          208   9.000000E+00   5.500000E+00   0.000000E+00
          209   9.500000E+00   5.500000E+00   0.000000E+00
          210   1.000000E+01   5.500000E+00   0.000000E+00
          211   0.000000E+00   5.000000E+00   3.026468E-19
          212   5.000000E-01   5.000000E+00   1.043610E-20
          213   1.000000E+00   5.000000E+00   0.000000E+00
          214   1.500000E+00   5.000000E+00   1.982858E-19
          215   2.000000E+00   5.000000E+00   1.669775E-19
          216   2.500000E+00   5.000000E+00   3.009074E-19
          217   3.000000E+00   5.000000E+00   2.609024E-19
          218   3.500000E+00   5.000000E+00   0.000000E+00
          219   4.000000E+00   5.000000E+00   0.000000E+00
          220   4.500000E+00   5.000000E+00   1.739349E-19
          221   5.000000E+00   5.000000E+00   0.000000E+00
          222   5.500000E+00   5.000000E+00   0.000000E+00
          223   6.000000E+00   5.000000E+00   0.000000E+00
          224   6.500000E+00   5.000000E+00   0.000000E+00
          225   7.000000E+00   5.000000E+00   0.000000E+00
          226   7.500000E+00   5.000000E+00   0.000000E+00
          227   8.000000E+00   5.000000E+00   0.000000E+00
          228   8.500000E+00   5.000000E+00   8.766321E-19
          229   9.000000E+00   5.000000E+00   1.808923E-19
          230   9.500000E+00   5.000000E+00   0.000000E+00
          231   1.000000E+01   5.000000E+00   0.000000E+00
          232   0.000000E+00   4.500000E+00   0.000000E+00
          233   5.000000E-01   4.500000E+00   9.218552E-20
          234   1.000000E+00   4.500000E+00   0.000000E+00
          235   1.500000E+00   4.500000E+00   0.000000E+00
          236   2.000000E+00   4.500000E+00   4.591882E-19
          237   2.500000E+00   4.500000E+00   0.000000E+00
          238   3.000000E+00   4.500000E+00   6.035542E-19
          239   3.500000E+00   4.500000E+00   0.000000E+00
          240   4.000000E+00   4.500000E+00   0.000000E+00
          241   4.500000E+00   4.500000E+00   0.000000E+00
          242   5.000000E+00   4.500000E+00   0.000000E+00
          243   5.500000E+00   4.500000E+00   6.087723E-19
          244   6.000000E+00   4.500000E+00   0.000000E+00
          245   6.500000E+00   4.500000E+00   0.000000E+00
          246   7.000000E+00   4.500000E+00   0.000000E+00
          247   7.500000E+00   4.500000E+00   1.217545E-18
          248   8.000000E+00   4.500000E+00   0.000000E+00
          249   8.500000E+00   4.500000E+00   0.000000E+00
          250   9.000000E+00   4.500000E+00   0.000000E+00
          251   9.500000E+00   4.500000E+00   0.000000E+00
          252   1.000000E+01   4.500000E+00   0.000000E+00
          253   0.000000E+00   4.000000E+00   0.000000E+00
          254   5.000000E-01   4.000000E+00   0.000000E+00
          255   1.000000E+00   4.000000E+00   1.061003E-19
          256   1.500000E+00   4.000000E+00   0.000000E+00
          257   2.000000E+00   4.000000E+00   0.000000E+00
          258   2.500000E+00   4.000000E+00   6.087723E-20
          259   3.000000E+00   4.000000E+00   0.000000E+00
          260   3.500000E+00   4.000000E+00   0.000000E+00
          261   4.000000E+00   4.000000E+00   0.000000E+00
          262   4.500000E+00   4.000000E+00   7.096546E-19
          263   5.000000E+00   4.000000E+00   0.000000E+00
          264   5.500000E+00   4.000000E+00   0.000000E+00
          265   6.000000E+00   4.000000E+00   2.782959E-19
          266   6.500000E+00   4.000000E+00   3.183009E-19
          267   7.000000E+00   4.000000E+00   0.000000E+00
          268   7.500000E+00   4.000000E+00   0.000000E+00
          269   8.000000E+00   4.000000E+00   0.000000E+00
          270   8.500000E+00   4.000000E+00   0.000000E+00
          271   9.000000E+00   4.000000E+00   0.000000E+00
          272   9.500000E+00   4.000000E+00   0.000000E+00
          273   1.000000E+01   4.000000E+00   0.000000E+00
          274   0.000000E+00   3.500000E+00   0.000000E+00
          275   5.000000E-01   3.500000E+00   0.000000E+00
          276   1.000000E+00   3.500000E+00   0.000000E+00
          277   1.500000E+00   3.500000E+00   1.182758E-19
          278   2.000000E+00   3.500000E+00   5.913788E-20
          279   2.500000E+00   3.500000E+00   0.000000E+00
          280   3.000000E+00   3.500000E+00   0.000000E+00
          281   3.500000E+00   3.500000E+00   0.000000E+00
          282   4.000000E+00   3.500000E+00   2.295941E-19
          283   4.500000E+00   3.500000E+00   2.504663E-19
          284   5.000000E+00   3.500000E+00   7.166120E-19
          285   5.500000E+00   3.500000E+00   0.000000E+00
          286   6.000000E+00   3.500000E+00   5.565918E-20
          287   6.500000E+00   3.500000E+00   0.000000E+00
          288   7.000000E+00   3.500000E+00   0.000000E+00
          289   7.500000E+00   3.500000E+00   0.000000E+00
          290   8.000000E+00   3.500000E+00   1.252332E-19
          291   8.500000E+00   3.500000E+00   6.261658E-20
          292   9.000000E+00   3.500000E+00   2.991681E-19
          293   9.500000E+00   3.500000E+00   8.001007E-19
          294   1.000000E+01   3.500000E+00   8.348877E-20
          295   0.000000E+00   3.000000E+00   5.739853E-20
          296   5.000000E-01   3.000000E+00   3.826569E-20
          297   1.000000E+00   3.000000E+00   0.000000E+00
          298   1.500000E+00   3.000000E+00   0.000000E+00
          299   2.000000E+00   3.000000E+00   1.426267E-19
          300   2.500000E+00   3.000000E+00   0.000000E+00
          301   3.000000E+00   3.000000E+00   0.000000E+00
          302   3.500000E+00   3.000000E+00   0.000000E+00
          303   4.000000E+00   3.000000E+00   0.000000E+00
          304   4.500000E+00   3.000000E+00   1.008823E-18
          305   5.000000E+00   3.000000E+00   3.478699E-20
          306   5.500000E+00   3.000000E+00   0.000000E+00
          307   6.000000E+00   3.000000E+00   8.488025E-19
          308   6.500000E+00   3.000000E+00   2.226367E-19
          309   7.000000E+00   3.000000E+00   9.740357E-20
          310   7.500000E+00   3.000000E+00   1.878497E-19
          311   8.000000E+00   3.000000E+00   6.957398E-21
          312   8.500000E+00   3.000000E+00   0.000000E+00
          313   9.000000E+00   3.000000E+00   0.000000E+00
          314   9.500000E+00   3.000000E+00   2.087219E-19
          315   1.000000E+01   3.000000E+00   0.000000E+00
          316   0.000000E+00   2.500000E+00   4.174439E-20
          317   5.000000E-01   2.500000E+00   1.565414E-20
          318   1.000000E+00   2.500000E+00   8.024708E-36
          319   1.500000E+00   2.500000E+00   0.000000E+00
          320   2.000000E+00   2.500000E+00   0.000000E+00
          321   2.500000E+00   2.500000E+00   1.061003E-19
          322   3.000000E+00   2.500000E+00   0.000000E+00
          323   3.500000E+00   2.500000E+00   2.435089E-20
          324   4.000000E+00   2.500000E+00   0.000000E+00
          325   4.500000E+00   2.500000E+00   4.244013E-19
          326   5.000000E+00   2.500000E+00   1.461054E-19
          327   5.500000E+00   2.500000E+00   0.000000E+00
          328   6.000000E+00   2.500000E+00   8.001007E-19
          329   6.500000E+00   2.500000E+00   6.957398E-19
          330   7.000000E+00   2.500000E+00   5.148474E-19
          331   7.500000E+00   2.500000E+00   3.478699E-19
          332   8.000000E+00   2.500000E+00   0.000000E+00
          333   8.500000E+00   2.500000E+00   1.113184E-19
          334   9.000000E+00   2.500000E+00   4.452734E-19
          335   9.500000E+00   2.500000E+00   0.000000E+00
          336   1.000000E+01   2.500000E+00   0.000000E+00
          337   0.000000E+00   2.000000E+00   2.087219E-20
          338   5.000000E-01   2.000000E+00   0.000000E+00
          339   1.000000E+00   2.000000E+00   4.870178E-20
          340   1.500000E+00   2.000000E+00   2.261154E-20
          341   2.000000E+00   2.000000E+00   3.478699E-21
          342   2.500000E+00   2.000000E+00   6.087723E-20
          343   3.000000E+00   2.000000E+00   0.000000E+00
          344   3.500000E+00   2.000000E+00   0.000000E+00
          345   4.000000E+00   2.000000E+00   0.000000E+00
          346   4.500000E+00   2.000000E+00   1.113184E-19
          347   5.000000E+00   2.000000E+00   1.003089E-35
          348   5.500000E+00   2.000000E+00   1.530627E-19
          349   6.000000E+00   2.000000E+00   2.695992E-19
          350   6.500000E+00   2.000000E+00   0.000000E+00
          351   7.000000E+00   2.000000E+00   0.000000E+00
          352   7.500000E+00   2.000000E+00   4.591882E-19
          353   8.000000E+00   2.000000E+00   0.000000E+00
          354   8.500000E+00   2.000000E+00   0.000000E+00
          355   9.000000E+00   2.000000E+00   0.000000E+00
          356   9.500000E+00   2.000000E+00   1.669775E-19
          357   1.000000E+01   2.000000E+00   2.087219E-19
          358   0.000000E+00   1.500000E+00   1.565414E-20
          359   5.000000E-01   1.500000E+00   5.218048E-21
          360   1.000000E+00   1.500000E+00   3.652634E-20
          361   1.500000E+00   1.500000E+00   0.000000E+00
          362   2.000000E+00   1.500000E+00   7.653137E-20
          363   2.500000E+00   1.500000E+00   0.000000E+00
          364   3.000000E+00   1.500000E+00   0.000000E+00
          365   3.500000E+00   1.500000E+00   0.000000E+00
          366   4.000000E+00   1.500000E+00   1.182758E-19
          367   4.500000E+00   1.500000E+00   1.530627E-19
          368   5.000000E+00   1.500000E+00   1.043610E-19
          369   5.500000E+00   1.500000E+00   0.000000E+00
          370   6.000000E+00   1.500000E+00   0.000000E+00
          371   6.500000E+00   1.500000E+00   1.634988E-19
          372   7.000000E+00   1.500000E+00   0.000000E+00
          373   7.500000E+00   1.500000E+00   0.000000E+00
          374   8.000000E+00   1.500000E+00   0.000000E+00
          375   8.500000E+00   1.500000E+00   0.000000E+00
          376   9.000000E+00   1.500000E+00   0.000000E+00
          377   9.500000E+00   1.500000E+00   1.391480E-19
          378   1.000000E+01   1.500000E+00   3.026468E-19
          379   0.000000E+00   1.000000E+00   2.609024E-20
          380   5.000000E-01   1.000000E+00   1.739349E-21
          381   1.000000E+00   1.000000E+00   0.000000E+00
          382   1.500000E+00   1.000000E+00   0.000000E+00
          383   2.000000E+00   1.000000E+00   1.217545E-20
          384   2.500000E+00   1.000000E+00   6.609528E-20
          385   3.000000E+00   1.000000E+00   0.000000E+00
          386   3.500000E+00   1.000000E+00   6.261658E-20
          387   4.000000E+00   1.000000E+00   1.217545E-19
          388   4.500000E+00   1.000000E+00   0.000000E+00
          389   5.000000E+00   1.000000E+00   0.000000E+00
          390   5.500000E+00   1.000000E+00   0.000000E+00
          391   6.000000E+00   1.000000E+00   0.000000E+00
          392   6.500000E+00   1.000000E+00   1.774136E-19
          393   7.000000E+00   1.000000E+00   3.583060E-19
          394   7.500000E+00   1.000000E+00   0.000000E+00
          395   8.000000E+00   1.000000E+00   8.001007E-20
          396   8.500000E+00   1.000000E+00   1.739349E-21
          397   9.000000E+00   1.000000E+00   0.000000E+00
          398   9.500000E+00   1.000000E+00   0.000000E+00
          399   1.000000E+01   1.000000E+00   1.304512E-20
          400   0.000000E+00   5.000000E-01   1.565414E-20
          401   5.000000E-01   5.000000E-01   1.913284E-20
          402   1.000000E+00   5.000000E-01   0.000000E+00
          403   1.500000E+00   5.000000E-01   0.000000E+00
          404   2.000000E+00   5.000000E-01   0.000000E+00
          405   2.500000E+00   5.000000E-01   8.696747E-21
          406   3.000000E+00   5.000000E-01   6.957398E-21
          407   3.500000E+00   5.000000E-01   5.218048E-20
          408   4.000000E+00   5.000000E-01   0.000000E+00
          409   4.500000E+00   5.000000E-01   0.000000E+00
          410   5.000000E+00   5.000000E-01   0.000000E+00
          411   5.500000E+00   5.000000E-01   0.000000E+00
          412   6.000000E+00   5.000000E-01   1.739349E-21
          413   6.500000E+00   5.000000E-01   6.261658E-20
          414   7.000000E+00   5.000000E-01   1.391480E-20
          415   7.500000E+00   5.000000E-01   0.000000E+00
          416   8.000000E+00   5.000000E-01   2.782959E-20
          417   8.500000E+00   5.000000E-01   7.305268E-20
          418   9.000000E+00   5.000000E-01   0.000000E+00
