north:     0
south:        4000.00000000
east:      0
west:        10000.00000000
rows:     10
cols:     20
   0.000000000000E+00   0.000000000000E+00   0.000000000000E+00   0.000000000000E+00   0.000000000000E+00   0.000000000000E+00   0.000000000000E+00   0.000000000000E+00   0.000000000000E+00   0.000000000000E+00   0.000000000000E+00   0.000000000000E+00   0.000000000000E+00   0.000000000000E+00   0.000000000000E+00   0.000000000000E+00   0.000000000000E+00   0.000000000000E+00   0.000000000000E+00   0.000000000000E+00
   0.000000000000E+00   0.240039997101E+02   0.240039997101E+02   0.240039997101E+02   0.240039997101E+02   0.240039997101E+02   0.240039997101E+02   0.240039997101E+02   0.240039997101E+02   0.240039997101E+02   0.240039997101E+02   0.240039997101E+02   0.240039997101E+02   0.240039997101E+02   0.240039997101E+02   0.240039997101E+02   0.240039997101E+02   0.240039997101E+02   0.240039997101E+02   0.000000000000E+00
   0.000000000000E+00   0.240039997101E+02   0.240039997101E+02   0.240039997101E+02   0.240039997101E+02   0.240039997101E+02   0.240039997101E+02   0.240039997101E+02   0.240039997101E+02   0.240039997101E+02   0.240039997101E+02   0.240039997101E+02   0.240039997101E+02   0.240039997101E+02   0.240039997101E+02   0.240039997101E+02   0.240039997101E+02   0.240039997101E+02   0.240039997101E+02   0.000000000000E+00
   0.000000000000E+00   0.240039997101E+02   0.240039997101E+02   0.240039997101E+02   0.240039997101E+02   0.240039997101E+02   0.240039997101E+02   0.240039997101E+02   0.240039997101E+02   0.240039997101E+02   0.240039997101E+02   0.240039997101E+02   0.240039997101E+02   0.240039997101E+02   0.240039997101E+02   0.240039997101E+02   0.240039997101E+02   0.240039997101E+02   0.240039997101E+02   0.000000000000E+00
   0.000000000000E+00   0.240039997101E+02   0.240039997101E+02   0.240039997101E+02   0.240039997101E+02   0.240039997101E+02   0.240039997101E+02   0.240039997101E+02   0.240039997101E+02   0.240039997101E+02   0.240039997101E+02   0.240039997101E+02   0.240039997101E+02   0.240039997101E+02   0.240039997101E+02   0.240039997101E+02   0.240039997101E+02   0.240039997101E+02   0.240039997101E+02   0.000000000000E+00
   0.000000000000E+00   0.240039997101E+02   0.240039997101E+02   0.240039997101E+02   0.240039997101E+02   0.240039997101E+02   0.240039997101E+02   0.240039997101E+02   0.240039997101E+02   0.240039997101E+02   0.240039997101E+02   0.240039997101E+02   0.240039997101E+02   0.240039997101E+02   0.240039997101E+02   0.240039997101E+02   0.240039997101E+02   0.240039997101E+02   0.240039997101E+02   0.000000000000E+00
   0.000000000000E+00   0.240039997101E+02   0.240039997101E+02   0.240039997101E+02   0.240039997101E+02   0.240039997101E+02   0.240039997101E+02   0.240039997101E+02   0.240039997101E+02   0.240039997101E+02   0.240039997101E+02   0.240039997101E+02   0.240039997101E+02   0.240039997101E+02   0.240039997101E+02   0.240039997101E+02   0.240039997101E+02   0.240039997101E+02   0.240039997101E+02   0.000000000000E+00
   0.000000000000E+00   0.240039997101E+02   0.240039997101E+02   0.240039997101E+02   0.240039997101E+02   0.240039997101E+02   0.240039997101E+02   0.240039997101E+02   0.240039997101E+02   0.240039997101E+02   0.240039997101E+02   0.240039997101E+02   0.240039997101E+02   0.240039997101E+02   0.240039997101E+02   0.240039997101E+02   0.240039997101E+02   0.240039997101E+02   0.240039997101E+02   0.000000000000E+00
   0.000000000000E+00   0.240039997101E+02   0.240039997101E+02   0.240039997101E+02   0.240039997101E+02   0.240039997101E+02   0.240039997101E+02   0.240039997101E+02   0.240039997101E+02   0.240039997101E+02   0.240039997101E+02   0.240039997101E+02   0.240039997101E+02   0.240039997101E+02   0.240039997101E+02   0.240039997101E+02   0.240039997101E+02   0.240039997101E+02   0.240039997101E+02   0.000000000000E+00
   0.000000000000E+00   0.000000000000E+00   0.000000000000E+00   0.000000000000E+00   0.000000000000E+00   0.000000000000E+00   0.000000000000E+00   0.000000000000E+00   0.000000000000E+00   0.000000000000E+00   0.000000000000E+00   0.000000000000E+00   0.000000000000E+00   0.000000000000E+00   0.000000000000E+00   0.000000000000E+00   0.000000000000E+00   0.000000000000E+00   0.000000000000E+00   0.000000000000E+00
