#TIME      <--- WTDEPTH(NODVP(I)), I=1,2,...,NUMVP --->
   1.250000E+02   0.000000E+00
   1.875000E+02   0.000000E+00
   2.500000E+02   0.000000E+00
   3.125000E+02   0.000000E+00
   3.750000E+02   0.000000E+00
   4.375000E+02   0.000000E+00
   5.000000E+02   0.000000E+00
   5.625000E+02   0.000000E+00
   6.250000E+02   0.000000E+00
   6.875000E+02   0.000000E+00
   7.187500E+02   0.000000E+00
   7.500000E+02   0.000000E+00
   7.812500E+02   0.000000E+00
   8.125000E+02   0.000000E+00
   8.437500E+02   0.000000E+00
   8.750000E+02   0.000000E+00
   9.062500E+02   0.000000E+00
   9.375000E+02   0.000000E+00
   9.687500E+02   0.000000E+00
   1.000000E+03   0.000000E+00
   1.031250E+03   0.000000E+00
   1.062500E+03   0.000000E+00
   1.093750E+03   0.000000E+00
   1.125000E+03   0.000000E+00
   1.156250E+03   0.000000E+00
   1.187500E+03   0.000000E+00
   1.218750E+03   0.000000E+00
   1.250000E+03   0.000000E+00
   1.281250E+03   0.000000E+00
   1.312500E+03   0.000000E+00
   1.343750E+03   0.000000E+00
   1.375000E+03   0.000000E+00
   1.406250E+03   0.000000E+00
   1.437500E+03   0.000000E+00
   1.468750E+03   0.000000E+00
   1.500000E+03   0.000000E+00
   1.531250E+03   0.000000E+00
   1.562500E+03   0.000000E+00
   1.593750E+03   0.000000E+00
   1.628125E+03   0.000000E+00
   1.662500E+03   0.000000E+00
   1.696875E+03   0.000000E+00
   1.731250E+03   0.000000E+00
   1.769062E+03   0.000000E+00
   1.806875E+03   0.000000E+00
   1.844688E+03   0.000000E+00
   1.882500E+03   0.000000E+00
   1.924094E+03   0.000000E+00
   1.965688E+03   0.000000E+00
   2.007281E+03   0.000000E+00
   2.048875E+03   0.000000E+00
   2.090469E+03   0.000000E+00
   2.132062E+03   0.000000E+00
   2.173656E+03   0.000000E+00
   2.215250E+03   0.000000E+00
   2.256844E+03   0.000000E+00
   2.298438E+03   0.000000E+00
   2.340031E+03   0.000000E+00
   2.381625E+03   0.000000E+00
   2.423219E+03   0.000000E+00
   2.464812E+03   0.000000E+00
   2.506406E+03   0.000000E+00
   2.548000E+03   0.000000E+00
   2.589594E+03   0.000000E+00
   2.631188E+03   0.000000E+00
   2.672781E+03   0.000000E+00
   2.714375E+03   0.000000E+00
   2.755969E+03   0.000000E+00
   2.797562E+03   0.000000E+00
   2.839156E+03   0.000000E+00
   2.880750E+03   0.000000E+00
   2.922344E+03   0.000000E+00
   2.963938E+03   0.000000E+00
   3.005531E+03   0.000000E+00
   3.047125E+03   0.000000E+00
   3.088719E+03   0.000000E+00
   3.130312E+03   0.000000E+00
   3.171906E+03   0.000000E+00
   3.213500E+03   0.000000E+00
   3.255094E+03   0.000000E+00
   3.296688E+03   0.000000E+00
   3.338281E+03   0.000000E+00
   3.379875E+03   0.000000E+00
   3.421469E+03   0.000000E+00
   3.463062E+03   0.000000E+00
   3.504656E+03   0.000000E+00
   3.546250E+03   0.000000E+00
   3.587844E+03   0.000000E+00
   3.629438E+03   0.000000E+00
   3.671031E+03   0.000000E+00
   3.712625E+03   0.000000E+00
   3.754219E+03   0.000000E+00
   3.795812E+03   0.000000E+00
   3.837406E+03   0.000000E+00
   3.879000E+03   0.000000E+00
   3.920594E+03   0.000000E+00
   3.962188E+03   0.000000E+00
   4.003781E+03   0.000000E+00
   4.045375E+03   0.000000E+00
   4.086969E+03   0.000000E+00
   4.128562E+03   0.000000E+00
   4.170156E+03   0.000000E+00
   4.211750E+03   0.000000E+00
   4.253344E+03   0.000000E+00
   4.294938E+03   0.000000E+00
   4.336531E+03   0.000000E+00
   4.378125E+03   0.000000E+00
   4.419719E+03   0.000000E+00
   4.461312E+03   0.000000E+00
   4.502906E+03   0.000000E+00
   4.548659E+03   0.000000E+00
   4.594413E+03   0.000000E+00
   4.640166E+03   0.000000E+00
   4.685919E+03   0.000000E+00
   4.731672E+03   0.000000E+00
   4.777425E+03   0.000000E+00
   4.823178E+03   0.000000E+00
   4.868931E+03   0.000000E+00
   4.914684E+03   0.000000E+00
   4.960438E+03   0.000000E+00
   5.006191E+03   0.000000E+00
   5.051944E+03   0.000000E+00
   5.102272E+03   0.000000E+00
   5.152601E+03   0.000000E+00
   5.202929E+03   0.000000E+00
   5.253258E+03   0.000000E+00
   5.303586E+03   0.000000E+00
   5.353914E+03   0.000000E+00
   5.404243E+03   0.000000E+00
   5.454571E+03   0.000000E+00
   5.504900E+03   0.000000E+00
   5.555228E+03   0.000000E+00
   5.605557E+03   0.000000E+00
   5.655885E+03   0.000000E+00
   5.706213E+03   0.000000E+00
   5.756542E+03   0.000000E+00
   5.806870E+03   0.000000E+00
   5.857199E+03   0.000000E+00
   5.907527E+03   0.000000E+00
   5.957856E+03   0.000000E+00
   6.008184E+03   0.000000E+00
   6.058513E+03   0.000000E+00
   6.108841E+03   0.000000E+00
   6.159169E+03   0.000000E+00
   6.209498E+03   0.000000E+00
   6.259826E+03   0.000000E+00
   6.310155E+03   0.000000E+00
   6.360483E+03   0.000000E+00
   6.410812E+03   0.000000E+00
   6.461140E+03   0.000000E+00
   6.511468E+03   0.000000E+00
   6.561797E+03   0.000000E+00
   6.612125E+03   0.000000E+00
   6.662454E+03   0.000000E+00
   6.712782E+03   0.000000E+00
   6.763111E+03   0.000000E+00
   6.813439E+03   0.000000E+00
   6.863768E+03   0.000000E+00
   6.914096E+03   0.000000E+00
   6.964424E+03   0.000000E+00
   7.014753E+03   0.000000E+00
   7.065081E+03   0.000000E+00
   7.115410E+03   0.000000E+00
   7.165738E+03   0.000000E+00
   7.216067E+03   0.000000E+00
   7.266395E+03   0.000000E+00
   7.316723E+03   0.000000E+00
   7.367052E+03   0.000000E+00
   7.417380E+03   0.000000E+00
   7.467709E+03   0.000000E+00
   7.518037E+03   0.000000E+00
   7.568366E+03   0.000000E+00
   7.618694E+03   0.000000E+00
   7.669023E+03   0.000000E+00
   7.719351E+03   0.000000E+00
   7.769679E+03   0.000000E+00
   7.820008E+03   0.000000E+00
   7.870336E+03   0.000000E+00
   7.920665E+03   0.000000E+00
   7.970993E+03   0.000000E+00
   8.021322E+03   0.000000E+00
   8.071650E+03   0.000000E+00
   8.121978E+03   0.000000E+00
   8.172307E+03   0.000000E+00
   8.222635E+03   0.000000E+00
   8.272964E+03   0.000000E+00
   8.323292E+03   0.000000E+00
   8.373621E+03   0.000000E+00
   8.423949E+03   0.000000E+00
   8.474278E+03   0.000000E+00
   8.524606E+03   0.000000E+00
   8.574934E+03   0.000000E+00
   8.625263E+03   0.000000E+00
   8.675591E+03   0.000000E+00
   8.725920E+03   0.000000E+00
   8.776248E+03   0.000000E+00
   8.826577E+03   0.000000E+00
   8.876905E+03   0.000000E+00
   8.927233E+03   0.000000E+00
   8.977562E+03   0.000000E+00
   9.027890E+03   0.000000E+00
   9.078219E+03   0.000000E+00
   9.128547E+03   0.000000E+00
   9.178876E+03   0.000000E+00
   9.229204E+03   0.000000E+00
   9.279533E+03   0.000000E+00
   9.329861E+03   0.000000E+00
   9.380189E+03   0.000000E+00
   9.430518E+03   0.000000E+00
   9.480846E+03   0.000000E+00
   9.531175E+03   0.000000E+00
   9.581503E+03   0.000000E+00
   9.631832E+03   0.000000E+00
   9.682160E+03   0.000000E+00
   9.732488E+03   0.000000E+00
   9.782817E+03   0.000000E+00
   9.833145E+03   0.000000E+00
   9.883474E+03   0.000000E+00
   9.933802E+03   0.000000E+00
   9.984131E+03   0.000000E+00
   1.003446E+04   0.000000E+00
   1.008479E+04   0.000000E+00
   1.013512E+04   0.000000E+00
   1.018544E+04   0.000000E+00
   1.023577E+04   0.000000E+00
   1.028610E+04   0.000000E+00
   1.033643E+04   0.000000E+00
   1.038676E+04   0.000000E+00
   1.043709E+04   0.000000E+00
   1.048742E+04   0.000000E+00
   1.053774E+04   0.000000E+00
   1.058807E+04   0.000000E+00
   1.063840E+04   0.000000E+00
   1.068873E+04   0.000000E+00
   1.073906E+04   0.000000E+00
   1.078939E+04   0.000000E+00
   1.083971E+04   0.000000E+00
   1.089004E+04   0.000000E+00
   1.094037E+04   0.000000E+00
   1.099070E+04   0.000000E+00
   1.104103E+04   0.000000E+00
   1.109136E+04   0.000000E+00
   1.114168E+04   0.000000E+00
   1.119201E+04   0.000000E+00
   1.124234E+04   0.000000E+00
   1.129267E+04   0.000000E+00
   1.134300E+04   0.000000E+00
   1.139333E+04   0.000000E+00
   1.144366E+04   0.000000E+00
   1.149398E+04   0.000000E+00
   1.154431E+04   0.000000E+00
   1.159464E+04   0.000000E+00
   1.165000E+04   0.000000E+00
   1.170536E+04   0.000000E+00
   1.176072E+04   0.000000E+00
   1.181609E+04   0.000000E+00
   1.187698E+04   0.000000E+00
   1.193788E+04   0.000000E+00
   1.199878E+04   0.000000E+00
   1.206577E+04   0.000000E+00
   1.213275E+04   0.000000E+00
   1.219974E+04   0.000000E+00
   1.226673E+04   0.000000E+00
   1.233371E+04   0.000000E+00
   1.240070E+04   0.000000E+00
   1.246769E+04   0.000000E+00
   1.253468E+04   0.000000E+00
   1.260166E+04   0.000000E+00
   1.266865E+04   0.000000E+00
   1.273564E+04   0.000000E+00
   1.280262E+04   0.000000E+00
   1.286961E+04   0.000000E+00
   1.293660E+04   0.000000E+00
   1.300359E+04   0.000000E+00
   1.307057E+04   0.000000E+00
   1.313756E+04   0.000000E+00
   1.320455E+04   0.000000E+00
   1.327153E+04   0.000000E+00
   1.333852E+04   0.000000E+00
   1.340551E+04   0.000000E+00
   1.347250E+04   0.000000E+00
   1.354618E+04   0.000000E+00
   1.361987E+04   0.000000E+00
   1.369355E+04   0.000000E+00
   1.377461E+04   0.000000E+00
   1.385566E+04   0.000000E+00
   1.393672E+04   0.000000E+00
   1.402588E+04   0.000000E+00
   1.411504E+04   0.000000E+00
   1.420420E+04   0.000000E+00
   1.429336E+04   0.000000E+00
   1.439143E+04   0.000000E+00
   1.448951E+04   0.000000E+00
   1.458758E+04   0.000000E+00
   1.469547E+04   0.000000E+00
   1.480335E+04   0.000000E+00
   1.492202E+04   0.000000E+00
   1.504069E+04   0.000000E+00
   1.517123E+04   0.000000E+00
   1.530177E+04   0.000000E+00
   1.543231E+04   0.000000E+00
   1.557590E+04   0.000000E+00
   1.571950E+04   0.000000E+00
   1.586309E+04   0.000000E+00
   1.602104E+04   0.000000E+00
   1.617899E+04   0.000000E+00
   1.635274E+04   0.000000E+00
   1.652649E+04   0.000000E+00
   1.670024E+04   0.000000E+00
   1.689136E+04   0.000000E+00
   1.708248E+04   0.000000E+00
   1.729272E+04   0.000000E+00
   1.750295E+04   0.000000E+00
   1.773421E+04   0.000000E+00
   1.786710E+04   0.000000E+00
   1.800000E+04   0.000000E+00
