   1.0000000000000000E-002   0.0000000000000000     
   1.4999999999999999E-002   0.0000000000000000     
   2.0500000000000001E-002   0.0000000000000000     
   2.6550000000000001E-002   0.0000000000000000     
   3.3204999999999998E-002   0.0000000000000000     
   3.8204999999999996E-002   0.0000000000000000     
   4.3204999999999993E-002   0.0000000000000000     
   4.8204999999999991E-002   0.0000000000000000     
   5.3704999999999989E-002   0.0000000000000000     
   5.8704999999999986E-002   0.0000000000000000     
   6.4204999999999984E-002   0.0000000000000000     
   6.9704999999999989E-002   0.0000000000000000     
   7.5204999999999994E-002   0.0000000000000000     
   8.0704999999999999E-002   0.0000000000000000     
   8.6205000000000004E-002   0.0000000000000000     
   9.2255000000000004E-002   0.0000000000000000     
   9.8305000000000003E-002   0.0000000000000000     
  0.10496000000000000        0.0000000000000000     
  0.11161499999999999        0.0000000000000000     
  0.11826999999999999        0.0000000000000000     
  0.12492499999999998        0.0000000000000000     
  0.13157999999999997        0.0000000000000000     
  0.13823499999999997        0.0000000000000000     
  0.14488999999999996        0.0000000000000000     
  0.15154499999999996        0.0000000000000000     
  0.15819999999999995        0.0000000000000000     
  0.16485499999999995        0.0000000000000000     
  0.17150999999999994        0.0000000000000000     
  0.17883049999999995        0.0000000000000000     
  0.18615099999999996        0.0000000000000000     
  0.19347149999999996        0.0000000000000000     
  0.20152404999999995        0.0000000000000000     
  0.20957659999999995        0.0000000000000000     
  0.21762914999999994        0.0000000000000000     
  0.22568169999999993        0.0000000000000000     
  0.23373424999999992        0.0000000000000000     
  0.24178679999999991        0.0000000000000000     
  0.24983934999999990        0.0000000000000000     
  0.25789189999999990        0.0000000000000000     
  0.26594444999999989        0.0000000000000000     
  0.27399699999999988        0.0000000000000000     
  0.28204954999999987        0.0000000000000000     
  0.29090735499999987        0.0000000000000000     
  0.29976515999999986        0.0000000000000000     
  0.30862296499999986        0.0000000000000000     
  0.31748076999999986        0.0000000000000000     
  0.32633857499999985        0.0000000000000000     
  0.33608216049999984        0.0000000000000000     
  0.34582574599999982        0.0000000000000000     
  0.35654369004999981        0.0000000000000000     
  0.36726163409999979        0.0000000000000000     
  0.37797957814999977        0.0000000000000000     
  0.38869752219999976        0.0000000000000000     
  0.40048726065499979        0.0000000000000000     
  0.41227699910999982        0.0000000000000000     
  0.42524571141049983        0.0000000000000000     
  0.43951129494104985        0.0000000000000000     
  0.45520343682465486        0.0000000000000000     
  0.47089557870825988        0.0000000000000000     
  0.48815693478022537        0.0000000000000000     
  0.50714442645938740        0.0000000000000000     
  0.52803066730646564        0.0000000000000000     
  0.54891690815354388        0.0000000000000000     
  0.57189177308533001        0.0000000000000000     
  0.59716412451029477        0.0000000000000000     
  0.62243647593525953        0.0000000000000000     
  0.64770882736022428        0.0000000000000000     
  0.67550841392768546        0.0000000000000000     
  0.70330800049514663        0.0000000000000000     
  0.73388754571935400        0.0000000000000000     
  0.76752504546598210        0.0000000000000000     
  0.80116254521261010        0.0000000000000000     
  0.83816379493390092        0.0000000000000000     
  0.87886516962732086        0.0000000000000000     
  0.92363668179008285        0.0000000000000000     
  0.97288534516912095        0.0000000000000000     
   1.0270588748860630        0.0000000000000000     
   1.0866497575746992        0.0000000000000000     
   1.1462406402633354        0.0000000000000000     
   1.2117906112208352        0.0000000000000000     
   1.2773405821783350        0.0000000000000000     
   1.3494455502315847        0.0000000000000000     
   1.4287610150901595        0.0000000000000000     
   1.5080764799487343        0.0000000000000000     
   1.5953234912931664        0.0000000000000000     
   1.6912952037720419        0.0000000000000000     
   1.7872669162509174        0.0000000000000000     
   1.8928357999776804        0.0000000000000000     
   1.9984046837044434        0.0000000000000000     
   2.1145304558038829        0.0000000000000000     
   2.2306562279033222        0.0000000000000000     
   2.3583945772127053        0.0000000000000000     
   2.4989067614530267        0.0000000000000000     
   2.6394189456933481        0.0000000000000000     
   2.7939823483577020        0.0000000000000000     
   2.9485457510220558        0.0000000000000000     
   3.1185654939528451        0.0000000000000000     
   3.3055872111767131        0.0000000000000000     
   3.4926089284005810        0.0000000000000000     
   3.6983328173468362        0.0000000000000000     
   3.9246290951877167        0.0000000000000000     
   4.1735550008126854        0.0000000000000000     
   4.4224809064376540        0.0000000000000000     
   4.6962994026251197        0.0000000000000000     
   4.9701178988125854        0.0000000000000000     
   5.2713182446187972        0.0000000000000000     
   5.6026386250056301        0.0000000000000000     
   5.9670910434311466        0.0000000000000000     
   6.3679887036992149        0.0000000000000000     
   6.7688863639672832        0.0000000000000000     
   7.1697840242353514        0.0000000000000000     
   7.6107714505302262        0.0000000000000000     
   8.0517588768251009        0.0000000000000000     
   8.5368450457494642        0.0000000000000000     
   9.0704398315662633        0.0000000000000000     
   9.6040346173830624        0.0000000000000000     
   10.190988881781541        0.0000000000000000     
   10.836638572619869        0.0000000000000000     
   11.482288263458194        0.0000000000000000     
   12.192502923380355        0.0000000000000000     
   12.973739049294730        0.0000000000000000     
   13.833098787800543        0.0000000000000000     
   14.778394500156937        0.0000000000000000     
   15.818219783748971        0.0000000000000000     
   16.962027595700206        0.0000000000000000     
   18.105835407651444        0.0000000000000000     
   19.249643219602682        0.0000000000000000     
   20.507831812749043        0.0000000000000000     
   21.891839265210042        0.0000000000000000     
   23.414247462917139        0.0000000000000000     
   25.088896480394947        0.0000000000000000     
   26.763545497872755        0.0000000000000000     
   28.605659417098344        0.0000000000000000     
   30.447773336323934        0.0000000000000000     
   32.474098647472083        0.0000000000000000     
   34.500423958620232        0.0000000000000000     
   36.526749269768381        0.0000000000000000     
   38.755707112031345        0.0000000000000000     
   41.207560738520606        0.0000000000000000     
   43.904599727658791        0.0000000000000000     
   46.871342615710795        0.0000000000000000     
   50.134759792567998        0.0000000000000000     
   53.398176969425201        0.0000000000000000     
   56.661594146282404        0.0000000000000000     
   60.251353040825329        0.0000000000000000     
   63.841111935368254        0.0000000000000000     
   67.430870829911171        0.0000000000000000     
   71.379605613908382        0.0000000000000000     
   75.328340397905606        0.0000000000000000     
   79.671948660302547        0.0000000000000000     
   84.449917748939185        0.0000000000000000     
   89.227886837575824        0.0000000000000000     
   94.483652835076128        0.0000000000000000     
   100.26499543232646        0.0000000000000000     
   106.62447228930182        0.0000000000000000     
   113.61989683197471        0.0000000000000000     
   121.31486382891489        0.0000000000000000     
   129.77932752554909        0.0000000000000000     
   139.09023759184672        0.0000000000000000     
   148.40114765814434        0.0000000000000000     
   158.40114765814434        0.0000000000000000     
   168.40114765814434        0.0000000000000000     
   178.40114765814434        0.0000000000000000     
   188.40114765814434        0.0000000000000000     
   198.40114765814434        0.0000000000000000     
   208.40114765814434        0.0000000000000000     
   218.40114765814434        0.0000000000000000     
   228.40114765814434        0.0000000000000000     
   238.40114765814434        0.0000000000000000     
   248.40114765814434        0.0000000000000000     
   258.40114765814434        0.0000000000000000     
   268.40114765814434        0.0000000000000000     
   278.40114765814434        0.0000000000000000     
   288.40114765814434        0.0000000000000000     
   298.40114765814434        0.0000000000000000     
   308.40114765814434        0.0000000000000000     
   318.40114765814434        0.0000000000000000     
   328.40114765814434        0.0000000000000000     
   338.40114765814434        0.0000000000000000     
   348.40114765814434        0.0000000000000000     
   358.40114765814434        0.0000000000000000     
   368.40114765814434        0.0000000000000000     
   378.40114765814434        0.0000000000000000     
   388.40114765814434        0.0000000000000000     
   398.40114765814434        0.0000000000000000     
   408.40114765814434        0.0000000000000000     
   418.40114765814434        0.0000000000000000     
   428.40114765814434        0.0000000000000000     
   438.40114765814434        0.0000000000000000     
   448.40114765814434        0.0000000000000000     
   458.40114765814434        0.0000000000000000     
   468.40114765814434        0.0000000000000000     
   478.40114765814434        0.0000000000000000     
   488.40114765814434        0.0000000000000000     
   498.40114765814434        0.0000000000000000     
   508.40114765814434        0.0000000000000000     
   518.40114765814428        0.0000000000000000     
   528.40114765814428        0.0000000000000000     
   538.40114765814428        0.0000000000000000     
   548.40114765814428        0.0000000000000000     
   558.40114765814428        0.0000000000000000     
   568.40114765814428        0.0000000000000000     
   578.40114765814428        0.0000000000000000     
   588.40114765814428        0.0000000000000000     
   598.40114765814428        0.0000000000000000     
   608.40114765814428        0.0000000000000000     
   618.40114765814428        0.0000000000000000     
   628.40114765814428        0.0000000000000000     
   638.40114765814428        0.0000000000000000     
   648.40114765814428        0.0000000000000000     
   658.40114765814428        0.0000000000000000     
   668.40114765814428        0.0000000000000000     
   678.40114765814428        0.0000000000000000     
   688.40114765814428        0.0000000000000000     
   698.40114765814428        0.0000000000000000     
   708.40114765814428        0.0000000000000000     
   718.40114765814428        0.0000000000000000     
   728.40114765814428        0.0000000000000000     
   738.40114765814428        0.0000000000000000     
   748.40114765814428        0.0000000000000000     
   758.40114765814428        0.0000000000000000     
   768.40114765814428        0.0000000000000000     
   778.40114765814428        0.0000000000000000     
   788.40114765814428        0.0000000000000000     
   798.40114765814428        0.0000000000000000     
   808.40114765814428        0.0000000000000000     
   818.40114765814428        0.0000000000000000     
   828.40114765814428        0.0000000000000000     
   838.40114765814428        0.0000000000000000     
   848.40114765814428        0.0000000000000000     
   858.40114765814428        0.0000000000000000     
   868.40114765814428        0.0000000000000000     
   878.40114765814428        0.0000000000000000     
   888.40114765814428        0.0000000000000000     
   898.40114765814428        0.0000000000000000     
