      0  0.00000000E+00     NSTEP   TIME
   0.000000E+00   0.000000E+00   0.000000E+00   0.000000E+00   0.000000E+00
   0.000000E+00   0.000000E+00   0.000000E+00   0.000000E+00   0.000000E+00
   0.000000E+00   0.000000E+00   0.000000E+00   0.000000E+00   0.000000E+00
   0.000000E+00   0.000000E+00   0.000000E+00   0.000000E+00   0.000000E+00
   0.000000E+00   0.000000E+00   0.000000E+00   0.000000E+00   0.000000E+00
   0.000000E+00   0.000000E+00   0.000000E+00   0.000000E+00   0.000000E+00
   0.000000E+00   0.000000E+00   0.000000E+00   0.000000E+00   0.000000E+00
   0.000000E+00   0.000000E+00   0.000000E+00   0.000000E+00   0.000000E+00
   0.000000E+00   0.000000E+00   0.000000E+00   0.000000E+00   0.000000E+00
   0.000000E+00   0.000000E+00   0.000000E+00   0.000000E+00   0.000000E+00
   0.000000E+00   0.000000E+00   0.000000E+00   0.000000E+00   0.000000E+00
   0.000000E+00   0.000000E+00   0.000000E+00   0.000000E+00   0.000000E+00
   0.000000E+00   0.000000E+00   0.000000E+00   0.000000E+00   0.000000E+00
   0.000000E+00   0.000000E+00   0.000000E+00   0.000000E+00   0.000000E+00
   0.000000E+00   0.000000E+00   0.000000E+00   0.000000E+00   0.000000E+00
   0.000000E+00   0.000000E+00   0.000000E+00   0.000000E+00   0.000000E+00
   0.000000E+00   0.000000E+00   0.000000E+00   0.000000E+00   0.000000E+00
   0.000000E+00   0.000000E+00   0.000000E+00   0.000000E+00   0.000000E+00
   0.000000E+00   0.000000E+00   0.000000E+00   0.000000E+00   0.000000E+00
   0.000000E+00   0.000000E+00   0.000000E+00   0.000000E+00   0.000000E+00
   0.000000E+00   0.000000E+00   0.000000E+00   0.000000E+00   0.000000E+00
   0.000000E+00   0.000000E+00   0.000000E+00   0.000000E+00   0.000000E+00
   0.000000E+00   0.000000E+00   0.000000E+00   0.000000E+00   0.000000E+00
   0.000000E+00   0.000000E+00   0.000000E+00   0.000000E+00   0.000000E+00
   0.000000E+00   0.000000E+00   0.000000E+00   0.000000E+00   0.000000E+00
   0.000000E+00   0.000000E+00   0.000000E+00   0.000000E+00   0.000000E+00
   0.000000E+00   0.000000E+00   0.000000E+00   0.000000E+00   0.000000E+00
   0.000000E+00   0.000000E+00   0.000000E+00   0.000000E+00   0.000000E+00
   0.000000E+00   0.000000E+00   0.000000E+00   0.000000E+00   0.000000E+00
   0.000000E+00   0.000000E+00   0.000000E+00   0.000000E+00   0.000000E+00
   0.000000E+00   0.000000E+00   0.000000E+00   0.000000E+00   0.000000E+00
   0.000000E+00   0.000000E+00   0.000000E+00   0.000000E+00   0.000000E+00
   0.000000E+00   0.000000E+00   0.000000E+00   0.000000E+00   0.000000E+00
   0.000000E+00   0.000000E+00   0.000000E+00   0.000000E+00   0.000000E+00
   0.000000E+00   0.000000E+00   0.000000E+00   0.000000E+00   0.000000E+00
   0.000000E+00   0.000000E+00   0.000000E+00   0.000000E+00   0.000000E+00
   0.000000E+00   0.000000E+00   0.000000E+00   0.000000E+00   0.000000E+00
   0.000000E+00   0.000000E+00   0.000000E+00   0.000000E+00   0.000000E+00
   0.000000E+00   0.000000E+00   0.000000E+00   0.000000E+00   0.000000E+00
   0.000000E+00   0.000000E+00   0.000000E+00   0.000000E+00   0.000000E+00
   0.000000E+00   0.000000E+00   0.000000E+00   0.000000E+00   0.000000E+00
   0.000000E+00   0.000000E+00   0.000000E+00   0.000000E+00   0.000000E+00
   0.000000E+00   0.000000E+00   0.000000E+00   0.000000E+00   0.000000E+00
   0.000000E+00   0.000000E+00   0.000000E+00   0.000000E+00   0.000000E+00
   0.000000E+00   0.000000E+00   0.000000E+00   0.000000E+00   0.000000E+00
   0.000000E+00   0.000000E+00   0.000000E+00   0.000000E+00   0.000000E+00
   0.000000E+00   0.000000E+00   0.000000E+00   0.000000E+00   0.000000E+00
   0.000000E+00   0.000000E+00   0.000000E+00   0.000000E+00   0.000000E+00
   0.000000E+00   0.000000E+00   0.000000E+00   0.000000E+00   0.000000E+00
   0.000000E+00   0.000000E+00   0.000000E+00   0.000000E+00   0.000000E+00
   0.000000E+00   0.000000E+00   0.000000E+00   0.000000E+00   0.000000E+00
   0.000000E+00   0.000000E+00   0.000000E+00   0.000000E+00   0.000000E+00
   0.000000E+00   0.000000E+00   0.000000E+00   0.000000E+00   0.000000E+00
   0.000000E+00   0.000000E+00   0.000000E+00   0.000000E+00   0.000000E+00
   0.000000E+00   0.000000E+00   0.000000E+00   0.000000E+00   0.000000E+00
   0.000000E+00   0.000000E+00   0.000000E+00   0.000000E+00   0.000000E+00
   0.000000E+00   0.000000E+00   0.000000E+00   0.000000E+00   0.000000E+00
   0.000000E+00   0.000000E+00   0.000000E+00   0.000000E+00   0.000000E+00
   0.000000E+00   0.000000E+00   0.000000E+00   0.000000E+00   0.000000E+00
   0.000000E+00   0.000000E+00   0.000000E+00   0.000000E+00   0.000000E+00
   0.000000E+00   0.000000E+00   0.000000E+00   0.000000E+00   0.000000E+00
   0.000000E+00   0.000000E+00   0.000000E+00   0.000000E+00   0.000000E+00
   0.000000E+00   0.000000E+00   0.000000E+00   0.000000E+00   0.000000E+00
   0.000000E+00   0.000000E+00   0.000000E+00   0.000000E+00   0.000000E+00
   0.000000E+00   0.000000E+00   0.000000E+00   0.000000E+00   0.000000E+00
   0.000000E+00   0.000000E+00   0.000000E+00   0.000000E+00   0.000000E+00
   0.000000E+00   0.000000E+00   0.000000E+00   0.000000E+00   0.000000E+00
   0.000000E+00   0.000000E+00   0.000000E+00   0.000000E+00   0.000000E+00
   0.000000E+00   0.000000E+00   0.000000E+00   0.000000E+00   0.000000E+00
   0.000000E+00   0.000000E+00   0.000000E+00   0.000000E+00   0.000000E+00
   0.000000E+00   0.000000E+00   0.000000E+00   0.000000E+00   0.000000E+00
   0.000000E+00   0.000000E+00   0.000000E+00   0.000000E+00   0.000000E+00
   0.000000E+00   0.000000E+00   0.000000E+00   0.000000E+00   0.000000E+00
   0.000000E+00   0.000000E+00   0.000000E+00   0.000000E+00   0.000000E+00
   0.000000E+00   0.000000E+00   0.000000E+00   0.000000E+00   0.000000E+00
   0.000000E+00   0.000000E+00   0.000000E+00   0.000000E+00   0.000000E+00
   0.000000E+00   0.000000E+00   0.000000E+00   0.000000E+00   0.000000E+00
   0.000000E+00   0.000000E+00   0.000000E+00   0.000000E+00   0.000000E+00
   0.000000E+00   0.000000E+00   0.000000E+00   0.000000E+00   0.000000E+00
   0.000000E+00   0.000000E+00   0.000000E+00   0.000000E+00   0.000000E+00
   0.000000E+00   0.000000E+00   0.000000E+00   0.000000E+00   0.000000E+00
   0.000000E+00   0.000000E+00   0.000000E+00   0.000000E+00   0.000000E+00
   0.000000E+00   0.000000E+00   0.000000E+00   0.000000E+00   0.000000E+00
   0.000000E+00   0.000000E+00   0.000000E+00   0.000000E+00   0.000000E+00
   0.000000E+00   0.000000E+00   0.000000E+00   0.000000E+00   0.000000E+00
   0.000000E+00   0.000000E+00   0.000000E+00   0.000000E+00   0.000000E+00
   0.000000E+00   0.000000E+00   0.000000E+00   0.000000E+00   0.000000E+00
   0.000000E+00   0.000000E+00   0.000000E+00   0.000000E+00   0.000000E+00
   0.000000E+00
    353  1.80543531E+03     NSTEP   TIME
   0.000000E+00   0.000000E+00   0.000000E+00   0.000000E+00   0.000000E+00
   0.000000E+00   0.000000E+00   0.000000E+00   0.000000E+00   0.000000E+00
   0.000000E+00   0.000000E+00   0.000000E+00   0.000000E+00   0.000000E+00
   0.000000E+00   0.000000E+00   0.000000E+00   0.000000E+00   0.000000E+00
   0.000000E+00   0.000000E+00   0.000000E+00   0.000000E+00   0.000000E+00
   0.000000E+00   0.000000E+00   0.000000E+00   0.000000E+00   0.000000E+00
   0.000000E+00   0.000000E+00   0.000000E+00   0.000000E+00   0.000000E+00
   0.000000E+00   0.000000E+00   0.000000E+00   0.000000E+00   0.000000E+00
   0.000000E+00   0.000000E+00   0.000000E+00   0.000000E+00   0.000000E+00
   0.000000E+00   0.000000E+00   0.000000E+00   0.000000E+00   0.000000E+00
   0.000000E+00   0.000000E+00   0.000000E+00   0.000000E+00   0.000000E+00
   0.000000E+00   0.000000E+00   0.000000E+00   0.000000E+00   0.000000E+00
   0.000000E+00   0.000000E+00   0.000000E+00   0.000000E+00   0.000000E+00
   0.000000E+00   0.000000E+00   0.000000E+00   0.000000E+00   0.000000E+00
   0.000000E+00   0.000000E+00   0.000000E+00   0.000000E+00   0.000000E+00
   0.000000E+00   0.000000E+00   0.000000E+00   0.000000E+00   0.000000E+00
   0.000000E+00   0.000000E+00   0.000000E+00   0.000000E+00   0.000000E+00
   0.000000E+00   0.000000E+00   0.000000E+00   0.000000E+00   0.000000E+00
   0.000000E+00   0.000000E+00   0.000000E+00   0.000000E+00   0.000000E+00
   0.000000E+00   0.000000E+00   0.000000E+00   0.000000E+00   0.000000E+00
   0.000000E+00   0.000000E+00   0.000000E+00   0.000000E+00   0.000000E+00
   0.000000E+00   0.000000E+00   0.000000E+00   0.000000E+00   0.000000E+00
   0.000000E+00   0.000000E+00   0.000000E+00   0.000000E+00   0.000000E+00
   0.000000E+00   0.000000E+00   0.000000E+00   0.000000E+00   0.000000E+00
   0.000000E+00   0.000000E+00   0.000000E+00   0.000000E+00   0.000000E+00
   0.000000E+00   0.000000E+00   0.000000E+00   0.000000E+00   0.000000E+00
   0.000000E+00   0.000000E+00   0.000000E+00   0.000000E+00   0.000000E+00
   0.000000E+00   0.000000E+00   0.000000E+00   0.000000E+00   0.000000E+00
   0.000000E+00   0.000000E+00   0.000000E+00   0.000000E+00   0.000000E+00
   0.000000E+00   0.000000E+00   0.000000E+00   0.000000E+00   0.000000E+00
   0.000000E+00   0.000000E+00   0.000000E+00   0.000000E+00   0.000000E+00
   0.000000E+00   0.000000E+00   0.000000E+00   0.000000E+00   0.000000E+00
   0.000000E+00   0.000000E+00   0.000000E+00   0.000000E+00   0.000000E+00
   0.000000E+00   0.000000E+00   0.000000E+00   0.000000E+00   0.000000E+00
   0.000000E+00   0.000000E+00   0.000000E+00   0.000000E+00   0.000000E+00
   0.000000E+00   0.000000E+00   0.000000E+00   0.000000E+00   0.000000E+00
   0.000000E+00   0.000000E+00   0.000000E+00   0.000000E+00   0.000000E+00
   0.000000E+00   0.000000E+00   0.000000E+00   0.000000E+00   0.000000E+00
   0.000000E+00   0.000000E+00   0.000000E+00   0.000000E+00   0.000000E+00
   0.000000E+00   0.000000E+00   0.000000E+00   0.000000E+00   0.000000E+00
   0.000000E+00   0.000000E+00   0.000000E+00   0.000000E+00   0.000000E+00
   0.000000E+00   0.000000E+00   0.000000E+00   2.177991E-04   1.945502E-04
   0.000000E+00   0.000000E+00   0.000000E+00   0.000000E+00   0.000000E+00
   0.000000E+00   0.000000E+00   0.000000E+00   0.000000E+00   0.000000E+00
   0.000000E+00   0.000000E+00   0.000000E+00   0.000000E+00   0.000000E+00
   0.000000E+00   0.000000E+00   0.000000E+00   2.908353E-04   6.352435E-04
   7.467779E-04   0.000000E+00   0.000000E+00   0.000000E+00   0.000000E+00
   0.000000E+00   0.000000E+00   0.000000E+00   0.000000E+00   0.000000E+00
   0.000000E+00   0.000000E+00   0.000000E+00   0.000000E+00   0.000000E+00
   0.000000E+00   0.000000E+00   0.000000E+00   1.630917E-04   6.216615E-04
   1.138643E-03   1.204142E-03   0.000000E+00   0.000000E+00   0.000000E+00
   0.000000E+00   0.000000E+00   0.000000E+00   0.000000E+00   0.000000E+00
   0.000000E+00   0.000000E+00   0.000000E+00   0.000000E+00   0.000000E+00
   0.000000E+00   0.000000E+00   4.299447E-05   1.943548E-04   4.658786E-04
   1.038974E-03   1.529195E-03   1.592960E-03   0.000000E+00   0.000000E+00
   0.000000E+00   0.000000E+00   0.000000E+00   0.000000E+00   0.000000E+00
   0.000000E+00   0.000000E+00   0.000000E+00   0.000000E+00   0.000000E+00
   0.000000E+00   2.756301E-05   1.408464E-04   2.990356E-04   5.392064E-04
   8.885351E-04   1.410516E-03   1.902945E-03   1.979514E-03   0.000000E+00
   0.000000E+00   0.000000E+00   0.000000E+00   0.000000E+00   0.000000E+00
   0.000000E+00   0.000000E+00   0.000000E+00   0.000000E+00   0.000000E+00
   8.712387E-05   2.004444E-04   3.169751E-04   4.870027E-04   7.270013E-04
   9.749315E-04   1.272392E-03   1.781044E-03   2.234204E-03   2.329004E-03
   0.000000E+00   0.000000E+00   0.000000E+00   0.000000E+00   0.000000E+00
   0.000000E+00   0.000000E+00   0.000000E+00   1.157363E-04   2.353389E-04
   3.368485E-04   4.616670E-04   6.470158E-04   8.260124E-04   9.991398E-04
   1.182496E-03   1.402656E-03   1.688574E-03   2.196443E-03   2.548652E-03
   2.564145E-03   0.000000E+00   0.000000E+00   0.000000E+00   0.000000E+00
   0.000000E+00   1.451924E-04   3.087802E-04   4.411923E-04   5.931206E-04
   7.928475E-04   9.620814E-04   1.109384E-03   1.243660E-03   1.379682E-03
   1.527904E-03   1.699533E-03   1.912482E-03   2.192500E-03   2.702824E-03
   2.907348E-03   2.781575E-03   0.000000E+00   0.000000E+00   8.158345E-05
   3.266951E-04   5.586862E-04   7.764226E-04   1.053562E-03   1.271375E-03
   1.440532E-03   1.577570E-03   1.700863E-03   1.818778E-03   1.937705E-03
   2.063747E-03   2.204364E-03   2.370422E-03   2.579698E-03   2.854868E-03
   3.372589E-03   3.374293E-03   3.044648E-03   5.018813E-04   5.450022E-04
   9.253459E-04   1.363482E-03   1.787239E-03   2.071831E-03   2.278912E-03
   2.443977E-03   2.583939E-03   2.708331E-03   2.823611E-03   2.935287E-03
   3.049473E-03   3.172437E-03   3.311485E-03   3.477134E-03   3.686933E-03
   3.964236E-03   4.484952E-03   4.125557E-03   3.451545E-03   3.052767E-03
   2.838425E-03   3.677099E-03   4.399655E-03   4.613232E-03   4.592667E-03
   4.520296E-03   4.452429E-03   4.403829E-03   4.377593E-03   4.373457E-03
   4.390508E-03   4.428635E-03   4.489011E-03   4.574090E-03   4.688725E-03
   4.842588E-03   5.052603E-03   5.409000E-03   5.503693E-03   4.593258E-03
   4.202739E-03   4.479088E-03   5.436066E-03   6.446405E-03   6.788741E-03
   6.545167E-03   6.187438E-03   5.861860E-03   5.600072E-03   5.402350E-03
   5.260945E-03   5.168352E-03   5.118120E-03   5.105506E-03   5.127773E-03
   5.184000E-03   5.276274E-03   5.412094E-03   5.625561E-03   5.917330E-03
   6.101935E-03
    533  3.60543531E+03     NSTEP   TIME
   0.000000E+00   0.000000E+00   0.000000E+00   0.000000E+00   0.000000E+00
   0.000000E+00   0.000000E+00   0.000000E+00   0.000000E+00   0.000000E+00
   0.000000E+00   0.000000E+00   0.000000E+00   0.000000E+00   0.000000E+00
   0.000000E+00   0.000000E+00   0.000000E+00   0.000000E+00   0.000000E+00
   0.000000E+00   0.000000E+00   0.000000E+00   0.000000E+00   0.000000E+00
   0.000000E+00   0.000000E+00   0.000000E+00   0.000000E+00   0.000000E+00
   0.000000E+00   0.000000E+00   0.000000E+00   0.000000E+00   0.000000E+00
   0.000000E+00   0.000000E+00   0.000000E+00   0.000000E+00   0.000000E+00
   0.000000E+00   0.000000E+00   0.000000E+00   0.000000E+00   0.000000E+00
   0.000000E+00   0.000000E+00   0.000000E+00   0.000000E+00   0.000000E+00
   0.000000E+00   0.000000E+00   0.000000E+00   0.000000E+00   0.000000E+00
   0.000000E+00   0.000000E+00   0.000000E+00   0.000000E+00   0.000000E+00
   0.000000E+00   0.000000E+00   0.000000E+00   0.000000E+00   0.000000E+00
   0.000000E+00   0.000000E+00   0.000000E+00   0.000000E+00   0.000000E+00
   0.000000E+00   0.000000E+00   0.000000E+00   0.000000E+00   0.000000E+00
   0.000000E+00   0.000000E+00   0.000000E+00   0.000000E+00   0.000000E+00
   0.000000E+00   0.000000E+00   0.000000E+00   0.000000E+00   0.000000E+00
   0.000000E+00   0.000000E+00   0.000000E+00   0.000000E+00   0.000000E+00
   0.000000E+00   0.000000E+00   0.000000E+00   0.000000E+00   0.000000E+00
   0.000000E+00   0.000000E+00   0.000000E+00   0.000000E+00   0.000000E+00
   0.000000E+00   0.000000E+00   0.000000E+00   0.000000E+00   0.000000E+00
   0.000000E+00   0.000000E+00   0.000000E+00   0.000000E+00   0.000000E+00
   0.000000E+00   0.000000E+00   0.000000E+00   0.000000E+00   0.000000E+00
   0.000000E+00   0.000000E+00   0.000000E+00   0.000000E+00   0.000000E+00
   0.000000E+00   0.000000E+00   0.000000E+00   0.000000E+00   0.000000E+00
   0.000000E+00   0.000000E+00   0.000000E+00   0.000000E+00   0.000000E+00
   0.000000E+00   0.000000E+00   0.000000E+00   0.000000E+00   0.000000E+00
   0.000000E+00   0.000000E+00   0.000000E+00   0.000000E+00   0.000000E+00
   0.000000E+00   0.000000E+00   0.000000E+00   0.000000E+00   0.000000E+00
   0.000000E+00   0.000000E+00   0.000000E+00   0.000000E+00   0.000000E+00
   0.000000E+00   0.000000E+00   0.000000E+00   0.000000E+00   0.000000E+00
   0.000000E+00   0.000000E+00   0.000000E+00   0.000000E+00   0.000000E+00
   0.000000E+00   0.000000E+00   0.000000E+00   0.000000E+00   0.000000E+00
   0.000000E+00   0.000000E+00   0.000000E+00   0.000000E+00   0.000000E+00
   0.000000E+00   0.000000E+00   0.000000E+00   0.000000E+00   0.000000E+00
   0.000000E+00   0.000000E+00   0.000000E+00   0.000000E+00   0.000000E+00
   0.000000E+00   0.000000E+00   0.000000E+00   0.000000E+00   0.000000E+00
   0.000000E+00   0.000000E+00   0.000000E+00   0.000000E+00   0.000000E+00
   0.000000E+00   0.000000E+00   0.000000E+00   0.000000E+00   0.000000E+00
   0.000000E+00   0.000000E+00   0.000000E+00   0.000000E+00   0.000000E+00
   0.000000E+00   0.000000E+00   0.000000E+00   0.000000E+00   0.000000E+00
   0.000000E+00   0.000000E+00   0.000000E+00   0.000000E+00   0.000000E+00
   0.000000E+00   0.000000E+00   0.000000E+00   0.000000E+00   0.000000E+00
   0.000000E+00   0.000000E+00   0.000000E+00   0.000000E+00   0.000000E+00
   0.000000E+00   0.000000E+00   0.000000E+00   0.000000E+00   0.000000E+00
   0.000000E+00   0.000000E+00   0.000000E+00   0.000000E+00   0.000000E+00
   0.000000E+00   0.000000E+00   0.000000E+00   0.000000E+00   0.000000E+00
   0.000000E+00   0.000000E+00   0.000000E+00   0.000000E+00   0.000000E+00
   0.000000E+00   0.000000E+00   0.000000E+00   0.000000E+00   0.000000E+00
   0.000000E+00   0.000000E+00   0.000000E+00   0.000000E+00   8.899395E-05
   2.804840E-04   2.370325E-04   0.000000E+00   0.000000E+00   0.000000E+00
   0.000000E+00   0.000000E+00   0.000000E+00   0.000000E+00   0.000000E+00
   0.000000E+00   0.000000E+00   0.000000E+00   0.000000E+00   0.000000E+00
   0.000000E+00   0.000000E+00   0.000000E+00   0.000000E+00   3.894910E-05
   4.009590E-04   7.945866E-04   8.905568E-04   0.000000E+00   0.000000E+00
   0.000000E+00   0.000000E+00   0.000000E+00   0.000000E+00   0.000000E+00
   0.000000E+00   0.000000E+00   0.000000E+00   0.000000E+00   0.000000E+00
   0.000000E+00   0.000000E+00   0.000000E+00   0.000000E+00   9.330815E-05
   3.267899E-04   8.379093E-04   1.374781E-03   1.416646E-03   0.000000E+00
   0.000000E+00   0.000000E+00   0.000000E+00   0.000000E+00   0.000000E+00
   0.000000E+00   0.000000E+00   0.000000E+00   0.000000E+00   0.000000E+00
   0.000000E+00   0.000000E+00   0.000000E+00   6.611439E-05   2.221511E-04
   4.430752E-04   7.974243E-04   1.378261E-03   1.791096E-03   1.830036E-03
   0.000000E+00   0.000000E+00   0.000000E+00   0.000000E+00   0.000000E+00
   0.000000E+00   0.000000E+00   0.000000E+00   0.000000E+00   0.000000E+00
   0.000000E+00   4.896712E-05   1.705775E-04   3.069130E-04   4.631556E-04
   7.064917E-04   1.013417E-03   1.344529E-03   1.872792E-03   2.165821E-03
   2.107526E-03   0.000000E+00   0.000000E+00   0.000000E+00   0.000000E+00
   0.000000E+00   0.000000E+00   0.000000E+00   0.000000E+00   1.407175E-04
   2.803258E-04   4.030326E-04   5.313457E-04   7.165893E-04   9.407455E-04
   1.156259E-03   1.372661E-03   1.612932E-03   1.910196E-03   2.431539E-03
   2.582198E-03   2.380889E-03   0.000000E+00   0.000000E+00   0.000000E+00
   0.000000E+00   1.269835E-04   3.185356E-04   4.916229E-04   6.386969E-04
   8.143969E-04   1.043605E-03   1.242070E-03   1.424511E-03   1.588281E-03
   1.744966E-03   1.911358E-03   2.098974E-03   2.325262E-03   2.610635E-03
   3.135483E-03   3.093345E-03   2.705258E-03   4.355280E-05   1.784555E-04
   5.290595E-04   8.436646E-04   1.115920E-03   1.445454E-03   1.744261E-03
   1.986080E-03   2.179767E-03   2.337860E-03   2.481728E-03   2.619770E-03
   2.758065E-03   2.902599E-03   3.060312E-03   3.241443E-03   3.463579E-03
   3.748268E-03   4.275075E-03   3.875769E-03   3.152209E-03   2.406815E-03
   2.182278E-03   3.029374E-03   3.802365E-03   4.076763E-03   4.107440E-03
   4.074854E-03   4.038157E-03   4.013720E-03   4.006197E-03   4.016581E-03
   4.044821E-03   4.091675E-03   4.158919E-03   4.249209E-03   4.367380E-03
   4.523130E-03   4.732836E-03   5.087703E-03   5.133349E-03   4.222195E-03
   3.577558E-03   3.865497E-03   4.859855E-03   5.896673E-03   6.238035E-03
   6.017467E-03   5.708604E-03   5.420990E-03   5.182920E-03   4.997970E-03
   4.862137E-03   4.770257E-03   4.717411E-03   4.700030E-03   4.716189E-03
   4.765414E-03   4.850014E-03   4.977595E-03   5.182533E-03   5.432761E-03
   5.545415E-03
    893  7.20543531E+03     NSTEP   TIME
   0.000000E+00   0.000000E+00   0.000000E+00   0.000000E+00   0.000000E+00
   0.000000E+00   0.000000E+00   0.000000E+00   0.000000E+00   0.000000E+00
   0.000000E+00   0.000000E+00   0.000000E+00   0.000000E+00   0.000000E+00
   0.000000E+00   0.000000E+00   0.000000E+00   0.000000E+00   0.000000E+00
   0.000000E+00   0.000000E+00   0.000000E+00   0.000000E+00   0.000000E+00
   0.000000E+00   0.000000E+00   0.000000E+00   0.000000E+00   0.000000E+00
   0.000000E+00   0.000000E+00   0.000000E+00   0.000000E+00   0.000000E+00
   0.000000E+00   0.000000E+00   0.000000E+00   0.000000E+00   0.000000E+00
   0.000000E+00   0.000000E+00   0.000000E+00   0.000000E+00   0.000000E+00
   0.000000E+00   0.000000E+00   0.000000E+00   0.000000E+00   0.000000E+00
   0.000000E+00   0.000000E+00   0.000000E+00   0.000000E+00   0.000000E+00
   0.000000E+00   0.000000E+00   0.000000E+00   0.000000E+00   0.000000E+00
   0.000000E+00   0.000000E+00   0.000000E+00   0.000000E+00   0.000000E+00
   0.000000E+00   0.000000E+00   0.000000E+00   0.000000E+00   0.000000E+00
   0.000000E+00   0.000000E+00   0.000000E+00   0.000000E+00   0.000000E+00
   0.000000E+00   0.000000E+00   0.000000E+00   0.000000E+00   0.000000E+00
   0.000000E+00   0.000000E+00   0.000000E+00   0.000000E+00   0.000000E+00
   0.000000E+00   0.000000E+00   0.000000E+00   0.000000E+00   0.000000E+00
   0.000000E+00   0.000000E+00   0.000000E+00   0.000000E+00   0.000000E+00
   0.000000E+00   0.000000E+00   0.000000E+00   0.000000E+00   0.000000E+00
   0.000000E+00   0.000000E+00   0.000000E+00   0.000000E+00   0.000000E+00
   0.000000E+00   0.000000E+00   0.000000E+00   0.000000E+00   0.000000E+00
   0.000000E+00   0.000000E+00   0.000000E+00   0.000000E+00   0.000000E+00
   0.000000E+00   0.000000E+00   0.000000E+00   0.000000E+00   0.000000E+00
   0.000000E+00   0.000000E+00   0.000000E+00   0.000000E+00   0.000000E+00
   0.000000E+00   0.000000E+00   0.000000E+00   0.000000E+00   0.000000E+00
   0.000000E+00   0.000000E+00   0.000000E+00   0.000000E+00   0.000000E+00
   0.000000E+00   0.000000E+00   0.000000E+00   0.000000E+00   0.000000E+00
   0.000000E+00   0.000000E+00   0.000000E+00   0.000000E+00   0.000000E+00
   0.000000E+00   0.000000E+00   0.000000E+00   0.000000E+00   0.000000E+00
   0.000000E+00   0.000000E+00   0.000000E+00   0.000000E+00   0.000000E+00
   0.000000E+00   0.000000E+00   0.000000E+00   0.000000E+00   0.000000E+00
   0.000000E+00   0.000000E+00   0.000000E+00   0.000000E+00   0.000000E+00
   0.000000E+00   0.000000E+00   0.000000E+00   0.000000E+00   0.000000E+00
   0.000000E+00   0.000000E+00   0.000000E+00   0.000000E+00   0.000000E+00
   0.000000E+00   0.000000E+00   0.000000E+00   0.000000E+00   0.000000E+00
   0.000000E+00   0.000000E+00   0.000000E+00   0.000000E+00   0.000000E+00
   0.000000E+00   0.000000E+00   0.000000E+00   0.000000E+00   0.000000E+00
   0.000000E+00   0.000000E+00   0.000000E+00   0.000000E+00   0.000000E+00
   0.000000E+00   0.000000E+00   0.000000E+00   0.000000E+00   0.000000E+00
   0.000000E+00   0.000000E+00   0.000000E+00   0.000000E+00   0.000000E+00
   0.000000E+00   0.000000E+00   0.000000E+00   0.000000E+00   0.000000E+00
   0.000000E+00   0.000000E+00   0.000000E+00   0.000000E+00   0.000000E+00
   0.000000E+00   0.000000E+00   0.000000E+00   0.000000E+00   0.000000E+00
   0.000000E+00   0.000000E+00   0.000000E+00   0.000000E+00   0.000000E+00
   0.000000E+00   0.000000E+00   0.000000E+00   0.000000E+00   0.000000E+00
   0.000000E+00   0.000000E+00   0.000000E+00   0.000000E+00   0.000000E+00
   0.000000E+00   0.000000E+00   0.000000E+00   0.000000E+00   0.000000E+00
   0.000000E+00   0.000000E+00   0.000000E+00   0.000000E+00   0.000000E+00
   0.000000E+00   0.000000E+00   0.000000E+00   0.000000E+00   0.000000E+00
   0.000000E+00   0.000000E+00   0.000000E+00   0.000000E+00   0.000000E+00
   0.000000E+00   0.000000E+00   0.000000E+00   0.000000E+00   0.000000E+00
   0.000000E+00   0.000000E+00   0.000000E+00   0.000000E+00   0.000000E+00
   0.000000E+00   0.000000E+00   0.000000E+00   0.000000E+00   0.000000E+00
   0.000000E+00   0.000000E+00   0.000000E+00   0.000000E+00   0.000000E+00
   0.000000E+00   0.000000E+00   0.000000E+00   0.000000E+00   0.000000E+00
   0.000000E+00   0.000000E+00   0.000000E+00   0.000000E+00   0.000000E+00
   0.000000E+00   0.000000E+00   0.000000E+00   0.000000E+00   0.000000E+00
   0.000000E+00   1.516943E-04   3.779985E-04   3.154842E-04   0.000000E+00
   0.000000E+00   0.000000E+00   0.000000E+00   0.000000E+00   0.000000E+00
   0.000000E+00   0.000000E+00   0.000000E+00   0.000000E+00   0.000000E+00
   0.000000E+00   0.000000E+00   0.000000E+00   0.000000E+00   0.000000E+00
   0.000000E+00   1.531215E-04   5.914836E-04   9.684923E-04   1.043821E-03
   0.000000E+00   0.000000E+00   0.000000E+00   0.000000E+00   0.000000E+00
   0.000000E+00   0.000000E+00   0.000000E+00   0.000000E+00   0.000000E+00
   0.000000E+00   0.000000E+00   0.000000E+00   0.000000E+00   0.000000E+00
   1.270583E-04   3.326183E-04   6.240982E-04   1.232791E-03   1.547683E-03
   1.454173E-03   0.000000E+00   0.000000E+00   0.000000E+00   0.000000E+00
   0.000000E+00   0.000000E+00   0.000000E+00   0.000000E+00   0.000000E+00
   0.000000E+00   0.000000E+00   0.000000E+00   1.404016E-04   3.017928E-04
   4.605299E-04   6.694402E-04   1.002846E-03   1.385298E-03   1.945214E-03
   2.049353E-03   1.789304E-03   0.000000E+00   0.000000E+00   0.000000E+00
   0.000000E+00   0.000000E+00   0.000000E+00   0.000000E+00   6.388967E-05
   2.122930E-04   3.667508E-04   5.097593E-04   6.494966E-04   8.313590E-04
   1.090872E-03   1.346712E-03   1.602624E-03   1.870440E-03   2.178945E-03
   2.714546E-03   2.631355E-03   2.175518E-03   0.000000E+00   0.000000E+00
   0.000000E+00   2.262931E-04   4.867795E-04   7.115044E-04   9.030872E-04
   1.084239E-03   1.321128E-03   1.582695E-03   1.815694E-03   2.037353E-03
   2.236825E-03   2.421562E-03   2.611575E-03   2.819131E-03   3.061922E-03
   3.360394E-03   3.892567E-03   3.475492E-03   2.711045E-03   1.055404E-03
   1.137656E-03   1.834617E-03   2.436759E-03   2.794614E-03   2.999811E-03
   3.144812E-03   3.243852E-03   3.304458E-03   3.348064E-03   3.396409E-03
   3.454389E-03   3.524064E-03   3.609098E-03   3.713562E-03   3.841841E-03
   4.003630E-03   4.215533E-03   4.568781E-03   4.573189E-03   3.703788E-03
   1.583106E-03   1.929209E-03   3.130064E-03   4.374403E-03   4.807193E-03
   4.741415E-03   4.653811E-03   4.524192E-03   4.386626E-03   4.265247E-03
   4.169867E-03   4.102897E-03   4.063906E-03   4.052680E-03   4.070086E-03
   4.117265E-03   4.197189E-03   4.317993E-03   4.514821E-03   4.722490E-03
   4.761264E-03
   1253  1.08054353E+04     NSTEP   TIME
   0.000000E+00   0.000000E+00   0.000000E+00   0.000000E+00   0.000000E+00
   0.000000E+00   0.000000E+00   0.000000E+00   0.000000E+00   0.000000E+00
   0.000000E+00   0.000000E+00   0.000000E+00   0.000000E+00   0.000000E+00
   0.000000E+00   0.000000E+00   0.000000E+00   0.000000E+00   0.000000E+00
   0.000000E+00   0.000000E+00   0.000000E+00   0.000000E+00   0.000000E+00
   0.000000E+00   0.000000E+00   0.000000E+00   0.000000E+00   0.000000E+00
   0.000000E+00   0.000000E+00   0.000000E+00   0.000000E+00   0.000000E+00
   0.000000E+00   0.000000E+00   0.000000E+00   0.000000E+00   0.000000E+00
   0.000000E+00   0.000000E+00   0.000000E+00   0.000000E+00   0.000000E+00
   0.000000E+00   0.000000E+00   0.000000E+00   0.000000E+00   0.000000E+00
   0.000000E+00   0.000000E+00   0.000000E+00   0.000000E+00   0.000000E+00
   0.000000E+00   0.000000E+00   0.000000E+00   0.000000E+00   0.000000E+00
   0.000000E+00   0.000000E+00   0.000000E+00   0.000000E+00   0.000000E+00
   0.000000E+00   0.000000E+00   0.000000E+00   0.000000E+00   0.000000E+00
   0.000000E+00   0.000000E+00   0.000000E+00   0.000000E+00   0.000000E+00
   0.000000E+00   0.000000E+00   0.000000E+00   0.000000E+00   0.000000E+00
   0.000000E+00   0.000000E+00   0.000000E+00   0.000000E+00   0.000000E+00
   0.000000E+00   0.000000E+00   0.000000E+00   0.000000E+00   0.000000E+00
   0.000000E+00   0.000000E+00   0.000000E+00   0.000000E+00   0.000000E+00
   0.000000E+00   0.000000E+00   0.000000E+00   0.000000E+00   0.000000E+00
   0.000000E+00   0.000000E+00   0.000000E+00   0.000000E+00   0.000000E+00
   0.000000E+00   0.000000E+00   0.000000E+00   0.000000E+00   0.000000E+00
   0.000000E+00   0.000000E+00   0.000000E+00   0.000000E+00   0.000000E+00
   0.000000E+00   0.000000E+00   0.000000E+00   0.000000E+00   0.000000E+00
   0.000000E+00   0.000000E+00   0.000000E+00   0.000000E+00   0.000000E+00
   0.000000E+00   0.000000E+00   0.000000E+00   0.000000E+00   0.000000E+00
   0.000000E+00   0.000000E+00   0.000000E+00   0.000000E+00   0.000000E+00
   0.000000E+00   0.000000E+00   0.000000E+00   0.000000E+00   0.000000E+00
   0.000000E+00   0.000000E+00   0.000000E+00   0.000000E+00   0.000000E+00
   0.000000E+00   0.000000E+00   0.000000E+00   0.000000E+00   0.000000E+00
   0.000000E+00   0.000000E+00   0.000000E+00   0.000000E+00   0.000000E+00
   0.000000E+00   0.000000E+00   0.000000E+00   0.000000E+00   0.000000E+00
   0.000000E+00   0.000000E+00   0.000000E+00   0.000000E+00   0.000000E+00
   0.000000E+00   0.000000E+00   0.000000E+00   0.000000E+00   0.000000E+00
   0.000000E+00   0.000000E+00   0.000000E+00   0.000000E+00   0.000000E+00
   0.000000E+00   0.000000E+00   0.000000E+00   0.000000E+00   0.000000E+00
   0.000000E+00   0.000000E+00   0.000000E+00   0.000000E+00   0.000000E+00
   0.000000E+00   0.000000E+00   0.000000E+00   0.000000E+00   0.000000E+00
   0.000000E+00   0.000000E+00   0.000000E+00   0.000000E+00   0.000000E+00
   0.000000E+00   0.000000E+00   0.000000E+00   0.000000E+00   0.000000E+00
   0.000000E+00   0.000000E+00   0.000000E+00   0.000000E+00   0.000000E+00
   0.000000E+00   0.000000E+00   0.000000E+00   0.000000E+00   0.000000E+00
   0.000000E+00   0.000000E+00   0.000000E+00   0.000000E+00   0.000000E+00
   0.000000E+00   0.000000E+00   0.000000E+00   0.000000E+00   0.000000E+00
   0.000000E+00   0.000000E+00   0.000000E+00   0.000000E+00   0.000000E+00
   0.000000E+00   0.000000E+00   0.000000E+00   0.000000E+00   0.000000E+00
   0.000000E+00   0.000000E+00   0.000000E+00   0.000000E+00   0.000000E+00
   0.000000E+00   0.000000E+00   0.000000E+00   0.000000E+00   0.000000E+00
   0.000000E+00   0.000000E+00   0.000000E+00   0.000000E+00   0.000000E+00
   0.000000E+00   0.000000E+00   0.000000E+00   0.000000E+00   0.000000E+00
   0.000000E+00   0.000000E+00   0.000000E+00   0.000000E+00   0.000000E+00
   0.000000E+00   0.000000E+00   0.000000E+00   0.000000E+00   0.000000E+00
   0.000000E+00   0.000000E+00   0.000000E+00   0.000000E+00   0.000000E+00
   0.000000E+00   0.000000E+00   0.000000E+00   0.000000E+00   0.000000E+00
   0.000000E+00   0.000000E+00   0.000000E+00   0.000000E+00   0.000000E+00
   0.000000E+00   0.000000E+00   0.000000E+00   0.000000E+00   0.000000E+00
   0.000000E+00   0.000000E+00   0.000000E+00   0.000000E+00   0.000000E+00
   0.000000E+00   0.000000E+00   0.000000E+00   0.000000E+00   0.000000E+00
   0.000000E+00   0.000000E+00   0.000000E+00   0.000000E+00   0.000000E+00
   0.000000E+00   0.000000E+00   0.000000E+00   0.000000E+00   0.000000E+00
   0.000000E+00   0.000000E+00   0.000000E+00   0.000000E+00   0.000000E+00
   0.000000E+00   0.000000E+00   0.000000E+00   0.000000E+00   0.000000E+00
   0.000000E+00   0.000000E+00   2.092743E-04   4.008146E-04   3.244420E-04
   0.000000E+00   0.000000E+00   0.000000E+00   0.000000E+00   0.000000E+00
   0.000000E+00   0.000000E+00   0.000000E+00   0.000000E+00   0.000000E+00
   0.000000E+00   0.000000E+00   0.000000E+00   0.000000E+00   0.000000E+00
   0.000000E+00   4.841044E-05   2.739252E-04   7.516836E-04   1.043361E-03
   1.003127E-03   0.000000E+00   0.000000E+00   0.000000E+00   0.000000E+00
   0.000000E+00   0.000000E+00   0.000000E+00   0.000000E+00   0.000000E+00
   0.000000E+00   0.000000E+00   0.000000E+00   0.000000E+00   0.000000E+00
   1.573065E-04   3.536577E-04   5.750118E-04   9.145337E-04   1.558166E-03
   1.685930E-03   1.418507E-03   0.000000E+00   0.000000E+00   0.000000E+00
   0.000000E+00   0.000000E+00   0.000000E+00   0.000000E+00   0.000000E+00
   0.000000E+00   0.000000E+00   1.769701E-04   3.358333E-04   4.872468E-04
   6.468905E-04   8.621983E-04   1.176736E-03   1.513262E-03   1.864857E-03
   2.415270E-03   2.310929E-03   1.832815E-03   0.000000E+00   0.000000E+00
   0.000000E+00   0.000000E+00   1.222072E-04   3.398530E-04   5.499035E-04
   7.275247E-04   8.960745E-04   1.058383E-03   1.273694E-03   1.545402E-03
   1.792085E-03   2.040828E-03   2.280978E-03   2.517748E-03   2.779614E-03
   3.088811E-03   3.626062E-03   3.196943E-03   2.398602E-03   1.778208E-04
