north:     0
south:           0.00000000
east:      0
west:            0.00000000
rows:      9
cols:     10
  -9999.0000000000000       -9999.0000000000000       -9999.0000000000000       -9999.0000000000000       -9999.0000000000000       -9999.0000000000000       -9999.0000000000000       -9999.0000000000000       -9999.0000000000000       -9999.0000000000000     
  -9999.0000000000000        0.0000000000000000        42.426406871192853        0.0000000000000000        0.0000000000000000        0.0000000000000000        0.0000000000000000        0.0000000000000000        0.0000000000000000       -9999.0000000000000     
  -9999.0000000000000        0.0000000000000000        0.0000000000000000        42.426406871192853        0.0000000000000000        0.0000000000000000        0.0000000000000000        0.0000000000000000        0.0000000000000000       -9999.0000000000000     
  -9999.0000000000000        0.0000000000000000        0.0000000000000000        0.0000000000000000        42.426406871192853        0.0000000000000000        0.0000000000000000        0.0000000000000000        0.0000000000000000       -9999.0000000000000     
  -9999.0000000000000        0.0000000000000000        0.0000000000000000        0.0000000000000000        0.0000000000000000        42.426406871192853        0.0000000000000000        0.0000000000000000        0.0000000000000000       -9999.0000000000000     
  -9999.0000000000000        0.0000000000000000        0.0000000000000000        0.0000000000000000        0.0000000000000000        0.0000000000000000        42.426406871192853        0.0000000000000000        0.0000000000000000       -9999.0000000000000     
  -9999.0000000000000        0.0000000000000000        0.0000000000000000        0.0000000000000000        0.0000000000000000        0.0000000000000000        0.0000000000000000        42.426406871192853        0.0000000000000000       -9999.0000000000000     
  -9999.0000000000000        0.0000000000000000        0.0000000000000000        0.0000000000000000        0.0000000000000000        0.0000000000000000        0.0000000000000000        0.0000000000000000        10913.921203387221       -9999.0000000000000     
  -9999.0000000000000       -9999.0000000000000       -9999.0000000000000       -9999.0000000000000       -9999.0000000000000       -9999.0000000000000       -9999.0000000000000       -9999.0000000000000       -9999.0000000000000       -9999.0000000000000     
