north:     0
south:           0.00000000
east:      0
west:            0.00000000
rows:      9
cols:     10
   0.000000000000E+00   0.707106813788E-01   0.707106813788E-01   0.707106813788E-01   0.707106813788E-01   0.707106813788E-01   0.707106813788E-01   0.707106813788E-01   0.707106813788E-01   0.707106813788E-01
   0.707106813788E-01   0.707106813788E-01   0.707106813788E-01   0.707106813788E-01   0.707106813788E-01   0.707106813788E-01   0.707106813788E-01   0.707106813788E-01   0.707106813788E-01   0.707106813788E-01
   0.707106813788E-01   0.707106813788E-01   0.707106813788E-01   0.707106813788E-01   0.707106813788E-01   0.707106813788E-01   0.707106813788E-01   0.707106813788E-01   0.707106813788E-01   0.707106813788E-01
   0.707106813788E-01   0.707106813788E-01   0.707106813788E-01   0.707106813788E-01   0.707106813788E-01   0.707106813788E-01   0.707106813788E-01   0.707106813788E-01   0.707106813788E-01   0.707106813788E-01
   0.707106813788E-01   0.707106813788E-01   0.707106813788E-01   0.707106813788E-01   0.707106813788E-01   0.707106813788E-01   0.707106813788E-01   0.707106813788E-01   0.707106813788E-01   0.707106813788E-01
   0.707106813788E-01   0.707106813788E-01   0.707106813788E-01   0.707106813788E-01   0.707106813788E-01   0.707106813788E-01   0.707106813788E-01   0.707106813788E-01   0.707106813788E-01   0.707106813788E-01
   0.707106813788E-01   0.707106813788E-01   0.707106813788E-01   0.707106813788E-01   0.707106813788E-01   0.707106813788E-01   0.707106813788E-01   0.707106813788E-01   0.707106813788E-01   0.707106813788E-01
   0.707106813788E-01   0.707106813788E-01   0.707106813788E-01   0.707106813788E-01   0.707106813788E-01   0.707106813788E-01   0.707106813788E-01   0.707106813788E-01   0.707106813788E-01   0.000000000000E+00
   0.707106813788E-01   0.707106813788E-01   0.707106813788E-01   0.707106813788E-01   0.707106813788E-01   0.707106813788E-01   0.707106813788E-01   0.707106813788E-01   0.000000000000E+00   0.707106813788E-01
