# NSTEP            DELTAT              TIME NET NANSF NEU VOL NET NANSF NEU FLX
      1      5.000000000E+00      5.000000000E+00      0.000000000E+00      0.000000000E+00
      2      5.500000000E+00      1.050000000E+01      0.000000000E+00      0.000000000E+00
      3      6.050000000E+00      1.655000000E+01      0.000000000E+00      0.000000000E+00
      4      6.655000000E+00      2.320500000E+01      0.000000000E+00      0.000000000E+00
      5      7.320500000E+00      3.052550000E+01      0.000000000E+00      0.000000000E+00
      6      8.052550000E+00      3.857805000E+01      0.000000000E+00      0.000000000E+00
      7      8.857805000E+00      4.743585500E+01      0.000000000E+00      0.000000000E+00
      8      9.743585500E+00      5.717944050E+01      0.000000000E+00      0.000000000E+00
      9      1.071794405E+01      6.789738455E+01      0.000000000E+00      0.000000000E+00
     10      1.178973846E+01      7.968712301E+01      0.000000000E+00      0.000000000E+00
     11      1.296871230E+01      9.265583531E+01      0.000000000E+00      0.000000000E+00
     12      1.426558353E+01      1.069214188E+02      0.000000000E+00      0.000000000E+00
     13      1.569214188E+01      1.226135607E+02      0.000000000E+00      0.000000000E+00
     14      1.726135607E+01      1.398749168E+02      0.000000000E+00      0.000000000E+00
     15      1.898749168E+01      1.588624085E+02      0.000000000E+00      0.000000000E+00
     16      2.088624085E+01      1.797486493E+02      0.000000000E+00      0.000000000E+00
     17      2.297486493E+01      2.027235142E+02      0.000000000E+00      0.000000000E+00
     18      2.527235142E+01      2.279958657E+02      0.000000000E+00      0.000000000E+00
     19      2.779958657E+01      2.557954522E+02      0.000000000E+00      0.000000000E+00
     20      3.057954522E+01      2.863749975E+02      0.000000000E+00      0.000000000E+00
     21      3.363749975E+01      3.200124972E+02      0.000000000E+00      0.000000000E+00
     22      3.700124972E+01      3.570137469E+02      0.000000000E+00      0.000000000E+00
     23      4.070137469E+01      3.977151216E+02      0.000000000E+00      0.000000000E+00
     24      4.477151216E+01      4.424866338E+02      0.000000000E+00      0.000000000E+00
     25      4.924866338E+01      4.917352972E+02      0.000000000E+00      0.000000000E+00
     26      5.417352972E+01      5.459088269E+02      0.000000000E+00      0.000000000E+00
     27      5.959088269E+01      6.054997096E+02      0.000000000E+00      0.000000000E+00
     28      5.959088269E+01      6.650905923E+02      0.000000000E+00      0.000000000E+00
     29      5.959088269E+01      7.246814750E+02      0.000000000E+00      0.000000000E+00
     30      5.959088269E+01      7.842723576E+02      0.000000000E+00      0.000000000E+00
     31      5.959088269E+01      8.438632403E+02      0.000000000E+00      0.000000000E+00
     32      5.959088269E+01      9.034541230E+02      0.000000000E+00      0.000000000E+00
     33      5.959088269E+01      9.630450057E+02      0.000000000E+00      0.000000000E+00
     34      5.959088269E+01      1.022635888E+03      0.000000000E+00      0.000000000E+00
     35      5.959088269E+01      1.082226771E+03      0.000000000E+00      0.000000000E+00
     36      5.959088269E+01      1.141817654E+03      0.000000000E+00      0.000000000E+00
     37      5.959088269E+01      1.201408536E+03      0.000000000E+00      0.000000000E+00
     38      5.959088269E+01      1.260999419E+03      0.000000000E+00      0.000000000E+00
     39      5.959088269E+01      1.320590302E+03      0.000000000E+00      0.000000000E+00
     40      5.959088269E+01      1.380181185E+03      0.000000000E+00      0.000000000E+00
     41      5.959088269E+01      1.439772067E+03      0.000000000E+00      0.000000000E+00
     42      5.959088269E+01      1.499362950E+03      0.000000000E+00      0.000000000E+00
     43      5.959088269E+01      1.558953833E+03      0.000000000E+00      0.000000000E+00
     44      5.959088269E+01      1.618544715E+03      0.000000000E+00      0.000000000E+00
     45      6.554997096E+01      1.684094686E+03      0.000000000E+00      0.000000000E+00
     46      6.554997096E+01      1.749644657E+03      0.000000000E+00      0.000000000E+00
     47      6.554997096E+01      1.815194628E+03      0.000000000E+00      0.000000000E+00
     48      6.554997096E+01      1.880744599E+03      0.000000000E+00      0.000000000E+00
     49      6.554997096E+01      1.946294570E+03      0.000000000E+00      0.000000000E+00
     50      6.554997096E+01      2.011844541E+03      0.000000000E+00      0.000000000E+00
     51      6.554997096E+01      2.077394512E+03      0.000000000E+00      0.000000000E+00
     52      7.210496805E+01      2.149499480E+03      0.000000000E+00      0.000000000E+00
     53      7.210496805E+01      2.221604448E+03      0.000000000E+00      0.000000000E+00
     54      7.210496805E+01      2.293709416E+03      0.000000000E+00      0.000000000E+00
     55      7.210496805E+01      2.365814384E+03      0.000000000E+00      0.000000000E+00
     56      7.210496805E+01      2.437919352E+03      0.000000000E+00      0.000000000E+00
     57      7.210496805E+01      2.510024320E+03      0.000000000E+00      0.000000000E+00
     58      7.210496805E+01      2.582129288E+03      0.000000000E+00      0.000000000E+00
     59      7.210496805E+01      2.654234256E+03      0.000000000E+00      0.000000000E+00
     60      7.210496805E+01      2.726339224E+03      0.000000000E+00      0.000000000E+00
     61      7.931546486E+01      2.805654689E+03      0.000000000E+00      0.000000000E+00
     62      7.931546486E+01      2.884970154E+03      0.000000000E+00      0.000000000E+00
     63      7.931546486E+01      2.964285619E+03      0.000000000E+00      0.000000000E+00
     64      7.931546486E+01      3.043601084E+03      0.000000000E+00      0.000000000E+00
     65      7.931546486E+01      3.122916549E+03      0.000000000E+00      0.000000000E+00
     66      7.931546486E+01      3.202232014E+03      0.000000000E+00      0.000000000E+00
     67      7.931546486E+01      3.281547478E+03      0.000000000E+00      0.000000000E+00
     68      7.931546486E+01      3.360862943E+03      0.000000000E+00      0.000000000E+00
     69      7.931546486E+01      3.440178408E+03      0.000000000E+00      0.000000000E+00
     70      7.931546486E+01      3.519493873E+03      0.000000000E+00      0.000000000E+00
     71      8.724701134E+01      3.606740884E+03      0.000000000E+00      0.000000000E+00
     72      8.724701134E+01      3.693987896E+03      0.000000000E+00      0.000000000E+00
     73      8.724701134E+01      3.781234907E+03      0.000000000E+00      0.000000000E+00
     74      8.724701134E+01      3.868481918E+03      0.000000000E+00      0.000000000E+00
     75      8.724701134E+01      3.955728930E+03      0.000000000E+00      0.000000000E+00
     76      8.724701134E+01      4.042975941E+03      0.000000000E+00      0.000000000E+00
     77      8.724701134E+01      4.130222952E+03      0.000000000E+00      0.000000000E+00
     78      8.724701134E+01      4.217469964E+03      0.000000000E+00      0.000000000E+00
     79      8.724701134E+01      4.304716975E+03      0.000000000E+00      0.000000000E+00
     80      9.597171248E+01      4.400688688E+03      0.000000000E+00      0.000000000E+00
     81      9.597171248E+01      4.496660400E+03      0.000000000E+00      0.000000000E+00
     82      9.597171248E+01      4.592632113E+03      0.000000000E+00      0.000000000E+00
     83      9.597171248E+01      4.688603825E+03      0.000000000E+00      0.000000000E+00
     84      9.597171248E+01      4.784575538E+03      0.000000000E+00      0.000000000E+00
     85      9.597171248E+01      4.880547250E+03      0.000000000E+00      0.000000000E+00
     86      9.597171248E+01      4.976518963E+03      0.000000000E+00      0.000000000E+00
     87      9.597171248E+01      5.072490675E+03      0.000000000E+00      0.000000000E+00
     88      1.000000000E+02      5.172490675E+03      0.000000000E+00      0.000000000E+00
     89      1.000000000E+02      5.272490675E+03      0.000000000E+00      0.000000000E+00
     90      1.000000000E+02      5.372490675E+03      0.000000000E+00      0.000000000E+00
     91      1.000000000E+02      5.472490675E+03      0.000000000E+00      0.000000000E+00
     92      1.000000000E+02      5.572490675E+03      0.000000000E+00      0.000000000E+00
     93      1.000000000E+02      5.672490675E+03      0.000000000E+00      0.000000000E+00
     94      1.000000000E+02      5.772490675E+03      0.000000000E+00      0.000000000E+00
     95      1.000000000E+02      5.872490675E+03      0.000000000E+00      0.000000000E+00
     96      1.000000000E+02      5.972490675E+03      0.000000000E+00      0.000000000E+00
     97      1.000000000E+02      6.072490675E+03      0.000000000E+00      0.000000000E+00
     98      1.000000000E+02      6.172490675E+03      0.000000000E+00      0.000000000E+00
     99      1.000000000E+02      6.272490675E+03      0.000000000E+00      0.000000000E+00
    100      1.000000000E+02      6.372490675E+03      0.000000000E+00      0.000000000E+00
    101      1.000000000E+02      6.472490675E+03      0.000000000E+00      0.000000000E+00
    102      1.000000000E+02      6.572490675E+03      0.000000000E+00      0.000000000E+00
    103      1.000000000E+02      6.672490675E+03      0.000000000E+00      0.000000000E+00
    104      1.000000000E+02      6.772490675E+03      0.000000000E+00      0.000000000E+00
    105      1.000000000E+02      6.872490675E+03      0.000000000E+00      0.000000000E+00
    106      1.000000000E+02      6.972490675E+03      0.000000000E+00      0.000000000E+00
    107      1.000000000E+02      7.072490675E+03      0.000000000E+00      0.000000000E+00
    108      1.000000000E+02      7.172490675E+03      0.000000000E+00      0.000000000E+00
    109      1.000000000E+02      7.272490675E+03      0.000000000E+00      0.000000000E+00
    110      1.000000000E+02      7.372490675E+03      0.000000000E+00      0.000000000E+00
    111      1.000000000E+02      7.472490675E+03      0.000000000E+00      0.000000000E+00
    112      1.000000000E+02      7.572490675E+03      0.000000000E+00      0.000000000E+00
    113      1.000000000E+02      7.672490675E+03      0.000000000E+00      0.000000000E+00
    114      1.000000000E+02      7.772490675E+03      0.000000000E+00      0.000000000E+00
    115      1.000000000E+02      7.872490675E+03      0.000000000E+00      0.000000000E+00
    116      1.000000000E+02      7.972490675E+03      0.000000000E+00      0.000000000E+00
    117      1.000000000E+02      8.072490675E+03      0.000000000E+00      0.000000000E+00
    118      1.000000000E+02      8.172490675E+03      0.000000000E+00      0.000000000E+00
    119      1.000000000E+02      8.272490675E+03      0.000000000E+00      0.000000000E+00
    120      1.000000000E+02      8.372490675E+03      0.000000000E+00      0.000000000E+00
    121      1.000000000E+02      8.472490675E+03      0.000000000E+00      0.000000000E+00
    122      1.000000000E+02      8.572490675E+03      0.000000000E+00      0.000000000E+00
    123      1.000000000E+02      8.672490675E+03      0.000000000E+00      0.000000000E+00
    124      1.000000000E+02      8.772490675E+03      0.000000000E+00      0.000000000E+00
    125      1.000000000E+02      8.872490675E+03      0.000000000E+00      0.000000000E+00
    126      1.000000000E+02      8.972490675E+03      0.000000000E+00      0.000000000E+00
    127      1.000000000E+02      9.072490675E+03      0.000000000E+00      0.000000000E+00
    128      1.000000000E+02      9.172490675E+03      0.000000000E+00      0.000000000E+00
    129      1.000000000E+02      9.272490675E+03      0.000000000E+00      0.000000000E+00
    130      1.000000000E+02      9.372490675E+03      0.000000000E+00      0.000000000E+00
    131      1.000000000E+02      9.472490675E+03      0.000000000E+00      0.000000000E+00
    132      1.000000000E+02      9.572490675E+03      0.000000000E+00      0.000000000E+00
    133      1.000000000E+02      9.672490675E+03      0.000000000E+00      0.000000000E+00
    134      1.000000000E+02      9.772490675E+03      0.000000000E+00      0.000000000E+00
    135      1.000000000E+02      9.872490675E+03      0.000000000E+00      0.000000000E+00
    136      1.000000000E+02      9.972490675E+03      0.000000000E+00      0.000000000E+00
    137      1.000000000E+02      1.007249067E+04      0.000000000E+00      0.000000000E+00
    138      1.000000000E+02      1.017249067E+04      0.000000000E+00      0.000000000E+00
    139      1.000000000E+02      1.027249067E+04      0.000000000E+00      0.000000000E+00
    140      1.000000000E+02      1.037249067E+04      0.000000000E+00      0.000000000E+00
    141      1.000000000E+02      1.047249067E+04      0.000000000E+00      0.000000000E+00
    142      1.000000000E+02      1.057249067E+04      0.000000000E+00      0.000000000E+00
    143      1.000000000E+02      1.067249067E+04      0.000000000E+00      0.000000000E+00
    144      1.000000000E+02      1.077249067E+04      0.000000000E+00      0.000000000E+00
    145      1.000000000E+02      1.087249067E+04      0.000000000E+00      0.000000000E+00
    146      1.000000000E+02      1.097249067E+04      0.000000000E+00      0.000000000E+00
    147      1.000000000E+02      1.107249067E+04      0.000000000E+00      0.000000000E+00
    148      1.000000000E+02      1.117249067E+04      0.000000000E+00      0.000000000E+00
    149      1.000000000E+02      1.127249067E+04      0.000000000E+00      0.000000000E+00
    150      1.000000000E+02      1.137249067E+04      0.000000000E+00      0.000000000E+00
    151      1.000000000E+02      1.147249067E+04      0.000000000E+00      0.000000000E+00
    152      1.000000000E+02      1.157249067E+04      0.000000000E+00      0.000000000E+00
    153      1.000000000E+02      1.167249067E+04      0.000000000E+00      0.000000000E+00
    154      1.000000000E+02      1.177249067E+04      0.000000000E+00      0.000000000E+00
    155      1.000000000E+02      1.187249067E+04      0.000000000E+00      0.000000000E+00
    156      1.000000000E+02      1.197249067E+04      0.000000000E+00      0.000000000E+00
    157      1.000000000E+02      1.207249067E+04      0.000000000E+00      0.000000000E+00
    158      1.000000000E+02      1.217249067E+04      0.000000000E+00      0.000000000E+00
    159      1.000000000E+02      1.227249067E+04      0.000000000E+00      0.000000000E+00
    160      1.000000000E+02      1.237249067E+04      0.000000000E+00      0.000000000E+00
    161      1.000000000E+02      1.247249067E+04      0.000000000E+00      0.000000000E+00
    162      1.000000000E+02      1.257249067E+04      0.000000000E+00      0.000000000E+00
    163      1.000000000E+02      1.267249067E+04      0.000000000E+00      0.000000000E+00
    164      1.000000000E+02      1.277249067E+04      0.000000000E+00      0.000000000E+00
    165      1.000000000E+02      1.287249067E+04      0.000000000E+00      0.000000000E+00
    166      1.000000000E+02      1.297249067E+04      0.000000000E+00      0.000000000E+00
    167      1.000000000E+02      1.307249067E+04      0.000000000E+00      0.000000000E+00
    168      1.000000000E+02      1.317249067E+04      0.000000000E+00      0.000000000E+00
    169      1.000000000E+02      1.327249067E+04      0.000000000E+00      0.000000000E+00
    170      1.000000000E+02      1.337249067E+04      0.000000000E+00      0.000000000E+00
    171      1.000000000E+02      1.347249067E+04      0.000000000E+00      0.000000000E+00
    172      1.000000000E+02      1.357249067E+04      0.000000000E+00      0.000000000E+00
    173      1.000000000E+02      1.367249067E+04      0.000000000E+00      0.000000000E+00
    174      1.000000000E+02      1.377249067E+04      0.000000000E+00      0.000000000E+00
    175      1.000000000E+02      1.387249067E+04      0.000000000E+00      0.000000000E+00
    176      1.000000000E+02      1.397249067E+04      0.000000000E+00      0.000000000E+00
    177      1.000000000E+02      1.407249067E+04      0.000000000E+00      0.000000000E+00
    178      1.000000000E+02      1.417249067E+04      0.000000000E+00      0.000000000E+00
    179      1.000000000E+02      1.427249067E+04      0.000000000E+00      0.000000000E+00
    180      1.000000000E+02      1.437249067E+04      0.000000000E+00      0.000000000E+00
    181      1.000000000E+02      1.447249067E+04      0.000000000E+00      0.000000000E+00
    182      1.000000000E+02      1.457249067E+04      0.000000000E+00      0.000000000E+00
    183      1.000000000E+02      1.467249067E+04      0.000000000E+00      0.000000000E+00
    184      1.000000000E+02      1.477249067E+04      0.000000000E+00      0.000000000E+00
    185      1.000000000E+02      1.487249067E+04      0.000000000E+00      0.000000000E+00
    186      1.000000000E+02      1.497249067E+04      0.000000000E+00      0.000000000E+00
    187      1.000000000E+02      1.507249067E+04      0.000000000E+00      0.000000000E+00
    188      1.000000000E+02      1.517249067E+04      0.000000000E+00      0.000000000E+00
    189      1.000000000E+02      1.527249067E+04      0.000000000E+00      0.000000000E+00
    190      1.000000000E+02      1.537249067E+04      0.000000000E+00      0.000000000E+00
    191      1.000000000E+02      1.547249067E+04      0.000000000E+00      0.000000000E+00
    192      1.000000000E+02      1.557249067E+04      0.000000000E+00      0.000000000E+00
    193      1.000000000E+02      1.567249067E+04      0.000000000E+00      0.000000000E+00
    194      1.000000000E+02      1.577249067E+04      0.000000000E+00      0.000000000E+00
    195      1.000000000E+02      1.587249067E+04      0.000000000E+00      0.000000000E+00
    196      1.000000000E+02      1.597249067E+04      0.000000000E+00      0.000000000E+00
    197      1.000000000E+02      1.607249067E+04      0.000000000E+00      0.000000000E+00
    198      1.000000000E+02      1.617249067E+04      0.000000000E+00      0.000000000E+00
    199      1.000000000E+02      1.627249067E+04      0.000000000E+00      0.000000000E+00
    200      1.000000000E+02      1.637249067E+04      0.000000000E+00      0.000000000E+00
    201      1.000000000E+02      1.647249067E+04      0.000000000E+00      0.000000000E+00
    202      1.000000000E+02      1.657249067E+04      0.000000000E+00      0.000000000E+00
    203      1.000000000E+02      1.667249067E+04      0.000000000E+00      0.000000000E+00
    204      1.000000000E+02      1.677249067E+04      0.000000000E+00      0.000000000E+00
    205      1.000000000E+02      1.687249067E+04      0.000000000E+00      0.000000000E+00
    206      1.000000000E+02      1.697249067E+04      0.000000000E+00      0.000000000E+00
    207      1.000000000E+02      1.707249067E+04      0.000000000E+00      0.000000000E+00
    208      1.000000000E+02      1.717249067E+04      0.000000000E+00      0.000000000E+00
    209      1.000000000E+02      1.727249067E+04      0.000000000E+00      0.000000000E+00
    210      1.000000000E+02      1.737249067E+04      0.000000000E+00      0.000000000E+00
    211      1.000000000E+02      1.747249067E+04      0.000000000E+00      0.000000000E+00
    212      1.000000000E+02      1.757249067E+04      0.000000000E+00      0.000000000E+00
    213      1.000000000E+02      1.767249067E+04      0.000000000E+00      0.000000000E+00
    214      1.000000000E+02      1.777249067E+04      0.000000000E+00      0.000000000E+00
    215      1.000000000E+02      1.787249067E+04      0.000000000E+00      0.000000000E+00
    216      1.000000000E+02      1.797249067E+04      0.000000000E+00      0.000000000E+00
    217      1.000000000E+02      1.807249067E+04      0.000000000E+00      0.000000000E+00
    218      1.000000000E+02      1.817249067E+04      0.000000000E+00      0.000000000E+00
    219      1.000000000E+02      1.827249067E+04      0.000000000E+00      0.000000000E+00
    220      1.000000000E+02      1.837249067E+04      0.000000000E+00      0.000000000E+00
    221      1.000000000E+02      1.847249067E+04      0.000000000E+00      0.000000000E+00
    222      1.000000000E+02      1.857249067E+04      0.000000000E+00      0.000000000E+00
    223      1.000000000E+02      1.867249067E+04      0.000000000E+00      0.000000000E+00
    224      1.000000000E+02      1.877249067E+04      0.000000000E+00      0.000000000E+00
    225      1.000000000E+02      1.887249067E+04      0.000000000E+00      0.000000000E+00
    226      1.000000000E+02      1.897249067E+04      0.000000000E+00      0.000000000E+00
    227      1.000000000E+02      1.907249067E+04      0.000000000E+00      0.000000000E+00
    228      1.000000000E+02      1.917249067E+04      0.000000000E+00      0.000000000E+00
    229      1.000000000E+02      1.927249067E+04      0.000000000E+00      0.000000000E+00
    230      1.000000000E+02      1.937249067E+04      0.000000000E+00      0.000000000E+00
    231      1.000000000E+02      1.947249067E+04      0.000000000E+00      0.000000000E+00
    232      1.000000000E+02      1.957249067E+04      0.000000000E+00      0.000000000E+00
    233      1.000000000E+02      1.967249067E+04      0.000000000E+00      0.000000000E+00
    234      1.000000000E+02      1.977249067E+04      0.000000000E+00      0.000000000E+00
    235      1.000000000E+02      1.987249067E+04      0.000000000E+00      0.000000000E+00
    236      1.000000000E+02      1.997249067E+04      0.000000000E+00      0.000000000E+00
    237      1.000000000E+02      2.007249067E+04      0.000000000E+00      0.000000000E+00
    238      1.000000000E+02      2.017249067E+04      0.000000000E+00      0.000000000E+00
    239      1.000000000E+02      2.027249067E+04      0.000000000E+00      0.000000000E+00
    240      1.000000000E+02      2.037249067E+04      0.000000000E+00      0.000000000E+00
    241      1.000000000E+02      2.047249067E+04      0.000000000E+00      0.000000000E+00
    242      1.000000000E+02      2.057249067E+04      0.000000000E+00      0.000000000E+00
    243      1.000000000E+02      2.067249067E+04      0.000000000E+00      0.000000000E+00
    244      1.000000000E+02      2.077249067E+04      0.000000000E+00      0.000000000E+00
    245      1.000000000E+02      2.087249067E+04      0.000000000E+00      0.000000000E+00
    246      1.000000000E+02      2.097249067E+04      0.000000000E+00      0.000000000E+00
    247      1.000000000E+02      2.107249067E+04      0.000000000E+00      0.000000000E+00
    248      1.000000000E+02      2.117249067E+04      0.000000000E+00      0.000000000E+00
    249      1.000000000E+02      2.127249067E+04      0.000000000E+00      0.000000000E+00
    250      1.000000000E+02      2.137249067E+04      0.000000000E+00      0.000000000E+00
    251      1.000000000E+02      2.147249067E+04      0.000000000E+00      0.000000000E+00
    252      1.000000000E+02      2.157249067E+04      0.000000000E+00      0.000000000E+00
    253      1.000000000E+02      2.167249067E+04      0.000000000E+00      0.000000000E+00
    254      1.000000000E+02      2.177249067E+04      0.000000000E+00      0.000000000E+00
    255      1.000000000E+02      2.187249067E+04      0.000000000E+00      0.000000000E+00
    256      1.000000000E+02      2.197249067E+04      0.000000000E+00      0.000000000E+00
    257      1.000000000E+02      2.207249067E+04      0.000000000E+00      0.000000000E+00
    258      1.000000000E+02      2.217249067E+04      0.000000000E+00      0.000000000E+00
    259      1.000000000E+02      2.227249067E+04      0.000000000E+00      0.000000000E+00
    260      1.000000000E+02      2.237249067E+04      0.000000000E+00      0.000000000E+00
    261      1.000000000E+02      2.247249067E+04      0.000000000E+00      0.000000000E+00
    262      1.000000000E+02      2.257249067E+04      0.000000000E+00      0.000000000E+00
    263      1.000000000E+02      2.267249067E+04      0.000000000E+00      0.000000000E+00
    264      1.000000000E+02      2.277249067E+04      0.000000000E+00      0.000000000E+00
    265      1.000000000E+02      2.287249067E+04      0.000000000E+00      0.000000000E+00
    266      1.000000000E+02      2.297249067E+04      0.000000000E+00      0.000000000E+00
    267      1.000000000E+02      2.307249067E+04      0.000000000E+00      0.000000000E+00
    268      1.000000000E+02      2.317249067E+04      0.000000000E+00      0.000000000E+00
    269      1.000000000E+02      2.327249067E+04      0.000000000E+00      0.000000000E+00
    270      1.000000000E+02      2.337249067E+04      0.000000000E+00      0.000000000E+00
    271      1.000000000E+02      2.347249067E+04      0.000000000E+00      0.000000000E+00
    272      1.000000000E+02      2.357249067E+04      0.000000000E+00      0.000000000E+00
    273      1.000000000E+02      2.367249067E+04      0.000000000E+00      0.000000000E+00
    274      1.000000000E+02      2.377249067E+04      0.000000000E+00      0.000000000E+00
    275      1.000000000E+02      2.387249067E+04      0.000000000E+00      0.000000000E+00
    276      1.000000000E+02      2.397249067E+04      0.000000000E+00      0.000000000E+00
    277      1.000000000E+02      2.407249067E+04      0.000000000E+00      0.000000000E+00
    278      1.000000000E+02      2.417249067E+04      0.000000000E+00      0.000000000E+00
    279      1.000000000E+02      2.427249067E+04      0.000000000E+00      0.000000000E+00
    280      1.000000000E+02      2.437249067E+04      0.000000000E+00      0.000000000E+00
    281      1.000000000E+02      2.447249067E+04      0.000000000E+00      0.000000000E+00
    282      1.000000000E+02      2.457249067E+04      0.000000000E+00      0.000000000E+00
    283      1.000000000E+02      2.467249067E+04      0.000000000E+00      0.000000000E+00
    284      1.000000000E+02      2.477249067E+04      0.000000000E+00      0.000000000E+00
    285      1.000000000E+02      2.487249067E+04      0.000000000E+00      0.000000000E+00
    286      1.000000000E+02      2.497249067E+04      0.000000000E+00      0.000000000E+00
    287      1.000000000E+02      2.507249067E+04      0.000000000E+00      0.000000000E+00
    288      1.000000000E+02      2.517249067E+04      0.000000000E+00      0.000000000E+00
    289      1.000000000E+02      2.527249067E+04      0.000000000E+00      0.000000000E+00
    290      1.000000000E+02      2.537249067E+04      0.000000000E+00      0.000000000E+00
    291      1.000000000E+02      2.547249067E+04      0.000000000E+00      0.000000000E+00
    292      1.000000000E+02      2.557249067E+04      0.000000000E+00      0.000000000E+00
    293      1.000000000E+02      2.567249067E+04      0.000000000E+00      0.000000000E+00
    294      1.000000000E+02      2.577249067E+04      0.000000000E+00      0.000000000E+00
    295      1.000000000E+02      2.587249067E+04      0.000000000E+00      0.000000000E+00
    296      1.000000000E+02      2.597249067E+04      0.000000000E+00      0.000000000E+00
    297      1.000000000E+02      2.607249067E+04      0.000000000E+00      0.000000000E+00
    298      1.000000000E+02      2.617249067E+04      0.000000000E+00      0.000000000E+00
    299      1.000000000E+02      2.627249067E+04      0.000000000E+00      0.000000000E+00
    300      1.000000000E+02      2.637249067E+04      0.000000000E+00      0.000000000E+00
    301      1.000000000E+02      2.647249067E+04      0.000000000E+00      0.000000000E+00
    302      1.000000000E+02      2.657249067E+04      0.000000000E+00      0.000000000E+00
    303      1.000000000E+02      2.667249067E+04      0.000000000E+00      0.000000000E+00
    304      1.000000000E+02      2.677249067E+04      0.000000000E+00      0.000000000E+00
    305      1.000000000E+02      2.687249067E+04      0.000000000E+00      0.000000000E+00
    306      1.000000000E+02      2.697249067E+04      0.000000000E+00      0.000000000E+00
    307      1.000000000E+02      2.707249067E+04      0.000000000E+00      0.000000000E+00
    308      1.000000000E+02      2.717249067E+04      0.000000000E+00      0.000000000E+00
    309      1.000000000E+02      2.727249067E+04      0.000000000E+00      0.000000000E+00
    310      1.000000000E+02      2.737249067E+04      0.000000000E+00      0.000000000E+00
    311      1.000000000E+02      2.747249067E+04      0.000000000E+00      0.000000000E+00
    312      1.000000000E+02      2.757249067E+04      0.000000000E+00      0.000000000E+00
    313      1.000000000E+02      2.767249067E+04      0.000000000E+00      0.000000000E+00
    314      1.000000000E+02      2.777249067E+04      0.000000000E+00      0.000000000E+00
    315      1.000000000E+02      2.787249067E+04      0.000000000E+00      0.000000000E+00
    316      1.000000000E+02      2.797249067E+04      0.000000000E+00      0.000000000E+00
    317      1.000000000E+02      2.807249067E+04      0.000000000E+00      0.000000000E+00
    318      1.000000000E+02      2.817249067E+04      0.000000000E+00      0.000000000E+00
    319      1.000000000E+02      2.827249067E+04      0.000000000E+00      0.000000000E+00
    320      1.000000000E+02      2.837249067E+04      0.000000000E+00      0.000000000E+00
    321      1.000000000E+02      2.847249067E+04      0.000000000E+00      0.000000000E+00
    322      1.000000000E+02      2.857249067E+04      0.000000000E+00      0.000000000E+00
    323      1.000000000E+02      2.867249067E+04      0.000000000E+00      0.000000000E+00
    324      1.000000000E+02      2.877249067E+04      0.000000000E+00      0.000000000E+00
    325      1.000000000E+02      2.887249067E+04      0.000000000E+00      0.000000000E+00
    326      1.000000000E+02      2.897249067E+04      0.000000000E+00      0.000000000E+00
    327      1.000000000E+02      2.907249067E+04      0.000000000E+00      0.000000000E+00
    328      1.000000000E+02      2.917249067E+04      0.000000000E+00      0.000000000E+00
    329      1.000000000E+02      2.927249067E+04      0.000000000E+00      0.000000000E+00
    330      1.000000000E+02      2.937249067E+04      0.000000000E+00      0.000000000E+00
    331      1.000000000E+02      2.947249067E+04      0.000000000E+00      0.000000000E+00
    332      1.000000000E+02      2.957249067E+04      0.000000000E+00      0.000000000E+00
    333      1.000000000E+02      2.967249067E+04      0.000000000E+00      0.000000000E+00
    334      1.000000000E+02      2.977249067E+04      0.000000000E+00      0.000000000E+00
    335      1.000000000E+02      2.987249067E+04      0.000000000E+00      0.000000000E+00
    336      1.000000000E+02      2.997249067E+04      0.000000000E+00      0.000000000E+00
    337      1.000000000E+02      3.007249067E+04      0.000000000E+00      0.000000000E+00
    338      1.000000000E+02      3.017249067E+04      0.000000000E+00      0.000000000E+00
    339      1.000000000E+02      3.027249067E+04      0.000000000E+00      0.000000000E+00
    340      1.000000000E+02      3.037249067E+04      0.000000000E+00      0.000000000E+00
    341      1.000000000E+02      3.047249067E+04      0.000000000E+00      0.000000000E+00
    342      1.000000000E+02      3.057249067E+04      0.000000000E+00      0.000000000E+00
    343      1.000000000E+02      3.067249067E+04      0.000000000E+00      0.000000000E+00
    344      1.000000000E+02      3.077249067E+04      0.000000000E+00      0.000000000E+00
    345      1.000000000E+02      3.087249067E+04      0.000000000E+00      0.000000000E+00
    346      1.000000000E+02      3.097249067E+04      0.000000000E+00      0.000000000E+00
    347      1.000000000E+02      3.107249067E+04      0.000000000E+00      0.000000000E+00
    348      1.000000000E+02      3.117249067E+04      0.000000000E+00      0.000000000E+00
    349      1.000000000E+02      3.127249067E+04      0.000000000E+00      0.000000000E+00
    350      1.000000000E+02      3.137249067E+04      0.000000000E+00      0.000000000E+00
    351      1.000000000E+02      3.147249067E+04      0.000000000E+00      0.000000000E+00
    352      1.000000000E+02      3.157249067E+04      0.000000000E+00      0.000000000E+00
    353      1.000000000E+02      3.167249067E+04      0.000000000E+00      0.000000000E+00
    354      1.000000000E+02      3.177249067E+04      0.000000000E+00      0.000000000E+00
    355      1.000000000E+02      3.187249067E+04      0.000000000E+00      0.000000000E+00
    356      1.000000000E+02      3.197249067E+04      0.000000000E+00      0.000000000E+00
    357      1.000000000E+02      3.207249067E+04      0.000000000E+00      0.000000000E+00
    358      1.000000000E+02      3.217249067E+04      0.000000000E+00      0.000000000E+00
    359      1.000000000E+02      3.227249067E+04      0.000000000E+00      0.000000000E+00
    360      1.000000000E+02      3.237249067E+04      0.000000000E+00      0.000000000E+00
    361      1.000000000E+02      3.247249067E+04      0.000000000E+00      0.000000000E+00
    362      1.000000000E+02      3.257249067E+04      0.000000000E+00      0.000000000E+00
    363      1.000000000E+02      3.267249067E+04      0.000000000E+00      0.000000000E+00
    364      1.000000000E+02      3.277249067E+04      0.000000000E+00      0.000000000E+00
    365      1.000000000E+02      3.287249067E+04      0.000000000E+00      0.000000000E+00
    366      1.000000000E+02      3.297249067E+04      0.000000000E+00      0.000000000E+00
    367      1.000000000E+02      3.307249067E+04      0.000000000E+00      0.000000000E+00
    368      1.000000000E+02      3.317249067E+04      0.000000000E+00      0.000000000E+00
    369      1.000000000E+02      3.327249067E+04      0.000000000E+00      0.000000000E+00
    370      1.000000000E+02      3.337249067E+04      0.000000000E+00      0.000000000E+00
    371      1.000000000E+02      3.347249067E+04      0.000000000E+00      0.000000000E+00
    372      1.000000000E+02      3.357249067E+04      0.000000000E+00      0.000000000E+00
    373      1.000000000E+02      3.367249067E+04      0.000000000E+00      0.000000000E+00
    374      1.000000000E+02      3.377249067E+04      0.000000000E+00      0.000000000E+00
    375      1.000000000E+02      3.387249067E+04      0.000000000E+00      0.000000000E+00
    376      1.000000000E+02      3.397249067E+04      0.000000000E+00      0.000000000E+00
    377      1.000000000E+02      3.407249067E+04      0.000000000E+00      0.000000000E+00
    378      1.000000000E+02      3.417249067E+04      0.000000000E+00      0.000000000E+00
    379      1.000000000E+02      3.427249067E+04      0.000000000E+00      0.000000000E+00
    380      1.000000000E+02      3.437249067E+04      0.000000000E+00      0.000000000E+00
    381      1.000000000E+02      3.447249067E+04      0.000000000E+00      0.000000000E+00
    382      1.000000000E+02      3.457249067E+04      0.000000000E+00      0.000000000E+00
    383      1.000000000E+02      3.467249067E+04      0.000000000E+00      0.000000000E+00
    384      1.000000000E+02      3.477249067E+04      0.000000000E+00      0.000000000E+00
    385      1.000000000E+02      3.487249067E+04      0.000000000E+00      0.000000000E+00
    386      1.000000000E+02      3.497249067E+04      0.000000000E+00      0.000000000E+00
    387      1.000000000E+02      3.507249067E+04      0.000000000E+00      0.000000000E+00
    388      1.000000000E+02      3.517249067E+04      0.000000000E+00      0.000000000E+00
    389      1.000000000E+02      3.527249067E+04      0.000000000E+00      0.000000000E+00
    390      1.000000000E+02      3.537249067E+04      0.000000000E+00      0.000000000E+00
    391      1.000000000E+02      3.547249067E+04      0.000000000E+00      0.000000000E+00
    392      1.000000000E+02      3.557249067E+04      0.000000000E+00      0.000000000E+00
    393      1.000000000E+02      3.567249067E+04      0.000000000E+00      0.000000000E+00
    394      1.000000000E+02      3.577249067E+04      0.000000000E+00      0.000000000E+00
    395      1.000000000E+02      3.587249067E+04      0.000000000E+00      0.000000000E+00
    396      1.000000000E+02      3.597249067E+04      0.000000000E+00      0.000000000E+00
    397      1.000000000E+02      3.607249067E+04      0.000000000E+00      0.000000000E+00
    398      1.000000000E+02      3.617249067E+04      0.000000000E+00      0.000000000E+00
    399      1.000000000E+02      3.627249067E+04      0.000000000E+00      0.000000000E+00
    400      1.000000000E+02      3.637249067E+04      0.000000000E+00      0.000000000E+00
    401      1.000000000E+02      3.647249067E+04      0.000000000E+00      0.000000000E+00
    402      1.000000000E+02      3.657249067E+04      0.000000000E+00      0.000000000E+00
    403      1.000000000E+02      3.667249067E+04      0.000000000E+00      0.000000000E+00
    404      1.000000000E+02      3.677249067E+04      0.000000000E+00      0.000000000E+00
    405      1.000000000E+02      3.687249067E+04      0.000000000E+00      0.000000000E+00
    406      1.000000000E+02      3.697249067E+04      0.000000000E+00      0.000000000E+00
    407      1.000000000E+02      3.707249067E+04      0.000000000E+00      0.000000000E+00
    408      1.000000000E+02      3.717249067E+04      0.000000000E+00      0.000000000E+00
    409      1.000000000E+02      3.727249067E+04      0.000000000E+00      0.000000000E+00
    410      1.000000000E+02      3.737249067E+04      0.000000000E+00      0.000000000E+00
    411      1.000000000E+02      3.747249067E+04      0.000000000E+00      0.000000000E+00
    412      1.000000000E+02      3.757249067E+04      0.000000000E+00      0.000000000E+00
    413      1.000000000E+02      3.767249067E+04      0.000000000E+00      0.000000000E+00
    414      1.000000000E+02      3.777249067E+04      0.000000000E+00      0.000000000E+00
    415      1.000000000E+02      3.787249067E+04      0.000000000E+00      0.000000000E+00
    416      1.000000000E+02      3.797249067E+04      0.000000000E+00      0.000000000E+00
    417      1.000000000E+02      3.807249067E+04      0.000000000E+00      0.000000000E+00
    418      1.000000000E+02      3.817249067E+04      0.000000000E+00      0.000000000E+00
    419      1.000000000E+02      3.827249067E+04      0.000000000E+00      0.000000000E+00
    420      1.000000000E+02      3.837249067E+04      0.000000000E+00      0.000000000E+00
    421      1.000000000E+02      3.847249067E+04      0.000000000E+00      0.000000000E+00
    422      1.000000000E+02      3.857249067E+04      0.000000000E+00      0.000000000E+00
    423      1.000000000E+02      3.867249067E+04      0.000000000E+00      0.000000000E+00
    424      1.000000000E+02      3.877249067E+04      0.000000000E+00      0.000000000E+00
    425      1.000000000E+02      3.887249067E+04      0.000000000E+00      0.000000000E+00
    426      1.000000000E+02      3.897249067E+04      0.000000000E+00      0.000000000E+00
    427      1.000000000E+02      3.907249067E+04      0.000000000E+00      0.000000000E+00
    428      1.000000000E+02      3.917249067E+04      0.000000000E+00      0.000000000E+00
    429      1.000000000E+02      3.927249067E+04      0.000000000E+00      0.000000000E+00
    430      1.000000000E+02      3.937249067E+04      0.000000000E+00      0.000000000E+00
    431      1.000000000E+02      3.947249067E+04      0.000000000E+00      0.000000000E+00
    432      1.000000000E+02      3.957249067E+04      0.000000000E+00      0.000000000E+00
    433      1.000000000E+02      3.967249067E+04      0.000000000E+00      0.000000000E+00
    434      1.000000000E+02      3.977249067E+04      0.000000000E+00      0.000000000E+00
    435      1.000000000E+02      3.987249067E+04      0.000000000E+00      0.000000000E+00
    436      1.000000000E+02      3.997249067E+04      0.000000000E+00      0.000000000E+00
    437      1.000000000E+02      4.007249067E+04      0.000000000E+00      0.000000000E+00
    438      1.000000000E+02      4.017249067E+04      0.000000000E+00      0.000000000E+00
    439      1.000000000E+02      4.027249067E+04      0.000000000E+00      0.000000000E+00
    440      1.000000000E+02      4.037249067E+04      0.000000000E+00      0.000000000E+00
    441      1.000000000E+02      4.047249067E+04      0.000000000E+00      0.000000000E+00
    442      1.000000000E+02      4.057249067E+04      0.000000000E+00      0.000000000E+00
    443      1.000000000E+02      4.067249067E+04      0.000000000E+00      0.000000000E+00
    444      1.000000000E+02      4.077249067E+04      0.000000000E+00      0.000000000E+00
    445      1.000000000E+02      4.087249067E+04      0.000000000E+00      0.000000000E+00
    446      1.000000000E+02      4.097249067E+04      0.000000000E+00      0.000000000E+00
    447      1.000000000E+02      4.107249067E+04      0.000000000E+00      0.000000000E+00
    448      1.000000000E+02      4.117249067E+04      0.000000000E+00      0.000000000E+00
    449      1.000000000E+02      4.127249067E+04      0.000000000E+00      0.000000000E+00
    450      1.000000000E+02      4.137249067E+04      0.000000000E+00      0.000000000E+00
    451      1.000000000E+02      4.147249067E+04      0.000000000E+00      0.000000000E+00
    452      1.000000000E+02      4.157249067E+04      0.000000000E+00      0.000000000E+00
    453      1.000000000E+02      4.167249067E+04      0.000000000E+00      0.000000000E+00
    454      1.000000000E+02      4.177249067E+04      0.000000000E+00      0.000000000E+00
    455      1.000000000E+02      4.187249067E+04      0.000000000E+00      0.000000000E+00
    456      1.000000000E+02      4.197249067E+04      0.000000000E+00      0.000000000E+00
    457      1.000000000E+02      4.207249067E+04      0.000000000E+00      0.000000000E+00
    458      1.000000000E+02      4.217249067E+04      0.000000000E+00      0.000000000E+00
    459      1.000000000E+02      4.227249067E+04      0.000000000E+00      0.000000000E+00
    460      1.000000000E+02      4.237249067E+04      0.000000000E+00      0.000000000E+00
    461      1.000000000E+02      4.247249067E+04      0.000000000E+00      0.000000000E+00
    462      1.000000000E+02      4.257249067E+04      0.000000000E+00      0.000000000E+00
    463      1.000000000E+02      4.267249067E+04      0.000000000E+00      0.000000000E+00
    464      1.000000000E+02      4.277249067E+04      0.000000000E+00      0.000000000E+00
    465      1.000000000E+02      4.287249067E+04      0.000000000E+00      0.000000000E+00
    466      1.000000000E+02      4.297249067E+04      0.000000000E+00      0.000000000E+00
    467      1.000000000E+02      4.307249067E+04      0.000000000E+00      0.000000000E+00
    468      1.000000000E+02      4.317249067E+04      0.000000000E+00      0.000000000E+00
    469      1.000000000E+02      4.327249067E+04      0.000000000E+00      0.000000000E+00
    470      1.000000000E+02      4.337249067E+04      0.000000000E+00      0.000000000E+00
    471      1.000000000E+02      4.347249067E+04      0.000000000E+00      0.000000000E+00
    472      1.000000000E+02      4.357249067E+04      0.000000000E+00      0.000000000E+00
    473      1.000000000E+02      4.367249067E+04      0.000000000E+00      0.000000000E+00
    474      1.000000000E+02      4.377249067E+04      0.000000000E+00      0.000000000E+00
    475      1.000000000E+02      4.387249067E+04      0.000000000E+00      0.000000000E+00
    476      1.000000000E+02      4.397249067E+04      0.000000000E+00      0.000000000E+00
    477      1.000000000E+02      4.407249067E+04      0.000000000E+00      0.000000000E+00
    478      1.000000000E+02      4.417249067E+04      0.000000000E+00      0.000000000E+00
    479      1.000000000E+02      4.427249067E+04      0.000000000E+00      0.000000000E+00
    480      1.000000000E+02      4.437249067E+04      0.000000000E+00      0.000000000E+00
    481      1.000000000E+02      4.447249067E+04      0.000000000E+00      0.000000000E+00
    482      1.000000000E+02      4.457249067E+04      0.000000000E+00      0.000000000E+00
    483      1.000000000E+02      4.467249067E+04      0.000000000E+00      0.000000000E+00
    484      1.000000000E+02      4.477249067E+04      0.000000000E+00      0.000000000E+00
    485      1.000000000E+02      4.487249067E+04      0.000000000E+00      0.000000000E+00
    486      1.000000000E+02      4.497249067E+04      0.000000000E+00      0.000000000E+00
    487      1.000000000E+02      4.507249067E+04      0.000000000E+00      0.000000000E+00
    488      1.000000000E+02      4.517249067E+04      0.000000000E+00      0.000000000E+00
    489      1.000000000E+02      4.527249067E+04      0.000000000E+00      0.000000000E+00
    490      1.000000000E+02      4.537249067E+04      0.000000000E+00      0.000000000E+00
    491      1.000000000E+02      4.547249067E+04      0.000000000E+00      0.000000000E+00
    492      1.000000000E+02      4.557249067E+04      0.000000000E+00      0.000000000E+00
    493      1.000000000E+02      4.567249067E+04      0.000000000E+00      0.000000000E+00
    494      1.000000000E+02      4.577249067E+04      0.000000000E+00      0.000000000E+00
    495      1.000000000E+02      4.587249067E+04      0.000000000E+00      0.000000000E+00
    496      1.000000000E+02      4.597249067E+04      0.000000000E+00      0.000000000E+00
    497      1.000000000E+02      4.607249067E+04      0.000000000E+00      0.000000000E+00
    498      1.000000000E+02      4.617249067E+04      0.000000000E+00      0.000000000E+00
    499      1.000000000E+02      4.627249067E+04      0.000000000E+00      0.000000000E+00
    500      1.000000000E+02      4.637249067E+04      0.000000000E+00      0.000000000E+00
    501      1.000000000E+02      4.647249067E+04      0.000000000E+00      0.000000000E+00
    502      1.000000000E+02      4.657249067E+04      0.000000000E+00      0.000000000E+00
    503      1.000000000E+02      4.667249067E+04      0.000000000E+00      0.000000000E+00
    504      1.000000000E+02      4.677249067E+04      0.000000000E+00      0.000000000E+00
    505      1.000000000E+02      4.687249067E+04      0.000000000E+00      0.000000000E+00
    506      1.000000000E+02      4.697249067E+04      0.000000000E+00      0.000000000E+00
    507      1.000000000E+02      4.707249067E+04      0.000000000E+00      0.000000000E+00
    508      1.000000000E+02      4.717249067E+04      0.000000000E+00      0.000000000E+00
    509      1.000000000E+02      4.727249067E+04      0.000000000E+00      0.000000000E+00
    510      1.000000000E+02      4.737249067E+04      0.000000000E+00      0.000000000E+00
    511      1.000000000E+02      4.747249067E+04      0.000000000E+00      0.000000000E+00
    512      1.000000000E+02      4.757249067E+04      0.000000000E+00      0.000000000E+00
    513      1.000000000E+02      4.767249067E+04      0.000000000E+00      0.000000000E+00
    514      1.000000000E+02      4.777249067E+04      0.000000000E+00      0.000000000E+00
    515      1.000000000E+02      4.787249067E+04      0.000000000E+00      0.000000000E+00
    516      1.000000000E+02      4.797249067E+04      0.000000000E+00      0.000000000E+00
    517      1.000000000E+02      4.807249067E+04      0.000000000E+00      0.000000000E+00
    518      1.000000000E+02      4.817249067E+04      0.000000000E+00      0.000000000E+00
    519      1.000000000E+02      4.827249067E+04      0.000000000E+00      0.000000000E+00
    520      1.000000000E+02      4.837249067E+04      0.000000000E+00      0.000000000E+00
    521      1.000000000E+02      4.847249067E+04      0.000000000E+00      0.000000000E+00
    522      1.000000000E+02      4.857249067E+04      0.000000000E+00      0.000000000E+00
    523      1.000000000E+02      4.867249067E+04      0.000000000E+00      0.000000000E+00
    524      1.000000000E+02      4.877249067E+04      0.000000000E+00      0.000000000E+00
    525      1.000000000E+02      4.887249067E+04      0.000000000E+00      0.000000000E+00
    526      1.000000000E+02      4.897249067E+04      0.000000000E+00      0.000000000E+00
    527      1.000000000E+02      4.907249067E+04      0.000000000E+00      0.000000000E+00
    528      1.000000000E+02      4.917249067E+04      0.000000000E+00      0.000000000E+00
    529      1.000000000E+02      4.927249067E+04      0.000000000E+00      0.000000000E+00
    530      1.000000000E+02      4.937249067E+04      0.000000000E+00      0.000000000E+00
    531      1.000000000E+02      4.947249067E+04      0.000000000E+00      0.000000000E+00
    532      1.000000000E+02      4.957249067E+04      0.000000000E+00      0.000000000E+00
    533      1.000000000E+02      4.967249067E+04      0.000000000E+00      0.000000000E+00
    534      1.000000000E+02      4.977249067E+04      0.000000000E+00      0.000000000E+00
    535      1.000000000E+02      4.987249067E+04      0.000000000E+00      0.000000000E+00
    536      1.000000000E+02      4.997249067E+04      0.000000000E+00      0.000000000E+00
    537      1.000000000E+02      5.007249067E+04      0.000000000E+00      0.000000000E+00
    538      1.000000000E+02      5.017249067E+04      0.000000000E+00      0.000000000E+00
    539      1.000000000E+02      5.027249067E+04      0.000000000E+00      0.000000000E+00
    540      1.000000000E+02      5.037249067E+04      0.000000000E+00      0.000000000E+00
    541      1.000000000E+02      5.047249067E+04      0.000000000E+00      0.000000000E+00
    542      1.000000000E+02      5.057249067E+04      0.000000000E+00      0.000000000E+00
    543      1.000000000E+02      5.067249067E+04      0.000000000E+00      0.000000000E+00
    544      1.000000000E+02      5.077249067E+04      0.000000000E+00      0.000000000E+00
    545      1.000000000E+02      5.087249067E+04      0.000000000E+00      0.000000000E+00
    546      1.000000000E+02      5.097249067E+04      0.000000000E+00      0.000000000E+00
    547      1.000000000E+02      5.107249067E+04      0.000000000E+00      0.000000000E+00
    548      1.000000000E+02      5.117249067E+04      0.000000000E+00      0.000000000E+00
    549      1.000000000E+02      5.127249067E+04      0.000000000E+00      0.000000000E+00
    550      1.000000000E+02      5.137249067E+04      0.000000000E+00      0.000000000E+00
    551      1.000000000E+02      5.147249067E+04      0.000000000E+00      0.000000000E+00
    552      1.000000000E+02      5.157249067E+04      0.000000000E+00      0.000000000E+00
    553      1.000000000E+02      5.167249067E+04      0.000000000E+00      0.000000000E+00
    554      1.000000000E+02      5.177249067E+04      0.000000000E+00      0.000000000E+00
    555      1.000000000E+02      5.187249067E+04      0.000000000E+00      0.000000000E+00
    556      1.000000000E+02      5.197249067E+04      0.000000000E+00      0.000000000E+00
    557      1.000000000E+02      5.207249067E+04      0.000000000E+00      0.000000000E+00
    558      1.000000000E+02      5.217249067E+04      0.000000000E+00      0.000000000E+00
    559      1.000000000E+02      5.227249067E+04      0.000000000E+00      0.000000000E+00
    560      1.000000000E+02      5.237249067E+04      0.000000000E+00      0.000000000E+00
    561      1.000000000E+02      5.247249067E+04      0.000000000E+00      0.000000000E+00
    562      1.000000000E+02      5.257249067E+04      0.000000000E+00      0.000000000E+00
    563      1.000000000E+02      5.267249067E+04      0.000000000E+00      0.000000000E+00
    564      1.000000000E+02      5.277249067E+04      0.000000000E+00      0.000000000E+00
    565      1.000000000E+02      5.287249067E+04      0.000000000E+00      0.000000000E+00
    566      1.000000000E+02      5.297249067E+04      0.000000000E+00      0.000000000E+00
    567      1.000000000E+02      5.307249067E+04      0.000000000E+00      0.000000000E+00
    568      1.000000000E+02      5.317249067E+04      0.000000000E+00      0.000000000E+00
    569      1.000000000E+02      5.327249067E+04      0.000000000E+00      0.000000000E+00
    570      1.000000000E+02      5.337249067E+04      0.000000000E+00      0.000000000E+00
    571      1.000000000E+02      5.347249067E+04      0.000000000E+00      0.000000000E+00
    572      1.000000000E+02      5.357249067E+04      0.000000000E+00      0.000000000E+00
    573      1.000000000E+02      5.367249067E+04      0.000000000E+00      0.000000000E+00
    574      1.000000000E+02      5.377249067E+04      0.000000000E+00      0.000000000E+00
    575      1.000000000E+02      5.387249067E+04      0.000000000E+00      0.000000000E+00
    576      1.000000000E+02      5.397249067E+04      0.000000000E+00      0.000000000E+00
    577      1.000000000E+02      5.407249067E+04      0.000000000E+00      0.000000000E+00
    578      1.000000000E+02      5.417249067E+04      0.000000000E+00      0.000000000E+00
    579      1.000000000E+02      5.427249067E+04      0.000000000E+00      0.000000000E+00
    580      1.000000000E+02      5.437249067E+04      0.000000000E+00      0.000000000E+00
    581      1.000000000E+02      5.447249067E+04      0.000000000E+00      0.000000000E+00
    582      1.000000000E+02      5.457249067E+04      0.000000000E+00      0.000000000E+00
    583      1.000000000E+02      5.467249067E+04      0.000000000E+00      0.000000000E+00
    584      1.000000000E+02      5.477249067E+04      0.000000000E+00      0.000000000E+00
    585      1.000000000E+02      5.487249067E+04      0.000000000E+00      0.000000000E+00
    586      1.000000000E+02      5.497249067E+04      0.000000000E+00      0.000000000E+00
    587      1.000000000E+02      5.507249067E+04      0.000000000E+00      0.000000000E+00
    588      1.000000000E+02      5.517249067E+04      0.000000000E+00      0.000000000E+00
    589      1.000000000E+02      5.527249067E+04      0.000000000E+00      0.000000000E+00
    590      1.000000000E+02      5.537249067E+04      0.000000000E+00      0.000000000E+00
    591      1.000000000E+02      5.547249067E+04      0.000000000E+00      0.000000000E+00
    592      1.000000000E+02      5.557249067E+04      0.000000000E+00      0.000000000E+00
    593      1.000000000E+02      5.567249067E+04      0.000000000E+00      0.000000000E+00
    594      1.000000000E+02      5.577249067E+04      0.000000000E+00      0.000000000E+00
    595      1.000000000E+02      5.587249067E+04      0.000000000E+00      0.000000000E+00
    596      1.000000000E+02      5.597249067E+04      0.000000000E+00      0.000000000E+00
    597      1.000000000E+02      5.607249067E+04      0.000000000E+00      0.000000000E+00
    598      1.000000000E+02      5.617249067E+04      0.000000000E+00      0.000000000E+00
    599      1.000000000E+02      5.627249067E+04      0.000000000E+00      0.000000000E+00
    600      1.000000000E+02      5.637249067E+04      0.000000000E+00      0.000000000E+00
    601      1.000000000E+02      5.647249067E+04      0.000000000E+00      0.000000000E+00
    602      1.000000000E+02      5.657249067E+04      0.000000000E+00      0.000000000E+00
    603      1.000000000E+02      5.667249067E+04      0.000000000E+00      0.000000000E+00
    604      1.000000000E+02      5.677249067E+04      0.000000000E+00      0.000000000E+00
    605      1.000000000E+02      5.687249067E+04      0.000000000E+00      0.000000000E+00
    606      1.000000000E+02      5.697249067E+04      0.000000000E+00      0.000000000E+00
    607      1.000000000E+02      5.707249067E+04      0.000000000E+00      0.000000000E+00
    608      1.000000000E+02      5.717249067E+04      0.000000000E+00      0.000000000E+00
    609      1.000000000E+02      5.727249067E+04      0.000000000E+00      0.000000000E+00
    610      1.000000000E+02      5.737249067E+04      0.000000000E+00      0.000000000E+00
    611      1.000000000E+02      5.747249067E+04      0.000000000E+00      0.000000000E+00
    612      1.000000000E+02      5.757249067E+04      0.000000000E+00      0.000000000E+00
    613      1.000000000E+02      5.767249067E+04      0.000000000E+00      0.000000000E+00
    614      1.000000000E+02      5.777249067E+04      0.000000000E+00      0.000000000E+00
    615      1.000000000E+02      5.787249067E+04      0.000000000E+00      0.000000000E+00
    616      1.000000000E+02      5.797249067E+04      0.000000000E+00      0.000000000E+00
    617      1.000000000E+02      5.807249067E+04      0.000000000E+00      0.000000000E+00
    618      1.000000000E+02      5.817249067E+04      0.000000000E+00      0.000000000E+00
    619      1.000000000E+02      5.827249067E+04      0.000000000E+00      0.000000000E+00
    620      1.000000000E+02      5.837249067E+04      0.000000000E+00      0.000000000E+00
    621      1.000000000E+02      5.847249067E+04      0.000000000E+00      0.000000000E+00
    622      1.000000000E+02      5.857249067E+04      0.000000000E+00      0.000000000E+00
    623      1.000000000E+02      5.867249067E+04      0.000000000E+00      0.000000000E+00
    624      1.000000000E+02      5.877249067E+04      0.000000000E+00      0.000000000E+00
    625      1.000000000E+02      5.887249067E+04      0.000000000E+00      0.000000000E+00
    626      1.000000000E+02      5.897249067E+04      0.000000000E+00      0.000000000E+00
    627      1.000000000E+02      5.907249067E+04      0.000000000E+00      0.000000000E+00
    628      1.000000000E+02      5.917249067E+04      0.000000000E+00      0.000000000E+00
    629      1.000000000E+02      5.927249067E+04      0.000000000E+00      0.000000000E+00
    630      1.000000000E+02      5.937249067E+04      0.000000000E+00      0.000000000E+00
    631      1.000000000E+02      5.947249067E+04      0.000000000E+00      0.000000000E+00
    632      1.000000000E+02      5.957249067E+04      0.000000000E+00      0.000000000E+00
    633      1.000000000E+02      5.967249067E+04      0.000000000E+00      0.000000000E+00
    634      1.000000000E+02      5.977249067E+04      0.000000000E+00      0.000000000E+00
    635      1.000000000E+02      5.987249067E+04      0.000000000E+00      0.000000000E+00
    636      1.000000000E+02      5.997249067E+04      0.000000000E+00      0.000000000E+00
    637      1.000000000E+02      6.007249067E+04      0.000000000E+00      0.000000000E+00
    638      1.000000000E+02      6.017249067E+04      0.000000000E+00      0.000000000E+00
    639      1.000000000E+02      6.027249067E+04      0.000000000E+00      0.000000000E+00
    640      1.000000000E+02      6.037249067E+04      0.000000000E+00      0.000000000E+00
    641      1.000000000E+02      6.047249067E+04      0.000000000E+00      0.000000000E+00
    642      1.000000000E+02      6.057249067E+04      0.000000000E+00      0.000000000E+00
    643      1.000000000E+02      6.067249067E+04      0.000000000E+00      0.000000000E+00
    644      1.000000000E+02      6.077249067E+04      0.000000000E+00      0.000000000E+00
    645      1.000000000E+02      6.087249067E+04      0.000000000E+00      0.000000000E+00
    646      1.000000000E+02      6.097249067E+04      0.000000000E+00      0.000000000E+00
    647      1.000000000E+02      6.107249067E+04      0.000000000E+00      0.000000000E+00
    648      1.000000000E+02      6.117249067E+04      0.000000000E+00      0.000000000E+00
    649      1.000000000E+02      6.127249067E+04      0.000000000E+00      0.000000000E+00
    650      1.000000000E+02      6.137249067E+04      0.000000000E+00      0.000000000E+00
    651      1.000000000E+02      6.147249067E+04      0.000000000E+00      0.000000000E+00
    652      1.000000000E+02      6.157249067E+04      0.000000000E+00      0.000000000E+00
    653      1.000000000E+02      6.167249067E+04      0.000000000E+00      0.000000000E+00
    654      1.000000000E+02      6.177249067E+04      0.000000000E+00      0.000000000E+00
    655      1.000000000E+02      6.187249067E+04      0.000000000E+00      0.000000000E+00
    656      1.000000000E+02      6.197249067E+04      0.000000000E+00      0.000000000E+00
    657      1.000000000E+02      6.207249067E+04      0.000000000E+00      0.000000000E+00
    658      1.000000000E+02      6.217249067E+04      0.000000000E+00      0.000000000E+00
    659      1.000000000E+02      6.227249067E+04      0.000000000E+00      0.000000000E+00
    660      1.000000000E+02      6.237249067E+04      0.000000000E+00      0.000000000E+00
    661      1.000000000E+02      6.247249067E+04      0.000000000E+00      0.000000000E+00
    662      1.000000000E+02      6.257249067E+04      0.000000000E+00      0.000000000E+00
    663      1.000000000E+02      6.267249067E+04      0.000000000E+00      0.000000000E+00
    664      1.000000000E+02      6.277249067E+04      0.000000000E+00      0.000000000E+00
    665      1.000000000E+02      6.287249067E+04      0.000000000E+00      0.000000000E+00
    666      1.000000000E+02      6.297249067E+04      0.000000000E+00      0.000000000E+00
    667      1.000000000E+02      6.307249067E+04      0.000000000E+00      0.000000000E+00
    668      1.000000000E+02      6.317249067E+04      0.000000000E+00      0.000000000E+00
    669      1.000000000E+02      6.327249067E+04      0.000000000E+00      0.000000000E+00
    670      1.000000000E+02      6.337249067E+04      0.000000000E+00      0.000000000E+00
    671      1.000000000E+02      6.347249067E+04      0.000000000E+00      0.000000000E+00
    672      1.000000000E+02      6.357249067E+04      0.000000000E+00      0.000000000E+00
    673      1.000000000E+02      6.367249067E+04      0.000000000E+00      0.000000000E+00
    674      1.000000000E+02      6.377249067E+04      0.000000000E+00      0.000000000E+00
    675      1.000000000E+02      6.387249067E+04      0.000000000E+00      0.000000000E+00
    676      1.000000000E+02      6.397249067E+04      0.000000000E+00      0.000000000E+00
    677      1.000000000E+02      6.407249067E+04      0.000000000E+00      0.000000000E+00
    678      1.000000000E+02      6.417249067E+04      0.000000000E+00      0.000000000E+00
    679      1.000000000E+02      6.427249067E+04      0.000000000E+00      0.000000000E+00
    680      1.000000000E+02      6.437249067E+04      0.000000000E+00      0.000000000E+00
    681      1.000000000E+02      6.447249067E+04      0.000000000E+00      0.000000000E+00
    682      1.000000000E+02      6.457249067E+04      0.000000000E+00      0.000000000E+00
    683      1.000000000E+02      6.467249067E+04      0.000000000E+00      0.000000000E+00
    684      1.000000000E+02      6.477249067E+04      0.000000000E+00      0.000000000E+00
    685      1.000000000E+02      6.487249067E+04      0.000000000E+00      0.000000000E+00
    686      1.000000000E+02      6.497249067E+04      0.000000000E+00      0.000000000E+00
    687      1.000000000E+02      6.507249067E+04      0.000000000E+00      0.000000000E+00
    688      1.000000000E+02      6.517249067E+04      0.000000000E+00      0.000000000E+00
    689      1.000000000E+02      6.527249067E+04      0.000000000E+00      0.000000000E+00
    690      1.000000000E+02      6.537249067E+04      0.000000000E+00      0.000000000E+00
    691      1.000000000E+02      6.547249067E+04      0.000000000E+00      0.000000000E+00
    692      1.000000000E+02      6.557249067E+04      0.000000000E+00      0.000000000E+00
    693      1.000000000E+02      6.567249067E+04      0.000000000E+00      0.000000000E+00
    694      1.000000000E+02      6.577249067E+04      0.000000000E+00      0.000000000E+00
    695      1.000000000E+02      6.587249067E+04      0.000000000E+00      0.000000000E+00
    696      1.000000000E+02      6.597249067E+04      0.000000000E+00      0.000000000E+00
    697      1.000000000E+02      6.607249067E+04      0.000000000E+00      0.000000000E+00
    698      1.000000000E+02      6.617249067E+04      0.000000000E+00      0.000000000E+00
    699      1.000000000E+02      6.627249067E+04      0.000000000E+00      0.000000000E+00
    700      1.000000000E+02      6.637249067E+04      0.000000000E+00      0.000000000E+00
    701      1.000000000E+02      6.647249067E+04      0.000000000E+00      0.000000000E+00
    702      1.000000000E+02      6.657249067E+04      0.000000000E+00      0.000000000E+00
    703      1.000000000E+02      6.667249067E+04      0.000000000E+00      0.000000000E+00
    704      1.000000000E+02      6.677249067E+04      0.000000000E+00      0.000000000E+00
    705      1.000000000E+02      6.687249067E+04      0.000000000E+00      0.000000000E+00
    706      1.000000000E+02      6.697249067E+04      0.000000000E+00      0.000000000E+00
    707      1.000000000E+02      6.707249067E+04      0.000000000E+00      0.000000000E+00
    708      1.000000000E+02      6.717249067E+04      0.000000000E+00      0.000000000E+00
    709      1.000000000E+02      6.727249067E+04      0.000000000E+00      0.000000000E+00
    710      1.000000000E+02      6.737249067E+04      0.000000000E+00      0.000000000E+00
    711      1.000000000E+02      6.747249067E+04      0.000000000E+00      0.000000000E+00
    712      1.000000000E+02      6.757249067E+04      0.000000000E+00      0.000000000E+00
    713      1.000000000E+02      6.767249067E+04      0.000000000E+00      0.000000000E+00
    714      1.000000000E+02      6.777249067E+04      0.000000000E+00      0.000000000E+00
    715      1.000000000E+02      6.787249067E+04      0.000000000E+00      0.000000000E+00
    716      1.000000000E+02      6.797249067E+04      0.000000000E+00      0.000000000E+00
    717      1.000000000E+02      6.807249067E+04      0.000000000E+00      0.000000000E+00
    718      1.000000000E+02      6.817249067E+04      0.000000000E+00      0.000000000E+00
    719      1.000000000E+02      6.827249067E+04      0.000000000E+00      0.000000000E+00
    720      1.000000000E+02      6.837249067E+04      0.000000000E+00      0.000000000E+00
    721      1.000000000E+02      6.847249067E+04      0.000000000E+00      0.000000000E+00
    722      1.000000000E+02      6.857249067E+04      0.000000000E+00      0.000000000E+00
    723      1.000000000E+02      6.867249067E+04      0.000000000E+00      0.000000000E+00
    724      1.000000000E+02      6.877249067E+04      0.000000000E+00      0.000000000E+00
    725      1.000000000E+02      6.887249067E+04      0.000000000E+00      0.000000000E+00
    726      1.000000000E+02      6.897249067E+04      0.000000000E+00      0.000000000E+00
    727      1.000000000E+02      6.907249067E+04      0.000000000E+00      0.000000000E+00
    728      1.000000000E+02      6.917249067E+04      0.000000000E+00      0.000000000E+00
    729      1.000000000E+02      6.927249067E+04      0.000000000E+00      0.000000000E+00
    730      1.000000000E+02      6.937249067E+04      0.000000000E+00      0.000000000E+00
    731      1.000000000E+02      6.947249067E+04      0.000000000E+00      0.000000000E+00
    732      1.000000000E+02      6.957249067E+04      0.000000000E+00      0.000000000E+00
    733      1.000000000E+02      6.967249067E+04      0.000000000E+00      0.000000000E+00
    734      1.000000000E+02      6.977249067E+04      0.000000000E+00      0.000000000E+00
    735      1.000000000E+02      6.987249067E+04      0.000000000E+00      0.000000000E+00
    736      1.000000000E+02      6.997249067E+04      0.000000000E+00      0.000000000E+00
    737      1.000000000E+02      7.007249067E+04      0.000000000E+00      0.000000000E+00
    738      1.000000000E+02      7.017249067E+04      0.000000000E+00      0.000000000E+00
    739      1.000000000E+02      7.027249067E+04      0.000000000E+00      0.000000000E+00
    740      1.000000000E+02      7.037249067E+04      0.000000000E+00      0.000000000E+00
    741      1.000000000E+02      7.047249067E+04      0.000000000E+00      0.000000000E+00
    742      1.000000000E+02      7.057249067E+04      0.000000000E+00      0.000000000E+00
    743      1.000000000E+02      7.067249067E+04      0.000000000E+00      0.000000000E+00
    744      1.000000000E+02      7.077249067E+04      0.000000000E+00      0.000000000E+00
    745      1.000000000E+02      7.087249067E+04      0.000000000E+00      0.000000000E+00
    746      1.000000000E+02      7.097249067E+04      0.000000000E+00      0.000000000E+00
    747      1.000000000E+02      7.107249067E+04      0.000000000E+00      0.000000000E+00
    748      1.000000000E+02      7.117249067E+04      0.000000000E+00      0.000000000E+00
    749      1.000000000E+02      7.127249067E+04      0.000000000E+00      0.000000000E+00
    750      1.000000000E+02      7.137249067E+04      0.000000000E+00      0.000000000E+00
    751      1.000000000E+02      7.147249067E+04      0.000000000E+00      0.000000000E+00
    752      1.000000000E+02      7.157249067E+04      0.000000000E+00      0.000000000E+00
    753      1.000000000E+02      7.167249067E+04      0.000000000E+00      0.000000000E+00
    754      1.000000000E+02      7.177249067E+04      0.000000000E+00      0.000000000E+00
    755      1.000000000E+02      7.187249067E+04      0.000000000E+00      0.000000000E+00
    756      1.000000000E+02      7.197249067E+04      0.000000000E+00      0.000000000E+00
    757      1.000000000E+02      7.207249067E+04      0.000000000E+00      0.000000000E+00
    758      1.000000000E+02      7.217249067E+04      0.000000000E+00      0.000000000E+00
    759      1.000000000E+02      7.227249067E+04      0.000000000E+00      0.000000000E+00
    760      1.000000000E+02      7.237249067E+04      0.000000000E+00      0.000000000E+00
    761      1.000000000E+02      7.247249067E+04      0.000000000E+00      0.000000000E+00
    762      1.000000000E+02      7.257249067E+04      0.000000000E+00      0.000000000E+00
    763      1.000000000E+02      7.267249067E+04      0.000000000E+00      0.000000000E+00
    764      1.000000000E+02      7.277249067E+04      0.000000000E+00      0.000000000E+00
    765      1.000000000E+02      7.287249067E+04      0.000000000E+00      0.000000000E+00
    766      1.000000000E+02      7.297249067E+04      0.000000000E+00      0.000000000E+00
    767      1.000000000E+02      7.307249067E+04      0.000000000E+00      0.000000000E+00
    768      1.000000000E+02      7.317249067E+04      0.000000000E+00      0.000000000E+00
    769      1.000000000E+02      7.327249067E+04      0.000000000E+00      0.000000000E+00
    770      1.000000000E+02      7.337249067E+04      0.000000000E+00      0.000000000E+00
    771      1.000000000E+02      7.347249067E+04      0.000000000E+00      0.000000000E+00
    772      1.000000000E+02      7.357249067E+04      0.000000000E+00      0.000000000E+00
    773      1.000000000E+02      7.367249067E+04      0.000000000E+00      0.000000000E+00
    774      1.000000000E+02      7.377249067E+04      0.000000000E+00      0.000000000E+00
    775      1.000000000E+02      7.387249067E+04      0.000000000E+00      0.000000000E+00
    776      1.000000000E+02      7.397249067E+04      0.000000000E+00      0.000000000E+00
    777      1.000000000E+02      7.407249067E+04      0.000000000E+00      0.000000000E+00
    778      1.000000000E+02      7.417249067E+04      0.000000000E+00      0.000000000E+00
    779      1.000000000E+02      7.427249067E+04      0.000000000E+00      0.000000000E+00
    780      1.000000000E+02      7.437249067E+04      0.000000000E+00      0.000000000E+00
    781      1.000000000E+02      7.447249067E+04      0.000000000E+00      0.000000000E+00
    782      1.000000000E+02      7.457249067E+04      0.000000000E+00      0.000000000E+00
    783      1.000000000E+02      7.467249067E+04      0.000000000E+00      0.000000000E+00
    784      1.000000000E+02      7.477249067E+04      0.000000000E+00      0.000000000E+00
    785      1.000000000E+02      7.487249067E+04      0.000000000E+00      0.000000000E+00
    786      1.000000000E+02      7.497249067E+04      0.000000000E+00      0.000000000E+00
    787      1.000000000E+02      7.507249067E+04      0.000000000E+00      0.000000000E+00
    788      1.000000000E+02      7.517249067E+04      0.000000000E+00      0.000000000E+00
    789      1.000000000E+02      7.527249067E+04      0.000000000E+00      0.000000000E+00
    790      1.000000000E+02      7.537249067E+04      0.000000000E+00      0.000000000E+00
    791      1.000000000E+02      7.547249067E+04      0.000000000E+00      0.000000000E+00
    792      1.000000000E+02      7.557249067E+04      0.000000000E+00      0.000000000E+00
    793      1.000000000E+02      7.567249067E+04      0.000000000E+00      0.000000000E+00
    794      1.000000000E+02      7.577249067E+04      0.000000000E+00      0.000000000E+00
    795      1.000000000E+02      7.587249067E+04      0.000000000E+00      0.000000000E+00
    796      1.000000000E+02      7.597249067E+04      0.000000000E+00      0.000000000E+00
    797      1.000000000E+02      7.607249067E+04      0.000000000E+00      0.000000000E+00
    798      1.000000000E+02      7.617249067E+04      0.000000000E+00      0.000000000E+00
    799      1.000000000E+02      7.627249067E+04      0.000000000E+00      0.000000000E+00
    800      1.000000000E+02      7.637249067E+04      0.000000000E+00      0.000000000E+00
    801      1.000000000E+02      7.647249067E+04      0.000000000E+00      0.000000000E+00
    802      1.000000000E+02      7.657249067E+04      0.000000000E+00      0.000000000E+00
    803      1.000000000E+02      7.667249067E+04      0.000000000E+00      0.000000000E+00
    804      1.000000000E+02      7.677249067E+04      0.000000000E+00      0.000000000E+00
    805      1.000000000E+02      7.687249067E+04      0.000000000E+00      0.000000000E+00
    806      1.000000000E+02      7.697249067E+04      0.000000000E+00      0.000000000E+00
    807      1.000000000E+02      7.707249067E+04      0.000000000E+00      0.000000000E+00
    808      1.000000000E+02      7.717249067E+04      0.000000000E+00      0.000000000E+00
    809      1.000000000E+02      7.727249067E+04      0.000000000E+00      0.000000000E+00
    810      1.000000000E+02      7.737249067E+04      0.000000000E+00      0.000000000E+00
    811      1.000000000E+02      7.747249067E+04      0.000000000E+00      0.000000000E+00
    812      1.000000000E+02      7.757249067E+04      0.000000000E+00      0.000000000E+00
    813      1.000000000E+02      7.767249067E+04      0.000000000E+00      0.000000000E+00
    814      1.000000000E+02      7.777249067E+04      0.000000000E+00      0.000000000E+00
    815      1.000000000E+02      7.787249067E+04      0.000000000E+00      0.000000000E+00
    816      1.000000000E+02      7.797249067E+04      0.000000000E+00      0.000000000E+00
    817      1.000000000E+02      7.807249067E+04      0.000000000E+00      0.000000000E+00
    818      1.000000000E+02      7.817249067E+04      0.000000000E+00      0.000000000E+00
    819      1.000000000E+02      7.827249067E+04      0.000000000E+00      0.000000000E+00
    820      1.000000000E+02      7.837249067E+04      0.000000000E+00      0.000000000E+00
    821      1.000000000E+02      7.847249067E+04      0.000000000E+00      0.000000000E+00
    822      1.000000000E+02      7.857249067E+04      0.000000000E+00      0.000000000E+00
    823      1.000000000E+02      7.867249067E+04      0.000000000E+00      0.000000000E+00
    824      1.000000000E+02      7.877249067E+04      0.000000000E+00      0.000000000E+00
    825      1.000000000E+02      7.887249067E+04      0.000000000E+00      0.000000000E+00
    826      1.000000000E+02      7.897249067E+04      0.000000000E+00      0.000000000E+00
    827      1.000000000E+02      7.907249067E+04      0.000000000E+00      0.000000000E+00
    828      1.000000000E+02      7.917249067E+04      0.000000000E+00      0.000000000E+00
    829      1.000000000E+02      7.927249067E+04      0.000000000E+00      0.000000000E+00
    830      1.000000000E+02      7.937249067E+04      0.000000000E+00      0.000000000E+00
    831      1.000000000E+02      7.947249067E+04      0.000000000E+00      0.000000000E+00
    832      1.000000000E+02      7.957249067E+04      0.000000000E+00      0.000000000E+00
    833      1.000000000E+02      7.967249067E+04      0.000000000E+00      0.000000000E+00
    834      1.000000000E+02      7.977249067E+04      0.000000000E+00      0.000000000E+00
    835      1.000000000E+02      7.987249067E+04      0.000000000E+00      0.000000000E+00
    836      1.000000000E+02      7.997249067E+04      0.000000000E+00      0.000000000E+00
    837      1.000000000E+02      8.007249067E+04      0.000000000E+00      0.000000000E+00
    838      1.000000000E+02      8.017249067E+04      0.000000000E+00      0.000000000E+00
    839      1.000000000E+02      8.027249067E+04      0.000000000E+00      0.000000000E+00
    840      1.000000000E+02      8.037249067E+04      0.000000000E+00      0.000000000E+00
    841      1.000000000E+02      8.047249067E+04      0.000000000E+00      0.000000000E+00
    842      1.000000000E+02      8.057249067E+04      0.000000000E+00      0.000000000E+00
    843      1.000000000E+02      8.067249067E+04      0.000000000E+00      0.000000000E+00
    844      1.000000000E+02      8.077249067E+04      0.000000000E+00      0.000000000E+00
    845      1.000000000E+02      8.087249067E+04      0.000000000E+00      0.000000000E+00
    846      1.000000000E+02      8.097249067E+04      0.000000000E+00      0.000000000E+00
    847      1.000000000E+02      8.107249067E+04      0.000000000E+00      0.000000000E+00
    848      1.000000000E+02      8.117249067E+04      0.000000000E+00      0.000000000E+00
    849      1.000000000E+02      8.127249067E+04      0.000000000E+00      0.000000000E+00
    850      1.000000000E+02      8.137249067E+04      0.000000000E+00      0.000000000E+00
    851      1.000000000E+02      8.147249067E+04      0.000000000E+00      0.000000000E+00
    852      1.000000000E+02      8.157249067E+04      0.000000000E+00      0.000000000E+00
    853      1.000000000E+02      8.167249067E+04      0.000000000E+00      0.000000000E+00
    854      1.000000000E+02      8.177249067E+04      0.000000000E+00      0.000000000E+00
    855      1.000000000E+02      8.187249067E+04      0.000000000E+00      0.000000000E+00
    856      1.000000000E+02      8.197249067E+04      0.000000000E+00      0.000000000E+00
    857      1.000000000E+02      8.207249067E+04      0.000000000E+00      0.000000000E+00
    858      1.000000000E+02      8.217249067E+04      0.000000000E+00      0.000000000E+00
    859      1.000000000E+02      8.227249067E+04      0.000000000E+00      0.000000000E+00
    860      1.000000000E+02      8.237249067E+04      0.000000000E+00      0.000000000E+00
    861      1.000000000E+02      8.247249067E+04      0.000000000E+00      0.000000000E+00
    862      1.000000000E+02      8.257249067E+04      0.000000000E+00      0.000000000E+00
    863      1.000000000E+02      8.267249067E+04      0.000000000E+00      0.000000000E+00
    864      1.000000000E+02      8.277249067E+04      0.000000000E+00      0.000000000E+00
    865      1.000000000E+02      8.287249067E+04      0.000000000E+00      0.000000000E+00
    866      1.000000000E+02      8.297249067E+04      0.000000000E+00      0.000000000E+00
    867      1.000000000E+02      8.307249067E+04      0.000000000E+00      0.000000000E+00
    868      1.000000000E+02      8.317249067E+04      0.000000000E+00      0.000000000E+00
    869      1.000000000E+02      8.327249067E+04      0.000000000E+00      0.000000000E+00
    870      1.000000000E+02      8.337249067E+04      0.000000000E+00      0.000000000E+00
    871      1.000000000E+02      8.347249067E+04      0.000000000E+00      0.000000000E+00
    872      1.000000000E+02      8.357249067E+04      0.000000000E+00      0.000000000E+00
    873      1.000000000E+02      8.367249067E+04      0.000000000E+00      0.000000000E+00
    874      1.000000000E+02      8.377249067E+04      0.000000000E+00      0.000000000E+00
    875      1.000000000E+02      8.387249067E+04      0.000000000E+00      0.000000000E+00
    876      1.000000000E+02      8.397249067E+04      0.000000000E+00      0.000000000E+00
    877      1.000000000E+02      8.407249067E+04      0.000000000E+00      0.000000000E+00
    878      1.000000000E+02      8.417249067E+04      0.000000000E+00      0.000000000E+00
    879      1.000000000E+02      8.427249067E+04      0.000000000E+00      0.000000000E+00
    880      1.000000000E+02      8.437249067E+04      0.000000000E+00      0.000000000E+00
    881      1.000000000E+02      8.447249067E+04      0.000000000E+00      0.000000000E+00
    882      1.000000000E+02      8.457249067E+04      0.000000000E+00      0.000000000E+00
    883      1.000000000E+02      8.467249067E+04      0.000000000E+00      0.000000000E+00
    884      1.000000000E+02      8.477249067E+04      0.000000000E+00      0.000000000E+00
    885      1.000000000E+02      8.487249067E+04      0.000000000E+00      0.000000000E+00
    886      1.000000000E+02      8.497249067E+04      0.000000000E+00      0.000000000E+00
    887      1.000000000E+02      8.507249067E+04      0.000000000E+00      0.000000000E+00
    888      1.000000000E+02      8.517249067E+04      0.000000000E+00      0.000000000E+00
    889      1.000000000E+02      8.527249067E+04      0.000000000E+00      0.000000000E+00
    890      1.000000000E+02      8.537249067E+04      0.000000000E+00      0.000000000E+00
    891      1.000000000E+02      8.547249067E+04      0.000000000E+00      0.000000000E+00
    892      1.000000000E+02      8.557249067E+04      0.000000000E+00      0.000000000E+00
    893      1.000000000E+02      8.567249067E+04      0.000000000E+00      0.000000000E+00
    894      1.000000000E+02      8.577249067E+04      0.000000000E+00      0.000000000E+00
    895      1.000000000E+02      8.587249067E+04      0.000000000E+00      0.000000000E+00
    896      1.000000000E+02      8.597249067E+04      0.000000000E+00      0.000000000E+00
    897      1.000000000E+02      8.607249067E+04      0.000000000E+00      0.000000000E+00
    898      1.000000000E+02      8.617249067E+04      0.000000000E+00      0.000000000E+00
    899      1.000000000E+02      8.627249067E+04      0.000000000E+00      0.000000000E+00
    900      6.375466251E+01      8.633624534E+04      0.000000000E+00      0.000000000E+00
    901      6.375466251E+01      8.640000000E+04      0.000000000E+00      0.000000000E+00
