      0  0.00000000E+00     NSTEP   TIME
 SURFACE NODE =   441  X =   1.0200E+04  Y =   4.0150E+03
              Z  PRESSURE HEAD             SW           CKRW        QTRANIE
   1.000037E+00  -3.000000E+00   3.617863E-01   5.647288E-08   0.000000E+00   0.000000E+00
   9.940373E-01  -2.994000E+00   3.618683E-01   5.682983E-08   0.000000E+00   0.000000E+00
   9.820373E-01  -2.982000E+00   3.620329E-01   5.755269E-08   0.000000E+00   0.000000E+00
   9.640373E-01  -2.964000E+00   3.622816E-01   5.865986E-08   0.000000E+00   0.000000E+00
   9.400373E-01  -2.940000E+00   3.626167E-01   6.018017E-08   0.000000E+00   0.000000E+00
   9.100373E-01  -2.910000E+00   3.630413E-01   6.215440E-08   0.000000E+00   0.000000E+00
   8.800373E-01  -2.880000E+00   3.634722E-01   6.421485E-08   0.000000E+00   0.000000E+00
   8.200373E-01  -2.820000E+00   3.643541E-01   6.861358E-08   0.000000E+00   0.000000E+00
   7.600373E-01  -2.760000E+00   3.652638E-01   7.341803E-08   0.000000E+00   0.000000E+00
   6.100373E-01  -2.610000E+00   3.676696E-01   8.753273E-08   0.000000E+00   0.000000E+00
   4.600373E-01  -2.460000E+00   3.702858E-01   1.054514E-07   0.000000E+00   0.000000E+00
   1.600373E-01  -2.160000E+00   3.762886E-01   1.587600E-07   0.000000E+00   0.000000E+00
  -1.399627E-01  -1.860000E+00   3.836452E-01   2.540877E-07   0.000000E+00   0.000000E+00
  -7.399627E-01  -1.260000E+00   4.053261E-01   8.640325E-07   0.000000E+00   0.000000E+00
  -1.339963E+00  -6.600000E-01   4.508645E-01   6.555692E-06   0.000000E+00   0.000000E+00
  -1.999963E+00   0.000000E+00   1.000000E+00   1.000000E+00   0.000000E+00   0.000000E+00
     47  1.81519463E+03     NSTEP   TIME
 SURFACE NODE =   441  X =   1.0200E+04  Y =   4.0150E+03
              Z  PRESSURE HEAD             SW           CKRW        QTRANIE
   1.000037E+00  -8.556936E-01   4.309891E-01   2.908760E-06   0.000000E+00   0.000000E+00
   9.940373E-01  -2.557097E+00   3.685667E-01   9.335857E-08   0.000000E+00   0.000000E+00
   9.820373E-01  -2.980128E+00   3.620587E-01   5.766655E-08   0.000000E+00   0.000000E+00
   9.640373E-01  -2.963997E+00   3.622817E-01   5.866003E-08   0.000000E+00   0.000000E+00
   9.400373E-01  -2.940000E+00   3.626167E-01   6.018017E-08   0.000000E+00   0.000000E+00
   9.100373E-01  -2.910000E+00   3.630413E-01   6.215440E-08   0.000000E+00   0.000000E+00
   8.800373E-01  -2.880000E+00   3.634722E-01   6.421485E-08   0.000000E+00   0.000000E+00
   8.200373E-01  -2.820000E+00   3.643541E-01   6.861358E-08   0.000000E+00   0.000000E+00
   7.600373E-01  -2.760000E+00   3.652638E-01   7.341803E-08   0.000000E+00   0.000000E+00
   6.100373E-01  -2.610000E+00   3.676696E-01   8.753273E-08   0.000000E+00   0.000000E+00
   4.600373E-01  -2.460000E+00   3.702858E-01   1.054514E-07   0.000000E+00   0.000000E+00
   1.600373E-01  -2.160000E+00   3.762886E-01   1.587600E-07   0.000000E+00   0.000000E+00
  -1.399627E-01  -1.860000E+00   3.836452E-01   2.540877E-07   0.000000E+00   0.000000E+00
  -7.399627E-01  -1.260000E+00   4.053261E-01   8.640325E-07   0.000000E+00   0.000000E+00
  -1.339963E+00  -6.600000E-01   4.508645E-01   6.555692E-06   0.000000E+00   0.000000E+00
  -1.999963E+00  -1.271518E-08   1.000000E+00   9.977031E-01   0.000000E+00   0.000000E+00
    109  7.27249067E+03     NSTEP   TIME
 SURFACE NODE =   441  X =   1.0200E+04  Y =   4.0150E+03
              Z  PRESSURE HEAD             SW           CKRW        QTRANIE
   1.000037E+00  -4.194175E-01   4.914318E-01   2.691314E-05   0.000000E+00   0.000000E+00
   9.940373E-01  -6.879119E-01   4.475396E-01   5.759516E-06   0.000000E+00   0.000000E+00
   9.820373E-01  -2.333183E+00   3.726859E-01   1.245581E-07   0.000000E+00   0.000000E+00
   9.640373E-01  -2.959849E+00   3.623393E-01   5.891919E-08   0.000000E+00   0.000000E+00
   9.400373E-01  -2.939990E+00   3.626169E-01   6.018081E-08   0.000000E+00   0.000000E+00
   9.100373E-01  -2.910000E+00   3.630413E-01   6.215440E-08   0.000000E+00   0.000000E+00
   8.800373E-01  -2.880000E+00   3.634722E-01   6.421485E-08   0.000000E+00   0.000000E+00
   8.200373E-01  -2.820000E+00   3.643541E-01   6.861358E-08   0.000000E+00   0.000000E+00
   7.600373E-01  -2.760000E+00   3.652638E-01   7.341803E-08   0.000000E+00   0.000000E+00
   6.100373E-01  -2.610000E+00   3.676696E-01   8.753273E-08   0.000000E+00   0.000000E+00
   4.600373E-01  -2.460000E+00   3.702858E-01   1.054514E-07   0.000000E+00   0.000000E+00
   1.600373E-01  -2.160000E+00   3.762886E-01   1.587600E-07   0.000000E+00   0.000000E+00
  -1.399627E-01  -1.860000E+00   3.836452E-01   2.540877E-07   0.000000E+00   0.000000E+00
  -7.399627E-01  -1.260000E+00   4.053261E-01   8.640325E-07   0.000000E+00   0.000000E+00
  -1.339963E+00  -6.600002E-01   4.508644E-01   6.555687E-06   0.000000E+00   0.000000E+00
  -1.999963E+00  -1.797735E-07   1.000000E+00   9.922424E-01   0.000000E+00   0.000000E+00
    901  8.64000000E+04     NSTEP   TIME
 SURFACE NODE =   441  X =   1.0200E+04  Y =   4.0150E+03
              Z  PRESSURE HEAD             SW           CKRW        QTRANIE
   1.000037E+00  -9.150062E-02   6.907274E-01   2.540359E-03   0.000000E+00   0.000000E+00
   9.940373E-01  -9.189790E-02   6.900382E-01   2.510021E-03   0.000000E+00   0.000000E+00
   9.820373E-01  -9.292677E-02   6.882689E-01   2.433611E-03   0.000000E+00   0.000000E+00
   9.640373E-01  -9.536491E-02   6.841635E-01   2.264249E-03   0.000000E+00   0.000000E+00
   9.400373E-01  -1.019979E-01   6.735788E-01   1.874953E-03   0.000000E+00   0.000000E+00
   9.100373E-01  -1.256994E-01   6.415213E-01   1.031413E-03   0.000000E+00   0.000000E+00
   8.800373E-01  -2.148992E-01   5.668579E-01   2.097652E-04   0.000000E+00   0.000000E+00
   8.200373E-01  -1.087151E+00   4.145901E-01   1.373067E-06   0.000000E+00   0.000000E+00
   7.600373E-01  -2.751569E+00   3.653939E-01   7.412830E-08   0.000000E+00   0.000000E+00
   6.100373E-01  -2.609998E+00   3.676696E-01   8.753295E-08   0.000000E+00   0.000000E+00
   4.600373E-01  -2.460000E+00   3.702858E-01   1.054514E-07   0.000000E+00   0.000000E+00
   1.600373E-01  -2.160000E+00   3.762886E-01   1.587600E-07   0.000000E+00   0.000000E+00
  -1.399627E-01  -1.860000E+00   3.836452E-01   2.540877E-07   0.000000E+00   0.000000E+00
  -7.399627E-01  -1.260000E+00   4.053261E-01   8.640324E-07   0.000000E+00   0.000000E+00
  -1.339963E+00  -6.600093E-01   4.508633E-01   6.555405E-06   0.000000E+00   0.000000E+00
  -1.999963E+00  -9.272158E-06   9.999984E-01   9.528910E-01   0.000000E+00   0.000000E+00
