#TIME      <--- WTDEPTH(NODVP(I)), I=1,2,...,NUMVP --->
   5.000000E+00  -1.999963E+00
   1.050000E+01  -1.999963E+00
   1.655000E+01  -1.999963E+00
   2.320500E+01  -1.999963E+00
   3.052550E+01  -1.999963E+00
   3.857805E+01  -1.999963E+00
   4.743586E+01  -1.999963E+00
   5.717944E+01  -1.999963E+00
   6.789738E+01  -1.999963E+00
   7.968712E+01  -1.999963E+00
   9.265584E+01  -1.999963E+00
   1.069214E+02  -1.999963E+00
   1.226136E+02  -1.999963E+00
   1.398749E+02  -1.999963E+00
   1.588624E+02  -1.999963E+00
   1.797486E+02  -1.999963E+00
   2.027235E+02  -1.999963E+00
   2.279959E+02  -1.999963E+00
   2.557955E+02  -1.999963E+00
   2.863750E+02  -1.999963E+00
   3.200125E+02  -1.999963E+00
   3.570137E+02  -1.999963E+00
   3.977151E+02  -1.999963E+00
   4.424866E+02  -1.999963E+00
   4.917353E+02  -1.999963E+00
   5.459088E+02  -1.999963E+00
   6.054997E+02  -1.999963E+00
   6.650906E+02  -1.999963E+00
   7.246815E+02  -1.999963E+00
   7.842724E+02  -1.999963E+00
   8.438632E+02  -1.999963E+00
   9.034541E+02  -1.999963E+00
   9.630450E+02  -1.999963E+00
   1.022636E+03  -1.999963E+00
   1.082227E+03  -1.999963E+00
   1.141818E+03  -1.999963E+00
   1.201409E+03  -1.999963E+00
   1.260999E+03  -1.999963E+00
   1.320590E+03  -1.999963E+00
   1.380181E+03  -1.999963E+00
   1.439772E+03  -1.999963E+00
   1.499363E+03  -1.999963E+00
   1.558954E+03  -1.999963E+00
   1.618545E+03  -1.999963E+00
   1.684095E+03  -1.999963E+00
   1.749645E+03  -1.999963E+00
   1.815195E+03  -1.999963E+00
   1.880745E+03  -1.999963E+00
   1.946295E+03  -1.999963E+00
   2.011845E+03  -1.999963E+00
   2.077395E+03  -1.999963E+00
   2.149499E+03  -1.999963E+00
   2.221604E+03  -1.999963E+00
   2.293709E+03  -1.999963E+00
   2.365814E+03  -1.999963E+00
   2.437919E+03  -1.999963E+00
   2.510024E+03  -1.999963E+00
   2.582129E+03  -1.999963E+00
   2.654234E+03  -1.999963E+00
   2.726339E+03  -1.999963E+00
   2.805655E+03  -1.999963E+00
   2.884970E+03  -1.999963E+00
   2.964286E+03  -1.999963E+00
   3.043601E+03  -1.999963E+00
   3.122917E+03  -1.999963E+00
   3.202232E+03  -1.999963E+00
   3.281547E+03  -1.999963E+00
   3.360863E+03  -1.999963E+00
   3.440178E+03  -1.999963E+00
   3.519494E+03  -1.999963E+00
   3.606741E+03  -1.999963E+00
   3.693988E+03  -1.999963E+00
   3.781235E+03  -1.999963E+00
   3.868482E+03  -1.999963E+00
   3.955729E+03  -1.999963E+00
   4.042976E+03  -1.999963E+00
   4.130223E+03  -1.999963E+00
   4.217470E+03  -1.999963E+00
   4.304717E+03  -1.999963E+00
   4.400689E+03  -1.999963E+00
   4.496660E+03  -1.999963E+00
   4.592632E+03  -1.999963E+00
   4.688604E+03  -1.999963E+00
   4.784576E+03  -1.999963E+00
   4.880547E+03  -1.999963E+00
   4.976519E+03  -1.999963E+00
   5.072491E+03  -1.999963E+00
   5.172491E+03  -1.999963E+00
   5.272491E+03  -1.999963E+00
   5.372491E+03  -1.999963E+00
   5.472491E+03  -1.999963E+00
   5.572491E+03  -1.999963E+00
   5.672491E+03  -1.999963E+00
   5.772491E+03  -1.999963E+00
   5.872491E+03  -1.999963E+00
   5.972491E+03  -1.999963E+00
   6.072491E+03  -1.999963E+00
   6.172491E+03  -1.999963E+00
   6.272491E+03  -1.999963E+00
   6.372491E+03  -1.999963E+00
   6.472491E+03  -1.999963E+00
   6.572491E+03  -1.999963E+00
   6.672491E+03  -1.999963E+00
   6.772491E+03  -1.999963E+00
   6.872491E+03  -1.999963E+00
   6.972491E+03  -1.999963E+00
   7.072491E+03  -1.999963E+00
   7.172491E+03  -1.999963E+00
   7.272491E+03  -1.999963E+00
   7.372491E+03  -1.999963E+00
   7.472491E+03  -1.999963E+00
   7.572491E+03  -1.999963E+00
   7.672491E+03  -1.999963E+00
   7.772491E+03  -1.999963E+00
   7.872491E+03  -1.999963E+00
   7.972491E+03  -1.999963E+00
   8.072491E+03  -1.999963E+00
   8.172491E+03  -1.999963E+00
   8.272491E+03  -1.999963E+00
   8.372491E+03  -1.999963E+00
   8.472491E+03  -1.999963E+00
   8.572491E+03  -1.999963E+00
   8.672491E+03  -1.999963E+00
   8.772491E+03  -1.999963E+00
   8.872491E+03  -1.999963E+00
   8.972491E+03  -1.999963E+00
   9.072491E+03  -1.999963E+00
   9.172491E+03  -1.999963E+00
   9.272491E+03  -1.999963E+00
   9.372491E+03  -1.999963E+00
   9.472491E+03  -1.999963E+00
   9.572491E+03  -1.999963E+00
   9.672491E+03  -1.999963E+00
   9.772491E+03  -1.999963E+00
   9.872491E+03  -1.999963E+00
   9.972491E+03  -1.999963E+00
   1.007249E+04  -1.999963E+00
   1.017249E+04  -1.999963E+00
   1.027249E+04  -1.999963E+00
   1.037249E+04  -1.999963E+00
   1.047249E+04  -1.999963E+00
   1.057249E+04  -1.999963E+00
   1.067249E+04  -1.999963E+00
   1.077249E+04  -1.999963E+00
   1.087249E+04  -1.999963E+00
   1.097249E+04  -1.999963E+00
   1.107249E+04  -1.999963E+00
   1.117249E+04  -1.999963E+00
   1.127249E+04  -1.999963E+00
   1.137249E+04  -1.999963E+00
   1.147249E+04  -1.999963E+00
   1.157249E+04  -1.999963E+00
   1.167249E+04  -1.999963E+00
   1.177249E+04  -1.999963E+00
   1.187249E+04  -1.999963E+00
   1.197249E+04  -1.999963E+00
   1.207249E+04  -1.999963E+00
   1.217249E+04  -1.999963E+00
   1.227249E+04  -1.999963E+00
   1.237249E+04  -1.999963E+00
   1.247249E+04  -1.999963E+00
   1.257249E+04  -1.999963E+00
   1.267249E+04  -1.999963E+00
   1.277249E+04  -1.999963E+00
   1.287249E+04  -1.999963E+00
   1.297249E+04  -1.999963E+00
   1.307249E+04  -1.999963E+00
   1.317249E+04  -1.999963E+00
   1.327249E+04  -1.999963E+00
   1.337249E+04  -1.999963E+00
   1.347249E+04  -1.999963E+00
   1.357249E+04  -1.999963E+00
   1.367249E+04  -1.999963E+00
   1.377249E+04  -1.999963E+00
   1.387249E+04  -1.999963E+00
   1.397249E+04  -1.999963E+00
   1.407249E+04  -1.999963E+00
   1.417249E+04  -1.999963E+00
   1.427249E+04  -1.999963E+00
   1.437249E+04  -1.999963E+00
   1.447249E+04  -1.999963E+00
   1.457249E+04  -1.999963E+00
   1.467249E+04  -1.999963E+00
   1.477249E+04  -1.999963E+00
   1.487249E+04  -1.999963E+00
   1.497249E+04  -1.999963E+00
   1.507249E+04  -1.999963E+00
   1.517249E+04  -1.999963E+00
   1.527249E+04  -1.999963E+00
   1.537249E+04  -1.999963E+00
   1.547249E+04  -1.999963E+00
   1.557249E+04  -1.999963E+00
   1.567249E+04  -1.999963E+00
   1.577249E+04  -1.999963E+00
   1.587249E+04  -1.999963E+00
   1.597249E+04  -1.999963E+00
   1.607249E+04  -1.999963E+00
   1.617249E+04  -1.999963E+00
   1.627249E+04  -1.999963E+00
   1.637249E+04  -1.999963E+00
   1.647249E+04  -1.999963E+00
   1.657249E+04  -1.999963E+00
   1.667249E+04  -1.999963E+00
   1.677249E+04  -1.999963E+00
   1.687249E+04  -1.999963E+00
   1.697249E+04  -1.999963E+00
   1.707249E+04  -1.999963E+00
   1.717249E+04  -1.999963E+00
   1.727249E+04  -1.999963E+00
   1.737249E+04  -1.999963E+00
   1.747249E+04  -1.999963E+00
   1.757249E+04  -1.999963E+00
   1.767249E+04  -1.999963E+00
   1.777249E+04  -1.999963E+00
   1.787249E+04  -1.999963E+00
   1.797249E+04  -1.999963E+00
   1.807249E+04  -1.999963E+00
   1.817249E+04  -1.999963E+00
   1.827249E+04  -1.999963E+00
   1.837249E+04  -1.999963E+00
   1.847249E+04  -1.999963E+00
   1.857249E+04  -1.999963E+00
   1.867249E+04  -1.999963E+00
   1.877249E+04  -1.999963E+00
   1.887249E+04  -1.999963E+00
   1.897249E+04  -1.999963E+00
   1.907249E+04  -1.999963E+00
   1.917249E+04  -1.999963E+00
   1.927249E+04  -1.999963E+00
   1.937249E+04  -1.999963E+00
   1.947249E+04  -1.999963E+00
   1.957249E+04  -1.999963E+00
   1.967249E+04  -1.999963E+00
   1.977249E+04  -1.999963E+00
   1.987249E+04  -1.999963E+00
   1.997249E+04  -1.999963E+00
   2.007249E+04  -1.999963E+00
   2.017249E+04  -1.999963E+00
   2.027249E+04  -1.999963E+00
   2.037249E+04  -1.999963E+00
   2.047249E+04  -1.999963E+00
   2.057249E+04  -1.999963E+00
   2.067249E+04  -1.999963E+00
   2.077249E+04  -1.999963E+00
   2.087249E+04  -1.999963E+00
   2.097249E+04  -1.999963E+00
   2.107249E+04  -1.999963E+00
   2.117249E+04  -1.999963E+00
   2.127249E+04  -1.999963E+00
   2.137249E+04  -1.999963E+00
   2.147249E+04  -1.999963E+00
   2.157249E+04  -1.999963E+00
   2.167249E+04  -1.999963E+00
   2.177249E+04  -1.999963E+00
   2.187249E+04  -1.999963E+00
   2.197249E+04  -1.999963E+00
   2.207249E+04  -1.999963E+00
   2.217249E+04  -1.999963E+00
   2.227249E+04  -1.999963E+00
   2.237249E+04  -1.999963E+00
   2.247249E+04  -1.999963E+00
   2.257249E+04  -1.999963E+00
   2.267249E+04  -1.999963E+00
   2.277249E+04  -1.999963E+00
   2.287249E+04  -1.999963E+00
   2.297249E+04  -1.999963E+00
   2.307249E+04  -1.999963E+00
   2.317249E+04  -1.999963E+00
   2.327249E+04  -1.999963E+00
   2.337249E+04  -1.999963E+00
   2.347249E+04  -1.999963E+00
   2.357249E+04  -1.999963E+00
   2.367249E+04  -1.999963E+00
   2.377249E+04  -1.999963E+00
   2.387249E+04  -1.999963E+00
   2.397249E+04  -1.999963E+00
   2.407249E+04  -1.999963E+00
   2.417249E+04  -1.999963E+00
   2.427249E+04  -1.999963E+00
   2.437249E+04  -1.999963E+00
   2.447249E+04  -1.999963E+00
   2.457249E+04  -1.999963E+00
   2.467249E+04  -1.999963E+00
   2.477249E+04  -1.999963E+00
   2.487249E+04  -1.999963E+00
   2.497249E+04  -1.999963E+00
   2.507249E+04  -1.999963E+00
   2.517249E+04  -1.999963E+00
   2.527249E+04  -1.999963E+00
   2.537249E+04  -1.999963E+00
   2.547249E+04  -1.999963E+00
   2.557249E+04  -1.999963E+00
   2.567249E+04  -1.999963E+00
   2.577249E+04  -1.999963E+00
   2.587249E+04  -1.999963E+00
   2.597249E+04  -1.999963E+00
   2.607249E+04  -1.999963E+00
   2.617249E+04  -1.999963E+00
   2.627249E+04  -1.999963E+00
   2.637249E+04  -1.999963E+00
   2.647249E+04  -1.999963E+00
   2.657249E+04  -1.999963E+00
   2.667249E+04  -1.999963E+00
   2.677249E+04  -1.999963E+00
   2.687249E+04  -1.999963E+00
   2.697249E+04  -1.999963E+00
   2.707249E+04  -1.999963E+00
   2.717249E+04  -1.999963E+00
   2.727249E+04  -1.999963E+00
   2.737249E+04  -1.999963E+00
   2.747249E+04  -1.999963E+00
   2.757249E+04  -1.999963E+00
   2.767249E+04  -1.999963E+00
   2.777249E+04  -1.999963E+00
   2.787249E+04  -1.999963E+00
   2.797249E+04  -1.999963E+00
   2.807249E+04  -1.999963E+00
   2.817249E+04  -1.999963E+00
   2.827249E+04  -1.999963E+00
   2.837249E+04  -1.999963E+00
   2.847249E+04  -1.999963E+00
   2.857249E+04  -1.999963E+00
   2.867249E+04  -1.999963E+00
   2.877249E+04  -1.999963E+00
   2.887249E+04  -1.999963E+00
   2.897249E+04  -1.999963E+00
   2.907249E+04  -1.999963E+00
   2.917249E+04  -1.999963E+00
   2.927249E+04  -1.999963E+00
   2.937249E+04  -1.999963E+00
   2.947249E+04  -1.999963E+00
   2.957249E+04  -1.999963E+00
   2.967249E+04  -1.999963E+00
   2.977249E+04  -1.999963E+00
   2.987249E+04  -1.999963E+00
   2.997249E+04  -1.999963E+00
   3.007249E+04  -1.999963E+00
   3.017249E+04  -1.999963E+00
   3.027249E+04  -1.999963E+00
   3.037249E+04  -1.999963E+00
   3.047249E+04  -1.999963E+00
   3.057249E+04  -1.999963E+00
   3.067249E+04  -1.999963E+00
   3.077249E+04  -1.999963E+00
   3.087249E+04  -1.999963E+00
   3.097249E+04  -1.999963E+00
   3.107249E+04  -1.999963E+00
   3.117249E+04  -1.999963E+00
   3.127249E+04  -1.999963E+00
   3.137249E+04  -1.999963E+00
   3.147249E+04  -1.999963E+00
   3.157249E+04  -1.999963E+00
   3.167249E+04  -1.999963E+00
   3.177249E+04  -1.999963E+00
   3.187249E+04  -1.999963E+00
   3.197249E+04  -1.999963E+00
   3.207249E+04  -1.999963E+00
   3.217249E+04  -1.999963E+00
   3.227249E+04  -1.999963E+00
   3.237249E+04  -1.999963E+00
   3.247249E+04  -1.999963E+00
   3.257249E+04  -1.999963E+00
   3.267249E+04  -1.999963E+00
   3.277249E+04  -1.999963E+00
   3.287249E+04  -1.999963E+00
   3.297249E+04  -1.999963E+00
   3.307249E+04  -1.999963E+00
   3.317249E+04  -1.999963E+00
   3.327249E+04  -1.999963E+00
   3.337249E+04  -1.999963E+00
   3.347249E+04  -1.999963E+00
   3.357249E+04  -1.999963E+00
   3.367249E+04  -1.999963E+00
   3.377249E+04  -1.999963E+00
   3.387249E+04  -1.999963E+00
   3.397249E+04  -1.999963E+00
   3.407249E+04  -1.999963E+00
   3.417249E+04  -1.999963E+00
   3.427249E+04  -1.999963E+00
   3.437249E+04  -1.999963E+00
   3.447249E+04  -1.999963E+00
   3.457249E+04  -1.999963E+00
   3.467249E+04  -1.999963E+00
   3.477249E+04  -1.999963E+00
   3.487249E+04  -1.999963E+00
   3.497249E+04  -1.999963E+00
   3.507249E+04  -1.999963E+00
   3.517249E+04  -1.999963E+00
   3.527249E+04  -1.999963E+00
   3.537249E+04  -1.999963E+00
   3.547249E+04  -1.999963E+00
   3.557249E+04  -1.999963E+00
   3.567249E+04  -1.999963E+00
   3.577249E+04  -1.999963E+00
   3.587249E+04  -1.999963E+00
   3.597249E+04  -1.999963E+00
   3.607249E+04  -1.999963E+00
   3.617249E+04  -1.999963E+00
   3.627249E+04  -1.999963E+00
   3.637249E+04  -1.999963E+00
   3.647249E+04  -1.999963E+00
   3.657249E+04  -1.999963E+00
   3.667249E+04  -1.999963E+00
   3.677249E+04  -1.999963E+00
   3.687249E+04  -1.999963E+00
   3.697249E+04  -1.999963E+00
   3.707249E+04  -1.999963E+00
   3.717249E+04  -1.999963E+00
   3.727249E+04  -1.999963E+00
   3.737249E+04  -1.999963E+00
   3.747249E+04  -1.999963E+00
   3.757249E+04  -1.999963E+00
   3.767249E+04  -1.999963E+00
   3.777249E+04  -1.999963E+00
   3.787249E+04  -1.999963E+00
   3.797249E+04  -1.999963E+00
   3.807249E+04  -1.999963E+00
   3.817249E+04  -1.999963E+00
   3.827249E+04  -1.999963E+00
   3.837249E+04  -1.999963E+00
   3.847249E+04  -1.999963E+00
   3.857249E+04  -1.999963E+00
   3.867249E+04  -1.999963E+00
   3.877249E+04  -1.999963E+00
   3.887249E+04  -1.999963E+00
   3.897249E+04  -1.999963E+00
   3.907249E+04  -1.999963E+00
   3.917249E+04  -1.999963E+00
   3.927249E+04  -1.999963E+00
   3.937249E+04  -1.999963E+00
   3.947249E+04  -1.999963E+00
   3.957249E+04  -1.999963E+00
   3.967249E+04  -1.999963E+00
   3.977249E+04  -1.999963E+00
   3.987249E+04  -1.999963E+00
   3.997249E+04  -1.999963E+00
   4.007249E+04  -1.999963E+00
   4.017249E+04  -1.999963E+00
   4.027249E+04  -1.999963E+00
   4.037249E+04  -1.999963E+00
   4.047249E+04  -1.999963E+00
   4.057249E+04  -1.999963E+00
   4.067249E+04  -1.999963E+00
   4.077249E+04  -1.999963E+00
   4.087249E+04  -1.999963E+00
   4.097249E+04  -1.999963E+00
   4.107249E+04  -1.999963E+00
   4.117249E+04  -1.999963E+00
   4.127249E+04  -1.999963E+00
   4.137249E+04  -1.999963E+00
   4.147249E+04  -1.999963E+00
   4.157249E+04  -1.999963E+00
   4.167249E+04  -1.999963E+00
   4.177249E+04  -1.999963E+00
   4.187249E+04  -1.999963E+00
   4.197249E+04  -1.999963E+00
   4.207249E+04  -1.999963E+00
   4.217249E+04  -1.999963E+00
   4.227249E+04  -1.999963E+00
   4.237249E+04  -1.999963E+00
   4.247249E+04  -1.999963E+00
   4.257249E+04  -1.999963E+00
   4.267249E+04  -1.999963E+00
   4.277249E+04  -1.999963E+00
   4.287249E+04  -1.999963E+00
   4.297249E+04  -1.999963E+00
   4.307249E+04  -1.999963E+00
   4.317249E+04  -1.999963E+00
   4.327249E+04  -1.999963E+00
   4.337249E+04  -1.999963E+00
   4.347249E+04  -1.999963E+00
   4.357249E+04  -1.999963E+00
   4.367249E+04  -1.999963E+00
   4.377249E+04  -1.999963E+00
   4.387249E+04  -1.999963E+00
   4.397249E+04  -1.999963E+00
   4.407249E+04  -1.999963E+00
   4.417249E+04  -1.999963E+00
   4.427249E+04  -1.999963E+00
   4.437249E+04  -1.999963E+00
   4.447249E+04  -1.999963E+00
   4.457249E+04  -1.999963E+00
   4.467249E+04  -1.999963E+00
   4.477249E+04  -1.999963E+00
   4.487249E+04  -1.999963E+00
   4.497249E+04  -1.999963E+00
   4.507249E+04  -1.999963E+00
   4.517249E+04  -1.999963E+00
   4.527249E+04  -1.999963E+00
   4.537249E+04  -1.999963E+00
   4.547249E+04  -1.999963E+00
   4.557249E+04  -1.999963E+00
   4.567249E+04  -1.999963E+00
   4.577249E+04  -1.999963E+00
   4.587249E+04  -1.999963E+00
   4.597249E+04  -1.999963E+00
   4.607249E+04  -1.999963E+00
   4.617249E+04  -1.999963E+00
   4.627249E+04  -1.999963E+00
   4.637249E+04  -1.999963E+00
   4.647249E+04  -1.999963E+00
   4.657249E+04  -1.999963E+00
   4.667249E+04  -1.999963E+00
   4.677249E+04  -1.999963E+00
   4.687249E+04  -1.999963E+00
   4.697249E+04  -1.999963E+00
   4.707249E+04  -1.999963E+00
   4.717249E+04  -1.999963E+00
   4.727249E+04  -1.999963E+00
   4.737249E+04  -1.999963E+00
   4.747249E+04  -1.999963E+00
   4.757249E+04  -1.999963E+00
   4.767249E+04  -1.999963E+00
   4.777249E+04  -1.999963E+00
   4.787249E+04  -1.999963E+00
   4.797249E+04  -1.999963E+00
   4.807249E+04  -1.999963E+00
   4.817249E+04  -1.999963E+00
   4.827249E+04  -1.999963E+00
   4.837249E+04  -1.999963E+00
   4.847249E+04  -1.999963E+00
   4.857249E+04  -1.999963E+00
   4.867249E+04  -1.999963E+00
   4.877249E+04  -1.999963E+00
   4.887249E+04  -1.999963E+00
   4.897249E+04  -1.999963E+00
   4.907249E+04  -1.999963E+00
   4.917249E+04  -1.999963E+00
   4.927249E+04  -1.999963E+00
   4.937249E+04  -1.999963E+00
   4.947249E+04  -1.999963E+00
   4.957249E+04  -1.999963E+00
   4.967249E+04  -1.999963E+00
   4.977249E+04  -1.999963E+00
   4.987249E+04  -1.999963E+00
   4.997249E+04  -1.999963E+00
   5.007249E+04  -1.999963E+00
   5.017249E+04  -1.999963E+00
   5.027249E+04  -1.999963E+00
   5.037249E+04  -1.999963E+00
   5.047249E+04  -1.999963E+00
   5.057249E+04  -1.999963E+00
   5.067249E+04  -1.999963E+00
   5.077249E+04  -1.999963E+00
   5.087249E+04  -1.999963E+00
   5.097249E+04  -1.999963E+00
   5.107249E+04  -1.999963E+00
   5.117249E+04  -1.999963E+00
   5.127249E+04  -1.999963E+00
   5.137249E+04  -1.999963E+00
   5.147249E+04  -1.999963E+00
   5.157249E+04  -1.999963E+00
   5.167249E+04  -1.999963E+00
   5.177249E+04  -1.999963E+00
   5.187249E+04  -1.999963E+00
   5.197249E+04  -1.999963E+00
   5.207249E+04  -1.999963E+00
   5.217249E+04  -1.999963E+00
   5.227249E+04  -1.999963E+00
   5.237249E+04  -1.999963E+00
   5.247249E+04  -1.999963E+00
   5.257249E+04  -1.999963E+00
   5.267249E+04  -1.999963E+00
   5.277249E+04  -1.999963E+00
   5.287249E+04  -1.999963E+00
   5.297249E+04  -1.999963E+00
   5.307249E+04  -1.999963E+00
   5.317249E+04  -1.999963E+00
   5.327249E+04  -1.999963E+00
   5.337249E+04  -1.999963E+00
   5.347249E+04  -1.999963E+00
   5.357249E+04  -1.999963E+00
   5.367249E+04  -1.999963E+00
   5.377249E+04  -1.999963E+00
   5.387249E+04  -1.999963E+00
   5.397249E+04  -1.999963E+00
   5.407249E+04  -1.999963E+00
   5.417249E+04  -1.999963E+00
   5.427249E+04  -1.999963E+00
   5.437249E+04  -1.999963E+00
   5.447249E+04  -1.999963E+00
   5.457249E+04  -1.999963E+00
   5.467249E+04  -1.999963E+00
   5.477249E+04  -1.999963E+00
   5.487249E+04  -1.999963E+00
   5.497249E+04  -1.999963E+00
   5.507249E+04  -1.999963E+00
   5.517249E+04  -1.999963E+00
   5.527249E+04  -1.999963E+00
   5.537249E+04  -1.999963E+00
   5.547249E+04  -1.999963E+00
   5.557249E+04  -1.999963E+00
   5.567249E+04  -1.999963E+00
   5.577249E+04  -1.999963E+00
   5.587249E+04  -1.999963E+00
   5.597249E+04  -1.999963E+00
   5.607249E+04  -1.999963E+00
   5.617249E+04  -1.999963E+00
   5.627249E+04  -1.999963E+00
   5.637249E+04  -1.999963E+00
   5.647249E+04  -1.999963E+00
   5.657249E+04  -1.999963E+00
   5.667249E+04  -1.999963E+00
   5.677249E+04  -1.999963E+00
   5.687249E+04  -1.999963E+00
   5.697249E+04  -1.999963E+00
   5.707249E+04  -1.999963E+00
   5.717249E+04  -1.999963E+00
   5.727249E+04  -1.999963E+00
   5.737249E+04  -1.999963E+00
   5.747249E+04  -1.999963E+00
   5.757249E+04  -1.999963E+00
   5.767249E+04  -1.999963E+00
   5.777249E+04  -1.999963E+00
   5.787249E+04  -1.999963E+00
   5.797249E+04  -1.999963E+00
   5.807249E+04  -1.999963E+00
   5.817249E+04  -1.999963E+00
   5.827249E+04  -1.999963E+00
   5.837249E+04  -1.999963E+00
   5.847249E+04  -1.999963E+00
   5.857249E+04  -1.999963E+00
   5.867249E+04  -1.999963E+00
   5.877249E+04  -1.999963E+00
   5.887249E+04  -1.999963E+00
   5.897249E+04  -1.999963E+00
   5.907249E+04  -1.999963E+00
   5.917249E+04  -1.999963E+00
   5.927249E+04  -1.999963E+00
   5.937249E+04  -1.999963E+00
   5.947249E+04  -1.999963E+00
   5.957249E+04  -1.999963E+00
   5.967249E+04  -1.999963E+00
   5.977249E+04  -1.999963E+00
   5.987249E+04  -1.999963E+00
   5.997249E+04  -1.999963E+00
   6.007249E+04  -1.999963E+00
   6.017249E+04  -1.999963E+00
   6.027249E+04  -1.999963E+00
   6.037249E+04  -1.999963E+00
   6.047249E+04  -1.999963E+00
   6.057249E+04  -1.999963E+00
   6.067249E+04  -1.999963E+00
   6.077249E+04  -1.999963E+00
   6.087249E+04  -1.999963E+00
   6.097249E+04  -1.999963E+00
   6.107249E+04  -1.999963E+00
   6.117249E+04  -1.999963E+00
   6.127249E+04  -1.999963E+00
   6.137249E+04  -1.999963E+00
   6.147249E+04  -1.999963E+00
   6.157249E+04  -1.999963E+00
   6.167249E+04  -1.999963E+00
   6.177249E+04  -1.999963E+00
   6.187249E+04  -1.999963E+00
   6.197249E+04  -1.999963E+00
   6.207249E+04  -1.999963E+00
   6.217249E+04  -1.999963E+00
   6.227249E+04  -1.999963E+00
   6.237249E+04  -1.999963E+00
   6.247249E+04  -1.999963E+00
   6.257249E+04  -1.999963E+00
   6.267249E+04  -1.999963E+00
   6.277249E+04  -1.999963E+00
   6.287249E+04  -1.999963E+00
   6.297249E+04  -1.999963E+00
   6.307249E+04  -1.999963E+00
   6.317249E+04  -1.999963E+00
   6.327249E+04  -1.999963E+00
   6.337249E+04  -1.999963E+00
   6.347249E+04  -1.999963E+00
   6.357249E+04  -1.999963E+00
   6.367249E+04  -1.999963E+00
   6.377249E+04  -1.999963E+00
   6.387249E+04  -1.999963E+00
   6.397249E+04  -1.999963E+00
   6.407249E+04  -1.999963E+00
   6.417249E+04  -1.999963E+00
   6.427249E+04  -1.999963E+00
   6.437249E+04  -1.999963E+00
   6.447249E+04  -1.999963E+00
   6.457249E+04  -1.999963E+00
   6.467249E+04  -1.999963E+00
   6.477249E+04  -1.999963E+00
   6.487249E+04  -1.999963E+00
   6.497249E+04  -1.999963E+00
   6.507249E+04  -1.999963E+00
   6.517249E+04  -1.999963E+00
   6.527249E+04  -1.999963E+00
   6.537249E+04  -1.999963E+00
   6.547249E+04  -1.999963E+00
   6.557249E+04  -1.999963E+00
   6.567249E+04  -1.999963E+00
   6.577249E+04  -1.999963E+00
   6.587249E+04  -1.999963E+00
   6.597249E+04  -1.999963E+00
   6.607249E+04  -1.999963E+00
   6.617249E+04  -1.999963E+00
   6.627249E+04  -1.999963E+00
   6.637249E+04  -1.999963E+00
   6.647249E+04  -1.999963E+00
   6.657249E+04  -1.999963E+00
   6.667249E+04  -1.999963E+00
   6.677249E+04  -1.999963E+00
   6.687249E+04  -1.999963E+00
   6.697249E+04  -1.999963E+00
   6.707249E+04  -1.999963E+00
   6.717249E+04  -1.999963E+00
   6.727249E+04  -1.999963E+00
   6.737249E+04  -1.999963E+00
   6.747249E+04  -1.999963E+00
   6.757249E+04  -1.999963E+00
   6.767249E+04  -1.999963E+00
   6.777249E+04  -1.999963E+00
   6.787249E+04  -1.999963E+00
   6.797249E+04  -1.999963E+00
   6.807249E+04  -1.999963E+00
   6.817249E+04  -1.999963E+00
   6.827249E+04  -1.999963E+00
   6.837249E+04  -1.999963E+00
   6.847249E+04  -1.999963E+00
   6.857249E+04  -1.999963E+00
   6.867249E+04  -1.999963E+00
   6.877249E+04  -1.999963E+00
   6.887249E+04  -1.999963E+00
   6.897249E+04  -1.999963E+00
   6.907249E+04  -1.999963E+00
   6.917249E+04  -1.999963E+00
   6.927249E+04  -1.999963E+00
   6.937249E+04  -1.999963E+00
   6.947249E+04  -1.999963E+00
   6.957249E+04  -1.999963E+00
   6.967249E+04  -1.999963E+00
   6.977249E+04  -1.999963E+00
   6.987249E+04  -1.999963E+00
   6.997249E+04  -1.999963E+00
   7.007249E+04  -1.999963E+00
   7.017249E+04  -1.999963E+00
   7.027249E+04  -1.999963E+00
   7.037249E+04  -1.999963E+00
   7.047249E+04  -1.999963E+00
   7.057249E+04  -1.999963E+00
   7.067249E+04  -1.999963E+00
   7.077249E+04  -1.999963E+00
   7.087249E+04  -1.999963E+00
   7.097249E+04  -1.999963E+00
   7.107249E+04  -1.999963E+00
   7.117249E+04  -1.999963E+00
   7.127249E+04  -1.999963E+00
   7.137249E+04  -1.999963E+00
   7.147249E+04  -1.999963E+00
   7.157249E+04  -1.999963E+00
   7.167249E+04  -1.999963E+00
   7.177249E+04  -1.999963E+00
   7.187249E+04  -1.999963E+00
   7.197249E+04  -1.999963E+00
   7.207249E+04  -1.999963E+00
   7.217249E+04  -1.999963E+00
   7.227249E+04  -1.999963E+00
   7.237249E+04  -1.999963E+00
   7.247249E+04  -1.999963E+00
   7.257249E+04  -1.999963E+00
   7.267249E+04  -1.999963E+00
   7.277249E+04  -1.999963E+00
   7.287249E+04  -1.999963E+00
   7.297249E+04  -1.999963E+00
   7.307249E+04  -1.999963E+00
   7.317249E+04  -1.999963E+00
   7.327249E+04  -1.999963E+00
   7.337249E+04  -1.999963E+00
   7.347249E+04  -1.999963E+00
   7.357249E+04  -1.999963E+00
   7.367249E+04  -1.999963E+00
   7.377249E+04  -1.999963E+00
   7.387249E+04  -1.999963E+00
   7.397249E+04  -1.999963E+00
   7.407249E+04  -1.999963E+00
   7.417249E+04  -1.999963E+00
   7.427249E+04  -1.999963E+00
   7.437249E+04  -1.999963E+00
   7.447249E+04  -1.999963E+00
   7.457249E+04  -1.999963E+00
   7.467249E+04  -1.999963E+00
   7.477249E+04  -1.999963E+00
   7.487249E+04  -1.999963E+00
   7.497249E+04  -1.999963E+00
   7.507249E+04  -1.999963E+00
   7.517249E+04  -1.999963E+00
   7.527249E+04  -1.999963E+00
   7.537249E+04  -1.999963E+00
   7.547249E+04  -1.999963E+00
   7.557249E+04  -1.999963E+00
   7.567249E+04  -1.999963E+00
   7.577249E+04  -1.999963E+00
   7.587249E+04  -1.999963E+00
   7.597249E+04  -1.999963E+00
   7.607249E+04  -1.999963E+00
   7.617249E+04  -1.999963E+00
   7.627249E+04  -1.999963E+00
   7.637249E+04  -1.999963E+00
   7.647249E+04  -1.999963E+00
   7.657249E+04  -1.999963E+00
   7.667249E+04  -1.999963E+00
   7.677249E+04  -1.999963E+00
   7.687249E+04  -1.999963E+00
   7.697249E+04  -1.999963E+00
   7.707249E+04  -1.999963E+00
   7.717249E+04  -1.999963E+00
   7.727249E+04  -1.999963E+00
   7.737249E+04  -1.999963E+00
   7.747249E+04  -1.999963E+00
   7.757249E+04  -1.999963E+00
   7.767249E+04  -1.999963E+00
   7.777249E+04  -1.999963E+00
   7.787249E+04  -1.999963E+00
   7.797249E+04  -1.999963E+00
   7.807249E+04  -1.999963E+00
   7.817249E+04  -1.999963E+00
   7.827249E+04  -1.999963E+00
   7.837249E+04  -1.999963E+00
   7.847249E+04  -1.999963E+00
   7.857249E+04  -1.999963E+00
   7.867249E+04  -1.999963E+00
   7.877249E+04  -1.999963E+00
   7.887249E+04  -1.999963E+00
   7.897249E+04  -1.999963E+00
   7.907249E+04  -1.999963E+00
   7.917249E+04  -1.999963E+00
   7.927249E+04  -1.999963E+00
   7.937249E+04  -1.999963E+00
   7.947249E+04  -1.999963E+00
   7.957249E+04  -1.999963E+00
   7.967249E+04  -1.999963E+00
   7.977249E+04  -1.999963E+00
   7.987249E+04  -1.999963E+00
   7.997249E+04  -1.999963E+00
   8.007249E+04  -1.999963E+00
   8.017249E+04  -1.999963E+00
   8.027249E+04  -1.999963E+00
   8.037249E+04  -1.999963E+00
   8.047249E+04  -1.999963E+00
   8.057249E+04  -1.999963E+00
   8.067249E+04  -1.999963E+00
   8.077249E+04  -1.999963E+00
   8.087249E+04  -1.999963E+00
   8.097249E+04  -1.999963E+00
   8.107249E+04  -1.999963E+00
   8.117249E+04  -1.999963E+00
   8.127249E+04  -1.999963E+00
   8.137249E+04  -1.999963E+00
   8.147249E+04  -1.999963E+00
   8.157249E+04  -1.999963E+00
   8.167249E+04  -1.999963E+00
   8.177249E+04  -1.999963E+00
   8.187249E+04  -1.999963E+00
   8.197249E+04  -1.999963E+00
   8.207249E+04  -1.999963E+00
   8.217249E+04  -1.999963E+00
   8.227249E+04  -1.999963E+00
   8.237249E+04  -1.999963E+00
   8.247249E+04  -1.999963E+00
   8.257249E+04  -1.999963E+00
   8.267249E+04  -1.999963E+00
   8.277249E+04  -1.999963E+00
   8.287249E+04  -1.999963E+00
   8.297249E+04  -1.999963E+00
   8.307249E+04  -1.999963E+00
   8.317249E+04  -1.999963E+00
   8.327249E+04  -1.999963E+00
   8.337249E+04  -1.999963E+00
   8.347249E+04  -1.999963E+00
   8.357249E+04  -1.999963E+00
   8.367249E+04  -1.999963E+00
   8.377249E+04  -1.999963E+00
   8.387249E+04  -1.999963E+00
   8.397249E+04  -1.999963E+00
   8.407249E+04  -1.999963E+00
   8.417249E+04  -1.999963E+00
   8.427249E+04  -1.999963E+00
   8.437249E+04  -1.999963E+00
   8.447249E+04  -1.999963E+00
   8.457249E+04  -1.999963E+00
   8.467249E+04  -1.999963E+00
   8.477249E+04  -1.999963E+00
   8.487249E+04  -1.999963E+00
   8.497249E+04  -1.999963E+00
   8.507249E+04  -1.999963E+00
   8.517249E+04  -1.999963E+00
   8.527249E+04  -1.999963E+00
   8.537249E+04  -1.999963E+00
   8.547249E+04  -1.999963E+00
   8.557249E+04  -1.999963E+00
   8.567249E+04  -1.999963E+00
   8.577249E+04  -1.999963E+00
   8.587249E+04  -1.999963E+00
   8.597249E+04  -1.999963E+00
   8.607249E+04  -1.999963E+00
   8.617249E+04  -1.999963E+00
   8.627249E+04  -1.999963E+00
   8.633625E+04  -1.999963E+00
   8.640000E+04  -1.999963E+00
