#NSTEP     DELTAT       TIME   NET NATM,NSF DIR FLUX   NET NATM,NSF NEU FLUX
     1  1.000E-02  1.000E-02             0.00000E+00             0.00000E+00
     2  5.000E-03  1.500E-02             0.00000E+00             0.00000E+00
     3  5.000E-03  2.000E-02             0.00000E+00             0.00000E+00
     4  5.500E-03  2.550E-02             0.00000E+00             0.00000E+00
     5  6.050E-03  3.155E-02             0.00000E+00             0.00000E+00
     6  6.655E-03  3.821E-02             0.00000E+00             0.00000E+00
     7  7.321E-03  4.553E-02             0.00000E+00             0.00000E+00
     8  3.660E-03  4.919E-02             0.00000E+00             0.00000E+00
     9  4.026E-03  5.321E-02             0.00000E+00             0.00000E+00
    10  4.429E-03  5.764E-02             0.00000E+00             0.00000E+00
    11  2.214E-03  5.986E-02             0.00000E+00             0.00000E+00
    12  2.436E-03  6.229E-02             0.00000E+00             0.00000E+00
    13  2.679E-03  6.497E-02             0.00000E+00             0.00000E+00
    14  2.947E-03  6.792E-02             0.00000E+00             0.00000E+00
    15  2.947E-03  7.087E-02             0.00000E+00             0.00000E+00
    16  3.242E-03  7.411E-02             0.00000E+00             0.00000E+00
    17  3.242E-03  7.735E-02             0.00000E+00             0.00000E+00
    18  1.621E-03  7.897E-02             0.00000E+00             0.00000E+00
    19  1.783E-03  8.075E-02             0.00000E+00             0.00000E+00
    20  1.962E-03  8.272E-02             0.00000E+00             0.00000E+00
    21  1.962E-03  8.468E-02             0.00000E+00             0.00000E+00
    22  1.962E-03  8.664E-02             0.00000E+00             0.00000E+00
    23  9.808E-04  8.762E-02             0.00000E+00             0.00000E+00
    24  1.079E-03  8.870E-02             0.00000E+00             0.00000E+00
    25  1.187E-03  8.989E-02             0.00000E+00             0.00000E+00
    26  1.305E-03  9.119E-02             0.00000E+00             0.00000E+00
    27  1.436E-03  9.263E-02             0.00000E+00             0.00000E+00
    28  1.436E-03  9.406E-02             0.00000E+00             0.00000E+00
    29  1.580E-03  9.564E-02             0.00000E+00             0.00000E+00
    30  1.737E-03  9.738E-02             0.00000E+00             0.00000E+00
    31  1.737E-03  9.912E-02             0.00000E+00             0.00000E+00
    32  1.911E-03  1.010E-01             0.00000E+00             0.00000E+00
    33  2.102E-03  1.031E-01             0.00000E+00             0.00000E+00
    34  2.313E-03  1.054E-01             0.00000E+00             0.00000E+00
    35  2.544E-03  1.080E-01             0.00000E+00             0.00000E+00
    36  2.798E-03  1.108E-01             0.00000E+00             0.00000E+00
    37  2.798E-03  1.136E-01             0.00000E+00             0.00000E+00
    38  3.078E-03  1.167E-01             0.00000E+00             0.00000E+00
    39  3.078E-03  1.197E-01             0.00000E+00             0.00000E+00
    40  3.078E-03  1.228E-01             0.00000E+00             0.00000E+00
    41  3.386E-03  1.262E-01             0.00000E+00             0.00000E+00
    42  3.724E-03  1.299E-01             0.00000E+00             0.00000E+00
    43  4.097E-03  1.340E-01             0.00000E+00             0.00000E+00
    44  4.097E-03  1.381E-01             0.00000E+00             0.00000E+00
    45  4.097E-03  1.422E-01             0.00000E+00             0.00000E+00
    46  4.097E-03  1.463E-01             0.00000E+00             0.00000E+00
    47  4.097E-03  1.504E-01             0.00000E+00             0.00000E+00
    48  4.097E-03  1.545E-01             0.00000E+00             0.00000E+00
    49  4.097E-03  1.586E-01             0.00000E+00             0.00000E+00
    50  4.097E-03  1.627E-01             0.00000E+00             0.00000E+00
    51  4.097E-03  1.668E-01             0.00000E+00             0.00000E+00
    52  4.097E-03  1.709E-01             0.00000E+00             0.00000E+00
    53  4.097E-03  1.750E-01             0.00000E+00             0.00000E+00
    54  4.097E-03  1.791E-01             0.00000E+00             0.00000E+00
    55  4.507E-03  1.836E-01             0.00000E+00             0.00000E+00
    56  4.507E-03  1.881E-01             0.00000E+00             0.00000E+00
    57  4.507E-03  1.926E-01             0.00000E+00             0.00000E+00
    58  4.957E-03  1.976E-01             0.00000E+00             0.00000E+00
    59  4.957E-03  2.025E-01             0.00000E+00             0.00000E+00
    60  5.453E-03  2.080E-01             0.00000E+00             0.00000E+00
    61  5.453E-03  2.134E-01             0.00000E+00             0.00000E+00
    62  5.998E-03  2.194E-01             0.00000E+00             0.00000E+00
    63  5.998E-03  2.254E-01             0.00000E+00             0.00000E+00
    64  5.998E-03  2.314E-01             0.00000E+00             0.00000E+00
    65  5.998E-03  2.374E-01             0.00000E+00             0.00000E+00
    66  5.998E-03  2.434E-01             0.00000E+00             0.00000E+00
    67  6.598E-03  2.500E-01             0.00000E+00             0.00000E+00
    68  6.598E-03  2.566E-01             0.00000E+00             0.00000E+00
    69  7.258E-03  2.639E-01             0.00000E+00             0.00000E+00
    70  7.258E-03  2.711E-01             0.00000E+00             0.00000E+00
    71  7.984E-03  2.791E-01             0.00000E+00             0.00000E+00
    72  7.984E-03  2.871E-01             0.00000E+00             0.00000E+00
    73  7.984E-03  2.951E-01             0.00000E+00             0.00000E+00
    74  7.984E-03  3.031E-01             0.00000E+00             0.00000E+00
    75  7.984E-03  3.111E-01             0.00000E+00             0.00000E+00
    76  8.782E-03  3.198E-01             0.00000E+00             0.00000E+00
    77  8.782E-03  3.286E-01             0.00000E+00             0.00000E+00
    78  8.782E-03  3.374E-01             0.00000E+00             0.00000E+00
    79  9.660E-03  3.471E-01             0.00000E+00             0.00000E+00
    80  9.660E-03  3.567E-01             0.00000E+00             0.00000E+00
    81  9.660E-03  3.664E-01             0.00000E+00             0.00000E+00
    82  9.660E-03  3.760E-01             0.00000E+00             0.00000E+00
    83  1.063E-02  3.867E-01             0.00000E+00             0.00000E+00
    84  1.063E-02  3.973E-01             0.00000E+00             0.00000E+00
    85  1.063E-02  4.079E-01             0.00000E+00             0.00000E+00
    86  1.063E-02  4.185E-01             0.00000E+00             0.00000E+00
    87  1.063E-02  4.292E-01             0.00000E+00             0.00000E+00
    88  1.063E-02  4.398E-01             0.00000E+00             0.00000E+00
    89  1.063E-02  4.504E-01             0.00000E+00             0.00000E+00
    90  1.063E-02  4.610E-01             0.00000E+00             0.00000E+00
    91  1.063E-02  4.717E-01             0.00000E+00             0.00000E+00
    92  1.063E-02  4.823E-01             0.00000E+00             0.00000E+00
    93  1.063E-02  4.929E-01             0.00000E+00             0.00000E+00
    94  1.169E-02  5.046E-01             0.00000E+00             0.00000E+00
    95  1.169E-02  5.163E-01             0.00000E+00             0.00000E+00
    96  1.286E-02  5.292E-01             0.00000E+00             0.00000E+00
    97  1.286E-02  5.420E-01             0.00000E+00             0.00000E+00
    98  1.414E-02  5.562E-01             0.00000E+00             0.00000E+00
    99  1.414E-02  5.703E-01             0.00000E+00             0.00000E+00
   100  1.414E-02  5.845E-01             0.00000E+00             0.00000E+00
   101  1.556E-02  6.000E-01             0.00000E+00             0.00000E+00
   102  1.556E-02  6.156E-01             0.00000E+00             0.00000E+00
   103  1.556E-02  6.311E-01             0.00000E+00             0.00000E+00
   104  1.556E-02  6.467E-01             0.00000E+00             0.00000E+00
   105  1.711E-02  6.638E-01             0.00000E+00             0.00000E+00
   106  1.883E-02  6.826E-01             0.00000E+00             0.00000E+00
   107  1.883E-02  7.014E-01             0.00000E+00             0.00000E+00
   108  1.883E-02  7.203E-01             0.00000E+00             0.00000E+00
   109  1.883E-02  7.391E-01             0.00000E+00             0.00000E+00
   110  2.071E-02  7.598E-01             0.00000E+00             0.00000E+00
   111  2.071E-02  7.805E-01             0.00000E+00             0.00000E+00
   112  2.278E-02  8.033E-01             0.00000E+00             0.00000E+00
   113  2.506E-02  8.283E-01             0.00000E+00             0.00000E+00
   114  2.756E-02  8.559E-01             0.00000E+00             0.00000E+00
   115  2.756E-02  8.835E-01             0.00000E+00             0.00000E+00
   116  2.756E-02  9.110E-01             0.00000E+00             0.00000E+00
   117  3.032E-02  9.413E-01             0.00000E+00             0.00000E+00
   118  3.335E-02  9.747E-01             0.00000E+00             0.00000E+00
   119  3.668E-02  1.011E+00             0.00000E+00             0.00000E+00
   120  3.668E-02  1.048E+00             0.00000E+00             0.00000E+00
   121  4.035E-02  1.088E+00             0.00000E+00             0.00000E+00
   122  4.439E-02  1.133E+00             0.00000E+00             0.00000E+00
   123  4.439E-02  1.177E+00             0.00000E+00             0.00000E+00
   124  4.439E-02  1.222E+00             0.00000E+00             0.00000E+00
   125  4.439E-02  1.266E+00             0.00000E+00             0.00000E+00
   126  4.883E-02  1.315E+00             0.00000E+00             0.00000E+00
   127  4.883E-02  1.364E+00             0.00000E+00             0.00000E+00
   128  5.371E-02  1.417E+00             0.00000E+00             0.00000E+00
   129  5.908E-02  1.476E+00             0.00000E+00             0.00000E+00
   130  5.908E-02  1.536E+00             0.00000E+00             0.00000E+00
   131  6.499E-02  1.600E+00             0.00000E+00             0.00000E+00
   132  7.149E-02  1.672E+00             0.00000E+00             0.00000E+00
   133  7.864E-02  1.751E+00             0.00000E+00             0.00000E+00
   134  8.650E-02  1.837E+00             0.00000E+00             0.00000E+00
   135  9.515E-02  1.932E+00             0.00000E+00             0.00000E+00
   136  1.047E-01  2.037E+00             0.00000E+00             0.00000E+00
   137  1.151E-01  2.152E+00             0.00000E+00             0.00000E+00
   138  1.151E-01  2.267E+00             0.00000E+00             0.00000E+00
   139  1.266E-01  2.394E+00             0.00000E+00             0.00000E+00
   140  1.266E-01  2.520E+00             0.00000E+00             0.00000E+00
   141  1.393E-01  2.660E+00             0.00000E+00             0.00000E+00
   142  1.532E-01  2.813E+00             0.00000E+00             0.00000E+00
   143  1.532E-01  2.966E+00             0.00000E+00             0.00000E+00
   144  1.686E-01  3.135E+00             0.00000E+00             0.00000E+00
   145  1.854E-01  3.320E+00             0.00000E+00             0.00000E+00
   146  1.854E-01  3.506E+00             0.00000E+00             0.00000E+00
   147  2.040E-01  3.710E+00             0.00000E+00             0.00000E+00
   148  2.040E-01  3.914E+00             0.00000E+00             0.00000E+00
   149  2.040E-01  4.118E+00             0.00000E+00             0.00000E+00
   150  2.244E-01  4.342E+00             0.00000E+00             0.00000E+00
   151  2.468E-01  4.589E+00             0.00000E+00             0.00000E+00
   152  2.715E-01  4.860E+00             0.00000E+00             0.00000E+00
   153  2.715E-01  5.132E+00             0.00000E+00             0.00000E+00
   154  2.986E-01  5.430E+00             0.00000E+00             0.00000E+00
   155  2.986E-01  5.729E+00             0.00000E+00             0.00000E+00
   156  3.285E-01  6.057E+00             0.00000E+00             0.00000E+00
   157  3.613E-01  6.419E+00             0.00000E+00             0.00000E+00
   158  3.613E-01  6.780E+00             0.00000E+00             0.00000E+00
   159  3.975E-01  7.178E+00             0.00000E+00             0.00000E+00
   160  4.372E-01  7.615E+00             0.00000E+00             0.00000E+00
   161  4.372E-01  8.052E+00             0.00000E+00             0.00000E+00
   162  4.809E-01  8.533E+00             0.00000E+00             0.00000E+00
   163  5.290E-01  9.062E+00             0.00000E+00             0.00000E+00
   164  5.290E-01  9.591E+00             0.00000E+00             0.00000E+00
   165  5.819E-01  1.017E+01             0.00000E+00             0.00000E+00
   166  6.401E-01  1.081E+01             0.00000E+00             0.00000E+00
   167  7.041E-01  1.152E+01             0.00000E+00             0.00000E+00
   168  7.746E-01  1.229E+01             0.00000E+00             0.00000E+00
   169  7.746E-01  1.307E+01             0.00000E+00             0.00000E+00
   170  8.520E-01  1.392E+01             0.00000E+00             0.00000E+00
   171  8.520E-01  1.477E+01             0.00000E+00             0.00000E+00
   172  9.372E-01  1.571E+01             0.00000E+00             0.00000E+00
   173  1.031E+00  1.674E+01             0.00000E+00             0.00000E+00
   174  1.031E+00  1.777E+01             0.00000E+00             0.00000E+00
   175  1.134E+00  1.890E+01             0.00000E+00             0.00000E+00
   176  1.247E+00  2.015E+01             0.00000E+00             0.00000E+00
   177  1.247E+00  2.140E+01             0.00000E+00             0.00000E+00
   178  1.372E+00  2.277E+01             0.00000E+00             0.00000E+00
   179  1.509E+00  2.428E+01             0.00000E+00             0.00000E+00
   180  1.660E+00  2.594E+01             0.00000E+00             0.00000E+00
   181  1.826E+00  2.777E+01             0.00000E+00             0.00000E+00
   182  2.009E+00  2.978E+01             0.00000E+00             0.00000E+00
   183  2.210E+00  3.199E+01             0.00000E+00             0.00000E+00
   184  2.210E+00  3.420E+01             0.00000E+00             0.00000E+00
   185  2.210E+00  3.641E+01             0.00000E+00             0.00000E+00
   186  2.431E+00  3.884E+01             0.00000E+00             0.00000E+00
   187  2.674E+00  4.151E+01             0.00000E+00             0.00000E+00
   188  2.941E+00  4.445E+01             0.00000E+00             0.00000E+00
   189  2.941E+00  4.739E+01             0.00000E+00             0.00000E+00
   190  3.235E+00  5.063E+01             0.00000E+00             0.00000E+00
   191  3.235E+00  5.386E+01             0.00000E+00             0.00000E+00
   192  3.559E+00  5.742E+01             0.00000E+00             0.00000E+00
   193  3.915E+00  6.134E+01             0.00000E+00             0.00000E+00
   194  3.915E+00  6.525E+01             0.00000E+00             0.00000E+00
   195  4.306E+00  6.956E+01             0.00000E+00             0.00000E+00
   196  4.737E+00  7.430E+01             0.00000E+00             0.00000E+00
   197  5.211E+00  7.951E+01             0.00000E+00             0.00000E+00
   198  5.732E+00  8.524E+01             0.00000E+00             0.00000E+00
   199  5.732E+00  9.097E+01             0.00000E+00             0.00000E+00
   200  5.732E+00  9.670E+01             0.00000E+00             0.00000E+00
   201  5.732E+00  1.024E+02             0.00000E+00             0.00000E+00
   202  6.305E+00  1.087E+02             0.00000E+00             0.00000E+00
   203  6.936E+00  1.157E+02             0.00000E+00             0.00000E+00
   204  7.629E+00  1.233E+02             0.00000E+00             0.00000E+00
   205  8.392E+00  1.317E+02             0.00000E+00             0.00000E+00
   206  9.231E+00  1.409E+02             0.00000E+00             0.00000E+00
   207  9.231E+00  1.502E+02             0.00000E+00             0.00000E+00
   208  1.000E+01  1.602E+02             0.00000E+00             0.00000E+00
   209  1.000E+01  1.702E+02             0.00000E+00             0.00000E+00
   210  1.000E+01  1.802E+02             0.00000E+00             0.00000E+00
   211  1.000E+01  1.902E+02             0.00000E+00             0.00000E+00
   212  1.000E+01  2.002E+02             0.00000E+00             0.00000E+00
   213  1.000E+01  2.102E+02             0.00000E+00             0.00000E+00
   214  1.000E+01  2.202E+02             0.00000E+00             0.00000E+00
   215  1.000E+01  2.302E+02             0.00000E+00             0.00000E+00
   216  1.000E+01  2.402E+02             0.00000E+00             0.00000E+00
   217  1.000E+01  2.502E+02             0.00000E+00             0.00000E+00
   218  1.000E+01  2.602E+02             0.00000E+00             0.00000E+00
   219  1.000E+01  2.702E+02             0.00000E+00             0.00000E+00
   220  1.000E+01  2.802E+02             0.00000E+00             0.00000E+00
   221  1.000E+01  2.902E+02             0.00000E+00             0.00000E+00
   222  1.000E+01  3.002E+02             0.00000E+00             0.00000E+00
   223  1.000E+01  3.102E+02             0.00000E+00             0.00000E+00
   224  1.000E+01  3.202E+02             0.00000E+00             0.00000E+00
   225  1.000E+01  3.302E+02             0.00000E+00             0.00000E+00
   226  1.000E+01  3.402E+02             0.00000E+00             0.00000E+00
   227  1.000E+01  3.502E+02             0.00000E+00             0.00000E+00
   228  1.000E+01  3.602E+02             0.00000E+00             0.00000E+00
   229  1.000E+01  3.702E+02             0.00000E+00             0.00000E+00
   230  1.000E+01  3.802E+02             0.00000E+00             0.00000E+00
   231  1.000E+01  3.902E+02             0.00000E+00             0.00000E+00
   232  1.000E+01  4.002E+02             0.00000E+00             0.00000E+00
   233  1.000E+01  4.102E+02             0.00000E+00             0.00000E+00
   234  1.000E+01  4.202E+02             0.00000E+00             0.00000E+00
   235  1.000E+01  4.302E+02             0.00000E+00             0.00000E+00
   236  1.000E+01  4.402E+02             0.00000E+00             0.00000E+00
   237  1.000E+01  4.502E+02             0.00000E+00             0.00000E+00
   238  1.000E+01  4.602E+02             0.00000E+00             0.00000E+00
   239  1.000E+01  4.702E+02             0.00000E+00             0.00000E+00
   240  1.000E+01  4.802E+02             0.00000E+00             0.00000E+00
   241  1.000E+01  4.902E+02             0.00000E+00             0.00000E+00
   242  1.000E+01  5.002E+02             0.00000E+00             0.00000E+00
   243  1.000E+01  5.102E+02             0.00000E+00             0.00000E+00
   244  1.000E+01  5.202E+02             0.00000E+00             0.00000E+00
   245  1.000E+01  5.302E+02             0.00000E+00             0.00000E+00
   246  1.000E+01  5.402E+02             0.00000E+00             0.00000E+00
   247  1.000E+01  5.502E+02             0.00000E+00             0.00000E+00
   248  1.000E+01  5.602E+02             0.00000E+00             0.00000E+00
   249  1.000E+01  5.702E+02             0.00000E+00             0.00000E+00
   250  1.000E+01  5.802E+02             0.00000E+00             0.00000E+00
   251  1.000E+01  5.902E+02             0.00000E+00             0.00000E+00
   252  1.000E+01  6.002E+02             0.00000E+00             0.00000E+00
   253  1.000E+01  6.102E+02             0.00000E+00             0.00000E+00
   254  1.000E+01  6.202E+02             0.00000E+00             0.00000E+00
   255  1.000E+01  6.302E+02             0.00000E+00             0.00000E+00
   256  1.000E+01  6.402E+02             0.00000E+00             0.00000E+00
   257  1.000E+01  6.502E+02             0.00000E+00             0.00000E+00
   258  1.000E+01  6.602E+02             0.00000E+00             0.00000E+00
   259  1.000E+01  6.702E+02             0.00000E+00             0.00000E+00
   260  1.000E+01  6.802E+02             0.00000E+00             0.00000E+00
   261  1.000E+01  6.902E+02             0.00000E+00             0.00000E+00
   262  1.000E+01  7.002E+02             0.00000E+00             0.00000E+00
   263  1.000E+01  7.102E+02             0.00000E+00             0.00000E+00
   264  1.000E+01  7.202E+02             0.00000E+00             0.00000E+00
   265  1.000E+01  7.302E+02             0.00000E+00             0.00000E+00
   266  1.000E+01  7.402E+02             0.00000E+00             0.00000E+00
   267  1.000E+01  7.502E+02             0.00000E+00             0.00000E+00
   268  1.000E+01  7.602E+02             0.00000E+00             0.00000E+00
   269  1.000E+01  7.702E+02             0.00000E+00             0.00000E+00
   270  1.000E+01  7.802E+02             0.00000E+00             0.00000E+00
   271  1.000E+01  7.902E+02             0.00000E+00             0.00000E+00
   272  1.000E+01  8.002E+02             0.00000E+00             0.00000E+00
   273  1.000E+01  8.102E+02             0.00000E+00             0.00000E+00
   274  1.000E+01  8.202E+02             0.00000E+00             0.00000E+00
   275  1.000E+01  8.302E+02             0.00000E+00             0.00000E+00
   276  1.000E+01  8.402E+02             0.00000E+00             0.00000E+00
   277  1.000E+01  8.502E+02             0.00000E+00             0.00000E+00
   278  1.000E+01  8.602E+02             0.00000E+00             0.00000E+00
   279  1.000E+01  8.702E+02             0.00000E+00             0.00000E+00
   280  1.000E+01  8.802E+02             0.00000E+00             0.00000E+00
   281  1.000E+01  8.902E+02             0.00000E+00             0.00000E+00
   282  1.000E+01  9.002E+02             0.00000E+00             0.00000E+00
   283  1.000E+01  9.102E+02             0.00000E+00             0.00000E+00
   284  1.000E+01  9.202E+02             0.00000E+00             0.00000E+00
   285  1.000E+01  9.302E+02             0.00000E+00             0.00000E+00
   286  1.000E+01  9.402E+02             0.00000E+00             0.00000E+00
   287  1.000E+01  9.502E+02             0.00000E+00             0.00000E+00
   288  1.000E+01  9.602E+02             0.00000E+00             0.00000E+00
   289  1.000E+01  9.702E+02             0.00000E+00             0.00000E+00
   290  1.000E+01  9.802E+02             0.00000E+00             0.00000E+00
   291  1.000E+01  9.902E+02             0.00000E+00             0.00000E+00
   292  1.000E+01  1.000E+03             0.00000E+00             0.00000E+00
   293  1.000E+01  1.010E+03             0.00000E+00             0.00000E+00
   294  1.000E+01  1.020E+03             0.00000E+00             0.00000E+00
   295  1.000E+01  1.030E+03             0.00000E+00             0.00000E+00
   296  1.000E+01  1.040E+03             0.00000E+00             0.00000E+00
   297  1.000E+01  1.050E+03             0.00000E+00             0.00000E+00
   298  1.000E+01  1.060E+03             0.00000E+00             0.00000E+00
   299  1.000E+01  1.070E+03             0.00000E+00             0.00000E+00
   300  1.000E+01  1.080E+03             0.00000E+00             0.00000E+00
   301  1.000E+01  1.090E+03             0.00000E+00             0.00000E+00
   302  1.000E+01  1.100E+03             0.00000E+00             0.00000E+00
   303  1.000E+01  1.110E+03             0.00000E+00             0.00000E+00
   304  1.000E+01  1.120E+03             0.00000E+00             0.00000E+00
   305  1.000E+01  1.130E+03             0.00000E+00             0.00000E+00
   306  1.000E+01  1.140E+03             0.00000E+00             0.00000E+00
   307  1.000E+01  1.150E+03             0.00000E+00             0.00000E+00
   308  1.000E+01  1.160E+03             0.00000E+00             0.00000E+00
   309  1.000E+01  1.170E+03             0.00000E+00             0.00000E+00
   310  1.000E+01  1.180E+03             0.00000E+00             0.00000E+00
   311  1.000E+01  1.190E+03             0.00000E+00             0.00000E+00
   312  1.000E+01  1.200E+03             0.00000E+00             0.00000E+00
   313  1.000E+01  1.210E+03             0.00000E+00             0.00000E+00
   314  1.000E+01  1.220E+03             0.00000E+00             0.00000E+00
   315  1.000E+01  1.230E+03             0.00000E+00             0.00000E+00
   316  1.000E+01  1.240E+03             0.00000E+00             0.00000E+00
   317  1.000E+01  1.250E+03             0.00000E+00             0.00000E+00
   318  1.000E+01  1.260E+03             0.00000E+00             0.00000E+00
   319  1.000E+01  1.270E+03             0.00000E+00             0.00000E+00
   320  1.000E+01  1.280E+03             0.00000E+00             0.00000E+00
   321  1.000E+01  1.290E+03             0.00000E+00             0.00000E+00
   322  1.000E+01  1.300E+03             0.00000E+00             0.00000E+00
   323  1.000E+01  1.310E+03             0.00000E+00             0.00000E+00
   324  1.000E+01  1.320E+03             0.00000E+00             0.00000E+00
   325  1.000E+01  1.330E+03             0.00000E+00             0.00000E+00
   326  1.000E+01  1.340E+03             0.00000E+00             0.00000E+00
   327  1.000E+01  1.350E+03             0.00000E+00             0.00000E+00
   328  1.000E+01  1.360E+03             0.00000E+00             0.00000E+00
   329  1.000E+01  1.370E+03             0.00000E+00             0.00000E+00
   330  1.000E+01  1.380E+03             0.00000E+00             0.00000E+00
   331  1.000E+01  1.390E+03             0.00000E+00             0.00000E+00
   332  1.000E+01  1.400E+03             0.00000E+00             0.00000E+00
   333  1.000E+01  1.410E+03             0.00000E+00             0.00000E+00
   334  1.000E+01  1.420E+03             0.00000E+00             0.00000E+00
   335  1.000E+01  1.430E+03             0.00000E+00             0.00000E+00
   336  1.000E+01  1.440E+03             0.00000E+00             0.00000E+00
   337  1.000E+01  1.450E+03             0.00000E+00             0.00000E+00
   338  1.000E+01  1.460E+03             0.00000E+00             0.00000E+00
   339  1.000E+01  1.470E+03             0.00000E+00             0.00000E+00
   340  1.000E+01  1.480E+03             0.00000E+00             0.00000E+00
   341  1.000E+01  1.490E+03             0.00000E+00             0.00000E+00
   342  1.000E+01  1.500E+03             0.00000E+00             0.00000E+00
   343  1.000E+01  1.510E+03             0.00000E+00             0.00000E+00
   344  1.000E+01  1.520E+03             0.00000E+00             0.00000E+00
   345  1.000E+01  1.530E+03             0.00000E+00             0.00000E+00
   346  1.000E+01  1.540E+03             0.00000E+00             0.00000E+00
   347  1.000E+01  1.550E+03             0.00000E+00             0.00000E+00
   348  1.000E+01  1.560E+03             0.00000E+00             0.00000E+00
   349  1.000E+01  1.570E+03             0.00000E+00             0.00000E+00
   350  1.000E+01  1.580E+03             0.00000E+00             0.00000E+00
   351  1.000E+01  1.590E+03             0.00000E+00             0.00000E+00
   352  1.000E+01  1.600E+03             0.00000E+00             0.00000E+00
   353  1.000E+01  1.610E+03             0.00000E+00             0.00000E+00
   354  1.000E+01  1.620E+03             0.00000E+00             0.00000E+00
   355  1.000E+01  1.630E+03             0.00000E+00             0.00000E+00
   356  1.000E+01  1.640E+03             0.00000E+00             0.00000E+00
   357  1.000E+01  1.650E+03             0.00000E+00             0.00000E+00
   358  1.000E+01  1.660E+03             0.00000E+00             0.00000E+00
   359  1.000E+01  1.670E+03             0.00000E+00             0.00000E+00
   360  1.000E+01  1.680E+03             0.00000E+00             0.00000E+00
   361  1.000E+01  1.690E+03             0.00000E+00             0.00000E+00
   362  1.000E+01  1.700E+03             0.00000E+00             0.00000E+00
   363  1.000E+01  1.710E+03             0.00000E+00             0.00000E+00
   364  1.000E+01  1.720E+03             0.00000E+00             0.00000E+00
   365  1.000E+01  1.730E+03             0.00000E+00             0.00000E+00
   366  1.000E+01  1.740E+03             0.00000E+00             0.00000E+00
   367  1.000E+01  1.750E+03             0.00000E+00             0.00000E+00
   368  1.000E+01  1.760E+03             0.00000E+00             0.00000E+00
   369  1.000E+01  1.770E+03             0.00000E+00             0.00000E+00
   370  1.000E+01  1.780E+03             0.00000E+00             0.00000E+00
   371  1.000E+01  1.790E+03             0.00000E+00             0.00000E+00
   372  1.000E+01  1.800E+03             0.00000E+00             0.00000E+00
   373  1.000E+01  1.810E+03             0.00000E+00             0.00000E+00
   374  1.000E+01  1.820E+03             0.00000E+00             0.00000E+00
   375  1.000E+01  1.830E+03             0.00000E+00             0.00000E+00
   376  1.000E+01  1.840E+03             0.00000E+00             0.00000E+00
   377  1.000E+01  1.850E+03             0.00000E+00             0.00000E+00
