      0  0.00000000E+00     NSTEP   TIME
 SURFACE NODE              X              Y      REC. FLUX
            1   0.000000E+00   1.000000E+01   3.708145E-18
            2   5.000000E-01   1.000000E+01   0.000000E+00
            3   1.000000E+00   1.000000E+01   2.701506E-16
            4   1.500000E+00   1.000000E+01   3.293699E-16
            5   2.000000E+00   1.000000E+01   3.589684E-16
            6   2.500000E+00   1.000000E+01   0.000000E+00
            7   3.000000E+00   1.000000E+01   9.254819E-17
            8   3.500000E+00   1.000000E+01   0.000000E+00
            9   4.000000E+00   1.000000E+01   0.000000E+00
           10   4.500000E+00   1.000000E+01   0.000000E+00
           11   5.000000E+00   1.000000E+01   3.324285E-17
           12   5.500000E+00   1.000000E+01   0.000000E+00
           13   6.000000E+00   1.000000E+01   0.000000E+00
           14   6.500000E+00   1.000000E+01   0.000000E+00
           15   7.000000E+00   1.000000E+01   0.000000E+00
           16   7.500000E+00   1.000000E+01   0.000000E+00
           17   8.000000E+00   1.000000E+01   0.000000E+00
           18   8.500000E+00   1.000000E+01   9.511503E-16
           19   9.000000E+00   1.000000E+01   3.330669E-17
           20   9.500000E+00   1.000000E+01   0.000000E+00
           21   1.000000E+01   1.000000E+01   0.000000E+00
           22   0.000000E+00   9.500000E+00   3.702594E-18
           23   5.000000E-01   9.500000E+00   0.000000E+00
           24   1.000000E+00   9.500000E+00   9.252044E-17
           25   1.500000E+00   9.500000E+00   9.250748E-17
           26   2.000000E+00   9.500000E+00   2.344051E-17
           27   2.500000E+00   9.500000E+00   1.714730E-16
           28   3.000000E+00   9.500000E+00   0.000000E+00
           29   3.500000E+00   9.500000E+00   2.503923E-16
           30   4.000000E+00   9.500000E+00   2.405113E-16
           31   4.500000E+00   9.500000E+00   2.010410E-16
           32   5.000000E+00   9.500000E+00   0.000000E+00
           33   5.500000E+00   9.500000E+00   0.000000E+00
           34   6.000000E+00   9.500000E+00   0.000000E+00
           35   6.500000E+00   9.500000E+00   0.000000E+00
           36   7.000000E+00   9.500000E+00   0.000000E+00
           37   7.500000E+00   9.500000E+00   2.701839E-16
           38   8.000000E+00   9.500000E+00   0.000000E+00
           39   8.500000E+00   9.500000E+00   0.000000E+00
           40   9.000000E+00   9.500000E+00   2.011419E-16
           41   9.500000E+00   9.500000E+00   2.343588E-17
           42   1.000000E+01   9.500000E+00   5.809311E-16
           43   0.000000E+00   9.000000E+00   0.000000E+00
           44   5.000000E-01   9.000000E+00   1.357248E-17
           45   1.000000E+00   9.000000E+00   0.000000E+00
           46   1.500000E+00   9.000000E+00   0.000000E+00
           47   2.000000E+00   9.000000E+00   0.000000E+00
           48   2.500000E+00   9.000000E+00   0.000000E+00
           49   3.000000E+00   9.000000E+00   6.295612E-17
           50   3.500000E+00   9.000000E+00   1.024134E-16
           51   4.000000E+00   9.000000E+00   2.602964E-16
           52   4.500000E+00   9.000000E+00   2.306618E-16
           53   5.000000E+00   9.000000E+00   0.000000E+00
           54   5.500000E+00   9.000000E+00   8.271994E-17
           55   6.000000E+00   9.000000E+00   0.000000E+00
           56   6.500000E+00   9.000000E+00   5.311214E-17
           57   7.000000E+00   9.000000E+00   4.478917E-16
           58   7.500000E+00   9.000000E+00   0.000000E+00
           59   8.000000E+00   9.000000E+00   0.000000E+00
           60   8.500000E+00   9.000000E+00   0.000000E+00
           61   9.000000E+00   9.000000E+00   3.819167E-18
           62   9.500000E+00   9.000000E+00   0.000000E+00
           63   1.000000E+01   9.000000E+00   3.441206E-16
           64   0.000000E+00   8.500000E+00   3.708145E-18
           65   5.000000E-01   8.500000E+00   0.000000E+00
           66   1.000000E+00   8.500000E+00   3.706295E-18
           67   1.500000E+00   8.500000E+00   5.304276E-17
           68   2.000000E+00   8.500000E+00   2.344791E-17
           69   2.500000E+00   8.500000E+00   0.000000E+00
           70   3.000000E+00   8.500000E+00   1.517897E-16
           71   3.500000E+00   8.500000E+00   0.000000E+00
           72   4.000000E+00   8.500000E+00   0.000000E+00
           73   4.500000E+00   8.500000E+00   1.812661E-16
           74   5.000000E+00   8.500000E+00   0.000000E+00
           75   5.500000E+00   8.500000E+00   6.291264E-17
           76   6.000000E+00   8.500000E+00   1.318686E-16
           77   6.500000E+00   8.500000E+00   1.517018E-16
           78   7.000000E+00   8.500000E+00   0.000000E+00
           79   7.500000E+00   8.500000E+00   1.418874E-16
           80   8.000000E+00   8.500000E+00   1.518045E-16
           81   8.500000E+00   8.500000E+00   0.000000E+00
           82   9.000000E+00   8.500000E+00   0.000000E+00
           83   9.500000E+00   8.500000E+00   0.000000E+00
           84   1.000000E+01   8.500000E+00   8.474610E-16
           85   0.000000E+00   8.000000E+00   3.708145E-18
           86   5.000000E-01   8.000000E+00   3.704444E-18
           87   1.000000E+00   8.000000E+00   2.344236E-17
           88   1.500000E+00   8.000000E+00   0.000000E+00
           89   2.000000E+00   8.000000E+00   7.279732E-17
           90   2.500000E+00   8.000000E+00   0.000000E+00
           91   3.000000E+00   8.000000E+00   1.359653E-17
           92   3.500000E+00   8.000000E+00   0.000000E+00
           93   4.000000E+00   8.000000E+00   2.341738E-17
           94   4.500000E+00   8.000000E+00   9.238998E-17
           95   5.000000E+00   8.000000E+00   0.000000E+00
           96   5.500000E+00   8.000000E+00   0.000000E+00
           97   6.000000E+00   8.000000E+00   0.000000E+00
           98   6.500000E+00   8.000000E+00   0.000000E+00
           99   7.000000E+00   8.000000E+00   0.000000E+00
          100   7.500000E+00   8.000000E+00   3.775683E-18
          101   8.000000E+00   8.000000E+00   0.000000E+00
          102   8.500000E+00   8.000000E+00   0.000000E+00
          103   9.000000E+00   8.000000E+00   0.000000E+00
          104   9.500000E+00   8.000000E+00   0.000000E+00
          105   1.000000E+01   8.000000E+00   0.000000E+00
          106   0.000000E+00   7.500000E+00   3.702594E-18
          107   5.000000E-01   7.500000E+00   4.318027E-17
          108   1.000000E+00   7.500000E+00   1.357618E-17
          109   1.500000E+00   7.500000E+00   9.250748E-17
          110   2.000000E+00   7.500000E+00   1.356693E-17
          111   2.500000E+00   7.500000E+00   0.000000E+00
          112   3.000000E+00   7.500000E+00   3.332890E-17
          113   3.500000E+00   7.500000E+00   0.000000E+00
          114   4.000000E+00   7.500000E+00   0.000000E+00
          115   4.500000E+00   7.500000E+00   0.000000E+00
          116   5.000000E+00   7.500000E+00   0.000000E+00
          117   5.500000E+00   7.500000E+00   0.000000E+00
          118   6.000000E+00   7.500000E+00   0.000000E+00
          119   6.500000E+00   7.500000E+00   0.000000E+00
          120   7.000000E+00   7.500000E+00   2.341830E-17
          121   7.500000E+00   7.500000E+00   0.000000E+00
          122   8.000000E+00   7.500000E+00   3.046313E-16
          123   8.500000E+00   7.500000E+00   0.000000E+00
          124   9.000000E+00   7.500000E+00   0.000000E+00
          125   9.500000E+00   7.500000E+00   0.000000E+00
          126   1.000000E+01   7.500000E+00   0.000000E+00
          127   0.000000E+00   7.000000E+00   3.702594E-18
          128   5.000000E-01   7.000000E+00   3.702594E-18
          129   1.000000E+00   7.000000E+00   0.000000E+00
          130   1.500000E+00   7.000000E+00   5.304276E-17
          131   2.000000E+00   7.000000E+00   1.122584E-16
          132   2.500000E+00   7.000000E+00   1.221245E-16
          133   3.000000E+00   7.000000E+00   9.260000E-17
          134   3.500000E+00   7.000000E+00   3.332242E-17
          135   4.000000E+00   7.000000E+00   0.000000E+00
          136   4.500000E+00   7.000000E+00   0.000000E+00
          137   5.000000E+00   7.000000E+00   8.754571E-17
          138   5.500000E+00   7.000000E+00   1.863102E-16
          139   6.000000E+00   7.000000E+00   8.544091E-18
          140   6.500000E+00   7.000000E+00   1.763784E-16
          141   7.000000E+00   7.000000E+00   0.000000E+00
          142   7.500000E+00   7.000000E+00   0.000000E+00
          143   8.000000E+00   7.000000E+00   1.911517E-16
          144   8.500000E+00   7.000000E+00   3.144614E-16
          145   9.000000E+00   7.000000E+00   9.746278E-17
          146   9.500000E+00   7.000000E+00   4.774292E-16
          147   1.000000E+01   7.000000E+00   0.000000E+00
          148   0.000000E+00   6.500000E+00   4.811151E-17
          149   5.000000E-01   6.500000E+00   2.344421E-17
          150   1.000000E+00   6.500000E+00   0.000000E+00
          151   1.500000E+00   6.500000E+00   0.000000E+00
          152   2.000000E+00   6.500000E+00   0.000000E+00
          153   2.500000E+00   6.500000E+00   1.369127E-16
          154   3.000000E+00   6.500000E+00   3.827309E-17
          155   3.500000E+00   6.500000E+00   0.000000E+00
          156   4.000000E+00   6.500000E+00   0.000000E+00
          157   4.500000E+00   6.500000E+00   8.748742E-17
          158   5.000000E+00   6.500000E+00   3.649858E-18
          159   5.500000E+00   6.500000E+00   0.000000E+00
          160   6.000000E+00   6.500000E+00   8.756236E-17
          161   6.500000E+00   6.500000E+00   0.000000E+00
          162   7.000000E+00   6.500000E+00   8.274677E-17
          163   7.500000E+00   6.500000E+00   8.264593E-17
          164   8.000000E+00   6.500000E+00   0.000000E+00
          165   8.500000E+00   6.500000E+00   1.911823E-16
          166   9.000000E+00   6.500000E+00   1.862214E-16
          167   9.500000E+00   6.500000E+00   1.355305E-17
          168   1.000000E+01   6.500000E+00   3.656797E-18
          169   0.000000E+00   6.000000E+00   0.000000E+00
          170   5.000000E-01   6.000000E+00   0.000000E+00
          171   1.000000E+00   6.000000E+00   4.810596E-17
          172   1.500000E+00   6.000000E+00   8.265610E-17
          173   2.000000E+00   6.000000E+00   0.000000E+00
          174   2.500000E+00   6.000000E+00   2.341460E-17
          175   3.000000E+00   6.000000E+00   2.834769E-17
          176   3.500000E+00   6.000000E+00   0.000000E+00
          177   4.000000E+00   6.000000E+00   0.000000E+00
          178   4.500000E+00   6.000000E+00   1.665038E-16
          179   5.000000E+00   6.000000E+00   4.313031E-17
          180   5.500000E+00   6.000000E+00   0.000000E+00
          181   6.000000E+00   6.000000E+00   0.000000E+00
          182   6.500000E+00   6.000000E+00   1.370006E-16
          183   7.000000E+00   6.000000E+00   1.814095E-16
          184   7.500000E+00   6.000000E+00   0.000000E+00
          185   8.000000E+00   6.000000E+00   0.000000E+00
          186   8.500000E+00   6.000000E+00   1.961246E-16
          187   9.000000E+00   6.000000E+00   1.863102E-16
          188   9.500000E+00   6.000000E+00   4.576136E-16
          189   1.000000E+01   6.000000E+00   3.663736E-18
          190   0.000000E+00   5.500000E+00   3.330669E-17
          191   5.000000E-01   5.500000E+00   0.000000E+00
          192   1.000000E+00   5.500000E+00   0.000000E+00
          193   1.500000E+00   5.500000E+00   1.357063E-17
          194   2.000000E+00   5.500000E+00   4.318027E-17
          195   2.500000E+00   5.500000E+00   0.000000E+00
          196   3.000000E+00   5.500000E+00   0.000000E+00
          197   3.500000E+00   5.500000E+00   5.304738E-17
          198   4.000000E+00   5.500000E+00   0.000000E+00
          199   4.500000E+00   5.500000E+00   1.355952E-17
          200   5.000000E+00   5.500000E+00   3.698893E-18
          201   5.500000E+00   5.500000E+00   1.221153E-16
          202   6.000000E+00   5.500000E+00   3.657260E-18
          203   6.500000E+00   5.500000E+00   0.000000E+00
          204   7.000000E+00   5.500000E+00   3.715546E-18
          205   7.500000E+00   5.500000E+00   8.631059E-18
          206   8.000000E+00   5.500000E+00   0.000000E+00
          207   8.500000E+00   5.500000E+00   1.023061E-16
          208   9.000000E+00   5.500000E+00   0.000000E+00
          209   9.500000E+00   5.500000E+00   0.000000E+00
          210   1.000000E+01   5.500000E+00   0.000000E+00
          211   0.000000E+00   5.000000E+00   4.810596E-17
          212   5.000000E-01   5.000000E+00   1.850927E-17
          213   1.000000E+00   5.000000E+00   0.000000E+00
          214   1.500000E+00   5.000000E+00   5.797215E-17
          215   2.000000E+00   5.000000E+00   9.251118E-17
          216   2.500000E+00   5.000000E+00   0.000000E+00
          217   3.000000E+00   5.000000E+00   0.000000E+00
          218   3.500000E+00   5.000000E+00   0.000000E+00
          219   4.000000E+00   5.000000E+00   0.000000E+00
          220   4.500000E+00   5.000000E+00   0.000000E+00
          221   5.000000E+00   5.000000E+00   9.254912E-17
          222   5.500000E+00   5.000000E+00   0.000000E+00
          223   6.000000E+00   5.000000E+00   0.000000E+00
          224   6.500000E+00   5.000000E+00   0.000000E+00
          225   7.000000E+00   5.000000E+00   1.356230E-17
          226   7.500000E+00   5.000000E+00   0.000000E+00
          227   8.000000E+00   5.000000E+00   0.000000E+00
          228   8.500000E+00   5.000000E+00   1.565748E-16
          229   9.000000E+00   5.000000E+00   0.000000E+00
          230   9.500000E+00   5.000000E+00   0.000000E+00
          231   1.000000E+01   5.000000E+00   2.996464E-16
          232   0.000000E+00   4.500000E+00   3.702594E-18
          233   5.000000E-01   4.500000E+00   3.708145E-18
          234   1.000000E+00   4.500000E+00   0.000000E+00
          235   1.500000E+00   4.500000E+00   0.000000E+00
          236   2.000000E+00   4.500000E+00   6.783463E-17
          237   2.500000E+00   4.500000E+00   6.290524E-17
          238   3.000000E+00   4.500000E+00   0.000000E+00
          239   3.500000E+00   4.500000E+00   0.000000E+00
          240   4.000000E+00   4.500000E+00   0.000000E+00
          241   4.500000E+00   4.500000E+00   0.000000E+00
          242   5.000000E+00   4.500000E+00   0.000000E+00
          243   5.500000E+00   4.500000E+00   9.757195E-17
          244   6.000000E+00   4.500000E+00   0.000000E+00
          245   6.500000E+00   4.500000E+00   0.000000E+00
          246   7.000000E+00   4.500000E+00   0.000000E+00
          247   7.500000E+00   4.500000E+00   2.331644E-16
          248   8.000000E+00   4.500000E+00   7.767305E-17
          249   8.500000E+00   4.500000E+00   1.589867E-16
          250   9.000000E+00   4.500000E+00   0.000000E+00
          251   9.500000E+00   4.500000E+00   2.058557E-16
          252   1.000000E+01   4.500000E+00   0.000000E+00
          253   0.000000E+00   4.000000E+00   3.708145E-18
          254   5.000000E-01   4.000000E+00   3.703519E-18
          255   1.000000E+00   4.000000E+00   1.356878E-17
          256   1.500000E+00   4.000000E+00   0.000000E+00
          257   2.000000E+00   4.000000E+00   0.000000E+00
          258   2.500000E+00   4.000000E+00   4.562276E-17
          259   3.000000E+00   4.000000E+00   0.000000E+00
          260   3.500000E+00   4.000000E+00   0.000000E+00
          261   4.000000E+00   4.000000E+00   0.000000E+00
          262   4.500000E+00   4.000000E+00   2.353488E-17
          263   5.000000E+00   4.000000E+00   0.000000E+00
          264   5.500000E+00   4.000000E+00   3.759955E-18
          265   6.000000E+00   4.000000E+00   8.705074E-18
          266   6.500000E+00   4.000000E+00   0.000000E+00
          267   7.000000E+00   4.000000E+00   0.000000E+00
          268   7.500000E+00   4.000000E+00   0.000000E+00
          269   8.000000E+00   4.000000E+00   0.000000E+00
          270   8.500000E+00   4.000000E+00   0.000000E+00
          271   9.000000E+00   4.000000E+00   0.000000E+00
          272   9.500000E+00   4.000000E+00   0.000000E+00
          273   1.000000E+01   4.000000E+00   0.000000E+00
          274   0.000000E+00   3.500000E+00   0.000000E+00
          275   5.000000E-01   3.500000E+00   0.000000E+00
          276   1.000000E+00   3.500000E+00   0.000000E+00
          277   1.500000E+00   3.500000E+00   0.000000E+00
          278   2.000000E+00   3.500000E+00   0.000000E+00
          279   2.500000E+00   3.500000E+00   3.689641E-18
          280   3.000000E+00   3.500000E+00   0.000000E+00
          281   3.500000E+00   3.500000E+00   8.673617E-18
          282   4.000000E+00   3.500000E+00   0.000000E+00
          283   4.500000E+00   3.500000E+00   7.277142E-17
          284   5.000000E+00   3.500000E+00   0.000000E+00
          285   5.500000E+00   3.500000E+00   4.074426E-17
          286   6.000000E+00   3.500000E+00   6.042666E-17
          287   6.500000E+00   3.500000E+00   9.741744E-17
          288   7.000000E+00   3.500000E+00   0.000000E+00
          289   7.500000E+00   3.500000E+00   3.826569E-17
          290   8.000000E+00   3.500000E+00   3.673913E-18
          291   8.500000E+00   3.500000E+00   0.000000E+00
          292   9.000000E+00   3.500000E+00   0.000000E+00
          293   9.500000E+00   3.500000E+00   1.788616E-16
          294   1.000000E+01   3.500000E+00   0.000000E+00
          295   0.000000E+00   3.000000E+00   1.110501E-17
          296   5.000000E-01   3.000000E+00   0.000000E+00
          297   1.000000E+00   3.000000E+00   0.000000E+00
          298   1.500000E+00   3.000000E+00   0.000000E+00
          299   2.000000E+00   3.000000E+00   0.000000E+00
          300   2.500000E+00   3.000000E+00   0.000000E+00
          301   3.000000E+00   3.000000E+00   0.000000E+00
          302   3.500000E+00   3.000000E+00   0.000000E+00
          303   4.000000E+00   3.000000E+00   2.098877E-17
          304   4.500000E+00   3.000000E+00   1.344822E-16
          305   5.000000E+00   3.000000E+00   6.295612E-17
          306   5.500000E+00   3.000000E+00   0.000000E+00
          307   6.000000E+00   3.000000E+00   1.245124E-16
          308   6.500000E+00   3.000000E+00   0.000000E+00
          309   7.000000E+00   3.000000E+00   4.073686E-17
          310   7.500000E+00   3.000000E+00   0.000000E+00
          311   8.000000E+00   3.000000E+00   2.343496E-17
          312   8.500000E+00   3.000000E+00   2.108573E-16
          313   9.000000E+00   3.000000E+00   0.000000E+00
          314   9.500000E+00   3.000000E+00   9.008257E-17
          315   1.000000E+01   3.000000E+00   0.000000E+00
          316   0.000000E+00   2.500000E+00   3.708145E-18
          317   5.000000E-01   2.500000E+00   9.872658E-18
          318   1.000000E+00   2.500000E+00   0.000000E+00
          319   1.500000E+00   2.500000E+00   0.000000E+00
          320   2.000000E+00   2.500000E+00   0.000000E+00
          321   2.500000E+00   2.500000E+00   0.000000E+00
          322   3.000000E+00   2.500000E+00   2.101282E-17
          323   3.500000E+00   2.500000E+00   0.000000E+00
          324   4.000000E+00   2.500000E+00   0.000000E+00
          325   4.500000E+00   2.500000E+00   0.000000E+00
          326   5.000000E+00   2.500000E+00   4.440059E-17
          327   5.500000E+00   2.500000E+00   0.000000E+00
          328   6.000000E+00   2.500000E+00   2.582009E-17
          329   6.500000E+00   2.500000E+00   5.176877E-17
          330   7.000000E+00   2.500000E+00   8.887520E-17
          331   7.500000E+00   2.500000E+00   0.000000E+00
          332   8.000000E+00   2.500000E+00   0.000000E+00
          333   8.500000E+00   2.500000E+00   1.011765E-16
          334   9.000000E+00   2.500000E+00   5.929794E-17
          335   9.500000E+00   2.500000E+00   0.000000E+00
          336   1.000000E+01   2.500000E+00   7.759487E-17
          337   0.000000E+00   2.000000E+00   3.708145E-18
          338   5.000000E-01   2.000000E+00   6.168214E-18
          339   1.000000E+00   2.000000E+00   1.233273E-17
          340   1.500000E+00   2.000000E+00   6.159887E-18
          341   2.000000E+00   2.000000E+00   8.630134E-18
          342   2.500000E+00   2.000000E+00   2.344051E-17
          343   3.000000E+00   2.000000E+00   0.000000E+00
          344   3.500000E+00   2.000000E+00   0.000000E+00
          345   4.000000E+00   2.000000E+00   1.231885E-17
          346   4.500000E+00   2.000000E+00   0.000000E+00
          347   5.000000E+00   2.000000E+00   0.000000E+00
          348   5.500000E+00   2.000000E+00   0.000000E+00
          349   6.000000E+00   2.000000E+00   0.000000E+00
          350   6.500000E+00   2.000000E+00   0.000000E+00
          351   7.000000E+00   2.000000E+00   0.000000E+00
          352   7.500000E+00   2.000000E+00   3.829529E-17
          353   8.000000E+00   2.000000E+00   0.000000E+00
          354   8.500000E+00   2.000000E+00   3.943605E-17
          355   9.000000E+00   2.000000E+00   2.113587E-17
          356   9.500000E+00   2.000000E+00   1.160183E-18
          357   1.000000E+01   2.000000E+00   3.687606E-17
          358   0.000000E+00   1.500000E+00   3.708145E-18
          359   5.000000E-01   1.500000E+00   1.854072E-18
          360   1.000000E+00   1.500000E+00   2.466545E-18
          361   1.500000E+00   1.500000E+00   1.109205E-17
          362   2.000000E+00   1.500000E+00   8.629208E-18
          363   2.500000E+00   1.500000E+00   2.278918E-17
          364   3.000000E+00   1.500000E+00   6.202446E-18
          365   3.500000E+00   1.500000E+00   0.000000E+00
          366   4.000000E+00   1.500000E+00   0.000000E+00
          367   4.500000E+00   1.500000E+00   3.323638E-17
          368   5.000000E+00   1.500000E+00   0.000000E+00
          369   5.500000E+00   1.500000E+00   1.674864E-17
          370   6.000000E+00   1.500000E+00   1.867025E-18
          371   6.500000E+00   1.500000E+00   2.223592E-17
          372   7.000000E+00   1.500000E+00   0.000000E+00
          373   7.500000E+00   1.500000E+00   1.111611E-17
          374   8.000000E+00   1.500000E+00   0.000000E+00
          375   8.500000E+00   1.500000E+00   0.000000E+00
          376   9.000000E+00   1.500000E+00   0.000000E+00
          377   9.500000E+00   1.500000E+00   2.342293E-17
          378   1.000000E+01   1.500000E+00   0.000000E+00
          379   0.000000E+00   1.000000E+00   1.848521E-18
          380   5.000000E-01   1.000000E+00   0.000000E+00
          381   1.000000E+00   1.000000E+00   0.000000E+00
          382   1.500000E+00   1.000000E+00   1.226796E-18
          383   2.000000E+00   1.000000E+00   4.946969E-18
          384   2.500000E+00   1.000000E+00   0.000000E+00
          385   3.000000E+00   1.000000E+00   0.000000E+00
          386   3.500000E+00   1.000000E+00   0.000000E+00
          387   4.000000E+00   1.000000E+00   8.681944E-18
          388   4.500000E+00   1.000000E+00   0.000000E+00
          389   5.000000E+00   1.000000E+00   0.000000E+00
          390   5.500000E+00   1.000000E+00   2.777778E-17
          391   6.000000E+00   1.000000E+00   1.867025E-18
          392   6.500000E+00   1.000000E+00   6.781612E-18
          393   7.000000E+00   1.000000E+00   2.340720E-17
          394   7.500000E+00   1.000000E+00   1.906901E-17
          395   8.000000E+00   1.000000E+00   4.699019E-18
          396   8.500000E+00   1.000000E+00   2.720046E-19
          397   9.000000E+00   1.000000E+00   1.107170E-17
          398   9.500000E+00   1.000000E+00   0.000000E+00
          399   1.000000E+01   1.000000E+00   0.000000E+00
          400   0.000000E+00   5.000000E-01  -0.000000E+00
          401   5.000000E-01   5.000000E-01   0.000000E+00
          402   1.000000E+00   5.000000E-01   1.232348E-18
          403   1.500000E+00   5.000000E-01   0.000000E+00
          404   2.000000E+00   5.000000E-01   2.321291E-18
          405   2.500000E+00   5.000000E-01   0.000000E+00
          406   3.000000E+00   5.000000E-01   2.753353E-18
          407   3.500000E+00   5.000000E-01   0.000000E+00
          408   4.000000E+00   5.000000E-01   0.000000E+00
          409   4.500000E+00   5.000000E-01   0.000000E+00
          410   5.000000E+00   5.000000E-01   0.000000E+00
          411   5.500000E+00   5.000000E-01   0.000000E+00
          412   6.000000E+00   5.000000E-01   0.000000E+00
          413   6.500000E+00   5.000000E-01   3.412085E-18
          414   7.000000E+00   5.000000E-01   8.630134E-18
          415   7.500000E+00   5.000000E-01   1.382043E-17
          416   8.000000E+00   5.000000E-01   4.898859E-18
          417   8.500000E+00   5.000000E-01   1.050826E-17
          418   9.000000E+00   5.000000E-01   5.173639E-18
          419   9.500000E+00   5.000000E-01   0.000000E+00
          420   1.000000E+01   5.000000E-01   0.000000E+00
          421   0.000000E+00   0.000000E+00  -0.000000E+00
          422   5.000000E-01   0.000000E+00   0.000000E+00
          423   1.000000E+00   0.000000E+00   2.772782E-18
          424   1.500000E+00   0.000000E+00   0.000000E+00
          425   2.000000E+00   0.000000E+00   1.393330E-18
          426   2.500000E+00   0.000000E+00   4.163336E-21
          427   3.000000E+00   0.000000E+00  -0.000000E+00
          428   3.500000E+00   0.000000E+00   0.000000E+00
          429   4.000000E+00   0.000000E+00   0.000000E+00
          430   4.500000E+00   0.000000E+00   4.440892E-20
          431   5.000000E+00   0.000000E+00   0.000000E+00
          432   5.500000E+00   0.000000E+00   0.000000E+00
          433   6.000000E+00   0.000000E+00  -0.000000E+00
          434   6.500000E+00   0.000000E+00   4.302114E-20
          435   7.000000E+00   0.000000E+00   8.604228E-20
          436   7.500000E+00   0.000000E+00   0.000000E+00
          437   8.000000E+00   0.000000E+00   0.000000E+00
          438   8.500000E+00   0.000000E+00   8.604228E-20
          439   9.000000E+00   0.000000E+00   0.000000E+00
          440   9.500000E+00   0.000000E+00   4.440892E-20
          441   1.000000E+01   0.000000E+00   0.000000E+00
    372  1.80015862E+03     NSTEP   TIME
 SURFACE NODE              X              Y      REC. FLUX
            1   0.000000E+00   1.000000E+01   3.167852E-06
            2   5.000000E-01   1.000000E+01   3.453037E-06
            3   1.000000E+00   1.000000E+01   3.499207E-06
            4   1.500000E+00   1.000000E+01   3.811962E-06
            5   2.000000E+00   1.000000E+01   4.125752E-06
            6   2.500000E+00   1.000000E+01   4.035547E-06
            7   3.000000E+00   1.000000E+01   4.209169E-06
            8   3.500000E+00   1.000000E+01   2.525767E-06
            9   4.000000E+00   1.000000E+01   2.600370E-06
           10   4.500000E+00   1.000000E+01   2.557592E-06
           11   5.000000E+00   1.000000E+01   2.534670E-06
           12   5.500000E+00   1.000000E+01   2.513164E-06
           13   6.000000E+00   1.000000E+01   2.493540E-06
           14   6.500000E+00   1.000000E+01   2.478281E-06
           15   7.000000E+00   1.000000E+01   2.481802E-06
           16   7.500000E+00   1.000000E+01   2.593032E-06
           17   8.000000E+00   1.000000E+01   2.647569E-06
           18   8.500000E+00   1.000000E+01   2.570321E-06
           19   9.000000E+00   1.000000E+01   1.583529E-06
           20   9.500000E+00   1.000000E+01   1.637468E-06
           21   1.000000E+01   1.000000E+01   1.789319E-06
           22   0.000000E+00   9.500000E+00   4.098488E-06
           23   5.000000E-01   9.500000E+00   4.359045E-06
           24   1.000000E+00   9.500000E+00   4.189989E-06
           25   1.500000E+00   9.500000E+00   4.211029E-06
           26   2.000000E+00   9.500000E+00   2.732193E-06
           27   2.500000E+00   9.500000E+00   2.900855E-06
           28   3.000000E+00   9.500000E+00   2.932282E-06
           29   3.500000E+00   9.500000E+00   3.080140E-06
           30   4.000000E+00   9.500000E+00   3.237468E-06
           31   4.500000E+00   9.500000E+00   3.222666E-06
           32   5.000000E+00   9.500000E+00   3.126729E-06
           33   5.500000E+00   9.500000E+00   3.054234E-06
           34   6.000000E+00   9.500000E+00   2.978308E-06
           35   6.500000E+00   9.500000E+00   2.894949E-06
           36   7.000000E+00   9.500000E+00   2.811582E-06
           37   7.500000E+00   9.500000E+00   2.804292E-06
           38   8.000000E+00   9.500000E+00   1.802049E-06
           39   8.500000E+00   9.500000E+00   1.862615E-06
           40   9.000000E+00   9.500000E+00   1.955876E-06
           41   9.500000E+00   9.500000E+00   1.991868E-06
           42   1.000000E+01   9.500000E+00   2.049013E-06
           43   0.000000E+00   9.000000E+00   2.651536E-06
           44   5.000000E-01   9.000000E+00   2.911667E-06
           45   1.000000E+00   9.000000E+00   2.927067E-06
           46   1.500000E+00   9.000000E+00   3.120383E-06
           47   2.000000E+00   9.000000E+00   3.387738E-06
           48   2.500000E+00   9.000000E+00   3.441482E-06
           49   3.000000E+00   9.000000E+00   3.334476E-06
           50   3.500000E+00   9.000000E+00   3.288799E-06
           51   4.000000E+00   9.000000E+00   3.364617E-06
           52   4.500000E+00   9.000000E+00   2.018031E-06
           53   5.000000E+00   9.000000E+00   2.065122E-06
           54   5.500000E+00   9.000000E+00   2.027752E-06
           55   6.000000E+00   9.000000E+00   2.004746E-06
           56   6.500000E+00   9.000000E+00   1.984999E-06
           57   7.000000E+00   9.000000E+00   1.976670E-06
           58   7.500000E+00   9.000000E+00   2.009560E-06
           59   8.000000E+00   9.000000E+00   2.046481E-06
           60   8.500000E+00   9.000000E+00   1.992407E-06
           61   9.000000E+00   9.000000E+00   1.921775E-06
           62   9.500000E+00   9.000000E+00   1.216256E-06
           63   1.000000E+01   9.000000E+00   1.363795E-06
           64   0.000000E+00   8.500000E+00   2.944892E-06
           65   5.000000E-01   8.500000E+00   3.457173E-06
           66   1.000000E+00   8.500000E+00   3.515752E-06
           67   1.500000E+00   8.500000E+00   3.566191E-06
           68   2.000000E+00   8.500000E+00   2.135112E-06
           69   2.500000E+00   8.500000E+00   2.239671E-06
           70   3.000000E+00   8.500000E+00   2.206524E-06
           71   3.500000E+00   8.500000E+00   2.196936E-06
           72   4.000000E+00   8.500000E+00   2.198645E-06
           73   4.500000E+00   8.500000E+00   2.254893E-06
           74   5.000000E+00   8.500000E+00   2.297411E-06
           75   5.500000E+00   8.500000E+00   2.265779E-06
           76   6.000000E+00   8.500000E+00   2.229762E-06
           77   6.500000E+00   8.500000E+00   2.141573E-06
           78   7.000000E+00   8.500000E+00   2.069066E-06
           79   7.500000E+00   8.500000E+00   2.040720E-06
           80   8.000000E+00   8.500000E+00   1.214280E-06
           81   8.500000E+00   8.500000E+00   1.222701E-06
           82   9.000000E+00   8.500000E+00   1.224658E-06
           83   9.500000E+00   8.500000E+00   1.215407E-06
           84   1.000000E+01   8.500000E+00   1.356243E-06
           85   0.000000E+00   8.000000E+00   3.207269E-06
           86   5.000000E-01   8.000000E+00   3.376621E-06
           87   1.000000E+00   8.000000E+00   2.083883E-06
           88   1.500000E+00   8.000000E+00   2.264147E-06
           89   2.000000E+00   8.000000E+00   2.335611E-06
           90   2.500000E+00   8.000000E+00   2.417704E-06
           91   3.000000E+00   8.000000E+00   2.332696E-06
           92   3.500000E+00   8.000000E+00   2.319517E-06
           93   4.000000E+00   8.000000E+00   2.270500E-06
           94   4.500000E+00   8.000000E+00   2.168922E-06
           95   5.000000E+00   8.000000E+00   2.103882E-06
           96   5.500000E+00   8.000000E+00   2.120778E-06
           97   6.000000E+00   8.000000E+00   1.269568E-06
           98   6.500000E+00   8.000000E+00   1.269838E-06
           99   7.000000E+00   8.000000E+00   1.233716E-06
          100   7.500000E+00   8.000000E+00   1.211244E-06
          101   8.000000E+00   8.000000E+00   1.222820E-06
          102   8.500000E+00   8.000000E+00   1.191609E-06
          103   9.000000E+00   8.000000E+00   1.103638E-06
          104   9.500000E+00   8.000000E+00   6.442837E-07
          105   1.000000E+01   8.000000E+00   7.459678E-07
          106   0.000000E+00   7.500000E+00   1.911416E-06
          107   5.000000E-01   7.500000E+00   2.174943E-06
          108   1.000000E+00   7.500000E+00   2.249701E-06
          109   1.500000E+00   7.500000E+00   2.380587E-06
          110   2.000000E+00   7.500000E+00   2.298062E-06
          111   2.500000E+00   7.500000E+00   2.254190E-06
          112   3.000000E+00   7.500000E+00   2.176066E-06
          113   3.500000E+00   7.500000E+00   2.211676E-06
          114   4.000000E+00   7.500000E+00   1.320255E-06
          115   4.500000E+00   7.500000E+00   1.322183E-06
          116   5.000000E+00   7.500000E+00   1.290840E-06
          117   5.500000E+00   7.500000E+00   1.274386E-06
          118   6.000000E+00   7.500000E+00   1.275533E-06
          119   6.500000E+00   7.500000E+00   1.265001E-06
          120   7.000000E+00   7.500000E+00   1.213030E-06
          121   7.500000E+00   7.500000E+00   1.125199E-06
          122   8.000000E+00   7.500000E+00   1.038887E-06
          123   8.500000E+00   7.500000E+00   5.880014E-07
          124   9.000000E+00   7.500000E+00   6.015141E-07
          125   9.500000E+00   7.500000E+00   5.656675E-07
          126   1.000000E+01   7.500000E+00   6.275905E-07
          127   0.000000E+00   7.000000E+00   1.955677E-06
          128   5.000000E-01   7.000000E+00   2.301040E-06
          129   1.000000E+00   7.000000E+00   2.218370E-06
          130   1.500000E+00   7.000000E+00   2.205824E-06
          131   2.000000E+00   7.000000E+00   2.195277E-06
          132   2.500000E+00   7.000000E+00   1.320308E-06
          133   3.000000E+00   7.000000E+00   1.350172E-06
          134   3.500000E+00   7.000000E+00   1.327366E-06
          135   4.000000E+00   7.000000E+00   1.333935E-06
          136   4.500000E+00   7.000000E+00   1.306773E-06
          137   5.000000E+00   7.000000E+00   1.239030E-06
          138   5.500000E+00   7.000000E+00   1.197158E-06
          139   6.000000E+00   7.000000E+00   1.139200E-06
          140   6.500000E+00   7.000000E+00   1.069116E-06
          141   7.000000E+00   7.000000E+00   1.053424E-06
          142   7.500000E+00   7.000000E+00   5.819490E-07
          143   8.000000E+00   7.000000E+00   5.673881E-07
          144   8.500000E+00   7.000000E+00   5.623333E-07
          145   9.000000E+00   7.000000E+00   5.530108E-07
          146   9.500000E+00   7.000000E+00   3.539611E-07
          147   1.000000E+01   7.000000E+00   3.494036E-07
          148   0.000000E+00   6.500000E+00   1.833225E-06
          149   5.000000E-01   6.500000E+00   2.123552E-06
          150   1.000000E+00   6.500000E+00   2.146262E-06
          151   1.500000E+00   6.500000E+00   2.172112E-06
          152   2.000000E+00   6.500000E+00   1.315028E-06
          153   2.500000E+00   6.500000E+00   1.345605E-06
          154   3.000000E+00   6.500000E+00   1.337594E-06
          155   3.500000E+00   6.500000E+00   1.247266E-06
          156   4.000000E+00   6.500000E+00   1.193874E-06
          157   4.500000E+00   6.500000E+00   1.145576E-06
          158   5.000000E+00   6.500000E+00   1.074352E-06
          159   5.500000E+00   6.500000E+00   1.041139E-06
          160   6.000000E+00   6.500000E+00   5.774703E-07
          161   6.500000E+00   6.500000E+00   5.742617E-07
          162   7.000000E+00   6.500000E+00   5.629436E-07
          163   7.500000E+00   6.500000E+00   5.573738E-07
          164   8.000000E+00   6.500000E+00   5.180214E-07
          165   8.500000E+00   6.500000E+00   3.633562E-07
          166   9.000000E+00   6.500000E+00   4.088536E-07
          167   9.500000E+00   6.500000E+00   4.766122E-07
          168   1.000000E+01   6.500000E+00   5.794780E-07
          169   0.000000E+00   6.000000E+00   1.749724E-06
          170   5.000000E-01   6.000000E+00   2.008542E-06
          171   1.000000E+00   6.000000E+00   1.203940E-06
          172   1.500000E+00   6.000000E+00   1.309476E-06
          173   2.000000E+00   6.000000E+00   1.302865E-06
          174   2.500000E+00   6.000000E+00   1.231230E-06
          175   3.000000E+00   6.000000E+00   1.160360E-06
          176   3.500000E+00   6.000000E+00   1.110752E-06
          177   4.000000E+00   6.000000E+00   1.063320E-06
          178   4.500000E+00   6.000000E+00   5.841102E-07
          179   5.000000E+00   6.000000E+00   5.872457E-07
          180   5.500000E+00   6.000000E+00   5.674390E-07
          181   6.000000E+00   6.000000E+00   5.610365E-07
          182   6.500000E+00   6.000000E+00   5.493406E-07
          183   7.000000E+00   6.000000E+00   5.087696E-07
          184   7.500000E+00   6.000000E+00   4.556755E-07
          185   8.000000E+00   6.000000E+00   2.456593E-07
          186   8.500000E+00   6.000000E+00   4.517212E-07
          187   9.000000E+00   6.000000E+00   1.172170E-06
          188   9.500000E+00   6.000000E+00   3.837629E-07
          189   1.000000E+01   6.000000E+00   2.646350E-07
          190   0.000000E+00   5.500000E+00   1.782039E-06
          191   5.000000E-01   5.500000E+00   1.820408E-06
          192   1.000000E+00   5.500000E+00   1.194730E-06
          193   1.500000E+00   5.500000E+00   1.269360E-06
          194   2.000000E+00   5.500000E+00   1.165901E-06
          195   2.500000E+00   5.500000E+00   1.108049E-06
          196   3.000000E+00   5.500000E+00   1.044587E-06
          197   3.500000E+00   5.500000E+00   5.770547E-07
          198   4.000000E+00   5.500000E+00   5.806704E-07
          199   4.500000E+00   5.500000E+00   5.750348E-07
          200   5.000000E+00   5.500000E+00   5.656235E-07
          201   5.500000E+00   5.500000E+00   5.295332E-07
          202   6.000000E+00   5.500000E+00   4.942233E-07
          203   6.500000E+00   5.500000E+00   4.484717E-07
          204   7.000000E+00   5.500000E+00   2.085271E-07
          205   7.500000E+00   5.500000E+00   2.400310E-07
          206   8.000000E+00   5.500000E+00   3.409422E-07
          207   8.500000E+00   5.500000E+00   3.512912E-07
          208   9.000000E+00   5.500000E+00   7.913902E-07
          209   9.500000E+00   5.500000E+00   0.000000E+00
          210   1.000000E+01   5.500000E+00   0.000000E+00
          211   0.000000E+00   5.000000E+00   9.852251E-07
          212   5.000000E-01   5.000000E+00   1.142139E-06
          213   1.000000E+00   5.000000E+00   1.119145E-06
          214   1.500000E+00   5.000000E+00   1.107899E-06
          215   2.000000E+00   5.000000E+00   1.051732E-06
          216   2.500000E+00   5.000000E+00   5.639368E-07
          217   3.000000E+00   5.000000E+00   5.723744E-07
          218   3.500000E+00   5.000000E+00   5.648991E-07
          219   4.000000E+00   5.000000E+00   5.553990E-07
          220   4.500000E+00   5.000000E+00   5.177148E-07
          221   5.000000E+00   5.000000E+00   4.734589E-07
          222   5.500000E+00   5.000000E+00   4.348772E-07
          223   6.000000E+00   5.000000E+00   2.042500E-07
          224   6.500000E+00   5.000000E+00   2.120352E-07
          225   7.000000E+00   5.000000E+00   2.880551E-07
          226   7.500000E+00   5.000000E+00   3.536588E-07
          227   8.000000E+00   5.000000E+00   2.972116E-07
          228   8.500000E+00   5.000000E+00   5.934296E-07
          229   9.000000E+00   5.000000E+00   1.343954E-07
          230   9.500000E+00   5.000000E+00   0.000000E+00
          231   1.000000E+01   5.000000E+00   0.000000E+00
          232   0.000000E+00   4.500000E+00   9.203754E-07
          233   5.000000E-01   4.500000E+00   1.090513E-06
          234   1.000000E+00   4.500000E+00   1.032743E-06
          235   1.500000E+00   4.500000E+00   9.804308E-07
          236   2.000000E+00   4.500000E+00   5.344784E-07
          237   2.500000E+00   4.500000E+00   5.547287E-07
          238   3.000000E+00   4.500000E+00   5.502848E-07
          239   3.500000E+00   4.500000E+00   5.086624E-07
          240   4.000000E+00   4.500000E+00   4.632384E-07
          241   4.500000E+00   4.500000E+00   4.328777E-07
          242   5.000000E+00   4.500000E+00   2.051380E-07
          243   5.500000E+00   4.500000E+00   2.087547E-07
          244   6.000000E+00   4.500000E+00   2.306117E-07
          245   6.500000E+00   4.500000E+00   3.008049E-07
          246   7.000000E+00   4.500000E+00   1.496427E-07
          247   7.500000E+00   4.500000E+00   6.313169E-07
          248   8.000000E+00   4.500000E+00   5.629296E-07
          249   8.500000E+00   4.500000E+00   1.756462E-07
          250   9.000000E+00   4.500000E+00   0.000000E+00
          251   9.500000E+00   4.500000E+00   0.000000E+00
          252   1.000000E+01   4.500000E+00   0.000000E+00
          253   0.000000E+00   4.000000E+00   7.941178E-07
          254   5.000000E-01   4.000000E+00   9.371016E-07
          255   1.000000E+00   4.000000E+00   8.975922E-07
          256   1.500000E+00   4.000000E+00   4.987325E-07
          257   2.000000E+00   4.000000E+00   5.227592E-07
          258   2.500000E+00   4.000000E+00   5.097352E-07
          259   3.000000E+00   4.000000E+00   4.558918E-07
          260   3.500000E+00   4.000000E+00   2.022465E-07
          261   4.000000E+00   4.000000E+00   2.062760E-07
          262   4.500000E+00   4.000000E+00   2.090452E-07
          263   5.000000E+00   4.000000E+00   2.772533E-07
          264   5.500000E+00   4.000000E+00   3.283552E-07
          265   6.000000E+00   4.000000E+00   1.472037E-07
          266   6.500000E+00   4.000000E+00   2.482508E-07
          267   7.000000E+00   4.000000E+00   5.798432E-07
          268   7.500000E+00   4.000000E+00   4.680764E-07
          269   8.000000E+00   4.000000E+00   1.520650E-07
          270   8.500000E+00   4.000000E+00   0.000000E+00
          271   9.000000E+00   4.000000E+00   0.000000E+00
          272   9.500000E+00   4.000000E+00   0.000000E+00
          273   1.000000E+01   4.000000E+00   0.000000E+00
          274   0.000000E+00   3.500000E+00   7.052843E-07
          275   5.000000E-01   3.500000E+00   7.887464E-07
          276   1.000000E+00   3.500000E+00   4.420063E-07
          277   1.500000E+00   3.500000E+00   4.769690E-07
          278   2.000000E+00   3.500000E+00   4.694643E-07
          279   2.500000E+00   3.500000E+00   1.989211E-07
          280   3.000000E+00   3.500000E+00   2.055404E-07
          281   3.500000E+00   3.500000E+00   2.553946E-07
          282   4.000000E+00   3.500000E+00   3.243767E-07
          283   4.500000E+00   3.500000E+00   2.957452E-07
          284   5.000000E+00   3.500000E+00   1.499682E-07
          285   5.500000E+00   3.500000E+00   5.848122E-07
          286   6.000000E+00   3.500000E+00   6.148789E-07
          287   6.500000E+00   3.500000E+00   3.647204E-07
          288   7.000000E+00   3.500000E+00   1.751144E-07
          289   7.500000E+00   3.500000E+00   0.000000E+00
          290   8.000000E+00   3.500000E+00   0.000000E+00
          291   8.500000E+00   3.500000E+00   0.000000E+00
          292   9.000000E+00   3.500000E+00   0.000000E+00
          293   9.500000E+00   3.500000E+00   0.000000E+00
          294   1.000000E+01   3.500000E+00   0.000000E+00
          295   0.000000E+00   3.000000E+00   3.222698E-07
          296   5.000000E-01   3.000000E+00   4.017344E-07
          297   1.000000E+00   3.000000E+00   4.185281E-07
          298   1.500000E+00   3.000000E+00   4.145168E-07
          299   2.000000E+00   3.000000E+00   2.052363E-07
          300   2.500000E+00   3.000000E+00   3.058761E-07
          301   3.000000E+00   3.000000E+00   3.218956E-07
          302   3.500000E+00   3.000000E+00   1.431468E-07
          303   4.000000E+00   3.000000E+00   4.663070E-07
          304   4.500000E+00   3.000000E+00   6.617901E-07
          305   5.000000E+00   3.000000E+00   4.382165E-07
          306   5.500000E+00   3.000000E+00   2.825329E-07
          307   6.000000E+00   3.000000E+00   1.562093E-07
          308   6.500000E+00   3.000000E+00   0.000000E+00
          309   7.000000E+00   3.000000E+00   0.000000E+00
          310   7.500000E+00   3.000000E+00   0.000000E+00
          311   8.000000E+00   3.000000E+00   0.000000E+00
          312   8.500000E+00   3.000000E+00   0.000000E+00
          313   9.000000E+00   3.000000E+00   0.000000E+00
          314   9.500000E+00   3.000000E+00   0.000000E+00
          315   1.000000E+01   3.000000E+00   0.000000E+00
          316   0.000000E+00   2.500000E+00   3.027657E-07
          317   5.000000E-01   2.500000E+00   3.793985E-07
          318   1.000000E+00   2.500000E+00   4.269889E-07
          319   1.500000E+00   2.500000E+00   3.236103E-07
          320   2.000000E+00   2.500000E+00   2.817656E-07
          321   2.500000E+00   2.500000E+00   2.358578E-07
          322   3.000000E+00   2.500000E+00   7.387432E-07
          323   3.500000E+00   2.500000E+00   5.219440E-07
          324   4.000000E+00   2.500000E+00   2.604761E-07
          325   4.500000E+00   2.500000E+00   1.241348E-07
          326   5.000000E+00   2.500000E+00   0.000000E+00
          327   5.500000E+00   2.500000E+00   0.000000E+00
          328   6.000000E+00   2.500000E+00   0.000000E+00
          329   6.500000E+00   2.500000E+00   0.000000E+00
          330   7.000000E+00   2.500000E+00   0.000000E+00
          331   7.500000E+00   2.500000E+00   0.000000E+00
          332   8.000000E+00   2.500000E+00   0.000000E+00
          333   8.500000E+00   2.500000E+00   0.000000E+00
          334   9.000000E+00   2.500000E+00   0.000000E+00
          335   9.500000E+00   2.500000E+00   0.000000E+00
          336   1.000000E+01   2.500000E+00   0.000000E+00
          337   0.000000E+00   2.000000E+00   1.471962E-07
          338   5.000000E-01   2.000000E+00   2.584312E-07
          339   1.000000E+00   2.000000E+00   3.183822E-07
          340   1.500000E+00   2.000000E+00   6.075033E-07
          341   2.000000E+00   2.000000E+00   7.616715E-07
          342   2.500000E+00   2.000000E+00   3.351544E-07
          343   3.000000E+00   2.000000E+00   8.404617E-08
          344   3.500000E+00   2.000000E+00   0.000000E+00
          345   4.000000E+00   2.000000E+00   0.000000E+00
          346   4.500000E+00   2.000000E+00   0.000000E+00
          347   5.000000E+00   2.000000E+00   0.000000E+00
          348   5.500000E+00   2.000000E+00   0.000000E+00
          349   6.000000E+00   2.000000E+00   0.000000E+00
          350   6.500000E+00   2.000000E+00   0.000000E+00
          351   7.000000E+00   2.000000E+00   0.000000E+00
          352   7.500000E+00   2.000000E+00   0.000000E+00
          353   8.000000E+00   2.000000E+00   0.000000E+00
          354   8.500000E+00   2.000000E+00   0.000000E+00
          355   9.000000E+00   2.000000E+00   0.000000E+00
          356   9.500000E+00   2.000000E+00   0.000000E+00
          357   1.000000E+01   2.000000E+00   0.000000E+00
          358   0.000000E+00   1.500000E+00   2.426696E-07
          359   5.000000E-01   1.500000E+00   3.595668E-07
          360   1.000000E+00   1.500000E+00   7.941687E-07
          361   1.500000E+00   1.500000E+00   3.860958E-07
          362   2.000000E+00   1.500000E+00   0.000000E+00
          363   2.500000E+00   1.500000E+00   0.000000E+00
          364   3.000000E+00   1.500000E+00   0.000000E+00
          365   3.500000E+00   1.500000E+00   0.000000E+00
          366   4.000000E+00   1.500000E+00   0.000000E+00
          367   4.500000E+00   1.500000E+00   0.000000E+00
          368   5.000000E+00   1.500000E+00   0.000000E+00
          369   5.500000E+00   1.500000E+00   0.000000E+00
          370   6.000000E+00   1.500000E+00   0.000000E+00
          371   6.500000E+00   1.500000E+00   0.000000E+00
          372   7.000000E+00   1.500000E+00   0.000000E+00
          373   7.500000E+00   1.500000E+00   0.000000E+00
          374   8.000000E+00   1.500000E+00   0.000000E+00
          375   8.500000E+00   1.500000E+00   0.000000E+00
          376   9.000000E+00   1.500000E+00   0.000000E+00
          377   9.500000E+00   1.500000E+00   0.000000E+00
          378   1.000000E+01   1.500000E+00   0.000000E+00
          379   0.000000E+00   1.000000E+00   7.263662E-08
          380   5.000000E-01   1.000000E+00   3.801124E-07
          381   1.000000E+00   1.000000E+00   0.000000E+00
          382   1.500000E+00   1.000000E+00   0.000000E+00
          383   2.000000E+00   1.000000E+00   0.000000E+00
          384   2.500000E+00   1.000000E+00   0.000000E+00
          385   3.000000E+00   1.000000E+00   0.000000E+00
          386   3.500000E+00   1.000000E+00   0.000000E+00
          387   4.000000E+00   1.000000E+00   0.000000E+00
          388   4.500000E+00   1.000000E+00   0.000000E+00
          389   5.000000E+00   1.000000E+00   0.000000E+00
          390   5.500000E+00   1.000000E+00   0.000000E+00
          391   6.000000E+00   1.000000E+00   0.000000E+00
          392   6.500000E+00   1.000000E+00   0.000000E+00
          393   7.000000E+00   1.000000E+00   0.000000E+00
          394   7.500000E+00   1.000000E+00   0.000000E+00
          395   8.000000E+00   1.000000E+00   0.000000E+00
