      0  0.00000000E+00     NSTEP   TIME
 SURFACE NODE              X              Y             SW
            1   0.000000E+00   1.000000E+01   1.000000E+00
            2   5.000000E-01   1.000000E+01   1.000000E+00
            3   1.000000E+00   1.000000E+01   1.000000E+00
            4   1.500000E+00   1.000000E+01   1.000000E+00
            5   2.000000E+00   1.000000E+01   1.000000E+00
            6   2.500000E+00   1.000000E+01   1.000000E+00
            7   3.000000E+00   1.000000E+01   1.000000E+00
            8   3.500000E+00   1.000000E+01   1.000000E+00
            9   4.000000E+00   1.000000E+01   1.000000E+00
           10   4.500000E+00   1.000000E+01   1.000000E+00
           11   5.000000E+00   1.000000E+01   1.000000E+00
           12   5.500000E+00   1.000000E+01   1.000000E+00
           13   6.000000E+00   1.000000E+01   1.000000E+00
           14   6.500000E+00   1.000000E+01   1.000000E+00
           15   7.000000E+00   1.000000E+01   1.000000E+00
           16   7.500000E+00   1.000000E+01   1.000000E+00
           17   8.000000E+00   1.000000E+01   1.000000E+00
           18   8.500000E+00   1.000000E+01   1.000000E+00
           19   9.000000E+00   1.000000E+01   1.000000E+00
           20   9.500000E+00   1.000000E+01   1.000000E+00
           21   1.000000E+01   1.000000E+01   1.000000E+00
           22   0.000000E+00   9.500000E+00   1.000000E+00
           23   5.000000E-01   9.500000E+00   1.000000E+00
           24   1.000000E+00   9.500000E+00   1.000000E+00
           25   1.500000E+00   9.500000E+00   1.000000E+00
           26   2.000000E+00   9.500000E+00   1.000000E+00
           27   2.500000E+00   9.500000E+00   1.000000E+00
           28   3.000000E+00   9.500000E+00   1.000000E+00
           29   3.500000E+00   9.500000E+00   1.000000E+00
           30   4.000000E+00   9.500000E+00   1.000000E+00
           31   4.500000E+00   9.500000E+00   1.000000E+00
           32   5.000000E+00   9.500000E+00   1.000000E+00
           33   5.500000E+00   9.500000E+00   1.000000E+00
           34   6.000000E+00   9.500000E+00   1.000000E+00
           35   6.500000E+00   9.500000E+00   1.000000E+00
           36   7.000000E+00   9.500000E+00   1.000000E+00
           37   7.500000E+00   9.500000E+00   1.000000E+00
           38   8.000000E+00   9.500000E+00   1.000000E+00
           39   8.500000E+00   9.500000E+00   1.000000E+00
           40   9.000000E+00   9.500000E+00   1.000000E+00
           41   9.500000E+00   9.500000E+00   1.000000E+00
           42   1.000000E+01   9.500000E+00   1.000000E+00
           43   0.000000E+00   9.000000E+00   1.000000E+00
           44   5.000000E-01   9.000000E+00   1.000000E+00
           45   1.000000E+00   9.000000E+00   1.000000E+00
           46   1.500000E+00   9.000000E+00   1.000000E+00
           47   2.000000E+00   9.000000E+00   1.000000E+00
           48   2.500000E+00   9.000000E+00   1.000000E+00
           49   3.000000E+00   9.000000E+00   1.000000E+00
           50   3.500000E+00   9.000000E+00   1.000000E+00
           51   4.000000E+00   9.000000E+00   1.000000E+00
           52   4.500000E+00   9.000000E+00   1.000000E+00
           53   5.000000E+00   9.000000E+00   1.000000E+00
           54   5.500000E+00   9.000000E+00   1.000000E+00
           55   6.000000E+00   9.000000E+00   1.000000E+00
           56   6.500000E+00   9.000000E+00   1.000000E+00
           57   7.000000E+00   9.000000E+00   1.000000E+00
           58   7.500000E+00   9.000000E+00   1.000000E+00
           59   8.000000E+00   9.000000E+00   1.000000E+00
           60   8.500000E+00   9.000000E+00   1.000000E+00
           61   9.000000E+00   9.000000E+00   1.000000E+00
           62   9.500000E+00   9.000000E+00   1.000000E+00
           63   1.000000E+01   9.000000E+00   1.000000E+00
           64   0.000000E+00   8.500000E+00   1.000000E+00
           65   5.000000E-01   8.500000E+00   1.000000E+00
           66   1.000000E+00   8.500000E+00   1.000000E+00
           67   1.500000E+00   8.500000E+00   1.000000E+00
           68   2.000000E+00   8.500000E+00   1.000000E+00
           69   2.500000E+00   8.500000E+00   1.000000E+00
           70   3.000000E+00   8.500000E+00   1.000000E+00
           71   3.500000E+00   8.500000E+00   1.000000E+00
           72   4.000000E+00   8.500000E+00   1.000000E+00
           73   4.500000E+00   8.500000E+00   1.000000E+00
           74   5.000000E+00   8.500000E+00   1.000000E+00
           75   5.500000E+00   8.500000E+00   1.000000E+00
           76   6.000000E+00   8.500000E+00   1.000000E+00
           77   6.500000E+00   8.500000E+00   1.000000E+00
           78   7.000000E+00   8.500000E+00   1.000000E+00
           79   7.500000E+00   8.500000E+00   1.000000E+00
           80   8.000000E+00   8.500000E+00   1.000000E+00
           81   8.500000E+00   8.500000E+00   1.000000E+00
           82   9.000000E+00   8.500000E+00   1.000000E+00
           83   9.500000E+00   8.500000E+00   1.000000E+00
           84   1.000000E+01   8.500000E+00   1.000000E+00
           85   0.000000E+00   8.000000E+00   1.000000E+00
           86   5.000000E-01   8.000000E+00   1.000000E+00
           87   1.000000E+00   8.000000E+00   1.000000E+00
           88   1.500000E+00   8.000000E+00   1.000000E+00
           89   2.000000E+00   8.000000E+00   1.000000E+00
           90   2.500000E+00   8.000000E+00   1.000000E+00
           91   3.000000E+00   8.000000E+00   1.000000E+00
           92   3.500000E+00   8.000000E+00   1.000000E+00
           93   4.000000E+00   8.000000E+00   1.000000E+00
           94   4.500000E+00   8.000000E+00   1.000000E+00
           95   5.000000E+00   8.000000E+00   1.000000E+00
           96   5.500000E+00   8.000000E+00   1.000000E+00
           97   6.000000E+00   8.000000E+00   1.000000E+00
           98   6.500000E+00   8.000000E+00   1.000000E+00
           99   7.000000E+00   8.000000E+00   1.000000E+00
          100   7.500000E+00   8.000000E+00   1.000000E+00
          101   8.000000E+00   8.000000E+00   1.000000E+00
          102   8.500000E+00   8.000000E+00   1.000000E+00
          103   9.000000E+00   8.000000E+00   1.000000E+00
          104   9.500000E+00   8.000000E+00   1.000000E+00
          105   1.000000E+01   8.000000E+00   1.000000E+00
          106   0.000000E+00   7.500000E+00   1.000000E+00
          107   5.000000E-01   7.500000E+00   1.000000E+00
          108   1.000000E+00   7.500000E+00   1.000000E+00
          109   1.500000E+00   7.500000E+00   1.000000E+00
          110   2.000000E+00   7.500000E+00   1.000000E+00
          111   2.500000E+00   7.500000E+00   1.000000E+00
          112   3.000000E+00   7.500000E+00   1.000000E+00
          113   3.500000E+00   7.500000E+00   1.000000E+00
          114   4.000000E+00   7.500000E+00   1.000000E+00
          115   4.500000E+00   7.500000E+00   1.000000E+00
          116   5.000000E+00   7.500000E+00   1.000000E+00
          117   5.500000E+00   7.500000E+00   1.000000E+00
          118   6.000000E+00   7.500000E+00   1.000000E+00
          119   6.500000E+00   7.500000E+00   1.000000E+00
          120   7.000000E+00   7.500000E+00   1.000000E+00
          121   7.500000E+00   7.500000E+00   1.000000E+00
          122   8.000000E+00   7.500000E+00   1.000000E+00
          123   8.500000E+00   7.500000E+00   1.000000E+00
          124   9.000000E+00   7.500000E+00   1.000000E+00
          125   9.500000E+00   7.500000E+00   1.000000E+00
          126   1.000000E+01   7.500000E+00   1.000000E+00
          127   0.000000E+00   7.000000E+00   1.000000E+00
          128   5.000000E-01   7.000000E+00   1.000000E+00
          129   1.000000E+00   7.000000E+00   1.000000E+00
          130   1.500000E+00   7.000000E+00   1.000000E+00
          131   2.000000E+00   7.000000E+00   1.000000E+00
          132   2.500000E+00   7.000000E+00   1.000000E+00
          133   3.000000E+00   7.000000E+00   1.000000E+00
          134   3.500000E+00   7.000000E+00   1.000000E+00
          135   4.000000E+00   7.000000E+00   1.000000E+00
          136   4.500000E+00   7.000000E+00   1.000000E+00
          137   5.000000E+00   7.000000E+00   1.000000E+00
          138   5.500000E+00   7.000000E+00   1.000000E+00
          139   6.000000E+00   7.000000E+00   1.000000E+00
          140   6.500000E+00   7.000000E+00   1.000000E+00
          141   7.000000E+00   7.000000E+00   1.000000E+00
          142   7.500000E+00   7.000000E+00   1.000000E+00
          143   8.000000E+00   7.000000E+00   1.000000E+00
          144   8.500000E+00   7.000000E+00   1.000000E+00
          145   9.000000E+00   7.000000E+00   1.000000E+00
          146   9.500000E+00   7.000000E+00   1.000000E+00
          147   1.000000E+01   7.000000E+00   1.000000E+00
          148   0.000000E+00   6.500000E+00   1.000000E+00
          149   5.000000E-01   6.500000E+00   1.000000E+00
          150   1.000000E+00   6.500000E+00   1.000000E+00
          151   1.500000E+00   6.500000E+00   1.000000E+00
          152   2.000000E+00   6.500000E+00   1.000000E+00
          153   2.500000E+00   6.500000E+00   1.000000E+00
          154   3.000000E+00   6.500000E+00   1.000000E+00
          155   3.500000E+00   6.500000E+00   1.000000E+00
          156   4.000000E+00   6.500000E+00   1.000000E+00
          157   4.500000E+00   6.500000E+00   1.000000E+00
          158   5.000000E+00   6.500000E+00   1.000000E+00
          159   5.500000E+00   6.500000E+00   1.000000E+00
          160   6.000000E+00   6.500000E+00   1.000000E+00
          161   6.500000E+00   6.500000E+00   1.000000E+00
          162   7.000000E+00   6.500000E+00   1.000000E+00
          163   7.500000E+00   6.500000E+00   1.000000E+00
          164   8.000000E+00   6.500000E+00   1.000000E+00
          165   8.500000E+00   6.500000E+00   1.000000E+00
          166   9.000000E+00   6.500000E+00   1.000000E+00
          167   9.500000E+00   6.500000E+00   1.000000E+00
          168   1.000000E+01   6.500000E+00   1.000000E+00
          169   0.000000E+00   6.000000E+00   1.000000E+00
          170   5.000000E-01   6.000000E+00   1.000000E+00
          171   1.000000E+00   6.000000E+00   1.000000E+00
          172   1.500000E+00   6.000000E+00   1.000000E+00
          173   2.000000E+00   6.000000E+00   1.000000E+00
          174   2.500000E+00   6.000000E+00   1.000000E+00
          175   3.000000E+00   6.000000E+00   1.000000E+00
          176   3.500000E+00   6.000000E+00   1.000000E+00
          177   4.000000E+00   6.000000E+00   1.000000E+00
          178   4.500000E+00   6.000000E+00   1.000000E+00
          179   5.000000E+00   6.000000E+00   1.000000E+00
          180   5.500000E+00   6.000000E+00   1.000000E+00
          181   6.000000E+00   6.000000E+00   1.000000E+00
          182   6.500000E+00   6.000000E+00   1.000000E+00
          183   7.000000E+00   6.000000E+00   1.000000E+00
          184   7.500000E+00   6.000000E+00   1.000000E+00
          185   8.000000E+00   6.000000E+00   1.000000E+00
          186   8.500000E+00   6.000000E+00   1.000000E+00
          187   9.000000E+00   6.000000E+00   1.000000E+00
          188   9.500000E+00   6.000000E+00   1.000000E+00
          189   1.000000E+01   6.000000E+00   1.000000E+00
          190   0.000000E+00   5.500000E+00   1.000000E+00
          191   5.000000E-01   5.500000E+00   1.000000E+00
          192   1.000000E+00   5.500000E+00   1.000000E+00
          193   1.500000E+00   5.500000E+00   1.000000E+00
          194   2.000000E+00   5.500000E+00   1.000000E+00
          195   2.500000E+00   5.500000E+00   1.000000E+00
          196   3.000000E+00   5.500000E+00   1.000000E+00
          197   3.500000E+00   5.500000E+00   1.000000E+00
          198   4.000000E+00   5.500000E+00   1.000000E+00
          199   4.500000E+00   5.500000E+00   1.000000E+00
          200   5.000000E+00   5.500000E+00   1.000000E+00
          201   5.500000E+00   5.500000E+00   1.000000E+00
          202   6.000000E+00   5.500000E+00   1.000000E+00
          203   6.500000E+00   5.500000E+00   1.000000E+00
          204   7.000000E+00   5.500000E+00   1.000000E+00
          205   7.500000E+00   5.500000E+00   1.000000E+00
          206   8.000000E+00   5.500000E+00   1.000000E+00
          207   8.500000E+00   5.500000E+00   1.000000E+00
          208   9.000000E+00   5.500000E+00   1.000000E+00
          209   9.500000E+00   5.500000E+00   1.000000E+00
          210   1.000000E+01   5.500000E+00   1.000000E+00
          211   0.000000E+00   5.000000E+00   1.000000E+00
          212   5.000000E-01   5.000000E+00   1.000000E+00
          213   1.000000E+00   5.000000E+00   1.000000E+00
          214   1.500000E+00   5.000000E+00   1.000000E+00
          215   2.000000E+00   5.000000E+00   1.000000E+00
          216   2.500000E+00   5.000000E+00   1.000000E+00
          217   3.000000E+00   5.000000E+00   1.000000E+00
          218   3.500000E+00   5.000000E+00   1.000000E+00
          219   4.000000E+00   5.000000E+00   1.000000E+00
          220   4.500000E+00   5.000000E+00   1.000000E+00
          221   5.000000E+00   5.000000E+00   1.000000E+00
          222   5.500000E+00   5.000000E+00   1.000000E+00
          223   6.000000E+00   5.000000E+00   1.000000E+00
          224   6.500000E+00   5.000000E+00   1.000000E+00
          225   7.000000E+00   5.000000E+00   1.000000E+00
          226   7.500000E+00   5.000000E+00   1.000000E+00
          227   8.000000E+00   5.000000E+00   1.000000E+00
          228   8.500000E+00   5.000000E+00   1.000000E+00
          229   9.000000E+00   5.000000E+00   1.000000E+00
          230   9.500000E+00   5.000000E+00   1.000000E+00
          231   1.000000E+01   5.000000E+00   1.000000E+00
          232   0.000000E+00   4.500000E+00   1.000000E+00
          233   5.000000E-01   4.500000E+00   1.000000E+00
          234   1.000000E+00   4.500000E+00   1.000000E+00
          235   1.500000E+00   4.500000E+00   1.000000E+00
          236   2.000000E+00   4.500000E+00   1.000000E+00
          237   2.500000E+00   4.500000E+00   1.000000E+00
          238   3.000000E+00   4.500000E+00   1.000000E+00
          239   3.500000E+00   4.500000E+00   1.000000E+00
          240   4.000000E+00   4.500000E+00   1.000000E+00
          241   4.500000E+00   4.500000E+00   1.000000E+00
          242   5.000000E+00   4.500000E+00   1.000000E+00
          243   5.500000E+00   4.500000E+00   1.000000E+00
          244   6.000000E+00   4.500000E+00   1.000000E+00
          245   6.500000E+00   4.500000E+00   1.000000E+00
          246   7.000000E+00   4.500000E+00   1.000000E+00
          247   7.500000E+00   4.500000E+00   1.000000E+00
          248   8.000000E+00   4.500000E+00   1.000000E+00
          249   8.500000E+00   4.500000E+00   1.000000E+00
          250   9.000000E+00   4.500000E+00   1.000000E+00
          251   9.500000E+00   4.500000E+00   1.000000E+00
          252   1.000000E+01   4.500000E+00   1.000000E+00
          253   0.000000E+00   4.000000E+00   1.000000E+00
          254   5.000000E-01   4.000000E+00   1.000000E+00
          255   1.000000E+00   4.000000E+00   1.000000E+00
          256   1.500000E+00   4.000000E+00   1.000000E+00
          257   2.000000E+00   4.000000E+00   1.000000E+00
          258   2.500000E+00   4.000000E+00   1.000000E+00
          259   3.000000E+00   4.000000E+00   1.000000E+00
          260   3.500000E+00   4.000000E+00   1.000000E+00
          261   4.000000E+00   4.000000E+00   1.000000E+00
          262   4.500000E+00   4.000000E+00   1.000000E+00
          263   5.000000E+00   4.000000E+00   1.000000E+00
          264   5.500000E+00   4.000000E+00   1.000000E+00
          265   6.000000E+00   4.000000E+00   1.000000E+00
          266   6.500000E+00   4.000000E+00   1.000000E+00
          267   7.000000E+00   4.000000E+00   1.000000E+00
          268   7.500000E+00   4.000000E+00   1.000000E+00
          269   8.000000E+00   4.000000E+00   1.000000E+00
          270   8.500000E+00   4.000000E+00   1.000000E+00
          271   9.000000E+00   4.000000E+00   1.000000E+00
          272   9.500000E+00   4.000000E+00   1.000000E+00
          273   1.000000E+01   4.000000E+00   1.000000E+00
          274   0.000000E+00   3.500000E+00   1.000000E+00
          275   5.000000E-01   3.500000E+00   1.000000E+00
          276   1.000000E+00   3.500000E+00   1.000000E+00
          277   1.500000E+00   3.500000E+00   1.000000E+00
          278   2.000000E+00   3.500000E+00   1.000000E+00
          279   2.500000E+00   3.500000E+00   1.000000E+00
          280   3.000000E+00   3.500000E+00   1.000000E+00
          281   3.500000E+00   3.500000E+00   1.000000E+00
          282   4.000000E+00   3.500000E+00   1.000000E+00
          283   4.500000E+00   3.500000E+00   1.000000E+00
          284   5.000000E+00   3.500000E+00   1.000000E+00
          285   5.500000E+00   3.500000E+00   1.000000E+00
          286   6.000000E+00   3.500000E+00   1.000000E+00
          287   6.500000E+00   3.500000E+00   1.000000E+00
          288   7.000000E+00   3.500000E+00   1.000000E+00
          289   7.500000E+00   3.500000E+00   1.000000E+00
          290   8.000000E+00   3.500000E+00   1.000000E+00
          291   8.500000E+00   3.500000E+00   1.000000E+00
          292   9.000000E+00   3.500000E+00   1.000000E+00
          293   9.500000E+00   3.500000E+00   1.000000E+00
          294   1.000000E+01   3.500000E+00   1.000000E+00
          295   0.000000E+00   3.000000E+00   1.000000E+00
          296   5.000000E-01   3.000000E+00   1.000000E+00
          297   1.000000E+00   3.000000E+00   1.000000E+00
          298   1.500000E+00   3.000000E+00   1.000000E+00
          299   2.000000E+00   3.000000E+00   1.000000E+00
          300   2.500000E+00   3.000000E+00   1.000000E+00
          301   3.000000E+00   3.000000E+00   1.000000E+00
          302   3.500000E+00   3.000000E+00   1.000000E+00
          303   4.000000E+00   3.000000E+00   1.000000E+00
          304   4.500000E+00   3.000000E+00   1.000000E+00
          305   5.000000E+00   3.000000E+00   1.000000E+00
          306   5.500000E+00   3.000000E+00   1.000000E+00
          307   6.000000E+00   3.000000E+00   1.000000E+00
          308   6.500000E+00   3.000000E+00   1.000000E+00
          309   7.000000E+00   3.000000E+00   1.000000E+00
          310   7.500000E+00   3.000000E+00   1.000000E+00
          311   8.000000E+00   3.000000E+00   1.000000E+00
          312   8.500000E+00   3.000000E+00   1.000000E+00
          313   9.000000E+00   3.000000E+00   1.000000E+00
          314   9.500000E+00   3.000000E+00   1.000000E+00
          315   1.000000E+01   3.000000E+00   1.000000E+00
          316   0.000000E+00   2.500000E+00   1.000000E+00
          317   5.000000E-01   2.500000E+00   1.000000E+00
          318   1.000000E+00   2.500000E+00   1.000000E+00
          319   1.500000E+00   2.500000E+00   1.000000E+00
          320   2.000000E+00   2.500000E+00   1.000000E+00
          321   2.500000E+00   2.500000E+00   1.000000E+00
          322   3.000000E+00   2.500000E+00   1.000000E+00
          323   3.500000E+00   2.500000E+00   1.000000E+00
          324   4.000000E+00   2.500000E+00   1.000000E+00
          325   4.500000E+00   2.500000E+00   1.000000E+00
          326   5.000000E+00   2.500000E+00   1.000000E+00
          327   5.500000E+00   2.500000E+00   1.000000E+00
          328   6.000000E+00   2.500000E+00   1.000000E+00
          329   6.500000E+00   2.500000E+00   1.000000E+00
          330   7.000000E+00   2.500000E+00   1.000000E+00
          331   7.500000E+00   2.500000E+00   1.000000E+00
          332   8.000000E+00   2.500000E+00   1.000000E+00
          333   8.500000E+00   2.500000E+00   1.000000E+00
          334   9.000000E+00   2.500000E+00   1.000000E+00
          335   9.500000E+00   2.500000E+00   1.000000E+00
          336   1.000000E+01   2.500000E+00   1.000000E+00
          337   0.000000E+00   2.000000E+00   1.000000E+00
          338   5.000000E-01   2.000000E+00   1.000000E+00
          339   1.000000E+00   2.000000E+00   1.000000E+00
          340   1.500000E+00   2.000000E+00   1.000000E+00
          341   2.000000E+00   2.000000E+00   1.000000E+00
          342   2.500000E+00   2.000000E+00   1.000000E+00
          343   3.000000E+00   2.000000E+00   1.000000E+00
          344   3.500000E+00   2.000000E+00   1.000000E+00
          345   4.000000E+00   2.000000E+00   1.000000E+00
          346   4.500000E+00   2.000000E+00   1.000000E+00
          347   5.000000E+00   2.000000E+00   1.000000E+00
          348   5.500000E+00   2.000000E+00   1.000000E+00
          349   6.000000E+00   2.000000E+00   1.000000E+00
          350   6.500000E+00   2.000000E+00   1.000000E+00
          351   7.000000E+00   2.000000E+00   1.000000E+00
          352   7.500000E+00   2.000000E+00   1.000000E+00
          353   8.000000E+00   2.000000E+00   1.000000E+00
          354   8.500000E+00   2.000000E+00   1.000000E+00
          355   9.000000E+00   2.000000E+00   1.000000E+00
          356   9.500000E+00   2.000000E+00   1.000000E+00
          357   1.000000E+01   2.000000E+00   1.000000E+00
          358   0.000000E+00   1.500000E+00   1.000000E+00
          359   5.000000E-01   1.500000E+00   1.000000E+00
          360   1.000000E+00   1.500000E+00   1.000000E+00
          361   1.500000E+00   1.500000E+00   1.000000E+00
          362   2.000000E+00   1.500000E+00   1.000000E+00
          363   2.500000E+00   1.500000E+00   1.000000E+00
          364   3.000000E+00   1.500000E+00   1.000000E+00
          365   3.500000E+00   1.500000E+00   1.000000E+00
          366   4.000000E+00   1.500000E+00   1.000000E+00
          367   4.500000E+00   1.500000E+00   1.000000E+00
          368   5.000000E+00   1.500000E+00   1.000000E+00
          369   5.500000E+00   1.500000E+00   1.000000E+00
          370   6.000000E+00   1.500000E+00   1.000000E+00
          371   6.500000E+00   1.500000E+00   1.000000E+00
          372   7.000000E+00   1.500000E+00   1.000000E+00
          373   7.500000E+00   1.500000E+00   1.000000E+00
          374   8.000000E+00   1.500000E+00   1.000000E+00
          375   8.500000E+00   1.500000E+00   1.000000E+00
          376   9.000000E+00   1.500000E+00   1.000000E+00
          377   9.500000E+00   1.500000E+00   1.000000E+00
          378   1.000000E+01   1.500000E+00   1.000000E+00
          379   0.000000E+00   1.000000E+00   1.000000E+00
          380   5.000000E-01   1.000000E+00   1.000000E+00
          381   1.000000E+00   1.000000E+00   1.000000E+00
          382   1.500000E+00   1.000000E+00   1.000000E+00
          383   2.000000E+00   1.000000E+00   1.000000E+00
          384   2.500000E+00   1.000000E+00   1.000000E+00
          385   3.000000E+00   1.000000E+00   1.000000E+00
          386   3.500000E+00   1.000000E+00   1.000000E+00
          387   4.000000E+00   1.000000E+00   1.000000E+00
          388   4.500000E+00   1.000000E+00   1.000000E+00
          389   5.000000E+00   1.000000E+00   1.000000E+00
          390   5.500000E+00   1.000000E+00   1.000000E+00
          391   6.000000E+00   1.000000E+00   1.000000E+00
          392   6.500000E+00   1.000000E+00   1.000000E+00
          393   7.000000E+00   1.000000E+00   1.000000E+00
          394   7.500000E+00   1.000000E+00   1.000000E+00
          395   8.000000E+00   1.000000E+00   1.000000E+00
          396   8.500000E+00   1.000000E+00   1.000000E+00
          397   9.000000E+00   1.000000E+00   1.000000E+00
          398   9.500000E+00   1.000000E+00   1.000000E+00
          399   1.000000E+01   1.000000E+00   1.000000E+00
          400   0.000000E+00   5.000000E-01   1.000000E+00
          401   5.000000E-01   5.000000E-01   1.000000E+00
          402   1.000000E+00   5.000000E-01   1.000000E+00
          403   1.500000E+00   5.000000E-01   1.000000E+00
          404   2.000000E+00   5.000000E-01   1.000000E+00
          405   2.500000E+00   5.000000E-01   1.000000E+00
          406   3.000000E+00   5.000000E-01   1.000000E+00
          407   3.500000E+00   5.000000E-01   1.000000E+00
          408   4.000000E+00   5.000000E-01   1.000000E+00
          409   4.500000E+00   5.000000E-01   1.000000E+00
          410   5.000000E+00   5.000000E-01   1.000000E+00
          411   5.500000E+00   5.000000E-01   1.000000E+00
          412   6.000000E+00   5.000000E-01   1.000000E+00
          413   6.500000E+00   5.000000E-01   1.000000E+00
          414   7.000000E+00   5.000000E-01   1.000000E+00
          415   7.500000E+00   5.000000E-01   1.000000E+00
          416   8.000000E+00   5.000000E-01   1.000000E+00
          417   8.500000E+00   5.000000E-01   1.000000E+00
          418   9.000000E+00   5.000000E-01   1.000000E+00
          419   9.500000E+00   5.000000E-01   1.000000E+00
          420   1.000000E+01   5.000000E-01   1.000000E+00
          421   0.000000E+00   0.000000E+00   1.000000E+00
          422   5.000000E-01   0.000000E+00   1.000000E+00
          423   1.000000E+00   0.000000E+00   1.000000E+00
          424   1.500000E+00   0.000000E+00   1.000000E+00
          425   2.000000E+00   0.000000E+00   1.000000E+00
          426   2.500000E+00   0.000000E+00   1.000000E+00
          427   3.000000E+00   0.000000E+00   1.000000E+00
          428   3.500000E+00   0.000000E+00   1.000000E+00
          429   4.000000E+00   0.000000E+00   1.000000E+00
          430   4.500000E+00   0.000000E+00   1.000000E+00
          431   5.000000E+00   0.000000E+00   1.000000E+00
          432   5.500000E+00   0.000000E+00   1.000000E+00
          433   6.000000E+00   0.000000E+00   1.000000E+00
          434   6.500000E+00   0.000000E+00   1.000000E+00
          435   7.000000E+00   0.000000E+00   1.000000E+00
          436   7.500000E+00   0.000000E+00   1.000000E+00
          437   8.000000E+00   0.000000E+00   1.000000E+00
          438   8.500000E+00   0.000000E+00   1.000000E+00
          439   9.000000E+00   0.000000E+00   1.000000E+00
          440   9.500000E+00   0.000000E+00   1.000000E+00
          441   1.000000E+01   0.000000E+00   1.000000E+00
    372  1.80015862E+03     NSTEP   TIME
 SURFACE NODE              X              Y             SW
            1   0.000000E+00   1.000000E+01   7.186251E-01
            2   5.000000E-01   1.000000E+01   7.209990E-01
            3   1.000000E+00   1.000000E+01   7.223270E-01
            4   1.500000E+00   1.000000E+01   7.232132E-01
            5   2.000000E+00   1.000000E+01   7.239896E-01
            6   2.500000E+00   1.000000E+01   7.246708E-01
            7   3.000000E+00   1.000000E+01   7.252789E-01
            8   3.500000E+00   1.000000E+01   7.258213E-01
            9   4.000000E+00   1.000000E+01   7.263502E-01
           10   4.500000E+00   1.000000E+01   7.268589E-01
           11   5.000000E+00   1.000000E+01   7.273782E-01
           12   5.500000E+00   1.000000E+01   7.279416E-01
           13   6.000000E+00   1.000000E+01   7.285804E-01
           14   6.500000E+00   1.000000E+01   7.293412E-01
           15   7.000000E+00   1.000000E+01   7.303136E-01
           16   7.500000E+00   1.000000E+01   7.316096E-01
           17   8.000000E+00   1.000000E+01   7.334046E-01
           18   8.500000E+00   1.000000E+01   7.360071E-01
           19   9.000000E+00   1.000000E+01   7.396454E-01
           20   9.500000E+00   1.000000E+01   7.475706E-01
           21   1.000000E+01   1.000000E+01   7.504434E-01
           22   0.000000E+00   9.500000E+00   7.234832E-01
           23   5.000000E-01   9.500000E+00   7.242091E-01
           24   1.000000E+00   9.500000E+00   7.270147E-01
           25   1.500000E+00   9.500000E+00   7.279407E-01
           26   2.000000E+00   9.500000E+00   7.288950E-01
           27   2.500000E+00   9.500000E+00   7.297446E-01
           28   3.000000E+00   9.500000E+00   7.305283E-01
           29   3.500000E+00   9.500000E+00   7.312603E-01
           30   4.000000E+00   9.500000E+00   7.319651E-01
           31   4.500000E+00   9.500000E+00   7.326657E-01
           32   5.000000E+00   9.500000E+00   7.333939E-01
           33   5.500000E+00   9.500000E+00   7.341909E-01
           34   6.000000E+00   9.500000E+00   7.351069E-01
           35   6.500000E+00   9.500000E+00   7.362056E-01
           36   7.000000E+00   9.500000E+00   7.375817E-01
           37   7.500000E+00   9.500000E+00   7.393602E-01
           38   8.000000E+00   9.500000E+00   7.417146E-01
           39   8.500000E+00   9.500000E+00   7.449677E-01
           40   9.000000E+00   9.500000E+00   7.496507E-01
           41   9.500000E+00   9.500000E+00   7.591050E-01
           42   1.000000E+01   9.500000E+00   7.591409E-01
           43   0.000000E+00   9.000000E+00   7.288137E-01
           44   5.000000E-01   9.000000E+00   7.299695E-01
           45   1.000000E+00   9.000000E+00   7.344452E-01
           46   1.500000E+00   9.000000E+00   7.364114E-01
           47   2.000000E+00   9.000000E+00   7.383670E-01
           48   2.500000E+00   9.000000E+00   7.401158E-01
           49   3.000000E+00   9.000000E+00   7.417055E-01
           50   3.500000E+00   9.000000E+00   7.431673E-01
           51   4.000000E+00   9.000000E+00   7.445470E-01
           52   4.500000E+00   9.000000E+00   7.458844E-01
           53   5.000000E+00   9.000000E+00   7.472379E-01
           54   5.500000E+00   9.000000E+00   7.486753E-01
           55   6.000000E+00   9.000000E+00   7.502803E-01
           56   6.500000E+00   9.000000E+00   7.521579E-01
           57   7.000000E+00   9.000000E+00   7.544551E-01
           58   7.500000E+00   9.000000E+00   7.574066E-01
           59   8.000000E+00   9.000000E+00   7.613720E-01
           60   8.500000E+00   9.000000E+00   7.670582E-01
           61   9.000000E+00   9.000000E+00   7.761702E-01
           62   9.500000E+00   9.000000E+00   7.926652E-01
           63   1.000000E+01   9.000000E+00   7.933454E-01
           64   0.000000E+00   8.500000E+00   7.340835E-01
           65   5.000000E-01   8.500000E+00   7.346782E-01
           66   1.000000E+00   8.500000E+00   7.406536E-01
           67   1.500000E+00   8.500000E+00   7.438740E-01
           68   2.000000E+00   8.500000E+00   7.468377E-01
           69   2.500000E+00   8.500000E+00   7.494203E-01
           70   3.000000E+00   8.500000E+00   7.517375E-01
           71   3.500000E+00   8.500000E+00   7.538714E-01
           72   4.000000E+00   8.500000E+00   7.559058E-01
           73   4.500000E+00   8.500000E+00   7.579092E-01
           74   5.000000E+00   8.500000E+00   7.599788E-01
           75   5.500000E+00   8.500000E+00   7.622221E-01
           76   6.000000E+00   8.500000E+00   7.647832E-01
           77   6.500000E+00   8.500000E+00   7.678812E-01
           78   7.000000E+00   8.500000E+00   7.718699E-01
           79   7.500000E+00   8.500000E+00   7.773918E-01
           80   8.000000E+00   8.500000E+00   7.849578E-01
           81   8.500000E+00   8.500000E+00   7.949442E-01
           82   9.000000E+00   8.500000E+00   8.085528E-01
           83   9.500000E+00   8.500000E+00   8.283591E-01
           84   1.000000E+01   8.500000E+00   8.285735E-01
           85   0.000000E+00   8.000000E+00   7.400115E-01
           86   5.000000E-01   8.000000E+00   7.402429E-01
           87   1.000000E+00   8.000000E+00   7.476191E-01
           88   1.500000E+00   8.000000E+00   7.519029E-01
           89   2.000000E+00   8.000000E+00   7.557818E-01
           90   2.500000E+00   8.000000E+00   7.592802E-01
           91   3.000000E+00   8.000000E+00   7.625192E-01
           92   3.500000E+00   8.000000E+00   7.656053E-01
           93   4.000000E+00   8.000000E+00   7.686586E-01
           94   4.500000E+00   8.000000E+00   7.718148E-01
           95   5.000000E+00   8.000000E+00   7.752592E-01
           96   5.500000E+00   8.000000E+00   7.791991E-01
           97   6.000000E+00   8.000000E+00   7.836817E-01
           98   6.500000E+00   8.000000E+00   7.888154E-01
           99   7.000000E+00   8.000000E+00   7.949209E-01
          100   7.500000E+00   8.000000E+00   8.024557E-01
          101   8.000000E+00   8.000000E+00   8.120654E-01
          102   8.500000E+00   8.000000E+00   8.245219E-01
          103   9.000000E+00   8.000000E+00   8.411933E-01
          104   9.500000E+00   8.000000E+00   8.698836E-01
          105   1.000000E+01   8.000000E+00   8.704625E-01
          106   0.000000E+00   7.500000E+00   7.461739E-01
          107   5.000000E-01   7.500000E+00   7.461236E-01
          108   1.000000E+00   7.500000E+00   7.546457E-01
          109   1.500000E+00   7.500000E+00   7.601581E-01
          110   2.000000E+00   7.500000E+00   7.653010E-01
          111   2.500000E+00   7.500000E+00   7.701937E-01
          112   3.000000E+00   7.500000E+00   7.750426E-01
          113   3.500000E+00   7.500000E+00   7.799882E-01
          114   4.000000E+00   7.500000E+00   7.848440E-01
          115   4.500000E+00   7.500000E+00   7.895605E-01
          116   5.000000E+00   7.500000E+00   7.943115E-01
          117   5.500000E+00   7.500000E+00   7.992953E-01
          118   6.000000E+00   7.500000E+00   8.047367E-01
          119   6.500000E+00   7.500000E+00   8.109605E-01
          120   7.000000E+00   7.500000E+00   8.183994E-01
          121   7.500000E+00   7.500000E+00   8.274983E-01
          122   8.000000E+00   7.500000E+00   8.390542E-01
          123   8.500000E+00   7.500000E+00   8.572101E-01
          124   9.000000E+00   7.500000E+00   8.814427E-01
          125   9.500000E+00   7.500000E+00   9.132794E-01
          126   1.000000E+01   7.500000E+00   9.133448E-01
          127   0.000000E+00   7.000000E+00   7.523143E-01
          128   5.000000E-01   7.000000E+00   7.521531E-01
          129   1.000000E+00   7.000000E+00   7.619939E-01
          130   1.500000E+00   7.000000E+00   7.691990E-01
          131   2.000000E+00   7.000000E+00   7.764514E-01
          132   2.500000E+00   7.000000E+00   7.837284E-01
          133   3.000000E+00   7.000000E+00   7.903863E-01
          134   3.500000E+00   7.000000E+00   7.964750E-01
          135   4.000000E+00   7.000000E+00   8.021708E-01
          136   4.500000E+00   7.000000E+00   8.076752E-01
          137   5.000000E+00   7.000000E+00   8.132248E-01
          138   5.500000E+00   7.000000E+00   8.191011E-01
          139   6.000000E+00   7.000000E+00   8.255656E-01
          140   6.500000E+00   7.000000E+00   8.329216E-01
          141   7.000000E+00   7.000000E+00   8.422740E-01
          142   7.500000E+00   7.000000E+00   8.557324E-01
          143   8.000000E+00   7.000000E+00   8.725440E-01
          144   8.500000E+00   7.000000E+00   8.938225E-01
          145   9.000000E+00   7.000000E+00   9.198889E-01
          146   9.500000E+00   7.000000E+00   9.572216E-01
          147   1.000000E+01   7.000000E+00   9.575203E-01
          148   0.000000E+00   6.500000E+00   7.586570E-01
          149   5.000000E-01   6.500000E+00   7.585331E-01
          150   1.000000E+00   6.500000E+00   7.701696E-01
          151   1.500000E+00   6.500000E+00   7.801764E-01
          152   2.000000E+00   6.500000E+00   7.897646E-01
          153   2.500000E+00   6.500000E+00   7.982433E-01
          154   3.000000E+00   6.500000E+00   8.057997E-01
          155   3.500000E+00   6.500000E+00   8.127012E-01
          156   4.000000E+00   6.500000E+00   8.192328E-01
          157   4.500000E+00   6.500000E+00   8.256463E-01
          158   5.000000E+00   6.500000E+00   8.321337E-01
          159   5.500000E+00   6.500000E+00   8.391826E-01
          160   6.000000E+00   6.500000E+00   8.484693E-01
          161   6.500000E+00   6.500000E+00   8.593373E-01
          162   7.000000E+00   6.500000E+00   8.719698E-01
          163   7.500000E+00   6.500000E+00   8.870592E-01
          164   8.000000E+00   6.500000E+00   9.055008E-01
          165   8.500000E+00   6.500000E+00   9.285204E-01
          166   9.000000E+00   6.500000E+00   9.610058E-01
          167   9.500000E+00   6.500000E+00   9.951943E-01
          168   1.000000E+01   6.500000E+00   9.949491E-01
          169   0.000000E+00   6.000000E+00   7.656549E-01
          170   5.000000E-01   6.000000E+00   7.656362E-01
          171   1.000000E+00   6.000000E+00   7.802388E-01
          172   1.500000E+00   6.000000E+00   7.925417E-01
          173   2.000000E+00   6.000000E+00   8.032950E-01
          174   2.500000E+00   6.000000E+00   8.127190E-01
          175   3.000000E+00   6.000000E+00   8.212308E-01
          176   3.500000E+00   6.000000E+00   8.291551E-01
          177   4.000000E+00   6.000000E+00   8.367582E-01
          178   4.500000E+00   6.000000E+00   8.454244E-01
          179   5.000000E+00   6.000000E+00   8.550052E-01
          180   5.500000E+00   6.000000E+00   8.650088E-01
          181   6.000000E+00   6.000000E+00   8.757089E-01
          182   6.500000E+00   6.000000E+00   8.874789E-01
          183   7.000000E+00   6.000000E+00   9.010083E-01
          184   7.500000E+00   6.000000E+00   9.165887E-01
          185   8.000000E+00   6.000000E+00   9.372386E-01
          186   8.500000E+00   6.000000E+00   9.640069E-01
          187   9.000000E+00   6.000000E+00   1.000000E+00
          188   9.500000E+00   6.000000E+00   1.000000E+00
          189   1.000000E+01   6.000000E+00   1.000000E+00
          190   0.000000E+00   5.500000E+00   7.742998E-01
          191   5.000000E-01   5.500000E+00   7.743788E-01
          192   1.000000E+00   5.500000E+00   7.916547E-01
          193   1.500000E+00   5.500000E+00   8.053143E-01
          194   2.000000E+00   5.500000E+00   8.171735E-01
          195   2.500000E+00   5.500000E+00   8.277699E-01
          196   3.000000E+00   5.500000E+00   8.375484E-01
          197   3.500000E+00   5.500000E+00   8.484624E-01
          198   4.000000E+00   5.500000E+00   8.594812E-01
          199   4.500000E+00   5.500000E+00   8.701499E-01
          200   5.000000E+00   5.500000E+00   8.805751E-01
          201   5.500000E+00   5.500000E+00   8.911641E-01
          202   6.000000E+00   5.500000E+00   9.024541E-01
          203   6.500000E+00   5.500000E+00   9.145909E-01
          204   7.000000E+00   5.500000E+00   9.290590E-01
          205   7.500000E+00   5.500000E+00   9.470555E-01
          206   8.000000E+00   5.500000E+00   9.674180E-01
          207   8.500000E+00   5.500000E+00   9.895082E-01
          208   9.000000E+00   5.500000E+00   1.000000E+00
          209   9.500000E+00   5.500000E+00   1.000000E+00
          210   1.000000E+01   5.500000E+00   1.000000E+00
          211   0.000000E+00   5.000000E+00   7.852469E-01
          212   5.000000E-01   5.000000E+00   7.852815E-01
          213   1.000000E+00   5.000000E+00   8.039313E-01
          214   1.500000E+00   5.000000E+00   8.189314E-01
          215   2.000000E+00   5.000000E+00   8.321707E-01
          216   2.500000E+00   5.000000E+00   8.453785E-01
          217   3.000000E+00   5.000000E+00   8.592953E-01
          218   3.500000E+00   5.000000E+00   8.722088E-01
          219   4.000000E+00   5.000000E+00   8.840257E-01
          220   4.500000E+00   5.000000E+00   8.952009E-01
          221   5.000000E+00   5.000000E+00   9.061614E-01
          222   5.500000E+00   5.000000E+00   9.168977E-01
          223   6.000000E+00   5.000000E+00   9.291403E-01
          224   6.500000E+00   5.000000E+00   9.430677E-01
          225   7.000000E+00   5.000000E+00   9.583177E-01
          226   7.500000E+00   5.000000E+00   9.749619E-01
          227   8.000000E+00   5.000000E+00   9.907319E-01
          228   8.500000E+00   5.000000E+00   1.000000E+00
          229   9.000000E+00   5.000000E+00   1.000000E+00
          230   9.500000E+00   5.000000E+00   1.000000E+00
          231   1.000000E+01   5.000000E+00   1.000000E+00
          232   0.000000E+00   4.500000E+00   7.974206E-01
          233   5.000000E-01   4.500000E+00   7.974272E-01
          234   1.000000E+00   4.500000E+00   8.175802E-01
          235   1.500000E+00   4.500000E+00   8.342031E-01
          236   2.000000E+00   4.500000E+00   8.514401E-01
          237   2.500000E+00   4.500000E+00   8.683524E-01
          238   3.000000E+00   4.500000E+00   8.834809E-01
          239   3.500000E+00   4.500000E+00   8.970245E-01
          240   4.000000E+00   4.500000E+00   9.093695E-01
          241   4.500000E+00   4.500000E+00   9.204298E-01
          242   5.000000E+00   4.500000E+00   9.329054E-01
          243   5.500000E+00   4.500000E+00   9.454168E-01
          244   6.000000E+00   4.500000E+00   9.578581E-01
          245   6.500000E+00   4.500000E+00   9.706027E-01
          246   7.000000E+00   4.500000E+00   9.832222E-01
          247   7.500000E+00   4.500000E+00   9.988697E-01
          248   8.000000E+00   4.500000E+00   1.000000E+00
          249   8.500000E+00   4.500000E+00   1.000000E+00
          250   9.000000E+00   4.500000E+00   1.000000E+00
          251   9.500000E+00   4.500000E+00   1.000000E+00
          252   1.000000E+01   4.500000E+00   1.000000E+00
          253   0.000000E+00   4.000000E+00   8.113243E-01
          254   5.000000E-01   4.000000E+00   8.115782E-01
          255   1.000000E+00   4.000000E+00   8.334889E-01
          256   1.500000E+00   4.000000E+00   8.549778E-01
          257   2.000000E+00   4.000000E+00   8.755463E-01
          258   2.500000E+00   4.000000E+00   8.936453E-01
          259   3.000000E+00   4.000000E+00   9.094246E-01
          260   3.500000E+00   4.000000E+00   9.231368E-01
          261   4.000000E+00   4.000000E+00   9.372165E-01
          262   4.500000E+00   4.000000E+00   9.499619E-01
          263   5.000000E+00   4.000000E+00   9.619193E-01
          264   5.500000E+00   4.000000E+00   9.735537E-01
          265   6.000000E+00   4.000000E+00   9.826837E-01
          266   6.500000E+00   4.000000E+00   9.923769E-01
          267   7.000000E+00   4.000000E+00   1.000000E+00
          268   7.500000E+00   4.000000E+00   1.000000E+00
          269   8.000000E+00   4.000000E+00   1.000000E+00
          270   8.500000E+00   4.000000E+00   1.000000E+00
          271   9.000000E+00   4.000000E+00   1.000000E+00
          272   9.500000E+00   4.000000E+00   1.000000E+00
          273   1.000000E+01   4.000000E+00   1.000000E+00
          274   0.000000E+00   3.500000E+00   8.283113E-01
          275   5.000000E-01   3.500000E+00   8.288247E-01
          276   1.000000E+00   3.500000E+00   8.556829E-01
          277   1.500000E+00   3.500000E+00   8.810173E-01
          278   2.000000E+00   3.500000E+00   9.030311E-01
          279   2.500000E+00   3.500000E+00   9.211845E-01
          280   3.000000E+00   3.500000E+00   9.387669E-01
          281   3.500000E+00   3.500000E+00   9.540557E-01
          282   4.000000E+00   3.500000E+00   9.678211E-01
          283   4.500000E+00   3.500000E+00   9.781200E-01
          284   5.000000E+00   3.500000E+00   9.868933E-01
          285   5.500000E+00   3.500000E+00   9.988515E-01
          286   6.000000E+00   3.500000E+00   1.000000E+00
          287   6.500000E+00   3.500000E+00   1.000000E+00
          288   7.000000E+00   3.500000E+00   1.000000E+00
          289   7.500000E+00   3.500000E+00   1.000000E+00
          290   8.000000E+00   3.500000E+00   1.000000E+00
          291   8.500000E+00   3.500000E+00   1.000000E+00
          292   9.000000E+00   3.500000E+00   1.000000E+00
          293   9.500000E+00   3.500000E+00   1.000000E+00
          294   1.000000E+01   3.500000E+00   1.000000E+00
          295   0.000000E+00   3.000000E+00   8.523026E-01
          296   5.000000E-01   3.000000E+00   8.527157E-01
          297   1.000000E+00   3.000000E+00   8.844846E-01
          298   1.500000E+00   3.000000E+00   9.116910E-01
          299   2.000000E+00   3.000000E+00   9.346334E-01
          300   2.500000E+00   3.000000E+00   9.549379E-01
          301   3.000000E+00   3.000000E+00   9.713765E-01
          302   3.500000E+00   3.000000E+00   9.828479E-01
          303   4.000000E+00   3.000000E+00   9.960596E-01
          304   4.500000E+00   3.000000E+00   1.000000E+00
          305   5.000000E+00   3.000000E+00   1.000000E+00
          306   5.500000E+00   3.000000E+00   1.000000E+00
          307   6.000000E+00   3.000000E+00   1.000000E+00
          308   6.500000E+00   3.000000E+00   1.000000E+00
          309   7.000000E+00   3.000000E+00   1.000000E+00
          310   7.500000E+00   3.000000E+00   1.000000E+00
          311   8.000000E+00   3.000000E+00   1.000000E+00
          312   8.500000E+00   3.000000E+00   1.000000E+00
          313   9.000000E+00   3.000000E+00   1.000000E+00
          314   9.500000E+00   3.000000E+00   1.000000E+00
          315   1.000000E+01   3.000000E+00   1.000000E+00
          316   0.000000E+00   2.500000E+00   8.850938E-01
          317   5.000000E-01   2.500000E+00   8.856205E-01
          318   1.000000E+00   2.500000E+00   9.190891E-01
          319   1.500000E+00   2.500000E+00   9.491633E-01
          320   2.000000E+00   2.500000E+00   9.709036E-01
          321   2.500000E+00   2.500000E+00   9.873754E-01
          322   3.000000E+00   2.500000E+00   1.000000E+00
          323   3.500000E+00   2.500000E+00   1.000000E+00
          324   4.000000E+00   2.500000E+00   1.000000E+00
          325   4.500000E+00   2.500000E+00   1.000000E+00
          326   5.000000E+00   2.500000E+00   1.000000E+00
          327   5.500000E+00   2.500000E+00   1.000000E+00
          328   6.000000E+00   2.500000E+00   1.000000E+00
          329   6.500000E+00   2.500000E+00   1.000000E+00
          330   7.000000E+00   2.500000E+00   1.000000E+00
          331   7.500000E+00   2.500000E+00   1.000000E+00
          332   8.000000E+00   2.500000E+00   1.000000E+00
          333   8.500000E+00   2.500000E+00   1.000000E+00
          334   9.000000E+00   2.500000E+00   1.000000E+00
          335   9.500000E+00   2.500000E+00   1.000000E+00
          336   1.000000E+01   2.500000E+00   1.000000E+00
          337   0.000000E+00   2.000000E+00   9.249606E-01
          338   5.000000E-01   2.000000E+00   9.253198E-01
          339   1.000000E+00   2.000000E+00   9.624116E-01
          340   1.500000E+00   2.000000E+00   9.930608E-01
          341   2.000000E+00   2.000000E+00   1.000000E+00
          342   2.500000E+00   2.000000E+00   1.000000E+00
          343   3.000000E+00   2.000000E+00   1.000000E+00
          344   3.500000E+00   2.000000E+00   1.000000E+00
          345   4.000000E+00   2.000000E+00   1.000000E+00
          346   4.500000E+00   2.000000E+00   1.000000E+00
          347   5.000000E+00   2.000000E+00   1.000000E+00
          348   5.500000E+00   2.000000E+00   1.000000E+00
          349   6.000000E+00   2.000000E+00   1.000000E+00
          350   6.500000E+00   2.000000E+00   1.000000E+00
          351   7.000000E+00   2.000000E+00   1.000000E+00
          352   7.500000E+00   2.000000E+00   1.000000E+00
          353   8.000000E+00   2.000000E+00   1.000000E+00
          354   8.500000E+00   2.000000E+00   1.000000E+00
          355   9.000000E+00   2.000000E+00   1.000000E+00
          356   9.500000E+00   2.000000E+00   1.000000E+00
          357   1.000000E+01   2.000000E+00   1.000000E+00
          358   0.000000E+00   1.500000E+00   9.722649E-01
          359   5.000000E-01   1.500000E+00   9.755796E-01
          360   1.000000E+00   1.500000E+00   1.000000E+00
          361   1.500000E+00   1.500000E+00   1.000000E+00
          362   2.000000E+00   1.500000E+00   1.000000E+00
          363   2.500000E+00   1.500000E+00   1.000000E+00
          364   3.000000E+00   1.500000E+00   1.000000E+00
          365   3.500000E+00   1.500000E+00   1.000000E+00
          366   4.000000E+00   1.500000E+00   1.000000E+00
          367   4.500000E+00   1.500000E+00   1.000000E+00
          368   5.000000E+00   1.500000E+00   1.000000E+00
          369   5.500000E+00   1.500000E+00   1.000000E+00
          370   6.000000E+00   1.500000E+00   1.000000E+00
          371   6.500000E+00   1.500000E+00   1.000000E+00
          372   7.000000E+00   1.500000E+00   1.000000E+00
          373   7.500000E+00   1.500000E+00   1.000000E+00
          374   8.000000E+00   1.500000E+00   1.000000E+00
          375   8.500000E+00   1.500000E+00   1.000000E+00
          376   9.000000E+00   1.500000E+00   1.000000E+00
          377   9.500000E+00   1.500000E+00   1.000000E+00
          378   1.000000E+01   1.500000E+00   1.000000E+00
          379   0.000000E+00   1.000000E+00   1.000000E+00
          380   5.000000E-01   1.000000E+00   1.000000E+00
          381   1.000000E+00   1.000000E+00   1.000000E+00
          382   1.500000E+00   1.000000E+00   1.000000E+00
          383   2.000000E+00   1.000000E+00   1.000000E+00
          384   2.500000E+00   1.000000E+00   1.000000E+00
          385   3.000000E+00   1.000000E+00   1.000000E+00
          386   3.500000E+00   1.000000E+00   1.000000E+00
          387   4.000000E+00   1.000000E+00   1.000000E+00
          388   4.500000E+00   1.000000E+00   1.000000E+00
          389   5.000000E+00   1.000000E+00   1.000000E+00
          390   5.500000E+00   1.000000E+00   1.000000E+00
          391   6.000000E+00   1.000000E+00   1.000000E+00
          392   6.500000E+00   1.000000E+00   1.000000E+00
          393   7.000000E+00   1.000000E+00   1.000000E+00
          394   7.500000E+00   1.000000E+00   1.000000E+00
          395   8.000000E+00   1.000000E+00   1.000000E+00
