     1 1.000000E-02 1.000000E-02     0  0.00000E+000  0.00000E+000 -0.00000E+000  0.00000E+000 -0.00000E+000  0.00000E+000  0.00000E+000  0.00000E+000  0.00000E+000  0.00000E+000  0.00000E+000
     2 5.000000E-03 1.500000E-02     0  0.00000E+000  0.00000E+000 -0.00000E+000  0.00000E+000 -0.00000E+000  0.00000E+000  0.00000E+000  0.00000E+000  0.00000E+000  0.00000E+000  0.00000E+000
     3 5.000000E-03 2.000000E-02     0  0.00000E+000  0.00000E+000 -0.00000E+000  0.00000E+000 -0.00000E+000  0.00000E+000  0.00000E+000  0.00000E+000  0.00000E+000  0.00000E+000  0.00000E+000
     4 5.500000E-03 2.550000E-02     0  0.00000E+000  0.00000E+000 -0.00000E+000  0.00000E+000 -0.00000E+000  0.00000E+000  0.00000E+000  0.00000E+000  0.00000E+000  0.00000E+000  0.00000E+000
     5 6.050000E-03 3.155000E-02     0  0.00000E+000  0.00000E+000 -0.00000E+000  0.00000E+000 -0.00000E+000  0.00000E+000  0.00000E+000  0.00000E+000  0.00000E+000  0.00000E+000  0.00000E+000
     6 6.655000E-03 3.820500E-02     0  0.00000E+000  0.00000E+000 -0.00000E+000  0.00000E+000 -0.00000E+000  0.00000E+000  0.00000E+000  0.00000E+000  0.00000E+000  0.00000E+000  0.00000E+000
     7 7.320500E-03 4.552550E-02     0  0.00000E+000  0.00000E+000 -0.00000E+000  0.00000E+000 -0.00000E+000  0.00000E+000  0.00000E+000  0.00000E+000  0.00000E+000  0.00000E+000  0.00000E+000
     8 3.660250E-03 4.918575E-02     0  0.00000E+000  0.00000E+000 -0.00000E+000  0.00000E+000 -0.00000E+000  0.00000E+000  0.00000E+000  0.00000E+000  0.00000E+000  0.00000E+000  0.00000E+000
     9 4.026275E-03 5.321203E-02     0  0.00000E+000  0.00000E+000 -0.00000E+000  0.00000E+000 -0.00000E+000  0.00000E+000  0.00000E+000  0.00000E+000  0.00000E+000  0.00000E+000  0.00000E+000
    10 4.428903E-03 5.764093E-02     0  0.00000E+000  0.00000E+000 -0.00000E+000  0.00000E+000 -0.00000E+000  0.00000E+000  0.00000E+000  0.00000E+000  0.00000E+000  0.00000E+000  0.00000E+000
    11 2.214451E-03 5.985538E-02     0  0.00000E+000  0.00000E+000 -0.00000E+000  0.00000E+000 -0.00000E+000  0.00000E+000  0.00000E+000  0.00000E+000  0.00000E+000  0.00000E+000  0.00000E+000
    12 2.435896E-03 6.229128E-02     0  0.00000E+000  0.00000E+000 -0.00000E+000  0.00000E+000 -0.00000E+000  0.00000E+000  0.00000E+000  0.00000E+000  0.00000E+000  0.00000E+000  0.00000E+000
    13 2.679486E-03 6.497076E-02     0  0.00000E+000  0.00000E+000 -0.00000E+000  0.00000E+000 -0.00000E+000  0.00000E+000  0.00000E+000  0.00000E+000  0.00000E+000  0.00000E+000  0.00000E+000
    14 2.947435E-03 6.791820E-02     0  0.00000E+000  0.00000E+000 -0.00000E+000  0.00000E+000 -0.00000E+000  0.00000E+000  0.00000E+000  0.00000E+000  0.00000E+000  0.00000E+000  0.00000E+000
    15 2.947435E-03 7.086563E-02     0  0.00000E+000  0.00000E+000 -0.00000E+000  0.00000E+000 -0.00000E+000  0.00000E+000  0.00000E+000  0.00000E+000  0.00000E+000  0.00000E+000  0.00000E+000
    16 3.242178E-03 7.410781E-02     0  0.00000E+000  0.00000E+000 -0.00000E+000  0.00000E+000 -0.00000E+000  0.00000E+000  0.00000E+000  0.00000E+000  0.00000E+000  0.00000E+000  0.00000E+000
    17 3.242178E-03 7.734999E-02     0  0.00000E+000  0.00000E+000 -0.00000E+000  0.00000E+000 -0.00000E+000  0.00000E+000  0.00000E+000  0.00000E+000  0.00000E+000  0.00000E+000  0.00000E+000
    18 1.621089E-03 7.897108E-02     0  0.00000E+000  0.00000E+000 -0.00000E+000  0.00000E+000 -0.00000E+000  0.00000E+000  0.00000E+000  0.00000E+000  0.00000E+000  0.00000E+000  0.00000E+000
    19 1.783198E-03 8.075427E-02     0  0.00000E+000  0.00000E+000 -0.00000E+000  0.00000E+000 -0.00000E+000  0.00000E+000  0.00000E+000  0.00000E+000  0.00000E+000  0.00000E+000  0.00000E+000
    20 1.961518E-03 8.271579E-02     0  0.00000E+000  0.00000E+000 -0.00000E+000  0.00000E+000 -0.00000E+000  0.00000E+000  0.00000E+000  0.00000E+000  0.00000E+000  0.00000E+000  0.00000E+000
    21 1.961518E-03 8.467731E-02     0  0.00000E+000  0.00000E+000 -0.00000E+000  0.00000E+000 -0.00000E+000  0.00000E+000  0.00000E+000  0.00000E+000  0.00000E+000  0.00000E+000  0.00000E+000
    22 1.961518E-03 8.663883E-02     0  0.00000E+000  0.00000E+000 -0.00000E+000  0.00000E+000 -0.00000E+000  0.00000E+000  0.00000E+000  0.00000E+000  0.00000E+000  0.00000E+000  0.00000E+000
    23 9.807589E-04 8.761959E-02     0  0.00000E+000  0.00000E+000 -0.00000E+000  0.00000E+000 -0.00000E+000  0.00000E+000  0.00000E+000  0.00000E+000  0.00000E+000  0.00000E+000  0.00000E+000
    24 1.078835E-03 8.869842E-02     0  0.00000E+000  0.00000E+000 -0.00000E+000  0.00000E+000 -0.00000E+000  0.00000E+000  0.00000E+000  0.00000E+000  0.00000E+000  0.00000E+000  0.00000E+000
    25 1.186718E-03 8.988514E-02     0  0.00000E+000  0.00000E+000 -0.00000E+000  0.00000E+000 -0.00000E+000  0.00000E+000  0.00000E+000  0.00000E+000  0.00000E+000  0.00000E+000  0.00000E+000
    26 1.305390E-03 9.119053E-02     0  0.00000E+000  0.00000E+000 -0.00000E+000  0.00000E+000 -0.00000E+000  0.00000E+000  0.00000E+000  0.00000E+000  0.00000E+000  0.00000E+000  0.00000E+000
    27 1.435929E-03 9.262646E-02     0  0.00000E+000  0.00000E+000 -0.00000E+000  0.00000E+000 -0.00000E+000  0.00000E+000  0.00000E+000  0.00000E+000  0.00000E+000  0.00000E+000  0.00000E+000
    28 1.435929E-03 9.406239E-02     0  0.00000E+000  0.00000E+000 -0.00000E+000  0.00000E+000 -0.00000E+000  0.00000E+000  0.00000E+000  0.00000E+000  0.00000E+000  0.00000E+000  0.00000E+000
    29 1.579522E-03 9.564191E-02     0  0.00000E+000  0.00000E+000 -0.00000E+000  0.00000E+000 -0.00000E+000  0.00000E+000  0.00000E+000  0.00000E+000  0.00000E+000  0.00000E+000  0.00000E+000
    30 1.737474E-03 9.737938E-02     0  0.00000E+000  0.00000E+000 -0.00000E+000  0.00000E+000 -0.00000E+000  0.00000E+000  0.00000E+000  0.00000E+000  0.00000E+000  0.00000E+000  0.00000E+000
    31 1.737474E-03 9.911686E-02     0  0.00000E+000  0.00000E+000 -0.00000E+000  0.00000E+000 -0.00000E+000  0.00000E+000  0.00000E+000  0.00000E+000  0.00000E+000  0.00000E+000  0.00000E+000
    32 1.911222E-03 1.010281E-01     0  0.00000E+000  0.00000E+000 -0.00000E+000  0.00000E+000 -0.00000E+000  0.00000E+000  0.00000E+000  0.00000E+000  0.00000E+000  0.00000E+000  0.00000E+000
    33 2.102344E-03 1.031304E-01     0  0.00000E+000  0.00000E+000 -0.00000E+000  0.00000E+000 -0.00000E+000  0.00000E+000  0.00000E+000  0.00000E+000  0.00000E+000  0.00000E+000  0.00000E+000
    34 2.312578E-03 1.054430E-01     0  0.00000E+000  0.00000E+000 -0.00000E+000  0.00000E+000 -0.00000E+000  0.00000E+000  0.00000E+000  0.00000E+000  0.00000E+000  0.00000E+000  0.00000E+000
    35 2.543836E-03 1.079868E-01     0  0.00000E+000  0.00000E+000 -0.00000E+000  0.00000E+000 -0.00000E+000  0.00000E+000  0.00000E+000  0.00000E+000  0.00000E+000  0.00000E+000  0.00000E+000
    36 2.798220E-03 1.107851E-01     0  0.00000E+000  0.00000E+000 -0.00000E+000  0.00000E+000 -0.00000E+000  0.00000E+000  0.00000E+000  0.00000E+000  0.00000E+000  0.00000E+000  0.00000E+000
    37 2.798220E-03 1.135833E-01     0  0.00000E+000  0.00000E+000 -0.00000E+000  0.00000E+000 -0.00000E+000  0.00000E+000  0.00000E+000  0.00000E+000  0.00000E+000  0.00000E+000  0.00000E+000
    38 3.078041E-03 1.166613E-01     0  0.00000E+000  0.00000E+000 -0.00000E+000  0.00000E+000 -0.00000E+000  0.00000E+000  0.00000E+000  0.00000E+000  0.00000E+000  0.00000E+000  0.00000E+000
    39 3.078041E-03 1.197394E-01     0  0.00000E+000  0.00000E+000 -0.00000E+000  0.00000E+000 -0.00000E+000  0.00000E+000  0.00000E+000  0.00000E+000  0.00000E+000  0.00000E+000  0.00000E+000
    40 3.078041E-03 1.228174E-01     0  0.00000E+000  0.00000E+000 -0.00000E+000  0.00000E+000 -0.00000E+000  0.00000E+000  0.00000E+000  0.00000E+000  0.00000E+000  0.00000E+000  0.00000E+000
    41 3.385846E-03 1.262032E-01     0  0.00000E+000  0.00000E+000 -0.00000E+000  0.00000E+000 -0.00000E+000  0.00000E+000  0.00000E+000  0.00000E+000  0.00000E+000  0.00000E+000  0.00000E+000
    42 3.724430E-03 1.299277E-01     0  0.00000E+000  0.00000E+000 -0.00000E+000  0.00000E+000 -0.00000E+000  0.00000E+000  0.00000E+000  0.00000E+000  0.00000E+000  0.00000E+000  0.00000E+000
    43 4.096873E-03 1.340245E-01     0  0.00000E+000  0.00000E+000 -0.00000E+000  0.00000E+000 -0.00000E+000  0.00000E+000  0.00000E+000  0.00000E+000  0.00000E+000  0.00000E+000  0.00000E+000
    44 4.096873E-03 1.381214E-01     0  0.00000E+000  0.00000E+000 -0.00000E+000  0.00000E+000 -0.00000E+000  0.00000E+000  0.00000E+000  0.00000E+000  0.00000E+000  0.00000E+000  0.00000E+000
    45 4.096873E-03 1.422183E-01     0  0.00000E+000  0.00000E+000 -0.00000E+000  0.00000E+000 -0.00000E+000  0.00000E+000  0.00000E+000  0.00000E+000  0.00000E+000  0.00000E+000  0.00000E+000
    46 4.096873E-03 1.463152E-01     0  0.00000E+000  0.00000E+000 -0.00000E+000  0.00000E+000 -0.00000E+000  0.00000E+000  0.00000E+000  0.00000E+000  0.00000E+000  0.00000E+000  0.00000E+000
    47 4.096873E-03 1.504120E-01     0  0.00000E+000  0.00000E+000 -0.00000E+000  0.00000E+000 -0.00000E+000  0.00000E+000  0.00000E+000  0.00000E+000  0.00000E+000  0.00000E+000  0.00000E+000
    48 4.096873E-03 1.545089E-01     0  0.00000E+000  0.00000E+000 -0.00000E+000  0.00000E+000 -0.00000E+000  0.00000E+000  0.00000E+000  0.00000E+000  0.00000E+000  0.00000E+000  0.00000E+000
    49 4.096873E-03 1.586058E-01     0  0.00000E+000  0.00000E+000 -0.00000E+000  0.00000E+000 -0.00000E+000  0.00000E+000  0.00000E+000  0.00000E+000  0.00000E+000  0.00000E+000  0.00000E+000
    50 4.096873E-03 1.627027E-01     0  0.00000E+000  0.00000E+000 -0.00000E+000  0.00000E+000 -0.00000E+000  0.00000E+000  0.00000E+000  0.00000E+000  0.00000E+000  0.00000E+000  0.00000E+000
    51 4.096873E-03 1.667995E-01     0  0.00000E+000  0.00000E+000 -0.00000E+000  0.00000E+000 -0.00000E+000  0.00000E+000  0.00000E+000  0.00000E+000  0.00000E+000  0.00000E+000  0.00000E+000
    52 4.096873E-03 1.708964E-01     0  0.00000E+000  0.00000E+000 -0.00000E+000  0.00000E+000 -0.00000E+000  0.00000E+000  0.00000E+000  0.00000E+000  0.00000E+000  0.00000E+000  0.00000E+000
    53 4.096873E-03 1.749933E-01     0  0.00000E+000  0.00000E+000 -0.00000E+000  0.00000E+000 -0.00000E+000  0.00000E+000  0.00000E+000  0.00000E+000  0.00000E+000  0.00000E+000  0.00000E+000
    54 4.096873E-03 1.790902E-01     0  0.00000E+000  0.00000E+000 -0.00000E+000  0.00000E+000 -0.00000E+000  0.00000E+000  0.00000E+000  0.00000E+000  0.00000E+000  0.00000E+000  0.00000E+000
    55 4.506561E-03 1.835967E-01     0  0.00000E+000  0.00000E+000 -0.00000E+000  0.00000E+000 -0.00000E+000  0.00000E+000  0.00000E+000  0.00000E+000  0.00000E+000  0.00000E+000  0.00000E+000
    56 4.506561E-03 1.881033E-01     0  0.00000E+000  0.00000E+000 -0.00000E+000  0.00000E+000 -0.00000E+000  0.00000E+000  0.00000E+000  0.00000E+000  0.00000E+000  0.00000E+000  0.00000E+000
    57 4.506561E-03 1.926098E-01     0  0.00000E+000  0.00000E+000 -0.00000E+000  0.00000E+000 -0.00000E+000  0.00000E+000  0.00000E+000  0.00000E+000  0.00000E+000  0.00000E+000  0.00000E+000
    58 4.957217E-03 1.975671E-01     0  0.00000E+000  0.00000E+000 -0.00000E+000  0.00000E+000 -0.00000E+000  0.00000E+000  0.00000E+000  0.00000E+000  0.00000E+000  0.00000E+000  0.00000E+000
    59 4.957217E-03 2.025243E-01     0  0.00000E+000  0.00000E+000 -0.00000E+000  0.00000E+000 -0.00000E+000  0.00000E+000  0.00000E+000  0.00000E+000  0.00000E+000  0.00000E+000  0.00000E+000
    60 5.452938E-03 2.079772E-01     0  0.00000E+000  0.00000E+000 -0.00000E+000  0.00000E+000 -0.00000E+000  0.00000E+000  0.00000E+000  0.00000E+000  0.00000E+000  0.00000E+000  0.00000E+000
    61 5.452938E-03 2.134301E-01     0  0.00000E+000  0.00000E+000 -0.00000E+000  0.00000E+000 -0.00000E+000  0.00000E+000  0.00000E+000  0.00000E+000  0.00000E+000  0.00000E+000  0.00000E+000
    62 5.998232E-03 2.194284E-01     0  0.00000E+000  0.00000E+000 -0.00000E+000  0.00000E+000 -0.00000E+000  0.00000E+000  0.00000E+000  0.00000E+000  0.00000E+000  0.00000E+000  0.00000E+000
    63 5.998232E-03 2.254266E-01     0  0.00000E+000  0.00000E+000 -0.00000E+000  0.00000E+000 -0.00000E+000  0.00000E+000  0.00000E+000  0.00000E+000  0.00000E+000  0.00000E+000  0.00000E+000
    64 5.998232E-03 2.314248E-01     0  0.00000E+000  0.00000E+000 -0.00000E+000  0.00000E+000 -0.00000E+000  0.00000E+000  0.00000E+000  0.00000E+000  0.00000E+000  0.00000E+000  0.00000E+000
    65 5.998232E-03 2.374231E-01     0  0.00000E+000  0.00000E+000 -0.00000E+000  0.00000E+000 -0.00000E+000  0.00000E+000  0.00000E+000  0.00000E+000  0.00000E+000  0.00000E+000  0.00000E+000
    66 5.998232E-03 2.434213E-01     0  0.00000E+000  0.00000E+000 -0.00000E+000  0.00000E+000 -0.00000E+000  0.00000E+000  0.00000E+000  0.00000E+000  0.00000E+000  0.00000E+000  0.00000E+000
    67 6.598055E-03 2.500194E-01     0  0.00000E+000  0.00000E+000 -0.00000E+000  0.00000E+000 -0.00000E+000  0.00000E+000  0.00000E+000  0.00000E+000  0.00000E+000  0.00000E+000  0.00000E+000
    68 6.598055E-03 2.566174E-01     0  0.00000E+000  0.00000E+000 -0.00000E+000  0.00000E+000 -0.00000E+000  0.00000E+000  0.00000E+000  0.00000E+000  0.00000E+000  0.00000E+000  0.00000E+000
    69 7.257861E-03 2.638753E-01     0  0.00000E+000  0.00000E+000 -0.00000E+000  0.00000E+000 -0.00000E+000  0.00000E+000  0.00000E+000  0.00000E+000  0.00000E+000  0.00000E+000  0.00000E+000
    70 7.257861E-03 2.711331E-01     0  0.00000E+000  0.00000E+000 -0.00000E+000  0.00000E+000 -0.00000E+000  0.00000E+000  0.00000E+000  0.00000E+000  0.00000E+000  0.00000E+000  0.00000E+000
    71 7.983647E-03 2.791168E-01     0  0.00000E+000  0.00000E+000 -0.00000E+000  0.00000E+000 -0.00000E+000  0.00000E+000  0.00000E+000  0.00000E+000  0.00000E+000  0.00000E+000  0.00000E+000
    72 7.983647E-03 2.871004E-01     0  0.00000E+000  0.00000E+000 -0.00000E+000  0.00000E+000 -0.00000E+000  0.00000E+000  0.00000E+000  0.00000E+000  0.00000E+000  0.00000E+000  0.00000E+000
    73 7.983647E-03 2.950841E-01     0  0.00000E+000  0.00000E+000 -0.00000E+000  0.00000E+000 -0.00000E+000  0.00000E+000  0.00000E+000  0.00000E+000  0.00000E+000  0.00000E+000  0.00000E+000
    74 7.983647E-03 3.030677E-01     0  0.00000E+000  0.00000E+000 -0.00000E+000  0.00000E+000 -0.00000E+000  0.00000E+000  0.00000E+000  0.00000E+000  0.00000E+000  0.00000E+000  0.00000E+000
    75 7.983647E-03 3.110514E-01     0  0.00000E+000  0.00000E+000 -0.00000E+000  0.00000E+000 -0.00000E+000  0.00000E+000  0.00000E+000  0.00000E+000  0.00000E+000  0.00000E+000  0.00000E+000
    76 8.782012E-03 3.198334E-01     0  0.00000E+000  0.00000E+000 -0.00000E+000  0.00000E+000 -0.00000E+000  0.00000E+000  0.00000E+000  0.00000E+000  0.00000E+000  0.00000E+000  0.00000E+000
    77 8.782012E-03 3.286154E-01     0  0.00000E+000  0.00000E+000 -0.00000E+000  0.00000E+000 -0.00000E+000  0.00000E+000  0.00000E+000  0.00000E+000  0.00000E+000  0.00000E+000  0.00000E+000
    78 8.782012E-03 3.373974E-01     0  0.00000E+000  0.00000E+000 -0.00000E+000  0.00000E+000 -0.00000E+000  0.00000E+000  0.00000E+000  0.00000E+000  0.00000E+000  0.00000E+000  0.00000E+000
    79 9.660213E-03 3.470576E-01     0  0.00000E+000  0.00000E+000 -0.00000E+000  0.00000E+000 -0.00000E+000  0.00000E+000  0.00000E+000  0.00000E+000  0.00000E+000  0.00000E+000  0.00000E+000
    80 9.660213E-03 3.567178E-01     0  0.00000E+000  0.00000E+000 -0.00000E+000  0.00000E+000 -0.00000E+000  0.00000E+000  0.00000E+000  0.00000E+000  0.00000E+000  0.00000E+000  0.00000E+000
    81 9.660213E-03 3.663780E-01     0  0.00000E+000  0.00000E+000 -0.00000E+000  0.00000E+000 -0.00000E+000  0.00000E+000  0.00000E+000  0.00000E+000  0.00000E+000  0.00000E+000  0.00000E+000
    82 9.660213E-03 3.760383E-01     0  0.00000E+000  0.00000E+000 -0.00000E+000  0.00000E+000 -0.00000E+000  0.00000E+000  0.00000E+000  0.00000E+000  0.00000E+000  0.00000E+000  0.00000E+000
    83 1.062623E-02 3.866645E-01     0  0.00000E+000  0.00000E+000 -0.00000E+000  0.00000E+000 -0.00000E+000  0.00000E+000  0.00000E+000  0.00000E+000  0.00000E+000  0.00000E+000  0.00000E+000
    84 1.062623E-02 3.972907E-01     0  0.00000E+000  0.00000E+000 -0.00000E+000  0.00000E+000 -0.00000E+000  0.00000E+000  0.00000E+000  0.00000E+000  0.00000E+000  0.00000E+000  0.00000E+000
    85 1.062623E-02 4.079170E-01     0  0.00000E+000  0.00000E+000 -0.00000E+000  0.00000E+000 -0.00000E+000  0.00000E+000  0.00000E+000  0.00000E+000  0.00000E+000  0.00000E+000  0.00000E+000
    86 1.062623E-02 4.185432E-01     0  0.00000E+000  0.00000E+000 -0.00000E+000  0.00000E+000 -0.00000E+000  0.00000E+000  0.00000E+000  0.00000E+000  0.00000E+000  0.00000E+000  0.00000E+000
    87 1.062623E-02 4.291694E-01     0  0.00000E+000  0.00000E+000 -0.00000E+000  0.00000E+000 -0.00000E+000  0.00000E+000  0.00000E+000  0.00000E+000  0.00000E+000  0.00000E+000  0.00000E+000
    88 1.062623E-02 4.397957E-01     0  0.00000E+000  0.00000E+000 -0.00000E+000  0.00000E+000 -0.00000E+000  0.00000E+000  0.00000E+000  0.00000E+000  0.00000E+000  0.00000E+000  0.00000E+000
    89 1.062623E-02 4.504219E-01     0  0.00000E+000  0.00000E+000 -0.00000E+000  0.00000E+000 -0.00000E+000  0.00000E+000  0.00000E+000  0.00000E+000  0.00000E+000  0.00000E+000  0.00000E+000
    90 1.062623E-02 4.610481E-01     0  0.00000E+000  0.00000E+000 -0.00000E+000  0.00000E+000 -0.00000E+000  0.00000E+000  0.00000E+000  0.00000E+000  0.00000E+000  0.00000E+000  0.00000E+000
    91 1.062623E-02 4.716744E-01     0  0.00000E+000  0.00000E+000 -0.00000E+000  0.00000E+000 -0.00000E+000  0.00000E+000  0.00000E+000  0.00000E+000  0.00000E+000  0.00000E+000  0.00000E+000
    92 1.062623E-02 4.823006E-01     0  0.00000E+000  0.00000E+000 -0.00000E+000  0.00000E+000 -0.00000E+000  0.00000E+000  0.00000E+000  0.00000E+000  0.00000E+000  0.00000E+000  0.00000E+000
    93 1.062623E-02 4.929268E-01     0  0.00000E+000  0.00000E+000 -0.00000E+000  0.00000E+000 -0.00000E+000  0.00000E+000  0.00000E+000  0.00000E+000  0.00000E+000  0.00000E+000  0.00000E+000
    94 1.168886E-02 5.046157E-01     0  0.00000E+000  0.00000E+000 -0.00000E+000  0.00000E+000 -0.00000E+000  0.00000E+000  0.00000E+000  0.00000E+000  0.00000E+000  0.00000E+000  0.00000E+000
    95 1.168886E-02 5.163045E-01     0  0.00000E+000  0.00000E+000 -0.00000E+000  0.00000E+000 -0.00000E+000  0.00000E+000  0.00000E+000  0.00000E+000  0.00000E+000  0.00000E+000  0.00000E+000
    96 1.285774E-02 5.291623E-01     0  0.00000E+000  0.00000E+000 -0.00000E+000  0.00000E+000 -0.00000E+000  0.00000E+000  0.00000E+000  0.00000E+000  0.00000E+000  0.00000E+000  0.00000E+000
    97 1.285774E-02 5.420200E-01     0  0.00000E+000  0.00000E+000 -0.00000E+000  0.00000E+000 -0.00000E+000  0.00000E+000  0.00000E+000  0.00000E+000  0.00000E+000  0.00000E+000  0.00000E+000
    98 1.414352E-02 5.561635E-01     0  0.00000E+000  0.00000E+000 -0.00000E+000  0.00000E+000 -0.00000E+000  0.00000E+000  0.00000E+000  0.00000E+000  0.00000E+000  0.00000E+000  0.00000E+000
    99 1.414352E-02 5.703071E-01     0  0.00000E+000  0.00000E+000 -0.00000E+000  0.00000E+000 -0.00000E+000  0.00000E+000  0.00000E+000  0.00000E+000  0.00000E+000  0.00000E+000  0.00000E+000
   100 1.414352E-02 5.844506E-01     0  0.00000E+000  0.00000E+000 -0.00000E+000  0.00000E+000 -0.00000E+000  0.00000E+000  0.00000E+000  0.00000E+000  0.00000E+000  0.00000E+000  0.00000E+000
   101 1.555787E-02 6.000085E-01     0  0.00000E+000  0.00000E+000 -0.00000E+000  0.00000E+000 -0.00000E+000  0.00000E+000  0.00000E+000  0.00000E+000  0.00000E+000  0.00000E+000  0.00000E+000
   102 1.555787E-02 6.155663E-01     0  0.00000E+000  0.00000E+000 -0.00000E+000  0.00000E+000 -0.00000E+000  0.00000E+000  0.00000E+000  0.00000E+000  0.00000E+000  0.00000E+000  0.00000E+000
   103 1.555787E-02 6.311242E-01     0  0.00000E+000  0.00000E+000 -0.00000E+000  0.00000E+000 -0.00000E+000  0.00000E+000  0.00000E+000  0.00000E+000  0.00000E+000  0.00000E+000  0.00000E+000
   104 1.555787E-02 6.466821E-01     0  0.00000E+000  0.00000E+000 -0.00000E+000  0.00000E+000 -0.00000E+000  0.00000E+000  0.00000E+000  0.00000E+000  0.00000E+000  0.00000E+000  0.00000E+000
   105 1.711366E-02 6.637957E-01     0  0.00000E+000  0.00000E+000 -0.00000E+000  0.00000E+000 -0.00000E+000  0.00000E+000  0.00000E+000  0.00000E+000  0.00000E+000  0.00000E+000  0.00000E+000
   106 1.882502E-02 6.826207E-01     0  0.00000E+000  0.00000E+000 -0.00000E+000  0.00000E+000 -0.00000E+000  0.00000E+000  0.00000E+000  0.00000E+000  0.00000E+000  0.00000E+000  0.00000E+000
   107 1.882502E-02 7.014458E-01     0  0.00000E+000  0.00000E+000 -0.00000E+000  0.00000E+000 -0.00000E+000  0.00000E+000  0.00000E+000  0.00000E+000  0.00000E+000  0.00000E+000  0.00000E+000
   108 1.882502E-02 7.202708E-01     0  0.00000E+000  0.00000E+000 -0.00000E+000  0.00000E+000 -0.00000E+000  0.00000E+000  0.00000E+000  0.00000E+000  0.00000E+000  0.00000E+000  0.00000E+000
   109 1.882502E-02 7.390958E-01     0  0.00000E+000  0.00000E+000 -0.00000E+000  0.00000E+000 -0.00000E+000  0.00000E+000  0.00000E+000  0.00000E+000  0.00000E+000  0.00000E+000  0.00000E+000
   110 2.070752E-02 7.598033E-01     0  0.00000E+000  0.00000E+000 -0.00000E+000  0.00000E+000 -0.00000E+000  0.00000E+000  0.00000E+000  0.00000E+000  0.00000E+000  0.00000E+000  0.00000E+000
   111 2.070752E-02 7.805108E-01     0  0.00000E+000  0.00000E+000 -0.00000E+000  0.00000E+000 -0.00000E+000  0.00000E+000  0.00000E+000  0.00000E+000  0.00000E+000  0.00000E+000  0.00000E+000
   112 2.277828E-02 8.032891E-01     0  0.00000E+000  0.00000E+000 -0.00000E+000  0.00000E+000 -0.00000E+000  0.00000E+000  0.00000E+000  0.00000E+000  0.00000E+000  0.00000E+000  0.00000E+000
   113 2.505610E-02 8.283452E-01     0  0.00000E+000  0.00000E+000 -0.00000E+000  0.00000E+000 -0.00000E+000  0.00000E+000  0.00000E+000  0.00000E+000  0.00000E+000  0.00000E+000  0.00000E+000
   114 2.756171E-02 8.559069E-01     0  0.00000E+000  0.00000E+000 -0.00000E+000  0.00000E+000 -0.00000E+000  0.00000E+000  0.00000E+000  0.00000E+000  0.00000E+000  0.00000E+000  0.00000E+000
   115 2.756171E-02 8.834687E-01     0  0.00000E+000  0.00000E+000 -0.00000E+000  0.00000E+000 -0.00000E+000  0.00000E+000  0.00000E+000  0.00000E+000  0.00000E+000  0.00000E+000  0.00000E+000
   116 2.756171E-02 9.110304E-01     0  0.00000E+000  0.00000E+000 -0.00000E+000  0.00000E+000 -0.00000E+000  0.00000E+000  0.00000E+000  0.00000E+000  0.00000E+000  0.00000E+000  0.00000E+000
   117 3.031789E-02 9.413483E-01     0  0.00000E+000  0.00000E+000 -0.00000E+000  0.00000E+000 -0.00000E+000  0.00000E+000  0.00000E+000  0.00000E+000  0.00000E+000  0.00000E+000  0.00000E+000
   118 3.334967E-02 9.746979E-01     0  0.00000E+000  0.00000E+000 -0.00000E+000  0.00000E+000 -0.00000E+000  0.00000E+000  0.00000E+000  0.00000E+000  0.00000E+000  0.00000E+000  0.00000E+000
   119 3.668464E-02 1.011383E+00     0  0.00000E+000  0.00000E+000 -0.00000E+000  0.00000E+000 -0.00000E+000  0.00000E+000  0.00000E+000  0.00000E+000  0.00000E+000  0.00000E+000  0.00000E+000
   120 3.668464E-02 1.048067E+00     0  0.00000E+000  0.00000E+000 -0.00000E+000  0.00000E+000 -0.00000E+000  0.00000E+000  0.00000E+000  0.00000E+000  0.00000E+000  0.00000E+000  0.00000E+000
   121 4.035311E-02 1.088420E+00     0  0.00000E+000  0.00000E+000 -0.00000E+000  0.00000E+000 -0.00000E+000  0.00000E+000  0.00000E+000  0.00000E+000  0.00000E+000  0.00000E+000  0.00000E+000
   122 4.438842E-02 1.132809E+00     0  0.00000E+000  0.00000E+000 -0.00000E+000  0.00000E+000 -0.00000E+000  0.00000E+000  0.00000E+000  0.00000E+000  0.00000E+000  0.00000E+000  0.00000E+000
   123 4.438842E-02 1.177197E+00     0  0.00000E+000  0.00000E+000 -0.00000E+000  0.00000E+000 -0.00000E+000  0.00000E+000  0.00000E+000  0.00000E+000  0.00000E+000  0.00000E+000  0.00000E+000
   124 4.438842E-02 1.221586E+00     0  0.00000E+000  0.00000E+000 -0.00000E+000  0.00000E+000 -0.00000E+000  0.00000E+000  0.00000E+000  0.00000E+000  0.00000E+000  0.00000E+000  0.00000E+000
   125 4.438842E-02 1.265974E+00     0  0.00000E+000  0.00000E+000 -0.00000E+000  0.00000E+000 -0.00000E+000  0.00000E+000  0.00000E+000  0.00000E+000  0.00000E+000  0.00000E+000  0.00000E+000
   126 4.882726E-02 1.314801E+00     0  0.00000E+000  0.00000E+000 -0.00000E+000  0.00000E+000 -0.00000E+000  0.00000E+000  0.00000E+000  0.00000E+000  0.00000E+000  0.00000E+000  0.00000E+000
   127 4.882726E-02 1.363629E+00     0  0.00000E+000  0.00000E+000 -0.00000E+000  0.00000E+000 -0.00000E+000  0.00000E+000  0.00000E+000  0.00000E+000  0.00000E+000  0.00000E+000  0.00000E+000
   128 5.370998E-02 1.417338E+00     0  0.00000E+000  0.00000E+000 -0.00000E+000  0.00000E+000 -0.00000E+000  0.00000E+000  0.00000E+000  0.00000E+000  0.00000E+000  0.00000E+000  0.00000E+000
   129 5.908098E-02 1.476419E+00     0  0.00000E+000  0.00000E+000 -0.00000E+000  0.00000E+000 -0.00000E+000  0.00000E+000  0.00000E+000  0.00000E+000  0.00000E+000  0.00000E+000  0.00000E+000
   130 5.908098E-02 1.535500E+00     0  0.00000E+000  0.00000E+000 -0.00000E+000  0.00000E+000 -0.00000E+000  0.00000E+000  0.00000E+000  0.00000E+000  0.00000E+000  0.00000E+000  0.00000E+000
   131 6.498908E-02 1.600490E+00     0  0.00000E+000  0.00000E+000 -0.00000E+000  0.00000E+000 -0.00000E+000  0.00000E+000  0.00000E+000  0.00000E+000  0.00000E+000  0.00000E+000  0.00000E+000
   132 7.148799E-02 1.671978E+00     0  0.00000E+000  0.00000E+000 -0.00000E+000  0.00000E+000 -0.00000E+000  0.00000E+000  0.00000E+000  0.00000E+000  0.00000E+000  0.00000E+000  0.00000E+000
   133 7.863679E-02 1.750614E+00     0  0.00000E+000  0.00000E+000 -0.00000E+000  0.00000E+000 -0.00000E+000  0.00000E+000  0.00000E+000  0.00000E+000  0.00000E+000  0.00000E+000  0.00000E+000
   134 8.650047E-02 1.837115E+00     0  0.00000E+000  0.00000E+000 -0.00000E+000  0.00000E+000 -0.00000E+000  0.00000E+000  0.00000E+000  0.00000E+000  0.00000E+000  0.00000E+000  0.00000E+000
   135 9.515051E-02 1.932265E+00     0  0.00000E+000  0.00000E+000 -0.00000E+000  0.00000E+000 -0.00000E+000  0.00000E+000  0.00000E+000  0.00000E+000  0.00000E+000  0.00000E+000  0.00000E+000
   136 1.046656E-01 2.036931E+00     0  0.00000E+000  0.00000E+000 -0.00000E+000  0.00000E+000 -0.00000E+000  0.00000E+000  0.00000E+000  0.00000E+000  0.00000E+000  0.00000E+000  0.00000E+000
   137 1.151321E-01 2.152063E+00     0  0.00000E+000  0.00000E+000 -0.00000E+000  0.00000E+000 -0.00000E+000  0.00000E+000  0.00000E+000  0.00000E+000  0.00000E+000  0.00000E+000  0.00000E+000
   138 1.151321E-01 2.267195E+00     0  0.00000E+000  0.00000E+000 -0.00000E+000  0.00000E+000 -0.00000E+000  0.00000E+000  0.00000E+000  0.00000E+000  0.00000E+000  0.00000E+000  0.00000E+000
   139 1.266453E-01 2.393840E+00     0  0.00000E+000  0.00000E+000 -0.00000E+000  0.00000E+000 -0.00000E+000  0.00000E+000  0.00000E+000  0.00000E+000  0.00000E+000  0.00000E+000  0.00000E+000
   140 1.266453E-01 2.520486E+00     0  0.00000E+000  0.00000E+000 -0.00000E+000  0.00000E+000 -0.00000E+000  0.00000E+000  0.00000E+000  0.00000E+000  0.00000E+000  0.00000E+000  0.00000E+000
   141 1.393099E-01 2.659796E+00     0  0.00000E+000  0.00000E+000 -0.00000E+000  0.00000E+000 -0.00000E+000  0.00000E+000  0.00000E+000  0.00000E+000  0.00000E+000  0.00000E+000  0.00000E+000
   142 1.532409E-01 2.813036E+00     0  0.00000E+000  0.00000E+000 -0.00000E+000  0.00000E+000 -0.00000E+000  0.00000E+000  0.00000E+000  0.00000E+000  0.00000E+000  0.00000E+000  0.00000E+000
   143 1.532409E-01 2.966277E+00     0  0.00000E+000  0.00000E+000 -0.00000E+000  0.00000E+000 -0.00000E+000  0.00000E+000  0.00000E+000  0.00000E+000  0.00000E+000  0.00000E+000  0.00000E+000
   144 1.685649E-01 3.134842E+00     0  0.00000E+000  0.00000E+000 -0.00000E+000  0.00000E+000 -0.00000E+000  0.00000E+000  0.00000E+000  0.00000E+000  0.00000E+000  0.00000E+000  0.00000E+000
   145 1.854214E-01 3.320264E+00     0  0.00000E+000  0.00000E+000 -0.00000E+000  0.00000E+000 -0.00000E+000  0.00000E+000  0.00000E+000  0.00000E+000  0.00000E+000  0.00000E+000  0.00000E+000
   146 1.854214E-01 3.505685E+00     0  0.00000E+000  0.00000E+000 -0.00000E+000  0.00000E+000 -0.00000E+000  0.00000E+000  0.00000E+000  0.00000E+000  0.00000E+000  0.00000E+000  0.00000E+000
   147 2.039636E-01 3.709649E+00     0  0.00000E+000  0.00000E+000 -0.00000E+000  0.00000E+000 -0.00000E+000  0.00000E+000  0.00000E+000  0.00000E+000  0.00000E+000  0.00000E+000  0.00000E+000
   148 2.039636E-01 3.913612E+00     0  0.00000E+000  0.00000E+000 -0.00000E+000  0.00000E+000 -0.00000E+000  0.00000E+000  0.00000E+000  0.00000E+000  0.00000E+000  0.00000E+000  0.00000E+000
   149 2.039636E-01 4.117576E+00     0  0.00000E+000  0.00000E+000 -0.00000E+000  0.00000E+000 -0.00000E+000  0.00000E+000  0.00000E+000  0.00000E+000  0.00000E+000  0.00000E+000  0.00000E+000
   150 2.243599E-01 4.341936E+00     0  0.00000E+000  0.00000E+000 -0.00000E+000  0.00000E+000 -0.00000E+000  0.00000E+000  0.00000E+000  0.00000E+000  0.00000E+000  0.00000E+000  0.00000E+000
   151 2.467959E-01 4.588732E+00     0  0.00000E+000  0.00000E+000 -0.00000E+000  0.00000E+000 -0.00000E+000  0.00000E+000  0.00000E+000  0.00000E+000  0.00000E+000  0.00000E+000  0.00000E+000
   152 2.714755E-01 4.860207E+00     0  0.00000E+000  0.00000E+000 -0.00000E+000  0.00000E+000 -0.00000E+000  0.00000E+000  0.00000E+000  0.00000E+000  0.00000E+000  0.00000E+000  0.00000E+000
   153 2.714755E-01 5.131683E+00     0  0.00000E+000  0.00000E+000 -0.00000E+000  0.00000E+000 -0.00000E+000  0.00000E+000  0.00000E+000  0.00000E+000  0.00000E+000  0.00000E+000  0.00000E+000
   154 2.986231E-01 5.430306E+00     0  0.00000E+000  0.00000E+000 -0.00000E+000  0.00000E+000 -0.00000E+000  0.00000E+000  0.00000E+000  0.00000E+000  0.00000E+000  0.00000E+000  0.00000E+000
   155 2.986231E-01 5.728929E+00     0  0.00000E+000  0.00000E+000 -0.00000E+000  0.00000E+000 -0.00000E+000  0.00000E+000  0.00000E+000  0.00000E+000  0.00000E+000  0.00000E+000  0.00000E+000
   156 3.284854E-01 6.057414E+00     0  0.00000E+000  0.00000E+000 -0.00000E+000  0.00000E+000 -0.00000E+000  0.00000E+000  0.00000E+000  0.00000E+000  0.00000E+000  0.00000E+000  0.00000E+000
   157 3.613339E-01 6.418748E+00     0  0.00000E+000  0.00000E+000 -0.00000E+000  0.00000E+000 -0.00000E+000  0.00000E+000  0.00000E+000  0.00000E+000  0.00000E+000  0.00000E+000  0.00000E+000
   158 3.613339E-01 6.780082E+00     0  0.00000E+000  0.00000E+000 -0.00000E+000  0.00000E+000 -0.00000E+000  0.00000E+000  0.00000E+000  0.00000E+000  0.00000E+000  0.00000E+000  0.00000E+000
   159 3.974673E-01 7.177549E+00     0  0.00000E+000  0.00000E+000 -0.00000E+000  0.00000E+000 -0.00000E+000  0.00000E+000  0.00000E+000  0.00000E+000  0.00000E+000  0.00000E+000  0.00000E+000
   160 4.372140E-01 7.614763E+00     0  0.00000E+000  0.00000E+000 -0.00000E+000  0.00000E+000 -0.00000E+000  0.00000E+000  0.00000E+000  0.00000E+000  0.00000E+000  0.00000E+000  0.00000E+000
   161 4.372140E-01 8.051977E+00     0  0.00000E+000  0.00000E+000 -0.00000E+000  0.00000E+000 -0.00000E+000  0.00000E+000  0.00000E+000  0.00000E+000  0.00000E+000  0.00000E+000  0.00000E+000
   162 4.809354E-01 8.532913E+00     0  0.00000E+000  0.00000E+000 -0.00000E+000  0.00000E+000 -0.00000E+000  0.00000E+000  0.00000E+000  0.00000E+000  0.00000E+000  0.00000E+000  0.00000E+000
   163 5.290290E-01 9.061942E+00     0  0.00000E+000  0.00000E+000 -0.00000E+000  0.00000E+000 -0.00000E+000  0.00000E+000  0.00000E+000  0.00000E+000  0.00000E+000  0.00000E+000  0.00000E+000
   164 5.290290E-01 9.590971E+00     0  0.00000E+000  0.00000E+000 -0.00000E+000  0.00000E+000 -0.00000E+000  0.00000E+000  0.00000E+000  0.00000E+000  0.00000E+000  0.00000E+000  0.00000E+000
   165 5.819319E-01 1.017290E+01     0  0.00000E+000  0.00000E+000 -0.00000E+000  0.00000E+000 -0.00000E+000  0.00000E+000  0.00000E+000  0.00000E+000  0.00000E+000  0.00000E+000  0.00000E+000
   166 6.401251E-01 1.081303E+01     0  0.00000E+000  0.00000E+000 -0.00000E+000  0.00000E+000 -0.00000E+000  0.00000E+000  0.00000E+000  0.00000E+000  0.00000E+000  0.00000E+000  0.00000E+000
   167 7.041376E-01 1.151717E+01     0  0.00000E+000  0.00000E+000 -0.00000E+000  0.00000E+000 -0.00000E+000  0.00000E+000  0.00000E+000  0.00000E+000  0.00000E+000  0.00000E+000  0.00000E+000
   168 7.745513E-01 1.229172E+01     0  0.00000E+000  0.00000E+000 -0.00000E+000  0.00000E+000 -0.00000E+000  0.00000E+000  0.00000E+000  0.00000E+000  0.00000E+000  0.00000E+000  0.00000E+000
   169 7.745513E-01 1.306627E+01     0  0.00000E+000  0.00000E+000 -0.00000E+000  0.00000E+000 -0.00000E+000  0.00000E+000  0.00000E+000  0.00000E+000  0.00000E+000  0.00000E+000  0.00000E+000
   170 8.520065E-01 1.391827E+01     0  0.00000E+000  0.00000E+000 -0.00000E+000  0.00000E+000 -0.00000E+000  0.00000E+000  0.00000E+000  0.00000E+000  0.00000E+000  0.00000E+000  0.00000E+000
   171 8.520065E-01 1.477028E+01     0  0.00000E+000  0.00000E+000 -0.00000E+000  0.00000E+000 -0.00000E+000  0.00000E+000  0.00000E+000  0.00000E+000  0.00000E+000  0.00000E+000  0.00000E+000
   172 9.372071E-01 1.570749E+01     0  0.00000E+000  0.00000E+000 -0.00000E+000  0.00000E+000 -0.00000E+000  0.00000E+000  0.00000E+000  0.00000E+000  0.00000E+000  0.00000E+000  0.00000E+000
   173 1.030928E+00 1.673842E+01     0  0.00000E+000  0.00000E+000 -0.00000E+000  0.00000E+000 -0.00000E+000  0.00000E+000  0.00000E+000  0.00000E+000  0.00000E+000  0.00000E+000  0.00000E+000
   174 1.030928E+00 1.776934E+01     0  0.00000E+000  0.00000E+000 -0.00000E+000  0.00000E+000 -0.00000E+000  0.00000E+000  0.00000E+000  0.00000E+000  0.00000E+000  0.00000E+000  0.00000E+000
   175 1.134021E+00 1.890336E+01     0  0.00000E+000  0.00000E+000 -0.00000E+000  0.00000E+000 -0.00000E+000  0.00000E+000  0.00000E+000  0.00000E+000  0.00000E+000  0.00000E+000  0.00000E+000
   176 1.247423E+00 2.015079E+01     0  0.00000E+000  0.00000E+000 -0.00000E+000  0.00000E+000 -0.00000E+000  0.00000E+000  0.00000E+000  0.00000E+000  0.00000E+000  0.00000E+000  0.00000E+000
   177 1.247423E+00 2.139821E+01     0  0.00000E+000  0.00000E+000 -0.00000E+000  0.00000E+000 -0.00000E+000  0.00000E+000  0.00000E+000  0.00000E+000  0.00000E+000  0.00000E+000  0.00000E+000
   178 1.372165E+00 2.277037E+01     0  0.00000E+000  0.00000E+000 -0.00000E+000  0.00000E+000 -0.00000E+000  0.00000E+000  0.00000E+000  0.00000E+000  0.00000E+000  0.00000E+000  0.00000E+000
   179 1.509381E+00 2.427976E+01     0  0.00000E+000  0.00000E+000 -0.00000E+000  0.00000E+000 -0.00000E+000  0.00000E+000  0.00000E+000  0.00000E+000  0.00000E+000  0.00000E+000  0.00000E+000
   180 1.660320E+00 2.594008E+01     0  0.00000E+000  0.00000E+000 -0.00000E+000  0.00000E+000 -0.00000E+000  0.00000E+000  0.00000E+000  0.00000E+000  0.00000E+000  0.00000E+000  0.00000E+000
   181 1.826352E+00 2.776643E+01     0  0.00000E+000  0.00000E+000 -0.00000E+000  0.00000E+000 -0.00000E+000  0.00000E+000  0.00000E+000  0.00000E+000  0.00000E+000  0.00000E+000  0.00000E+000
   182 2.008987E+00 2.977541E+01     0  0.00000E+000  0.00000E+000 -0.00000E+000  0.00000E+000 -0.00000E+000  0.00000E+000  0.00000E+000  0.00000E+000  0.00000E+000  0.00000E+000  0.00000E+000
   183 2.209885E+00 3.198530E+01     0  0.00000E+000  0.00000E+000 -0.00000E+000  0.00000E+000 -0.00000E+000  0.00000E+000  0.00000E+000  0.00000E+000  0.00000E+000  0.00000E+000  0.00000E+000
   184 2.209885E+00 3.419518E+01     0  0.00000E+000  0.00000E+000 -0.00000E+000  0.00000E+000 -0.00000E+000  0.00000E+000  0.00000E+000  0.00000E+000  0.00000E+000  0.00000E+000  0.00000E+000
   185 2.209885E+00 3.640507E+01     0  0.00000E+000  0.00000E+000 -0.00000E+000  0.00000E+000 -0.00000E+000  0.00000E+000  0.00000E+000  0.00000E+000  0.00000E+000  0.00000E+000  0.00000E+000
   186 2.430874E+00 3.883594E+01     0  0.00000E+000  0.00000E+000 -0.00000E+000  0.00000E+000 -0.00000E+000  0.00000E+000  0.00000E+000  0.00000E+000  0.00000E+000  0.00000E+000  0.00000E+000
   187 2.673961E+00 4.150990E+01     0  0.00000E+000  0.00000E+000 -0.00000E+000  0.00000E+000 -0.00000E+000  0.00000E+000  0.00000E+000  0.00000E+000  0.00000E+000  0.00000E+000  0.00000E+000
   188 2.941357E+00 4.445126E+01     0  0.00000E+000  0.00000E+000 -0.00000E+000  0.00000E+000 -0.00000E+000  0.00000E+000  0.00000E+000  0.00000E+000  0.00000E+000  0.00000E+000  0.00000E+000
   189 2.941357E+00 4.739262E+01     0  0.00000E+000  0.00000E+000 -0.00000E+000  0.00000E+000 -0.00000E+000  0.00000E+000  0.00000E+000  0.00000E+000  0.00000E+000  0.00000E+000  0.00000E+000
   190 3.235493E+00 5.062811E+01     0  0.00000E+000  0.00000E+000 -0.00000E+000  0.00000E+000 -0.00000E+000  0.00000E+000  0.00000E+000  0.00000E+000  0.00000E+000  0.00000E+000  0.00000E+000
   191 3.235493E+00 5.386361E+01     0  0.00000E+000  0.00000E+000 -0.00000E+000  0.00000E+000 -0.00000E+000  0.00000E+000  0.00000E+000  0.00000E+000  0.00000E+000  0.00000E+000  0.00000E+000
   192 3.559042E+00 5.742265E+01     0  0.00000E+000  0.00000E+000 -0.00000E+000  0.00000E+000 -0.00000E+000  0.00000E+000  0.00000E+000  0.00000E+000  0.00000E+000  0.00000E+000  0.00000E+000
   193 3.914947E+00 6.133760E+01     0  0.00000E+000  0.00000E+000 -0.00000E+000  0.00000E+000 -0.00000E+000  0.00000E+000  0.00000E+000  0.00000E+000  0.00000E+000  0.00000E+000  0.00000E+000
   194 3.914947E+00 6.525254E+01     0  0.00000E+000  0.00000E+000 -0.00000E+000  0.00000E+000 -0.00000E+000  0.00000E+000  0.00000E+000  0.00000E+000  0.00000E+000  0.00000E+000  0.00000E+000
   195 4.306441E+00 6.955898E+01     0  0.00000E+000  0.00000E+000 -0.00000E+000  0.00000E+000 -0.00000E+000  0.00000E+000  0.00000E+000  0.00000E+000  0.00000E+000  0.00000E+000  0.00000E+000
   196 4.737085E+00 7.429607E+01     0  0.00000E+000  0.00000E+000 -0.00000E+000  0.00000E+000 -0.00000E+000  0.00000E+000  0.00000E+000  0.00000E+000  0.00000E+000  0.00000E+000  0.00000E+000
   197 5.210794E+00 7.950686E+01     0  0.00000E+000  0.00000E+000 -0.00000E+000  0.00000E+000 -0.00000E+000  0.00000E+000  0.00000E+000  0.00000E+000  0.00000E+000  0.00000E+000  0.00000E+000
   198 5.731873E+00 8.523874E+01     0  0.00000E+000  0.00000E+000 -0.00000E+000  0.00000E+000 -0.00000E+000  0.00000E+000  0.00000E+000  0.00000E+000  0.00000E+000  0.00000E+000  0.00000E+000
   199 5.731873E+00 9.097061E+01     0  0.00000E+000  0.00000E+000 -0.00000E+000  0.00000E+000 -0.00000E+000  0.00000E+000  0.00000E+000  0.00000E+000  0.00000E+000  0.00000E+000  0.00000E+000
   200 5.731873E+00 9.670248E+01     0  0.00000E+000  0.00000E+000 -0.00000E+000  0.00000E+000 -0.00000E+000  0.00000E+000  0.00000E+000  0.00000E+000  0.00000E+000  0.00000E+000  0.00000E+000
   201 5.731873E+00 1.024344E+02     0  0.00000E+000  0.00000E+000 -0.00000E+000  0.00000E+000 -0.00000E+000  0.00000E+000  0.00000E+000  0.00000E+000  0.00000E+000  0.00000E+000  0.00000E+000
   202 6.305061E+00 1.087394E+02     0  0.00000E+000  0.00000E+000 -0.00000E+000  0.00000E+000 -0.00000E+000  0.00000E+000  0.00000E+000  0.00000E+000  0.00000E+000  0.00000E+000  0.00000E+000
   203 6.935567E+00 1.156750E+02     0  0.00000E+000  0.00000E+000 -0.00000E+000  0.00000E+000 -0.00000E+000  0.00000E+000  0.00000E+000  0.00000E+000  0.00000E+000  0.00000E+000  0.00000E+000
   204 7.629124E+00 1.233041E+02     0  0.00000E+000  0.00000E+000 -0.00000E+000  0.00000E+000 -0.00000E+000  0.00000E+000  0.00000E+000  0.00000E+000  0.00000E+000  0.00000E+000  0.00000E+000
   205 8.392036E+00 1.316961E+02     0  0.00000E+000  0.00000E+000 -0.00000E+000  0.00000E+000 -0.00000E+000  0.00000E+000  0.00000E+000  0.00000E+000  0.00000E+000  0.00000E+000  0.00000E+000
   206 9.231240E+00 1.409274E+02     0  0.00000E+000  0.00000E+000 -0.00000E+000  0.00000E+000 -0.00000E+000  0.00000E+000  0.00000E+000  0.00000E+000  0.00000E+000  0.00000E+000  0.00000E+000
   207 9.231240E+00 1.501586E+02     0  0.00000E+000  0.00000E+000 -0.00000E+000  0.00000E+000 -0.00000E+000  0.00000E+000  0.00000E+000  0.00000E+000  0.00000E+000  0.00000E+000  0.00000E+000
   208 1.000000E+01 1.601586E+02     0  0.00000E+000  0.00000E+000 -0.00000E+000  0.00000E+000 -0.00000E+000  0.00000E+000  0.00000E+000  0.00000E+000  0.00000E+000  0.00000E+000  0.00000E+000
   209 1.000000E+01 1.701586E+02     0  0.00000E+000  0.00000E+000 -0.00000E+000  0.00000E+000 -0.00000E+000  0.00000E+000  0.00000E+000  0.00000E+000  0.00000E+000  0.00000E+000  0.00000E+000
   210 1.000000E+01 1.801586E+02     0  0.00000E+000  0.00000E+000 -0.00000E+000  0.00000E+000 -0.00000E+000  0.00000E+000  0.00000E+000  0.00000E+000  0.00000E+000  0.00000E+000  0.00000E+000
   211 1.000000E+01 1.901586E+02     0  0.00000E+000  0.00000E+000 -0.00000E+000  0.00000E+000 -0.00000E+000  0.00000E+000  0.00000E+000  0.00000E+000  0.00000E+000  0.00000E+000  0.00000E+000
   212 1.000000E+01 2.001586E+02     0  0.00000E+000  0.00000E+000 -0.00000E+000  0.00000E+000 -0.00000E+000  0.00000E+000  0.00000E+000  0.00000E+000  0.00000E+000  0.00000E+000  0.00000E+000
   213 1.000000E+01 2.101586E+02     0  0.00000E+000  0.00000E+000 -0.00000E+000  0.00000E+000 -0.00000E+000  0.00000E+000  0.00000E+000  0.00000E+000  0.00000E+000  0.00000E+000  0.00000E+000
   214 1.000000E+01 2.201586E+02     0  0.00000E+000  0.00000E+000 -0.00000E+000  0.00000E+000 -0.00000E+000  0.00000E+000  0.00000E+000  0.00000E+000  0.00000E+000  0.00000E+000  0.00000E+000
   215 1.000000E+01 2.301586E+02     0  0.00000E+000  0.00000E+000 -0.00000E+000  0.00000E+000 -0.00000E+000  0.00000E+000  0.00000E+000  0.00000E+000  0.00000E+000  0.00000E+000  0.00000E+000
   216 1.000000E+01 2.401586E+02     0  0.00000E+000  0.00000E+000 -0.00000E+000  0.00000E+000 -0.00000E+000  0.00000E+000  0.00000E+000  0.00000E+000  0.00000E+000  0.00000E+000  0.00000E+000
   217 1.000000E+01 2.501586E+02     0  0.00000E+000  0.00000E+000 -0.00000E+000  0.00000E+000 -0.00000E+000  0.00000E+000  0.00000E+000  0.00000E+000  0.00000E+000  0.00000E+000  0.00000E+000
   218 1.000000E+01 2.601586E+02     0  0.00000E+000  0.00000E+000 -0.00000E+000  0.00000E+000 -0.00000E+000  0.00000E+000  0.00000E+000  0.00000E+000  0.00000E+000  0.00000E+000  0.00000E+000
   219 1.000000E+01 2.701586E+02     0  0.00000E+000  0.00000E+000 -0.00000E+000  0.00000E+000 -0.00000E+000  0.00000E+000  0.00000E+000  0.00000E+000  0.00000E+000  0.00000E+000  0.00000E+000
   220 1.000000E+01 2.801586E+02     0  0.00000E+000  0.00000E+000 -0.00000E+000  0.00000E+000 -0.00000E+000  0.00000E+000  0.00000E+000  0.00000E+000  0.00000E+000  0.00000E+000  0.00000E+000
   221 1.000000E+01 2.901586E+02     0  0.00000E+000  0.00000E+000 -0.00000E+000  0.00000E+000 -0.00000E+000  0.00000E+000  0.00000E+000  0.00000E+000  0.00000E+000  0.00000E+000  0.00000E+000
   222 1.000000E+01 3.001586E+02     0  0.00000E+000  0.00000E+000 -0.00000E+000  0.00000E+000 -0.00000E+000  0.00000E+000  0.00000E+000  0.00000E+000  0.00000E+000  0.00000E+000  0.00000E+000
   223 1.000000E+01 3.101586E+02     0  0.00000E+000  0.00000E+000 -0.00000E+000  0.00000E+000 -0.00000E+000  0.00000E+000  0.00000E+000  0.00000E+000  0.00000E+000  0.00000E+000  0.00000E+000
   224 1.000000E+01 3.201586E+02     0  0.00000E+000  0.00000E+000 -0.00000E+000  0.00000E+000 -0.00000E+000  0.00000E+000  0.00000E+000  0.00000E+000  0.00000E+000  0.00000E+000  0.00000E+000
   225 1.000000E+01 3.301586E+02     0  0.00000E+000  0.00000E+000 -0.00000E+000  0.00000E+000 -0.00000E+000  0.00000E+000  0.00000E+000  0.00000E+000  0.00000E+000  0.00000E+000  0.00000E+000
   226 1.000000E+01 3.401586E+02     0  0.00000E+000  0.00000E+000 -0.00000E+000  0.00000E+000 -0.00000E+000  0.00000E+000  0.00000E+000  0.00000E+000  0.00000E+000  0.00000E+000  0.00000E+000
   227 1.000000E+01 3.501586E+02     0  0.00000E+000  0.00000E+000 -0.00000E+000  0.00000E+000 -0.00000E+000  0.00000E+000  0.00000E+000  0.00000E+000  0.00000E+000  0.00000E+000  0.00000E+000
   228 1.000000E+01 3.601586E+02     0  0.00000E+000  0.00000E+000 -0.00000E+000  0.00000E+000 -0.00000E+000  0.00000E+000  0.00000E+000  0.00000E+000  0.00000E+000  0.00000E+000  0.00000E+000
   229 1.000000E+01 3.701586E+02     0  0.00000E+000  0.00000E+000 -0.00000E+000  0.00000E+000 -0.00000E+000  0.00000E+000  0.00000E+000  0.00000E+000  0.00000E+000  0.00000E+000  0.00000E+000
   230 1.000000E+01 3.801586E+02     0  0.00000E+000  0.00000E+000 -0.00000E+000  0.00000E+000 -0.00000E+000  0.00000E+000  0.00000E+000  0.00000E+000  0.00000E+000  0.00000E+000  0.00000E+000
   231 1.000000E+01 3.901586E+02     0  0.00000E+000  0.00000E+000 -0.00000E+000  0.00000E+000 -0.00000E+000  0.00000E+000  0.00000E+000  0.00000E+000  0.00000E+000  0.00000E+000  0.00000E+000
   232 1.000000E+01 4.001586E+02     0  0.00000E+000  0.00000E+000 -0.00000E+000  0.00000E+000 -0.00000E+000  0.00000E+000  0.00000E+000  0.00000E+000  0.00000E+000  0.00000E+000  0.00000E+000
   233 1.000000E+01 4.101586E+02     0  0.00000E+000  0.00000E+000 -0.00000E+000  0.00000E+000 -0.00000E+000  0.00000E+000  0.00000E+000  0.00000E+000  0.00000E+000  0.00000E+000  0.00000E+000
   234 1.000000E+01 4.201586E+02     0  0.00000E+000  0.00000E+000 -0.00000E+000  0.00000E+000 -0.00000E+000  0.00000E+000  0.00000E+000  0.00000E+000  0.00000E+000  0.00000E+000  0.00000E+000
   235 1.000000E+01 4.301586E+02     0  0.00000E+000  0.00000E+000 -0.00000E+000  0.00000E+000 -0.00000E+000  0.00000E+000  0.00000E+000  0.00000E+000  0.00000E+000  0.00000E+000  0.00000E+000
   236 1.000000E+01 4.401586E+02     0  0.00000E+000  0.00000E+000 -0.00000E+000  0.00000E+000 -0.00000E+000  0.00000E+000  0.00000E+000  0.00000E+000  0.00000E+000  0.00000E+000  0.00000E+000
   237 1.000000E+01 4.501586E+02     0  0.00000E+000  0.00000E+000 -0.00000E+000  0.00000E+000 -0.00000E+000  0.00000E+000  0.00000E+000  0.00000E+000  0.00000E+000  0.00000E+000  0.00000E+000
   238 1.000000E+01 4.601586E+02     0  0.00000E+000  0.00000E+000 -0.00000E+000  0.00000E+000 -0.00000E+000  0.00000E+000  0.00000E+000  0.00000E+000  0.00000E+000  0.00000E+000  0.00000E+000
   239 1.000000E+01 4.701586E+02     0  0.00000E+000  0.00000E+000 -0.00000E+000  0.00000E+000 -0.00000E+000  0.00000E+000  0.00000E+000  0.00000E+000  0.00000E+000  0.00000E+000  0.00000E+000
   240 1.000000E+01 4.801586E+02     0  0.00000E+000  0.00000E+000 -0.00000E+000  0.00000E+000 -0.00000E+000  0.00000E+000  0.00000E+000  0.00000E+000  0.00000E+000  0.00000E+000  0.00000E+000
   241 1.000000E+01 4.901586E+02     0  0.00000E+000  0.00000E+000 -0.00000E+000  0.00000E+000 -0.00000E+000  0.00000E+000  0.00000E+000  0.00000E+000  0.00000E+000  0.00000E+000  0.00000E+000
   242 1.000000E+01 5.001586E+02     0  0.00000E+000  0.00000E+000 -0.00000E+000  0.00000E+000 -0.00000E+000  0.00000E+000  0.00000E+000  0.00000E+000  0.00000E+000  0.00000E+000  0.00000E+000
   243 1.000000E+01 5.101586E+02     0  0.00000E+000  0.00000E+000 -0.00000E+000  0.00000E+000 -0.00000E+000  0.00000E+000  0.00000E+000  0.00000E+000  0.00000E+000  0.00000E+000  0.00000E+000
   244 1.000000E+01 5.201586E+02     0  0.00000E+000  0.00000E+000 -0.00000E+000  0.00000E+000 -0.00000E+000  0.00000E+000  0.00000E+000  0.00000E+000  0.00000E+000  0.00000E+000  0.00000E+000
   245 1.000000E+01 5.301586E+02     0  0.00000E+000  0.00000E+000 -0.00000E+000  0.00000E+000 -0.00000E+000  0.00000E+000  0.00000E+000  0.00000E+000  0.00000E+000  0.00000E+000  0.00000E+000
   246 1.000000E+01 5.401586E+02     0  0.00000E+000  0.00000E+000 -0.00000E+000  0.00000E+000 -0.00000E+000  0.00000E+000  0.00000E+000  0.00000E+000  0.00000E+000  0.00000E+000  0.00000E+000
   247 1.000000E+01 5.501586E+02     0  0.00000E+000  0.00000E+000 -0.00000E+000  0.00000E+000 -0.00000E+000  0.00000E+000  0.00000E+000  0.00000E+000  0.00000E+000  0.00000E+000  0.00000E+000
   248 1.000000E+01 5.601586E+02     0  0.00000E+000  0.00000E+000 -0.00000E+000  0.00000E+000 -0.00000E+000  0.00000E+000  0.00000E+000  0.00000E+000  0.00000E+000  0.00000E+000  0.00000E+000
   249 1.000000E+01 5.701586E+02     0  0.00000E+000  0.00000E+000 -0.00000E+000  0.00000E+000 -0.00000E+000  0.00000E+000  0.00000E+000  0.00000E+000  0.00000E+000  0.00000E+000  0.00000E+000
   250 1.000000E+01 5.801586E+02     0  0.00000E+000  0.00000E+000 -0.00000E+000  0.00000E+000 -0.00000E+000  0.00000E+000  0.00000E+000  0.00000E+000  0.00000E+000  0.00000E+000  0.00000E+000
   251 1.000000E+01 5.901586E+02     0  0.00000E+000  0.00000E+000 -0.00000E+000  0.00000E+000 -0.00000E+000  0.00000E+000  0.00000E+000  0.00000E+000  0.00000E+000  0.00000E+000  0.00000E+000
   252 1.000000E+01 6.001586E+02     0  0.00000E+000  0.00000E+000 -0.00000E+000  0.00000E+000 -0.00000E+000  0.00000E+000  0.00000E+000  0.00000E+000  0.00000E+000  0.00000E+000  0.00000E+000
   253 1.000000E+01 6.101586E+02     0  0.00000E+000  0.00000E+000 -0.00000E+000  0.00000E+000 -0.00000E+000  0.00000E+000  0.00000E+000  0.00000E+000  0.00000E+000  0.00000E+000  0.00000E+000
   254 1.000000E+01 6.201586E+02     0  0.00000E+000  0.00000E+000 -0.00000E+000  0.00000E+000 -0.00000E+000  0.00000E+000  0.00000E+000  0.00000E+000  0.00000E+000  0.00000E+000  0.00000E+000
   255 1.000000E+01 6.301586E+02     0  0.00000E+000  0.00000E+000 -0.00000E+000  0.00000E+000 -0.00000E+000  0.00000E+000  0.00000E+000  0.00000E+000  0.00000E+000  0.00000E+000  0.00000E+000
   256 1.000000E+01 6.401586E+02     0  0.00000E+000  0.00000E+000 -0.00000E+000  0.00000E+000 -0.00000E+000  0.00000E+000  0.00000E+000  0.00000E+000  0.00000E+000  0.00000E+000  0.00000E+000
   257 1.000000E+01 6.501586E+02     0  0.00000E+000  0.00000E+000 -0.00000E+000  0.00000E+000 -0.00000E+000  0.00000E+000  0.00000E+000  0.00000E+000  0.00000E+000  0.00000E+000  0.00000E+000
   258 1.000000E+01 6.601586E+02     0  0.00000E+000  0.00000E+000 -0.00000E+000  0.00000E+000 -0.00000E+000  0.00000E+000  0.00000E+000  0.00000E+000  0.00000E+000  0.00000E+000  0.00000E+000
   259 1.000000E+01 6.701586E+02     0  0.00000E+000  0.00000E+000 -0.00000E+000  0.00000E+000 -0.00000E+000  0.00000E+000  0.00000E+000  0.00000E+000  0.00000E+000  0.00000E+000  0.00000E+000
   260 1.000000E+01 6.801586E+02     0  0.00000E+000  0.00000E+000 -0.00000E+000  0.00000E+000 -0.00000E+000  0.00000E+000  0.00000E+000  0.00000E+000  0.00000E+000  0.00000E+000  0.00000E+000
   261 1.000000E+01 6.901586E+02     0  0.00000E+000  0.00000E+000 -0.00000E+000  0.00000E+000 -0.00000E+000  0.00000E+000  0.00000E+000  0.00000E+000  0.00000E+000  0.00000E+000  0.00000E+000
   262 1.000000E+01 7.001586E+02     0  0.00000E+000  0.00000E+000 -0.00000E+000  0.00000E+000 -0.00000E+000  0.00000E+000  0.00000E+000  0.00000E+000  0.00000E+000  0.00000E+000  0.00000E+000
   263 1.000000E+01 7.101586E+02     0  0.00000E+000  0.00000E+000 -0.00000E+000  0.00000E+000 -0.00000E+000  0.00000E+000  0.00000E+000  0.00000E+000  0.00000E+000  0.00000E+000  0.00000E+000
   264 1.000000E+01 7.201586E+02     0  0.00000E+000  0.00000E+000 -0.00000E+000  0.00000E+000 -0.00000E+000  0.00000E+000  0.00000E+000  0.00000E+000  0.00000E+000  0.00000E+000  0.00000E+000
   265 1.000000E+01 7.301586E+02     0  0.00000E+000  0.00000E+000 -0.00000E+000  0.00000E+000 -0.00000E+000  0.00000E+000  0.00000E+000  0.00000E+000  0.00000E+000  0.00000E+000  0.00000E+000
   266 1.000000E+01 7.401586E+02     0  0.00000E+000  0.00000E+000 -0.00000E+000  0.00000E+000 -0.00000E+000  0.00000E+000  0.00000E+000  0.00000E+000  0.00000E+000  0.00000E+000  0.00000E+000
   267 1.000000E+01 7.501586E+02     0  0.00000E+000  0.00000E+000 -0.00000E+000  0.00000E+000 -0.00000E+000  0.00000E+000  0.00000E+000  0.00000E+000  0.00000E+000  0.00000E+000  0.00000E+000
   268 1.000000E+01 7.601586E+02     0  0.00000E+000  0.00000E+000 -0.00000E+000  0.00000E+000 -0.00000E+000  0.00000E+000  0.00000E+000  0.00000E+000  0.00000E+000  0.00000E+000  0.00000E+000
   269 1.000000E+01 7.701586E+02     0  0.00000E+000  0.00000E+000 -0.00000E+000  0.00000E+000 -0.00000E+000  0.00000E+000  0.00000E+000  0.00000E+000  0.00000E+000  0.00000E+000  0.00000E+000
   270 1.000000E+01 7.801586E+02     0  0.00000E+000  0.00000E+000 -0.00000E+000  0.00000E+000 -0.00000E+000  0.00000E+000  0.00000E+000  0.00000E+000  0.00000E+000  0.00000E+000  0.00000E+000
   271 1.000000E+01 7.901586E+02     0  0.00000E+000  0.00000E+000 -0.00000E+000  0.00000E+000 -0.00000E+000  0.00000E+000  0.00000E+000  0.00000E+000  0.00000E+000  0.00000E+000  0.00000E+000
   272 1.000000E+01 8.001586E+02     0  0.00000E+000  0.00000E+000 -0.00000E+000  0.00000E+000 -0.00000E+000  0.00000E+000  0.00000E+000  0.00000E+000  0.00000E+000  0.00000E+000  0.00000E+000
   273 1.000000E+01 8.101586E+02     0  0.00000E+000  0.00000E+000 -0.00000E+000  0.00000E+000 -0.00000E+000  0.00000E+000  0.00000E+000  0.00000E+000  0.00000E+000  0.00000E+000  0.00000E+000
   274 1.000000E+01 8.201586E+02     0  0.00000E+000  0.00000E+000 -0.00000E+000  0.00000E+000 -0.00000E+000  0.00000E+000  0.00000E+000  0.00000E+000  0.00000E+000  0.00000E+000  0.00000E+000
   275 1.000000E+01 8.301586E+02     0  0.00000E+000  0.00000E+000 -0.00000E+000  0.00000E+000 -0.00000E+000  0.00000E+000  0.00000E+000  0.00000E+000  0.00000E+000  0.00000E+000  0.00000E+000
   276 1.000000E+01 8.401586E+02     0  0.00000E+000  0.00000E+000 -0.00000E+000  0.00000E+000 -0.00000E+000  0.00000E+000  0.00000E+000  0.00000E+000  0.00000E+000  0.00000E+000  0.00000E+000
   277 1.000000E+01 8.501586E+02     0  0.00000E+000  0.00000E+000 -0.00000E+000  0.00000E+000 -0.00000E+000  0.00000E+000  0.00000E+000  0.00000E+000  0.00000E+000  0.00000E+000  0.00000E+000
   278 1.000000E+01 8.601586E+02     0  0.00000E+000  0.00000E+000 -0.00000E+000  0.00000E+000 -0.00000E+000  0.00000E+000  0.00000E+000  0.00000E+000  0.00000E+000  0.00000E+000  0.00000E+000
   279 1.000000E+01 8.701586E+02     0  0.00000E+000  0.00000E+000 -0.00000E+000  0.00000E+000 -0.00000E+000  0.00000E+000  0.00000E+000  0.00000E+000  0.00000E+000  0.00000E+000  0.00000E+000
   280 1.000000E+01 8.801586E+02     0  0.00000E+000  0.00000E+000 -0.00000E+000  0.00000E+000 -0.00000E+000  0.00000E+000  0.00000E+000  0.00000E+000  0.00000E+000  0.00000E+000  0.00000E+000
   281 1.000000E+01 8.901586E+02     0  0.00000E+000  0.00000E+000 -0.00000E+000  0.00000E+000 -0.00000E+000  0.00000E+000  0.00000E+000  0.00000E+000  0.00000E+000  0.00000E+000  0.00000E+000
   282 1.000000E+01 9.001586E+02     0  0.00000E+000  0.00000E+000 -0.00000E+000  0.00000E+000 -0.00000E+000  0.00000E+000  0.00000E+000  0.00000E+000  0.00000E+000  0.00000E+000  0.00000E+000
   283 1.000000E+01 9.101586E+02     0  0.00000E+000  0.00000E+000 -0.00000E+000  0.00000E+000 -0.00000E+000  0.00000E+000  0.00000E+000  0.00000E+000  0.00000E+000  0.00000E+000  0.00000E+000
   284 1.000000E+01 9.201586E+02     0  0.00000E+000  0.00000E+000 -0.00000E+000  0.00000E+000 -0.00000E+000  0.00000E+000  0.00000E+000  0.00000E+000  0.00000E+000  0.00000E+000  0.00000E+000
   285 1.000000E+01 9.301586E+02     0  0.00000E+000  0.00000E+000 -0.00000E+000  0.00000E+000 -0.00000E+000  0.00000E+000  0.00000E+000  0.00000E+000  0.00000E+000  0.00000E+000  0.00000E+000
   286 1.000000E+01 9.401586E+02     0  0.00000E+000  0.00000E+000 -0.00000E+000  0.00000E+000 -0.00000E+000  0.00000E+000  0.00000E+000  0.00000E+000  0.00000E+000  0.00000E+000  0.00000E+000
   287 1.000000E+01 9.501586E+02     0  0.00000E+000  0.00000E+000 -0.00000E+000  0.00000E+000 -0.00000E+000  0.00000E+000  0.00000E+000  0.00000E+000  0.00000E+000  0.00000E+000  0.00000E+000
   288 1.000000E+01 9.601586E+02     0  0.00000E+000  0.00000E+000 -0.00000E+000  0.00000E+000 -0.00000E+000  0.00000E+000  0.00000E+000  0.00000E+000  0.00000E+000  0.00000E+000  0.00000E+000
   289 1.000000E+01 9.701586E+02     0  0.00000E+000  0.00000E+000 -0.00000E+000  0.00000E+000 -0.00000E+000  0.00000E+000  0.00000E+000  0.00000E+000  0.00000E+000  0.00000E+000  0.00000E+000
   290 1.000000E+01 9.801586E+02     0  0.00000E+000  0.00000E+000 -0.00000E+000  0.00000E+000 -0.00000E+000  0.00000E+000  0.00000E+000  0.00000E+000  0.00000E+000  0.00000E+000  0.00000E+000
   291 1.000000E+01 9.901586E+02     0  0.00000E+000  0.00000E+000 -0.00000E+000  0.00000E+000 -0.00000E+000  0.00000E+000  0.00000E+000  0.00000E+000  0.00000E+000  0.00000E+000  0.00000E+000
   292 1.000000E+01 1.000159E+03     0  0.00000E+000  0.00000E+000 -0.00000E+000  0.00000E+000 -0.00000E+000  0.00000E+000  0.00000E+000  0.00000E+000  0.00000E+000  0.00000E+000  0.00000E+000
   293 1.000000E+01 1.010159E+03     0  0.00000E+000  0.00000E+000 -0.00000E+000  0.00000E+000 -0.00000E+000  0.00000E+000  0.00000E+000  0.00000E+000  0.00000E+000  0.00000E+000  0.00000E+000
   294 1.000000E+01 1.020159E+03     0  0.00000E+000  0.00000E+000 -0.00000E+000  0.00000E+000 -0.00000E+000  0.00000E+000  0.00000E+000  0.00000E+000  0.00000E+000  0.00000E+000  0.00000E+000
   295 1.000000E+01 1.030159E+03     0  0.00000E+000  0.00000E+000 -0.00000E+000  0.00000E+000 -0.00000E+000  0.00000E+000  0.00000E+000  0.00000E+000  0.00000E+000  0.00000E+000  0.00000E+000
   296 1.000000E+01 1.040159E+03     0  0.00000E+000  0.00000E+000 -0.00000E+000  0.00000E+000 -0.00000E+000  0.00000E+000  0.00000E+000  0.00000E+000  0.00000E+000  0.00000E+000  0.00000E+000
   297 1.000000E+01 1.050159E+03     0  0.00000E+000  0.00000E+000 -0.00000E+000  0.00000E+000 -0.00000E+000  0.00000E+000  0.00000E+000  0.00000E+000  0.00000E+000  0.00000E+000  0.00000E+000
   298 1.000000E+01 1.060159E+03     0  0.00000E+000  0.00000E+000 -0.00000E+000  0.00000E+000 -0.00000E+000  0.00000E+000  0.00000E+000  0.00000E+000  0.00000E+000  0.00000E+000  0.00000E+000
   299 1.000000E+01 1.070159E+03     0  0.00000E+000  0.00000E+000 -0.00000E+000  0.00000E+000 -0.00000E+000  0.00000E+000  0.00000E+000  0.00000E+000  0.00000E+000  0.00000E+000  0.00000E+000
   300 1.000000E+01 1.080159E+03     0  0.00000E+000  0.00000E+000 -0.00000E+000  0.00000E+000 -0.00000E+000  0.00000E+000  0.00000E+000  0.00000E+000  0.00000E+000  0.00000E+000  0.00000E+000
   301 1.000000E+01 1.090159E+03     0  0.00000E+000  0.00000E+000 -0.00000E+000  0.00000E+000 -0.00000E+000  0.00000E+000  0.00000E+000  0.00000E+000  0.00000E+000  0.00000E+000  0.00000E+000
   302 1.000000E+01 1.100159E+03     0  0.00000E+000  0.00000E+000 -0.00000E+000  0.00000E+000 -0.00000E+000  0.00000E+000  0.00000E+000  0.00000E+000  0.00000E+000  0.00000E+000  0.00000E+000
   303 1.000000E+01 1.110159E+03     0  0.00000E+000  0.00000E+000 -0.00000E+000  0.00000E+000 -0.00000E+000  0.00000E+000  0.00000E+000  0.00000E+000  0.00000E+000  0.00000E+000  0.00000E+000
   304 1.000000E+01 1.120159E+03     0  0.00000E+000  0.00000E+000 -0.00000E+000  0.00000E+000 -0.00000E+000  0.00000E+000  0.00000E+000  0.00000E+000  0.00000E+000  0.00000E+000  0.00000E+000
   305 1.000000E+01 1.130159E+03     0  0.00000E+000  0.00000E+000 -0.00000E+000  0.00000E+000 -0.00000E+000  0.00000E+000  0.00000E+000  0.00000E+000  0.00000E+000  0.00000E+000  0.00000E+000
   306 1.000000E+01 1.140159E+03     0  0.00000E+000  0.00000E+000 -0.00000E+000  0.00000E+000 -0.00000E+000  0.00000E+000  0.00000E+000  0.00000E+000  0.00000E+000  0.00000E+000  0.00000E+000
   307 1.000000E+01 1.150159E+03     0  0.00000E+000  0.00000E+000 -0.00000E+000  0.00000E+000 -0.00000E+000  0.00000E+000  0.00000E+000  0.00000E+000  0.00000E+000  0.00000E+000  0.00000E+000
   308 1.000000E+01 1.160159E+03     0  0.00000E+000  0.00000E+000 -0.00000E+000  0.00000E+000 -0.00000E+000  0.00000E+000  0.00000E+000  0.00000E+000  0.00000E+000  0.00000E+000  0.00000E+000
   309 1.000000E+01 1.170159E+03     0  0.00000E+000  0.00000E+000 -0.00000E+000  0.00000E+000 -0.00000E+000  0.00000E+000  0.00000E+000  0.00000E+000  0.00000E+000  0.00000E+000  0.00000E+000
   310 1.000000E+01 1.180159E+03     0  0.00000E+000  0.00000E+000 -0.00000E+000  0.00000E+000 -0.00000E+000  0.00000E+000  0.00000E+000  0.00000E+000  0.00000E+000  0.00000E+000  0.00000E+000
   311 1.000000E+01 1.190159E+03     0  0.00000E+000  0.00000E+000 -0.00000E+000  0.00000E+000 -0.00000E+000  0.00000E+000  0.00000E+000  0.00000E+000  0.00000E+000  0.00000E+000  0.00000E+000
   312 1.000000E+01 1.200159E+03     0  0.00000E+000  0.00000E+000 -0.00000E+000  0.00000E+000 -0.00000E+000  0.00000E+000  0.00000E+000  0.00000E+000  0.00000E+000  0.00000E+000  0.00000E+000
   313 1.000000E+01 1.210159E+03     0  0.00000E+000  0.00000E+000 -0.00000E+000  0.00000E+000 -0.00000E+000  0.00000E+000  0.00000E+000  0.00000E+000  0.00000E+000  0.00000E+000  0.00000E+000
   314 1.000000E+01 1.220159E+03     0  0.00000E+000  0.00000E+000 -0.00000E+000  0.00000E+000 -0.00000E+000  0.00000E+000  0.00000E+000  0.00000E+000  0.00000E+000  0.00000E+000  0.00000E+000
   315 1.000000E+01 1.230159E+03     0  0.00000E+000  0.00000E+000 -0.00000E+000  0.00000E+000 -0.00000E+000  0.00000E+000  0.00000E+000  0.00000E+000  0.00000E+000  0.00000E+000  0.00000E+000
   316 1.000000E+01 1.240159E+03     0  0.00000E+000  0.00000E+000 -0.00000E+000  0.00000E+000 -0.00000E+000  0.00000E+000  0.00000E+000  0.00000E+000  0.00000E+000  0.00000E+000  0.00000E+000
   317 1.000000E+01 1.250159E+03     0  0.00000E+000  0.00000E+000 -0.00000E+000  0.00000E+000 -0.00000E+000  0.00000E+000  0.00000E+000  0.00000E+000  0.00000E+000  0.00000E+000  0.00000E+000
   318 1.000000E+01 1.260159E+03     0  0.00000E+000  0.00000E+000 -0.00000E+000  0.00000E+000 -0.00000E+000  0.00000E+000  0.00000E+000  0.00000E+000  0.00000E+000  0.00000E+000  0.00000E+000
   319 1.000000E+01 1.270159E+03     0  0.00000E+000  0.00000E+000 -0.00000E+000  0.00000E+000 -0.00000E+000  0.00000E+000  0.00000E+000  0.00000E+000  0.00000E+000  0.00000E+000  0.00000E+000
   320 1.000000E+01 1.280159E+03     0  0.00000E+000  0.00000E+000 -0.00000E+000  0.00000E+000 -0.00000E+000  0.00000E+000  0.00000E+000  0.00000E+000  0.00000E+000  0.00000E+000  0.00000E+000
   321 1.000000E+01 1.290159E+03     0  0.00000E+000  0.00000E+000 -0.00000E+000  0.00000E+000 -0.00000E+000  0.00000E+000  0.00000E+000  0.00000E+000  0.00000E+000  0.00000E+000  0.00000E+000
   322 1.000000E+01 1.300159E+03     0  0.00000E+000  0.00000E+000 -0.00000E+000  0.00000E+000 -0.00000E+000  0.00000E+000  0.00000E+000  0.00000E+000  0.00000E+000  0.00000E+000  0.00000E+000
   323 1.000000E+01 1.310159E+03     0  0.00000E+000  0.00000E+000 -0.00000E+000  0.00000E+000 -0.00000E+000  0.00000E+000  0.00000E+000  0.00000E+000  0.00000E+000  0.00000E+000  0.00000E+000
   324 1.000000E+01 1.320159E+03     0  0.00000E+000  0.00000E+000 -0.00000E+000  0.00000E+000 -0.00000E+000  0.00000E+000  0.00000E+000  0.00000E+000  0.00000E+000  0.00000E+000  0.00000E+000
   325 1.000000E+01 1.330159E+03     0  0.00000E+000  0.00000E+000 -0.00000E+000  0.00000E+000 -0.00000E+000  0.00000E+000  0.00000E+000  0.00000E+000  0.00000E+000  0.00000E+000  0.00000E+000
   326 1.000000E+01 1.340159E+03     0  0.00000E+000  0.00000E+000 -0.00000E+000  0.00000E+000 -0.00000E+000  0.00000E+000  0.00000E+000  0.00000E+000  0.00000E+000  0.00000E+000  0.00000E+000
   327 1.000000E+01 1.350159E+03     0  0.00000E+000  0.00000E+000 -0.00000E+000  0.00000E+000 -0.00000E+000  0.00000E+000  0.00000E+000  0.00000E+000  0.00000E+000  0.00000E+000  0.00000E+000
   328 1.000000E+01 1.360159E+03     0  0.00000E+000  0.00000E+000 -0.00000E+000  0.00000E+000 -0.00000E+000  0.00000E+000  0.00000E+000  0.00000E+000  0.00000E+000  0.00000E+000  0.00000E+000
   329 1.000000E+01 1.370159E+03     0  0.00000E+000  0.00000E+000 -0.00000E+000  0.00000E+000 -0.00000E+000  0.00000E+000  0.00000E+000  0.00000E+000  0.00000E+000  0.00000E+000  0.00000E+000
   330 1.000000E+01 1.380159E+03     0  0.00000E+000  0.00000E+000 -0.00000E+000  0.00000E+000 -0.00000E+000  0.00000E+000  0.00000E+000  0.00000E+000  0.00000E+000  0.00000E+000  0.00000E+000
   331 1.000000E+01 1.390159E+03     0  0.00000E+000  0.00000E+000 -0.00000E+000  0.00000E+000 -0.00000E+000  0.00000E+000  0.00000E+000  0.00000E+000  0.00000E+000  0.00000E+000  0.00000E+000
   332 1.000000E+01 1.400159E+03     0  0.00000E+000  0.00000E+000 -0.00000E+000  0.00000E+000 -0.00000E+000  0.00000E+000  0.00000E+000  0.00000E+000  0.00000E+000  0.00000E+000  0.00000E+000
   333 1.000000E+01 1.410159E+03     0  0.00000E+000  0.00000E+000 -0.00000E+000  0.00000E+000 -0.00000E+000  0.00000E+000  0.00000E+000  0.00000E+000  0.00000E+000  0.00000E+000  0.00000E+000
   334 1.000000E+01 1.420159E+03     0  0.00000E+000  0.00000E+000 -0.00000E+000  0.00000E+000 -0.00000E+000  0.00000E+000  0.00000E+000  0.00000E+000  0.00000E+000  0.00000E+000  0.00000E+000
   335 1.000000E+01 1.430159E+03     0  0.00000E+000  0.00000E+000 -0.00000E+000  0.00000E+000 -0.00000E+000  0.00000E+000  0.00000E+000  0.00000E+000  0.00000E+000  0.00000E+000  0.00000E+000
   336 1.000000E+01 1.440159E+03     0  0.00000E+000  0.00000E+000 -0.00000E+000  0.00000E+000 -0.00000E+000  0.00000E+000  0.00000E+000  0.00000E+000  0.00000E+000  0.00000E+000  0.00000E+000
   337 1.000000E+01 1.450159E+03     0  0.00000E+000  0.00000E+000 -0.00000E+000  0.00000E+000 -0.00000E+000  0.00000E+000  0.00000E+000  0.00000E+000  0.00000E+000  0.00000E+000  0.00000E+000
   338 1.000000E+01 1.460159E+03     0  0.00000E+000  0.00000E+000 -0.00000E+000  0.00000E+000 -0.00000E+000  0.00000E+000  0.00000E+000  0.00000E+000  0.00000E+000  0.00000E+000  0.00000E+000
   339 1.000000E+01 1.470159E+03     0  0.00000E+000  0.00000E+000 -0.00000E+000  0.00000E+000 -0.00000E+000  0.00000E+000  0.00000E+000  0.00000E+000  0.00000E+000  0.00000E+000  0.00000E+000
   340 1.000000E+01 1.480159E+03     0  0.00000E+000  0.00000E+000 -0.00000E+000  0.00000E+000 -0.00000E+000  0.00000E+000  0.00000E+000  0.00000E+000  0.00000E+000  0.00000E+000  0.00000E+000
   341 1.000000E+01 1.490159E+03     0  0.00000E+000  0.00000E+000 -0.00000E+000  0.00000E+000 -0.00000E+000  0.00000E+000  0.00000E+000  0.00000E+000  0.00000E+000  0.00000E+000  0.00000E+000
   342 1.000000E+01 1.500159E+03     0  0.00000E+000  0.00000E+000 -0.00000E+000  0.00000E+000 -0.00000E+000  0.00000E+000  0.00000E+000  0.00000E+000  0.00000E+000  0.00000E+000  0.00000E+000
   343 1.000000E+01 1.510159E+03     0  0.00000E+000  0.00000E+000 -0.00000E+000  0.00000E+000 -0.00000E+000  0.00000E+000  0.00000E+000  0.00000E+000  0.00000E+000  0.00000E+000  0.00000E+000
   344 1.000000E+01 1.520159E+03     0  0.00000E+000  0.00000E+000 -0.00000E+000  0.00000E+000 -0.00000E+000  0.00000E+000  0.00000E+000  0.00000E+000  0.00000E+000  0.00000E+000  0.00000E+000
   345 1.000000E+01 1.530159E+03     0  0.00000E+000  0.00000E+000 -0.00000E+000  0.00000E+000 -0.00000E+000  0.00000E+000  0.00000E+000  0.00000E+000  0.00000E+000  0.00000E+000  0.00000E+000
   346 1.000000E+01 1.540159E+03     0  0.00000E+000  0.00000E+000 -0.00000E+000  0.00000E+000 -0.00000E+000  0.00000E+000  0.00000E+000  0.00000E+000  0.00000E+000  0.00000E+000  0.00000E+000
   347 1.000000E+01 1.550159E+03     0  0.00000E+000  0.00000E+000 -0.00000E+000  0.00000E+000 -0.00000E+000  0.00000E+000  0.00000E+000  0.00000E+000  0.00000E+000  0.00000E+000  0.00000E+000
   348 1.000000E+01 1.560159E+03     0  0.00000E+000  0.00000E+000 -0.00000E+000  0.00000E+000 -0.00000E+000  0.00000E+000  0.00000E+000  0.00000E+000  0.00000E+000  0.00000E+000  0.00000E+000
   349 1.000000E+01 1.570159E+03     0  0.00000E+000  0.00000E+000 -0.00000E+000  0.00000E+000 -0.00000E+000  0.00000E+000  0.00000E+000  0.00000E+000  0.00000E+000  0.00000E+000  0.00000E+000
   350 1.000000E+01 1.580159E+03     0  0.00000E+000  0.00000E+000 -0.00000E+000  0.00000E+000 -0.00000E+000  0.00000E+000  0.00000E+000  0.00000E+000  0.00000E+000  0.00000E+000  0.00000E+000
   351 1.000000E+01 1.590159E+03     0  0.00000E+000  0.00000E+000 -0.00000E+000  0.00000E+000 -0.00000E+000  0.00000E+000  0.00000E+000  0.00000E+000  0.00000E+000  0.00000E+000  0.00000E+000
   352 1.000000E+01 1.600159E+03     0  0.00000E+000  0.00000E+000 -0.00000E+000  0.00000E+000 -0.00000E+000  0.00000E+000  0.00000E+000  0.00000E+000  0.00000E+000  0.00000E+000  0.00000E+000
   353 1.000000E+01 1.610159E+03     0  0.00000E+000  0.00000E+000 -0.00000E+000  0.00000E+000 -0.00000E+000  0.00000E+000  0.00000E+000  0.00000E+000  0.00000E+000  0.00000E+000  0.00000E+000
   354 1.000000E+01 1.620159E+03     0  0.00000E+000  0.00000E+000 -0.00000E+000  0.00000E+000 -0.00000E+000  0.00000E+000  0.00000E+000  0.00000E+000  0.00000E+000  0.00000E+000  0.00000E+000
   355 1.000000E+01 1.630159E+03     0  0.00000E+000  0.00000E+000 -0.00000E+000  0.00000E+000 -0.00000E+000  0.00000E+000  0.00000E+000  0.00000E+000  0.00000E+000  0.00000E+000  0.00000E+000
   356 1.000000E+01 1.640159E+03     0  0.00000E+000  0.00000E+000 -0.00000E+000  0.00000E+000 -0.00000E+000  0.00000E+000  0.00000E+000  0.00000E+000  0.00000E+000  0.00000E+000  0.00000E+000
   357 1.000000E+01 1.650159E+03     0  0.00000E+000  0.00000E+000 -0.00000E+000  0.00000E+000 -0.00000E+000  0.00000E+000  0.00000E+000  0.00000E+000  0.00000E+000  0.00000E+000  0.00000E+000
   358 1.000000E+01 1.660159E+03     0  0.00000E+000  0.00000E+000 -0.00000E+000  0.00000E+000 -0.00000E+000  0.00000E+000  0.00000E+000  0.00000E+000  0.00000E+000  0.00000E+000  0.00000E+000
   359 1.000000E+01 1.670159E+03     0  0.00000E+000  0.00000E+000 -0.00000E+000  0.00000E+000 -0.00000E+000  0.00000E+000  0.00000E+000  0.00000E+000  0.00000E+000  0.00000E+000  0.00000E+000
   360 1.000000E+01 1.680159E+03     0  0.00000E+000  0.00000E+000 -0.00000E+000  0.00000E+000 -0.00000E+000  0.00000E+000  0.00000E+000  0.00000E+000  0.00000E+000  0.00000E+000  0.00000E+000
   361 1.000000E+01 1.690159E+03     0  0.00000E+000  0.00000E+000 -0.00000E+000  0.00000E+000 -0.00000E+000  0.00000E+000  0.00000E+000  0.00000E+000  0.00000E+000  0.00000E+000  0.00000E+000
   362 1.000000E+01 1.700159E+03     0  0.00000E+000  0.00000E+000 -0.00000E+000  0.00000E+000 -0.00000E+000  0.00000E+000  0.00000E+000  0.00000E+000  0.00000E+000  0.00000E+000  0.00000E+000
   363 1.000000E+01 1.710159E+03     0  0.00000E+000  0.00000E+000 -0.00000E+000  0.00000E+000 -0.00000E+000  0.00000E+000  0.00000E+000  0.00000E+000  0.00000E+000  0.00000E+000  0.00000E+000
   364 1.000000E+01 1.720159E+03     0  0.00000E+000  0.00000E+000 -0.00000E+000  0.00000E+000 -0.00000E+000  0.00000E+000  0.00000E+000  0.00000E+000  0.00000E+000  0.00000E+000  0.00000E+000
   365 1.000000E+01 1.730159E+03     0  0.00000E+000  0.00000E+000 -0.00000E+000  0.00000E+000 -0.00000E+000  0.00000E+000  0.00000E+000  0.00000E+000  0.00000E+000  0.00000E+000  0.00000E+000
   366 1.000000E+01 1.740159E+03     0  0.00000E+000  0.00000E+000 -0.00000E+000  0.00000E+000 -0.00000E+000  0.00000E+000  0.00000E+000  0.00000E+000  0.00000E+000  0.00000E+000  0.00000E+000
   367 1.000000E+01 1.750159E+03     0  0.00000E+000  0.00000E+000 -0.00000E+000  0.00000E+000 -0.00000E+000  0.00000E+000  0.00000E+000  0.00000E+000  0.00000E+000  0.00000E+000  0.00000E+000
   368 1.000000E+01 1.760159E+03     0  0.00000E+000  0.00000E+000 -0.00000E+000  0.00000E+000 -0.00000E+000  0.00000E+000  0.00000E+000  0.00000E+000  0.00000E+000  0.00000E+000  0.00000E+000
   369 1.000000E+01 1.770159E+03     0  0.00000E+000  0.00000E+000 -0.00000E+000  0.00000E+000 -0.00000E+000  0.00000E+000  0.00000E+000  0.00000E+000  0.00000E+000  0.00000E+000  0.00000E+000
   370 1.000000E+01 1.780159E+03     0  0.00000E+000  0.00000E+000 -0.00000E+000  0.00000E+000 -0.00000E+000  0.00000E+000  0.00000E+000  0.00000E+000  0.00000E+000  0.00000E+000  0.00000E+000
   371 1.000000E+01 1.790159E+03     0  0.00000E+000  0.00000E+000 -0.00000E+000  0.00000E+000 -0.00000E+000  0.00000E+000  0.00000E+000  0.00000E+000  0.00000E+000  0.00000E+000  0.00000E+000
   372 1.000000E+01 1.800159E+03     0  0.00000E+000  0.00000E+000 -0.00000E+000  0.00000E+000 -0.00000E+000  0.00000E+000  0.00000E+000  0.00000E+000  0.00000E+000  0.00000E+000  0.00000E+000
   373 1.000000E+01 1.810159E+03     0  0.00000E+000  0.00000E+000 -0.00000E+000  0.00000E+000 -0.00000E+000  0.00000E+000  0.00000E+000  0.00000E+000  0.00000E+000  0.00000E+000  0.00000E+000
   374 1.000000E+01 1.820159E+03     0  0.00000E+000  0.00000E+000 -0.00000E+000  0.00000E+000 -0.00000E+000  0.00000E+000  0.00000E+000  0.00000E+000  0.00000E+000  0.00000E+000  0.00000E+000
   375 1.000000E+01 1.830159E+03     0  0.00000E+000  0.00000E+000 -0.00000E+000  0.00000E+000 -0.00000E+000  0.00000E+000  0.00000E+000  0.00000E+000  0.00000E+000  0.00000E+000  0.00000E+000
   376 1.000000E+01 1.840159E+03     0  0.00000E+000  0.00000E+000 -0.00000E+000  0.00000E+000 -0.00000E+000  0.00000E+000  0.00000E+000  0.00000E+000  0.00000E+000  0.00000E+000  0.00000E+000
   377 1.000000E+01 1.850159E+03     0  0.00000E+000  0.00000E+000 -0.00000E+000  0.00000E+000 -0.00000E+000  0.00000E+000  0.00000E+000  0.00000E+000  0.00000E+000  0.00000E+000  0.00000E+000
   378 1.000000E+01 1.860159E+03     0  0.00000E+000  0.00000E+000 -0.00000E+000  0.00000E+000 -0.00000E+000  0.00000E+000  0.00000E+000  0.00000E+000  0.00000E+000  0.00000E+000  0.00000E+000
   379 1.000000E+01 1.870159E+03     0  0.00000E+000  0.00000E+000 -0.00000E+000  0.00000E+000 -0.00000E+000  0.00000E+000  0.00000E+000  0.00000E+000  0.00000E+000  0.00000E+000  0.00000E+000
   380 1.000000E+01 1.880159E+03     0  0.00000E+000  0.00000E+000 -0.00000E+000  0.00000E+000 -0.00000E+000  0.00000E+000  0.00000E+000  0.00000E+000  0.00000E+000  0.00000E+000  0.00000E+000
   381 1.000000E+01 1.890159E+03     0  0.00000E+000  0.00000E+000 -0.00000E+000  0.00000E+000 -0.00000E+000  0.00000E+000  0.00000E+000  0.00000E+000  0.00000E+000  0.00000E+000  0.00000E+000
   382 1.000000E+01 1.900159E+03     0  0.00000E+000  0.00000E+000 -0.00000E+000  0.00000E+000 -0.00000E+000  0.00000E+000  0.00000E+000  0.00000E+000  0.00000E+000  0.00000E+000  0.00000E+000
   383 1.000000E+01 1.910159E+03     0  0.00000E+000  0.00000E+000 -0.00000E+000  0.00000E+000 -0.00000E+000  0.00000E+000  0.00000E+000  0.00000E+000  0.00000E+000  0.00000E+000  0.00000E+000
   384 1.000000E+01 1.920159E+03     0  0.00000E+000  0.00000E+000 -0.00000E+000  0.00000E+000 -0.00000E+000  0.00000E+000  0.00000E+000  0.00000E+000  0.00000E+000  0.00000E+000  0.00000E+000
   385 1.000000E+01 1.930159E+03     0  0.00000E+000  0.00000E+000 -0.00000E+000  0.00000E+000 -0.00000E+000  0.00000E+000  0.00000E+000  0.00000E+000  0.00000E+000  0.00000E+000  0.00000E+000
   386 1.000000E+01 1.940159E+03     0  0.00000E+000  0.00000E+000 -0.00000E+000  0.00000E+000 -0.00000E+000  0.00000E+000  0.00000E+000  0.00000E+000  0.00000E+000  0.00000E+000  0.00000E+000
   387 1.000000E+01 1.950159E+03     0  0.00000E+000  0.00000E+000 -0.00000E+000  0.00000E+000 -0.00000E+000  0.00000E+000  0.00000E+000  0.00000E+000  0.00000E+000  0.00000E+000  0.00000E+000
   388 1.000000E+01 1.960159E+03     0  0.00000E+000  0.00000E+000 -0.00000E+000  0.00000E+000 -0.00000E+000  0.00000E+000  0.00000E+000  0.00000E+000  0.00000E+000  0.00000E+000  0.00000E+000
   389 1.000000E+01 1.970159E+03     0  0.00000E+000  0.00000E+000 -0.00000E+000  0.00000E+000 -0.00000E+000  0.00000E+000  0.00000E+000  0.00000E+000  0.00000E+000  0.00000E+000  0.00000E+000
   390 1.000000E+01 1.980159E+03     0  0.00000E+000  0.00000E+000 -0.00000E+000  0.00000E+000 -0.00000E+000  0.00000E+000  0.00000E+000  0.00000E+000  0.00000E+000  0.00000E+000  0.00000E+000
   391 1.000000E+01 1.990159E+03     0  0.00000E+000  0.00000E+000 -0.00000E+000  0.00000E+000 -0.00000E+000  0.00000E+000  0.00000E+000  0.00000E+000  0.00000E+000  0.00000E+000  0.00000E+000
   392 1.000000E+01 2.000159E+03     0  0.00000E+000  0.00000E+000 -0.00000E+000  0.00000E+000 -0.00000E+000  0.00000E+000  0.00000E+000  0.00000E+000  0.00000E+000  0.00000E+000  0.00000E+000
   393 1.000000E+01 2.010159E+03     0  0.00000E+000  0.00000E+000 -0.00000E+000  0.00000E+000 -0.00000E+000  0.00000E+000  0.00000E+000  0.00000E+000  0.00000E+000  0.00000E+000  0.00000E+000
   394 1.000000E+01 2.020159E+03     0  0.00000E+000  0.00000E+000 -0.00000E+000  0.00000E+000 -0.00000E+000  0.00000E+000  0.00000E+000  0.00000E+000  0.00000E+000  0.00000E+000  0.00000E+000
   395 1.000000E+01 2.030159E+03     0  0.00000E+000  0.00000E+000 -0.00000E+000  0.00000E+000 -0.00000E+000  0.00000E+000  0.00000E+000  0.00000E+000  0.00000E+000  0.00000E+000  0.00000E+000
   396 1.000000E+01 2.040159E+03     0  0.00000E+000  0.00000E+000 -0.00000E+000  0.00000E+000 -0.00000E+000  0.00000E+000  0.00000E+000  0.00000E+000  0.00000E+000  0.00000E+000  0.00000E+000
