        6969
          11
         136
         133
         500
         134
         137
         377
         499
         138
         254
         256
         135
         255
         378
         257
         139
         501
         258
         263
         379
         622
         264
         262
         623
         380
         261
         502
         260
         259
         386
         624
         385
         381
         384
         265
         503
         382
         745
         387
         744
         746
         383
         266
         625
         747
         504
         626
         508
         509
         869
         505
         267
         748
         519
         506
         870
         388
         627
         642
         394
         510
         518
         641
         867
         749
         871
         993
         507
         992
         393
         868
         991
        1116
         643
         872
         632
         392
         628
         517
         630
         629
         631
         389
        1115
        1118
         994
         390
         995
         511
         750
        1117
         633
         990
         764
         751
         754
        1119
         516
         640
         765
         391
         755
         753
         873
        1120
        1243
         639
         752
        1114
         512
        1366
         996
         763
         634
        1121
        1240
        1489
        1367
         756
        1113
         997
        1365
        1490
         875
        1244
        1242
         515
         638
        1241
         876
        1239
         877
         513
         514
         874
         635
         999
         998
         878
        1237
        1245
         762
         757
         644
         766
         879
         887
         636
        1122
        1368
         761
        1364
        1361
        1491
         886
        1613
        1238
         758
         888
        1363
        1362
         637
         885
        1488
        1000
        1614
        1123
        1612
         880
         889
        1001
         884
        1360
        1369
         767
        1246
        1492
        1002
         759
         760
        1485
        1483
        1486
        1008
        1009
        1484
         881
        1606
        1010
        1124
         645
        1736
        1615
        1247
        1007
         883
        1003
        1607
        1737
        1611
         768
        1610
        1730
        1738
        1370
        1011
         890
        1729
        1487
        1131
         882
        1132
        1006
        1616
        1130
         646
        1735
        1125
        1609
        1852
        1493
        1004
         647
        1608
        1731
         769
         648
        1012
        1739
        1129
        1734
        1005
         770
         771
        1371
        1248
        1851
        1860
        1133
         891
        1254
        1853
         894
        1859
        1126
         649
         772
        1974
        1732
         893
        1617
        1494
         650
        1253
         892
         895
        1252
        1740
        1975
        1128
         651
        1733
         773
        1255
        1013
        1127
        1017
        1858
        1134
        1495
         652
         896
        1249
        1862
         774
        1016
        1861
         653
        1014
        1251
        1854
        1015
        2097
        1018
        1376
        1976
        1372
        1375
         898
        1135
        1256
         897
        1741
         775
        1983
        1019
        1618
        1855
        1374
         776
        1020
        1377
        2098
        1864
        1857
        1021
        1863
        1984
        1856
        1985
        1136
        1250
        1982
        1619
        1139
        1373
         899
        1137
        1138
        1143
        1141
        1496
        1986
        1498
        1140
        1257
        1499
        1378
        1497
         777
        2220
        1142
        1977
        1144
         900
        1621
        1022
        1742
        1980
        1266
        1865
        2342
        2219
        1620
        2099
        1743
        2221
        1757
        1258
        1981
        1379
        2107
        1145
        1979
        1259
        1500
        1987
        1265
        2341
        2343
         778
        1261
        2106
        1264
        2108
        1262
        1023
        1260
        1267
        2105
        1263
        1380
        1866
        1622
        1988
        2110
        2109
        2340
         901
        1501
        1146
        1268
        2103
        2222
        2104
        1381
        2344
        1744
        1024
        2466
        1502
        1978
        2465
        2102
        1989
        1623
        1389
        2101
        2111
        1384
        2231
        1269
        1388
        1385
        2464
        2100
        1382
        1867
        2467
        2230
        1383
        1503
        1990
        2462
        2223
        1387
        2463
        1745
        2228
        1386
        1390
         902
        2112
        2345
        2113
        1147
        1624
        2229
        1391
        2586
        2226
        1511
        2227
        2587
        1512
        1868
        2224
        1507
        2225
        1746
        2232
        1270
        1991
        2346
        2234
        1392
        2585
        2350
        1504
        1025
        2588
        1625
        2233
        1509
        1869
        1506
        2351
        1510
        2349
        1513
        1508
        1514
        2348
        2473
        2468
        1630
        2347
        1505
        2472
        2710
        2709
        1634
        1747
        2237
        1870
        1393
        2114
        1626
        1992
        1993
        1994
        1148
        2236
        1631
        1871
        2708
        2354
        1748
        2711
        2115
        1627
        2589
        1749
        2352
        2474
        1750
        2355
        2235
        1629
        1515
        1632
        1872
        1751
        2590
        2116
        1995
        1873
        2596
        1633
        2238
        1628
        1271
        2471
        2117
        2832
        1635
        2353
        2831
        2712
        1753
        1636
        1875
        1996
        3568
        2470
        2357
        1754
        3691
        1752
        1637
        2118
        1755
        2595
        1874
        2475
        3815
        1394
        1997
        3692
        2119
        2591
        1026
        1756
        2469
        2239
        1516
        1638
        1876
        2358
        2713
        3445
        2361
        2359
        3939
        2954
        2240
        2594
        2592
        1877
        3938
        3816
        1998
        3569
        2593
        1149
        3693
        2360
        2835
        2956
        2476
        2833
        1878
        2718
        2479
        2834
        2955
        2241
        3322
        3694
        2120
        2356
        2597
        2719
        3940
        2478
        3077
        1879
        1758
        3446
        2714
        1999
        3323
        2598
        1759
        1272
        3199
        3200
        1639
        2717
        2362
        2477
        2242
        2720
        3817
        3078
        1517
        2121
        3570
        2000
        3941
        3571
        3695
        1027
        2715
        1760
        3572
        2480
        2481
        1150
        2484
        1880
        1395
        2482
        3083
        3818
        2600
        2243
        2483
        2841
        2122
        2001
        3449
        2363
        2244
        2843
        3696
        2601
        1761
        2716
        2721
        2002
        3819
        3324
        1881
        3450
        3448
        2842
        2602
        3201
        3573
        1273
        2364
        3447
        2603
        1518
        3942
        3327
        1882
        2365
        3079
        3326
        3820
        2599
        3205
        3084
        2485
        3204
        3943
        3206
        2836
        3325
        1640
        2604
        2845
        3574
        2607
        3203
        3697
        3451
        2123
        2849
        3082
        3328
        2722
        1151
        2245
        1883
        3202
        1396
        4065
        3821
        2366
        2124
        2844
        2851
        2486
        2973
        2965
        2961
        2960
        2728
        2723
        3944
        3085
        2003
        2004
        2840
        2839
        2735
        4316
        2606
        2850
        2972
        3329
        3080
        2957
        2974
        3081
        2958
        2959
        2837
        3207
        2838
        2966
        1762
        2729
        3701
        3575
        2962
        3945
        3208
        2846
        3824
        1274
        3702
        2608
        2967
        2725
        3946
        3825
        2005
        3452
        2367
        3822
        3698
        1884
        2852
        2605
        1641
        2971
        2727
        2726
        3096
        2730
        3827
        1519
        4066
        2125
        3703
        2487
        3579
        2246
        3826
        2848
        1397
        3699
        2006
        4188
        2247
        2969
        4067
        3823
        2724
        3580
        3095
        3097
        3092
        2964
        3332
        1763
        3704
        3700
        2963
        3330
        3578
        2609
        3331
        3209
        4068
        2975
        2126
        3576
        3093
        3086
        2368
        2488
        1885
        4069
        4208
        3453
        4317
        1275
        2847
        3338
        2970
        3215
        1152
        3456
        2968
        4312
        4207
        3454
        3577
        3455
        3828
        3216
        3460
        3581
        3217
        4085
        4193
        3094
        3098
        3219
        3829
        3218
        4084
        4330
        4189
        2128
        3947
        3705
        3960
        3091
        3837
        1642
        4331
        2127
        4194
        3838
        3214
        2731
        3953
        3950
        3339
        1520
        3333
        4440
        1764
        3830
        3949
        2489
        4076
        3210
        2976
        3948
        3961
        2007
        3591
        2248
        4329
        2369
        1398
        4070
        3090
        4190
        4201
        3099
        3088
        4199
        3340
        3951
        3461
        4086
        4439
        2129
        4192
        4314
        2854
        4071
        3458
        3337
        4082
        3582
        4323
        3962
        4332
        3713
        4200
        2610
        4083
        3954
        2490
        4209
        3457
        4195
        3955
        3959
        2732
        3213
        4206
        3952
        4436
        4333
        3212
        2853
        4072
        2977
        3714
        4453
        4073
        4077
        3462
        3715
        3220
        2249
        3334
        3089
        3087
        3211
        3335
        3336
        3459
        3583
        1886
        3706
        1643
        4454
        4441
        3223
        4196
        2491
        4559
        4191
        4324
        4318
        4322
        3463
        4075
        4210
        1276
        3100
        4563
        3958
        3590
        3712
        3836
        4328
        3835
        4452
        4313
        4197
        3963
        2370
        4315
        2250
        3584
        4074
        4198
        3833
        2008
        2611
        3341
        4321
        3222
        1887
        4078
        3710
        3834
        4447
        3839
        4560
        3221
        3956
        3957
        4455
        4079
        4205
        3589
        1765
        4080
        3464
        4437
        4087
        1767
        3585
        4442
        4448
        2130
        4202
        2009
        3707
        4325
        1521
        4320
        3831
        3832
        3709
        3708
        3586
        3587
        4438
        1399
        2251
        3343
        3711
        2855
        4456
        3468
        4081
        4446
        2612
        3467
        2492
        3588
        3342
        3465
        3466
        3344
        3345
        3592
        4319
        4443
        2252
        4576
        2613
        4203
        4575
        4204
        4570
        4326
        1766
        4334
        1888
        3716
        4327
        2371
        4445
        4568
        4683
        3840
        2131
        4211
        4566
        4578
        4565
        4574
        1644
        4577
        4444
        4933
        2010
        4571
        4932
        4579
        2373
        2734
        2372
        4449
        1277
        2978
        4450
        4698
        3964
        4564
        4813
        2253
        3469
        4088
        4689
        4935
        4809
        4690
        2132
        4569
        4561
        4697
        2733
        4693
        4580
        4806
        2614
        4931
        4934
        1400
        4562
        4810
        3346
        4567
        4692
        1522
        4688
        2493
        5058
        2374
        3101
        4938
        4457
        4691
        4807
        3224
        4451
        4572
        4684
        4808
        4814
        4685
        4573
        4686
        4687
        4811
        2375
        4816
        3593
        2254
        4812
        2615
        5061
        5060
        5184
        4699
        3841
        5183
        4937
        4815
        5062
        4936
        4458
        4695
        4703
        4702
        5308
        2494
        4581
        4696
        5185
        4817
        2376
        3225
        4694
        1645
        4820
        5309
        2495
        4704
        4818
        4819
        5186
        5059
        4827
        3347
        1278
        3717
        4941
        2011
        2133
        2856
        4826
        4701
        4939
        4940
        5305
        4212
        2255
        1889
        4700
        1523
        4942
        4943
        4705
        3594
        2497
        5065
        2859
        2377
        4821
        2496
        5182
        4825
        5306
        4950
        1768
        4335
        2857
        3470
        4828
        5187
        3965
        4949
        2616
        5433
        4089
        3102
        5066
        2736
        4951
        5063
        5064
        3348
        3718
        4823
        1401
        2498
        2979
        1890
        5307
        3471
        2737
        4824
        5310
        4822
        1646
        4948
        1279
        2134
        2499
        5431
        2012
        2617
        4829
        5188
        5432
        4952
        5430
        1402
        5073
        2619
        2618
        4582
        2256
        4944
        3842
        2980
        2620
        5555
        2378
        2500
        1524
        3103
        2135
        5556
        3349
        2738
        5074
        5072
        3226
        4830
        2858
        5075
        4953
        5067
        4459
        3719
        5553
        5196
        2621
        1891
        4706
        4945
        5189
        3966
        5678
        1769
        2739
        5076
        3595
        5190
        5429
        1525
        2013
        5552
        4947
        5554
        3472
        4954
        5071
        2860
        2622
        4336
        2257
        5677
        5068
        4946
        5679
        5557
        4583
        2501
        5311
        5800
        2740
        5680
        2136
        2742
        2379
        5434
        5195
        4707
        5676
        2743
        5197
        5675
        5803
        2741
        2744
        5198
        1526
        1770
        1280
        4213
        5558
        5802
        1892
        2623
        5922
        5798
        2258
        3596
        5077
        5191
        5799
        5924
        5069
        5199
        6290
        5319
        4831
        5801
        2502
        4955
        2380
        1647
        1771
        1893
        4090
        3473
        5435
        5921
        5194
        5321
        5314
        5804
        6536
        4708
        5070
        3350
        5313
        2014
        2983
        5320
        6045
        3104
        5312
        6414
        5436
        5805
        2861
        5192
        5315
        6412
        2981
        3843
        5923
        3227
        5559
        1894
        2866
        5925
        6538
        6044
        6413
        1648
        2624
        5318
        2259
        5437
        3720
        6168
        5926
        2745
        6535
        2862
        6167
        6166
        4337
        6289
        5681
        5682
        6047
        2015
        6046
        2746
        2865
        4584
        6411
        6537
        5193
        1649
        2867
        6659
        5078
        4832
        5927
        4460
        2982
        2137
        5683
        5929
        2864
        3228
        5200
        2863
        5443
        2503
        3597
        5317
        5316
        6783
        5444
        6662
        2381
        5322
        6048
        6169
        6658
        6170
        4709
        5928
        5441
        5684
        5442
        2868
        5806
        6171
        5079
        3351
        6782
        5438
        6905
        6780
        3474
        5560
        3844
        6781
        3967
        6660
        2625
        5439
        6784
        6050
        1281
        1772
        4585
        7028
        6906
        6291
        6292
        4461
        6416
        6534
        2984
        7151
        5807
        7027
        5440
        6904
        1403
        6539
        6049
        6656
        2747
        2016
        5566
        5930
        4214
        6172
        2989
        2869
        6661
        5201
        6051
        5565
        6540
        7029
        4710
        2988
        6785
        6903
        6415
        4833
        6293
        6052
        5564
        2382
        4091
        6173
        2985
        2260
        7150
        4956
        2504
        4586
        1404
        1527
        5562
        5445
        2990
        3598
        5567
        7152
        2138
        6907
        6295
        5323
        2986
        6657
        6779
        2987
        4834
        3105
        4338
        5808
        3106
        7026
        6663
        3721
        2626
        7282
        2017
        6543
        2991
        5563
        4462
        2870
        2748
        1895
        3229
        3352
        2505
        4957
        3107
        4711
        6789
        4588
        7162
        6418
        5689
        6294
        5688
        6417
        7034
        6053
        1650
        4215
        2992
        4587
        7030
        6175
        5561
        5931
        4835
        5685
        7274
        3968
        4712
        7405
        5446
        6541
        5568
        6420
        3111
        6908
        7036
        7035
        5809
        3112
        7149
        4463
        6786
        2139
        6790
        7283
        5686
        2627
        5690
        7406
        7275
        6421
        6902
        3845
        6544
        6419
        7159
        4339
        5324
        5687
        7528
        6664
        2261
        6913
        3722
        6174
        6788
        6912
        7037
        6296
        3113
        6297
        7273
        7153
        2993
        7148
        7160
        3475
        5202
        6665
        7025
        2383
        7281
        2749
        3231
        6911
        4464
        3234
        3110
        3108
        6909
        6542
        6666
        6787
        3114
        6910
        2018
        2871
        6667
        3230
        3599
        7407
        6176
        4092
        5812
        3109
        2628
        6901
        4589
        3235
        6298
        5932
        3115
        2506
        7157
        3969
        4216
        2750
        7161
        6914
        1773
        7158
        5811
        5691
        7272
        2384
        2140
        4465
        7404
        7276
        7530
        7529
        7527
        5569
        5080
        5813
        4340
        7284
        7651
        3353
        7038
        7280
        3236
        5810
        3233
        5325
        7154
        7031
        7397
        2872
        1651
        2262
        6054
        7024
        6791
        5203
        7652
        3723
        7032
        3358
        3237
        7156
        4341
        2994
        3116
        2629
        7396
        5933
        3354
        7271
        4958
        5447
        3600
        7398
        2263
        7147
        3355
        6299
        5081
        7403
        1896
        5935
        3476
        6422
        2751
        2873
        6669
        3232
        7650
        6668
        7774
        3357
        3846
        6545
        4466
        5448
        4093
        6177
        3238
        5692
        5934
        2995
        4342
        7033
        5814
        2141
        4217
        2507
        5570
        2385
        3847
        7653
        4713
        3359
        4218
        3117
        4836
        7277
        3970
        3239
        1774
        6915
        5936
        7775
        7526
        2752
        4343
        2630
        7395
        7279
        2508
        3601
        6792
        7520
        7897
        3724
        7039
        2019
        3477
        3478
        6058
        3360
        7155
        5815
        4590
        7773
        6057
        2264
        3971
        2386
        7270
        6056
        5326
        3356
        7394
        2142
        6916
        5937
        4094
        7519
        7399
        7402
        7408
        2874
        4219
        7898
        6059
        3848
        7285
        7164
        4467
        3118
        6793
        7146
        6300
        6546
        7531
        3361
        2996
        3725
        7649
        3240
        5693
        6060
        4959
        7278
        5204
        7521
        2753
        1897
        3362
        6178
        2631
        3482
        6180
        6423
        3481
        4095
        7516
        4220
        7518
        6055
        3483
        7896
        2509
        7772
        7041
        7409
        7393
        2387
        3972
        6917
        7040
        4344
        6179
        7400
        6181
        1775
        2875
        7517
        3479
        7522
        6182
        7525
        7286
        7401
        4591
        7643
        7644
        7642
        2143
        8020
        4096
        2020
        7523
        6301
        3480
        7163
        2265
        3602
        6303
        5938
        5571
        3119
        3241
        3363
        2754
        7776
        8019
        7524
        7269
        7645
        5082
        4468
        4714
        7648
        7641
        6304
        3605
        6670
        7287
        3484
        6794
        2997
        7392
        7639
        6183
        7895
        7515
        4097
        7391
        6302
        6424
        7638
        7514
        7640
        7765
        7654
        5327
        8021
        4221
        3849
        3606
        2632
        7647
        7771
        6547
        5449
        3364
        5816
        1898
        6425
        7646
        2876
        7532
        6061
        2510
        7766
        2998
        4098
        7899
        6305
        4837
        6918
        7767
        4345
        6671
        7777
        3485
        3727
        3604
        2755
        7762
        7768
        3607
        7637
        5694
        6426
        8142
        7763
        6548
        3729
        7636
        4469
        3120
        6549
        7764
        7770
        3728
        7769
        3603
        3486
        2877
        3726
        7410
        5205
        8018
        6427
        3730
        3242
        7761
        8143
        4592
        2999
        7894
        7760
        3973
        6795
        2021
        2388
        5939
        2266
        4960
        7655
        7888
        7900
        4222
        5572
        7759
        6306
        3852
        2633
        7887
        6184
        5817
        8022
        4346
        7891
        6672
        3608
        6919
        7890
        5083
        2878
        4099
        3243
        7165
        6428
        7893
        3365
        7883
        7892
        7884
        3121
        3487
        5450
        8141
        8144
        7533
        2144
        3731
        7885
        7886
        7882
        7042
        7778
        6550
        2756
        8023
        2389
        8017
        7889
        4715
        2511
        3851
        6062
        7288
        4223
        3609
        3488
        8008
        3000
        8265
        1899
        3122
        4838
        7411
        5328
        8145
        6796
        5695
        7881
        2879
        4347
        2634
        8266
        8016
        7656
        8007
        8010
        2267
        4961
        7534
        3853
        3001
        6185
        6920
        6673
        8009
        8015
        4470
        8013
        8140
        7166
        3244
        8005
        7043
        8011
        3366
        6429
        6797
        3123
        4224
        5084
        8006
        8012
        7289
        8267
        5940
        8133
        6307
        8004
        6551
        4100
        3245
        3610
        3977
        5206
        2022
        7657
        8146
        8014
        4593
        5573
        8264
        3367
        3489
        7412
        4839
        7779
        2757
        8131
        7901
        2512
        4102
        3732
        5818
        8132
        3124
        4716
        3002
        8127
        8128
        8130
        5451
        6063
        8138
        3246
        8129
        8024
        8388
        8263
        7535
        6674
        2145
        7902
        8139
        3611
        2880
        7044
        8134
        3368
        5329
        8387
        6308
        6430
        8255
        7167
        6552
        4594
        4101
        8135
        6921
        6798
        2390
        5696
        5941
        8268
        3612
        4348
        8389
        7658
        2635
        4471
        4962
        6186
        3490
        7290
        5574
        7780
        8390
        8254
        8137
        3733
        8136
        8252
        4225
        8253
        3247
        8257
        6675
        8147
        7413
        3369
        3125
        8261
        4349
        8258
        8262
        8386
        8256
        8269
        4717
        8511
        3003
        6553
        8025
        8510
        5207
        8380
        3491
        6922
        6431
        2513
        5452
        8512
        3734
        6064
        2023
        6799
        8377
        2268
        8378
        8385
        8260
        5819
        7168
        2758
        3735
        6309
        7045
        4840
        3613
        8391
        7536
        3736
        8509
        4472
        8259
        3248
        3370
        6554
        8379
        5085
        4103
        8383
        3492
        4963
        8502
        8503
        4226
        7903
        5697
        7291
        8381
        8507
        8384
        8634
        8513
        4227
        3126
        8382
        5330
        8270
        8148
        6432
        6187
        7781
        4104
        8632
        8508
        8392
        7414
        4350
        2146
        8633
        3614
        4718
        2881
        8026
        2391
        2636
        8635
        8631
        6800
        6310
        6676
        6677
        4595
        5942
        5575
        3371
        8504
        3493
        6923
        6555
        5086
        4473
        5208
        7659
        8505
        8755
        6433
        8627
        8757
        8630
        4596
        3004
        3615
        7046
        8506
        5453
        8636
        8514
        7169
        7904
        6065
        4841
        7537
        8754
        4351
        8271
        3249
        6556
        8628
        4474
        2759
        5820
        8629
        2514
        7292
        6678
        8515
        8756
        8878
        4719
        8876
        7782
        8751
        8393
        9000
        4964
        5698
        8149
        2024
        8753
        5331
        8880
        3494
        8752
        8758
        8637
        2269
        6188
        3127
        9001
        5576
        8759
        4597
        4352
        7415
        3372
        3616
        5943
        8877
        8879
        8875
        8999
        4106
        6311
        6924
        7047
        9002
        9124
        8027
        8638
        6679
        7660
        6434
        2147
        5209
        5454
        8516
        6557
        9122
        3855
        3850
        3974
        3975
        3976
        2882
        8881
        3738
        9003
        9125
        5821
        2392
        8760
        4105
        7170
        6066
        2637
        4228
        9247
        3739
        9123
        8394
        4842
        9126
        9246
        8882
        3617
        5699
        9004
        7905
        3005
        3495
        5087
        9244
        3856
        6801
        8272
        9245
        3250
        9248
        3854
        3978
        3979
        5577
        7538
        7293
        5332
        8761
        8150
        7783
        3857
        9249
        4229
        6189
        9369
        4107
        9005
        9127
        8883
        2270
        2515
        5944
        4475
        9371
        9368
        8028
        9370
        8639
        2760
        6312
        6925
        5822
        3128
        9006
        3373
        4965
        9250
        9372
        5455
        9492
        6680
        9491
        9367
        8395
        4720
        5210
        9494
        6067
        8517
        8884
        9128
        7048
        7416
        9489
        5700
        9490
        6435
        8273
        7906
        3618
        3740
        4598
        6802
        2393
        9493
        8762
        9612
        2148
        9373
        7661
        9615
        2883
        9617
        8151
        6190
        9495
        5088
        9614
        5333
        2638
        5945
        7171
        5823
        5578
        3251
        9251
        9007
        8640
        9735
        6803
        9857
        9980
        9496
        9618
        9616
        9858
        4843
        3496
        8885
        6558
        9981
        4966
        3858
       10104
        7539
        9613
        3859
        4353
        4476
        4721
        9129
        9737
        9740
        3737
        3006
        9736
        2271
        2516
        8518
        4230
        5211
        3741
        7784
        9374
        3863
        9130
        6068
        9860
        7294
        9741
        9619
        2761
        9738
        9252
        9739
        9982
        5456
        8029
        6313
        5701
        9859
        5946
        9497
       10105
        9863
        8763
        3862
        8396
        9862
        3374
       10228
        3129
        9983
        9375
        9861
        3619
        4844
        4599
        6681
        3980
        3981
        4477
        9008
        9864
        5089
        9742
        9984
        5334
        7049
        3982
        2394
        7417
        2884
       10106
        4354
        2639
        6926
        6436
        5579
        3983
        9620
        5824
        8274
       10229
       10107
        7662
        9986
        9253
        6191
        9985
        3864
        3252
        3497
       10352
        9987
        9865
        8886
        4722
        3007
        7907
        3742
        8641
        2517
        7172
       10108
        9131
        2272
        9498
        2762
        5212
        6069
       10230
        4231
        6804
        5702
        5457
        9743
        3986
        8152
        6559
       10109
       10476
       10110
        5947
        3130
        9988
        3620
        3865
        3984
        8519
        7295
        3375
        9376
       10231
       10354
        9621
        6314
        7540
        3987
        9866
        2640
        5335
        9009
        5090
        2885
        2395
        5580
       10353
       10477
        4967
        5825
       10599
        3498
        7785
        8764
        3743
        8397
        9254
        3253
        6927
        6192
        4845
       10111
       10600
        5213
        4968
        7050
        3008
        8030
       10478
        4723
        6682
        9499
        6437
        8642
       10233
        5458
        9744
       10355
       10232
        3988
        2763
        6070
        7418
       10723
        2518
        2273
        3866
        9989
        4600
        3621
        5948
        8887
        5703
        4478
        7663
        7173
        3376
       10601
        3860
        9132
        4846
        8275
        4232
        4355
        3131
        4601
       10234
        5336
        8520
        2886
        9377
        9622
        5091
       10724
        6560
        2641
        5581
       10356
        7908
        2396
        4108
        5826
        3744
        3499
        6805
        9867
        2274
       10479
        5214
        6315
        7296
        8765
        6928
        7541
        3254
        9010
       10112
        3989
        6193
        4969
        8153
       10602
        6071
        3622
        3009
        5459
       10847
        7051
        9255
        2397
        2519
       10357
        3867
        7786
        3377
        5949
        4233
        8398
        5092
        4847
        4724
        2764
        9500
        5215
        8888
        3861
        6438
        6683
        7419
        5704
        9990
        5337
        8643
        2642
        9745
        8031
        3132
        3745
        4970
        6806
        8276
        4112
        6316
        3500
        7174
        3990
        2765
       10725
        2887
        6561
        4602
        7664
        5827
        5093
        9133
        5582
        6929
        3255
        3010
        4356
       10235
        7909
        6194
        6072
        8766
        4848
        5460
        7542
        4479
        8521
        7297
        3378
        4725
        3868
        9378
        9623
        4111
       10480
        5950
        5705
        3133
        3623
        8154
        6684
        7787
        9868
        7052
       10848
       10113
        6439
        4113
        9011
        8399
        6317
        5338
        7420
        3991
       10358
       10603
        5583
        3501
        6807
        9256
        3746
        6195
        5828
        8032
        8644
       10481
        3256
        6073
        7175
        5216
        7665
        3985
        4109
        4110
        7910
        4234
        8277
        4726
        3869
        6562
        5461
        9501
        6930
        7543
        4114
        5951
        7298
        4971
        3624
        9746
       10726
        5706
        8889
        6685
        8155
        7788
        6440
        9134
        4603
        9991
        5094
        5339
       10236
        3379
        9135
        8767
        6318
        4480
        9379
        6196
        7053
        8522
        3992
        6808
        5584
        4235
        4236
        7421
        8033
        7666
        8400
        9624
        5217
        6563
        3747
        3502
        4972
        3257
        5829
        6074
        9012
        5462
        7911
        7176
       10359
        4849
        9257
       10849
        6931
        4115
        5095
        4237
        9869
       10114
        7544
        5707
        8278
       10604
        6686
        8645
        3870
        6441
        7789
        6319
        6809
        5340
        7299
        3380
        5952
        8156
        6197
        3625
        5585
        9502
        4973
        3993
        8523
        9747
        7667
        8890
        6564
       10972
       10727
        5218
        7422
        8034
        7054
        4850
        8768
       10237
       10482
        9992
        6075
        5830
        5463
        8401
        4238
        3748
        7912
        6932
        4481
        3503
        7177
        4727
        6442
        9380
        5708
        4116
        5096
        6320
       10605
        9013
        6687
        8279
        4604
        6810
        7545
        4357
        9625
        3871
        8646
        4360
        7790
        9870
        5953
       10360
       10850
        7300
        4358
       10115
        8157
        3381
        5341
        3626
        6565
        6198
        7055
        8524
        7668
        5586
        3994
        6933
        8891
        8035
        4851
        7423
        9503
       10728
        4359
        4239
        6443
       10973
        9748
        9993
       10238
        3504
        4728
        6688
        3749
        8402
        5831
        9258
       10483
        4361
        4117
        5219
        7178
        8769
        6076
        7913
        4974
        6321
        4605
        7056
        7546
        8280
        9626
        6811
       11096
        9381
        5709
        5464
       10606
        4482
        3872
        7791
       10851
        8647
       10116
        9871
       10361
        5097
        7301
        3627
        6199
        5954
        8158
        3995
        8525
        6934
        9504
        8892
       10729
        3505
       10974
        6566
        7669
        6444
        9259
        9749
       10239
        5342
        9994
        9136
        9014
       10484
        4240
        7424
        3750
        4362
        5587
        8036
        7179
        5832
        6322
        4606
        4118
       10117
       10852
        8403
        6077
       10607
        9627
        4852
       11097
        6689
       10362
        4729
        3873
        6812
        8770
        9137
        9872
        7057
        9382
        3628
        7547
        7914
        6567
        4975
        5220
       10730
        9750
        9995
       10240
        8281
        3996
        7302
        8648
        6445
        7792
       10485
        9015
        3751
       10975
        3506
        6200
        4241
        5465
        5710
        9505
        4363
        4483
        6935
        4485
       10118
        5955
        9873
        3629
        8159
        9260
       10363
        8893
        3874
       10853
        7180
        4119
        7425
        7670
        9628
        5098
        8526
       10608
        6690
        6323
        9138
       11098
        6568
        6078
        9996
        3997
        4607
       10241
        5833
        9383
        9751
        3752
       10731
        8037
        5343
        4730
       10486
        8771
        4242
        3507
       10976
        9016
       10854
        5588
       11221
        6813
        4120
        7915
        7058
        3875
        9506
        8404
        4364
        3630
        5221
        7548
        6446
        3998
        9261
        4853
        6201
       10119
        4486
       10364
        9874
        7303
        4976
        8649
        5956
        3753
        3876
        7793
       10609
        6691
        8282
        9629
        5711
        7426
       11099
        8894
        9384
        6936
       10242
        9997
        4121
        9139
        4365
        4243
        4731
        8160
        5466
        4484
        4608
        7181
        4487
        9752
        6324
        6569
        5099
        6079
        3999
        7671
       10487
       11222
       10977
        5834
        9507
        8772
        8527
        8038
        3631
        5344
       11100
        4244
       11345
        4609
       10732
        7304
        9262
        4366
        7059
        4122
       10120
        5589
        6814
        3754
        9630
        7916
        9875
       10365
        3877
        4488
        6202
        4854
        4610
        7549
        9017
        5957
        9385
        5712
        7182
       10610
       10855
        6692
        5222
        6447
       11102
       11223
       11595
        8650
        5467
        9140
        4367
       11346
       11101
        8405
        7794
       10978
        4000
       10243
        4977
        6937
        4245
        6325
       10488
        4611
        4732
        4489
        8895
        6080
        9508
        8283
        7427
        9998
        8161
        5590
        4855
        5835
       11719
       11596
       11349
        3755
       11470
        9753
       11224
        4490
        6570
        7672
       10733
       11348
       11472
        9263
        8039
       11471
       11347
        5345
       11225
       11226
        4368
        7060
        8528
        8773
        4123
        5958
        4612
        5100
        5713
       10366
        6203
       10121
       10856
       11351
        7550
       10863
        5836
        6815
        9876
        4734
        7305
        9018
        6448
        9631
       10611
        3878
        4246
       11473
        7183
        9386
        4733
       11350
       10741
        7428
        5468
       11352
        4978
       11474
        4491
        5223
        7917
       10979
       11597
        4613
       10618
       11475
       10740
        4735
        5714
        5591
       11230
        8406
        6081
       10244
        9141
       11353
        7306
        5959
       11231
        4856
        8284
        6326
       11598
        6693
        5346
       11229
       10986
       10734
       11476
       10619
       11354
        8651
       10489
        9754
       10864
        6938
        9999
        8162
        7795
        7673
       11228
       11232
       11227
       11108
       10985
       11720
        8896
       11109
       11107
        5101
       10857
        6204
       10496
       10862
        4979
       10739
       10980
        4001
       10742
       10617
       11106
       10984
       11110
       11103
       11599
        5469
       10987
        4124
        5837
        9509
        4369
       10495
        9264
       10612
       11105
       11104
       10367
        4614
       10122
        5592
        7551
       10983
        7061
       10861
        9019
       10865
       11721
       11477
       10620
        6571
        4736
        7429
       10981
       10497
       11355
       10374
       10982
        6816
       11843
        5224
        3879
       10735
        8774
        8040
        6449
       11233
        6082
       10988
       10373
        8529
       10858
        9632
       10860
       10490
        4858
        9877
       10498
       10375
        8407
       10859
       10252
       11356
        5715
        5102
       10616
       10743
       10738
       10494
        9387
        7918
       10253
       10245
       10251
       10613
        4492
        4247
        6327
        6694
       10000
       11478
       10129
       11111
       10372
       10376
        7796
       10130
        7184
        8897
        9142
       11357
       10736
        5960
        8285
        6939
       10621
       10368
        7307
       11722
       10134
       11479
       10737
       10131
       11234
       10011
        4980
       10866
        7674
        5347
        4857
       10499
       11600
        6205
       10491
       11480
        4737
        4859
       10010
        8652
       10132
        7552
       11844
        5470
       10256
       10615
       10614
       10254
       10250
        9755
        9510
        4002
       11481
       10133
       11968
       11969
       11845
       11601
       11846
       11848
       11723
       11724
       11602
       11847
       11725
       11726
       11603
       11604
       10255
       10008
       10123
        6817
       10009
        6083
       10007
       11358
        8163
        5838
       10989
        5593
       10377
        5225
        4615
       10493
        9878
        7430
       10128
       10492
       10744
        9020
       10246
        9265
       11235
        4370
       10369
        8530
       11482
       10006
       10378
        9886
        9887
       10371
        6572
        6450
        5103
        7797
        7553
        7919
       10012
        8775
       10001
        8041
       10257
       10249
       10622
        7062
        7675
       10370
        6206
        9888
        5348
        4981
        6328
       10247
       10124
        9388
       10135
        5716
       11112
        5471
        9143
        4860
       11359
        6695
        9885
       10127
        4125
       10867
       10248
       10379
        8408
        5961
        6940
        9511
        9633
        9756
       10125
       10005
        9884
       10002
       10745
        4982
        4248
        8898
        9879
        4738
        5839
        6818
       10501
        4493
        9763
       11236
       10126
       10990
        7431
        7185
        8653
        7676
        6084
       10500
        9266
       10623
        7308
        8286
       11113
        9021
        9764
        5594
        7554
        7798
       11360
        5226
        7920
        9883
        8164
        8042
       10003
        9889
        6451
        6573
        9880
        4983
        5104
        4616
       10004
        5962
        9757
        7063
        8776
        6696
        5105
        9634
       10380
        4371
        5717
        9144
        9890
        9762
        4861
       10868
        8531
        5349
        6941
       10013
       11237
        9760
        9765
        9881
        9389
        4494
        9761
        9758
        9882
        7799
       10502
        8899
        9512
       10624
        9635
       10991
        7677
       10746
        6207
        4739
        5840
       11114
        9759
        6819
        7186
       10258
        9022
        9267
        8409
        5106
        6085
        6452
        8165
        8654
        7921
        5472
        9636
        8287
        9640
        7064
        6574
        7309
        9639
        9766
       10869
        6329
        4372
        4984
        8043
        7432
        5595
        8777
        7555
        6330
       10747
        5228
        5963
       11238
        6208
        4617
        9641
        5227
        4862
        5718
        8532
        9513
        8900
        6697
        9638
       10136
        9767
        9145
        9390
       10625
        9642
        6942
       10992
       11115
        5841
       10503
        9637
        4495
        8044
        8288
        8655
        7187
        8410
        6575
        6086
        5229
       10381
        6820
        4740
        9643
        4618
        9268
        6453
        8533
        4496
        5107
        5350
        5964
       10870
        4985
        7065
        9516
        8166
        8778
        7800
        6331
       10748
        7922
        9515
        9023
        7310
        4619
        9391
        4741
        4863
        8411
        9514
        5230
        5351
        8656
        5719
        5842
        6698
       10993
        9517
        7678
        5596
        8534
        9518
        9519
       11116
        6087
        9645
        5473
        6943
        8289
        9644
        5108
        9768
        9146
        5965
       10259
       10626
        4986
        9520
        7433
        6576
        7188
        9392
        9269
       10871
        5352
        6454
        8167
        6209
        9393
        8901
        5843
        5720
        7923
        6332
        9395
        7556
        6821
        9521
        8412
        6088
        8045
        9891
        5966
        9394
        8657
       10014
        6210
        7066
       10504
        6699
        5109
        9397
        9522
        8779
        9396
        5231
        6577
       10749
        9270
        7801
        9147
        6089
        5597
       10994
        9271
        9024
        5474
        8535
        9398
        8290
        7311
        6944
        7679
        5844
        6211
        9272
       10137
        6455
        6700
        8902
        5475
        6333
        9148
        6578
        9274
       10872
        5598
        6822
        9273
        5354
        9399
        9275
        7189
        5110
       10382
        5967
        9149
        8168
        5232
        6701
        8780
        9277
        8413
        6212
        5721
        9025
        7434
        8658
        9276
        9153
        9150
        6456
        6945
        9151
        6090
        7067
        8291
        8046
        9400
        9032
        8536
        8545
        9154
        5233
        9026
        9152
        6823
        7924
        8424
        5476
        9155
        8302
        6579
        6334
        7312
        7557
        8903
        8788
        5355
        7802
        8425
        8659
        8666
        9523
       10260
        8546
       10627
        8544
        9027
        9031
        8909
        5968
        8169
        9030
        6457
        5845
        9033
        8781
        8423
        7190
        6946
        6213
        8414
        6824
        5356
        8910
       10505
        6091
        7068
        9029
        8301
        5353
        5477
        8422
        8667
        8047
        5234
        8904
        6702
       10750
        9646
        8665
        9028
        6335
        5478
        8547
        6580
        8537
        8789
        8300
        7435
        5599
        8908
        7680
        8787
        8911
        8905
        8782
        7558
        8660
        7925
        6214
        8543
        5722
        8292
        8907
        8179
        9156
        9278
        6458
        7313
        5969
        5357
        5479
        7069
        8538
        5600
       10383
        7191
        8421
        8180
        8785
        8664
        8786
        6947
        7803
        6825
        8668
        8783
        8906
        8415
        8178
        8303
        6092
        8170
        8299
        8548
        6581
        9769
        8784
        8177
        8542
        8662
        6703
        8663
        5235
        8661
        8048
       10506
        6336
        5846
        5601
        5480
        7314
        7436
        7070
       10628
        7192
        8293
        6459
       10015
        9892
        8420
        7926
        7681
       10138
       10751
        8298
        8541
        8426
        9034
        8416
        5358
        5602
        8669
        9401
        8540
        6215
        6948
        8171
        7559
        6093
       10261
        8539
        5723
       10629
        8176
        5970
        8419
        9280
        8912
        6704
        6826
        8181
        8055
        7193
        8790
        9279
        9157
        7315
        7437
        8294
        8418
        5603
        7071
        8049
        7804
        7194
        6582
        8297
        6337
        8056
        5481
        9524
        6460
        8057
        7682
        8175
        8417
        8295
        8054
        8059
        5724
        8058
        7316
        8172
        8296
        5847
        5359
        6949
       10384
        8670
        9035
        7438
        5604
        7927
        6583
        5725
        8913
        8304
        7317
        6216
        7072
        8053
       10507
        7560
        6705
        7195
        8791
        5482
        8549
        9647
        8050
        6338
        6827
        8174
        8173
        9402
        5726
        7805
        8052
        6461
        8060
        7932
        6094
        5971
        8051
        7936
        8792
        8671
        7561
        7937
        7933
        7439
        7928
        5605
        7931
        8182
        7683
        7934
        7318
        7935
        6950
        9158
        9770
        5848
        5727
       10262
        6584
        8427
        9525
        6339
        5483
        7562
        7806
        7929
        9036
        7073
       10385
       10139
        7930
        7684
        6462
        9281
       10016
        6828
        7440
        6706
        8914
        5728
        9159
        9403
        7814
        5606
        6217
        9893
        6340
        7807
        8793
        5849
        7808
        7685
        6951
        9648
        9404
        7809
        7196
        7813
        6707
        8915
        5850
        8305
        9037
        6463
        6829
        7810
        5729
        7441
        7812
        9282
        7938
        7811
        8550
        6585
        5972
        7319
        9526
        6095
        5851
        6341
        8183
        7074
        7815
        7686
        7563
        9160
        7691
        5607
       10263
        7687
        9283
        9405
        9771
       10140
        6464
        9894
        7197
        7690
        8672
        7688
        8061
        5852
        7564
        6952
       10017
        7320
        7692
        6586
        9038
        6218
        7442
        8916
        9527
        9649
        6342
        6708
       10141
        7689
        5730
        8794
        5973
        9895
       10018
        9772
        8428
        9528
        6830
        7075
        9896
        7565
        9406
        6953
        7443
        7566
        9161
        5974
        6465
        7569
        5853
        6219
        5975
        7198
        6831
        5608
        9284
        7567
        7568
        6096
        7321
       10265
       10019
        7570
        7444
        7693
        9039
        9529
        9650
        9407
       10142
        9773
        6709
        5731
        9651
        6343
        6587
        9774
        7076
        8306
        7447
        6220
        8917
        6588
        5976
        9162
       10389
        7199
        7446
        9775
        7816
        8795
        6466
        7445
        7322
       10513
        6344
        6954
        8184
        6221
        5854
        7571
       10266
        6710
        9652
        6097
        7448
        8673
        7077
        5977
        7325
        6832
        9285
        6099
        6098
       10143
        6467
        9040
       10020
       10390
        9530
       10514
        6589
        5732
        7694
        7324
        8551
        7939
        7323
        6955
        7326
        7449
        7200
        6100
        7203
       10021
        6711
        5855
        9897
        9898
        9408
        8429
        9163
       10267
       10391
        8918
        6345
        6222
       10515
        6590
       10144
       10638
        6833
        9653
        7202
        6223
        5978
        6101
        9899
        8796
        7572
        7078
       10392
        6468
        8307
        8062
       10145
        6224
        7201
       10268
       10022
        5856
        9776
        6346
        9041
        7204
        9286
       10269
        5979
        6469
        7817
        6712
       10146
        7327
       10639
        8674
        6102
       10393
        6591
        9531
       10516
        6956
        6347
        6225
        6834
       10023
        5857
        6713
        5980
       10270
        8552
        6349
       10762
        7695
        6470
        9654
        7079
        6474
        9409
        7080
        6103
        6348
        9164
        6598
       10147
        6226
        9777
        8919
        6350
        5981
        6104
        7450
        6835
        9900
        6227
        6592
        6472
        6351
        6957
        6473
       10271
        6597
        6714
        7081
       10517
        6599
        8797
        6836
        6722
        6596
        8430
        9532
       10024
        8185
        9287
       10394
        6958
        9655
       10640
        6593
        9778
        6595
        9901
        7573
        6720
        7940
        9042
        7082
       10148
        6721
        9410
        6715
        9533
        9656
        7205
       10025
        9779
        9902
       10763
        8675
        7818
        9903
        6719
        6837
        9780
       10272
        9165
        6959
       10149
        9534
       10395
        9288
        8920
        9657
        7328
        9411
       10518
       10026
        7696
       10886
        6716
        8553
        9904
        6718
        8308
        9781
        8798
        8063
        9658
        9535
       10641
        6471
        6844
        7083
        9043
        9412
        9289
        6600
        6843
        6594
        9166
       10027
        6960
        8676
        7451
       10150
       10764
        9536
        8921
        9782
        9659
       10396
       10273
        6717
        9044
        9290
        6842
        9413
        7206
        8799
        7941
        9660
        6723
        9167
       10519
        9291
        9905
        8431
        9537
        9414
        9168
        8186
        8064
        6838
        8922
       10887
        9046
        7084
        9538
        6845
        8677
        7574
        9045
       10028
        6839
        6724
        6601
        7819
        7207
       10642
        6841
        9169
        9292
       10151
        9415
        6846
        9047
       10274
        8554
       11010
        9783
        7329
        8187
        7942
        8800
        8923
        8309
       10765
        8924
        9170
        8065
        6602
        8801
       10397
        8925
       10888
        9048
        9906
        7697
        9293
        9661
        8802
        8678
        7452
        6967
        8432
        8555
        8926
        9171
        6725
        8312
        8679
        9416
        6961
        8311
        8803
        8188
        8310
        7820
        8434
        7085
        7943
        8556
        8680
       10029
        8435
        8433
       10520
        8557
        6968
        6840
        9539
       11011
        9784
        9294
        7330
        8681
        9049
        8189
        7575
        8066
        8436
        8558
        6847
        8804
        9417
       10152
        6603
       10643
        8313
        9172
        6966
        9662
       11134
        8190
        9907
        7208
        6965
       10766
        7698
        6964
        9295
       10275
        7944
        8927
        8067
        6969
        8314
        9050
        8559
        9540
       11012
       10889
        9785
        9418
        9173
        7821
        7467
        8682
        7453
        8191
       10398
        8805
       10030
        9908
        7590
        7576
        8068
        7331
       11135
        9296
        7090
        7089
       10521
        6726
        8560
        8437
        9663
        8928
        9541
        7822
        7086
        7945
        7699
       10153
        7091
        8192
       11258
        8315
        8683
        9174
        6848
        6970
        9051
        6604
       10644
        9419
        8069
        7454
       10031
       11013
        9786
        7088
        7209
       10767
        8806
        9297
       10276
       10890
       11136
        7591
        7468
        6962
        6963
        7087
        9909
        8438
        7946
        9664
       10399
        7823
       11259
        8929
        7344
        9052
        9542
        8193
        7700
        7212
        6727
        9420
        7577
        8684
       10154
        7213
        8561
        7092
       10032
        7332
        9787
        9175
       11382
        6849
        7211
        6605
        8070
        8316
       10522
        7713
        9665
        8807
        7589
        7455
        6971
        9298
        7345
       10277
        7947
        7578
        9910
       10891
       10645
        7333
        8439
       11014
        8562
        7214
        7466
        7093
        8930
        9543
       10768
        6728
        6850
        6606
        7824
        9053
        9788
        7221
        6851
        7222
       10155
        6729
        7701
        6972
        9421
        7343
       10033
        7210
        6973
       10400
        7098
        6975
        7094
        6976
        7334
        7220
        7456
        6853
        7097
        7335
        9176
        6607
       11383
        9911
        9666
        6974
        8194
       11137
        8685
        7336
       11260
        6852
        7095
        7712
       10278
        7215
        8071
        6608
       10523
       11506
        8440
        7096
        7219
        6730
        7099
        8808
        8317
        9544
        7218
       10034
        7948
        6731
        6854
        8931
        9789
       10156
        9299
        7579
        6732
        6609
        7337
       10646
        7346
        7216
        7702
        7217
        7100
       10401
        9912
        9054
        7465
        6856
        7223
        8563
        6733
        7825
        7342
        7457
        6611
        7588
        6610
        6734
       10769
        6977
        9667
       10279
       11507
       10524
       10035
        6978
        9422
        9177
        7458
        8686
       10157
        7459
       10892
        7836
       11261
        7338
       11384
        6855
       11630
        7101
       11015
        7341
        9790
        8318
        8072
        6979
        8809
        9545
        7469
        7835
       11138
        9913
        8195
        6857
        7460
        7826
        7703
       10402
        7224
        7339
       10158
        7340
        7714
        8932
        7711
        7587
       10280
        7949
       10036
        9300
       10647
        7581
        9668
        9055
        7102
        7347
       11385
        6735
        8441
       11508
        7592
        8687
       10770
       11262
        8564
        9791
        7464
        7582
        7461
        7580
        7704
       10525
       10403
        9423
        6980
        9914
        9178
        7225
       11139
        7834
       10159
        8810
        7463
        7462
        7710
        7583
        8196
        7827
       10893
       10281
        9546
       10037
        7958
       11263
        7950
        7584
       11631
        8933
        8073
        7705
       11386
       10648
        9669
       11016
        7470
        7709
        7833
        8319
        7586
        9056
        7706
        9792
        7828
        9301
        6858
       10526
        7585
       10771
        8442
        9915
        7837
       10404
        7707
       11140
        7715
       10160
        8688
        7103
       10282
        7832
        7957
        9424
        8565
        8811
        7959
        9179
        7829
       11509
        8074
       10894
       10038
       10649
        7708
       11754
        7956
        7952
        8934
        7831
        8081
        9547
        9670
        8197
        8080
       10527
        7348
        7830
        9793
       11017
       11264
        9302
        6736
        7955
        7954
       10772
        9057
        8320
        9916
       10283
        7951
       10161
        7953
        8198
        6981
       11387
        8443
       10405
       11632
       10650
        7226
        8075
        8082
        7593
        9425
        8079
       11141
        7960
        8566
       10895
        8812
        8935
        8689
        9180
       11018
        8077
        9303
        9548
        9671
       10039
        8078
        8203
        8199
        8076
        7838
        8321
        8204
       10773
       10528
        6859
       10284
        9794
        9058
       11510
        8444
        9426
       11755
        7471
       10162
       11142
        8202
       11019
       10406
        8567
        8322
       10651
        9917
        9181
        7104
       10896
        8690
        8201
        8813
       11265
        7716
        7349
        9549
        8445
       10040
        9427
        8205
       10774
        8200
        8326
        8083
        8936
        9672
        9304
       10285
       10529
        8323
        8324
       11388
        7961
        8325
        8327
       11633
       10407
       10163
        9795
       11020
       10897
        6982
        8568
        7594
        9059
       11143
        9918
       10652
        8691
        9550
        7227
       10286
        9182
       11266
        8814
       10041
        8447
        8328
        9673
        8569
       10775
       10408
        7839
        7472
        9796
       10898
        8206
       11511
       10530
        8450
       10164
        8937
        9305
       10287
       10409
       11021
        8449
        8084
        8448
        9428
       11756
        9919
        9551
       11144
        7105
       10042
        9060
        8692
       10653
        6860
        9797
        8446
        7717
        8570
       10531
        9674
        7962
       10165
        7350
       11389
        9183
       10410
        8815
       10288
        8571
        8572
       10776
        8451
        7595
        9920
        9306
       10899
        8207
       11634
       11879
       10043
        8329
       10532
       11022
       11267
        7840
        8938
        8816
       10654
       10166
       10289
       10411
        9798
        9552
        9675
       10535
        8573
        9429
       10534
        8694
       10533
        7228
       10657
       10412
       10779
       11145
        9061
        8085
        9921
        9184
       10902
        6983
       10290
       10780
        8695
       10655
       11757
       11512
       10777
       11023
       10168
        8693
        8817
       10656
        8940
        8574
        8452
       10167
        7473
       10900
        8939
        9307
       10778
        7963
       10044
       10901
        8330
       11390
       11024
        9430
       10045
       10413
       11146
        9676
       11268
        9553
        8696
        8208
        9062
       11147
        9922
       11635
        8818
        9923
        9799
       11269
        8697
        7351
       11880
        8819
        8575
        8086
       10658
        7106
       10046
        7596
        9800
        9308
       10291
       11025
        8453
        9185
        8941
        9063
       12003
        9431
        9678
        9064
       11513
        8209
       11636
        8331
        9554
       11391
       10169
        8942
        9186
        9556
       11758
        9555
       11514
        8699
        9311
        8332
        8577
        9188
        9433
        8944
        8454
        9066
        9677
        9187
        9309
        9432
        8210
        9310
        8820
        8087
        7964
        9801
        9065
        7718
       10536
        8698
        8821
        8576
        6984
        7965
        7229
       10903
       10414
        7843
        8088
        8943
       11392
        7474
        7719
        9679
       10047
        7841
        9434
       11881
        9924
        8822
       10292
        6985
        7352
        7842
        7598
        9557
        7597
        7107
        8455
       10170
        7353
       11759
        7720
        8945
       11270
        7108
        7966
        9067
       10781
        9312
        9435
        9925
        9802
        8700
       10048
        9190
        8211
        7230
        7721
        9189
        7475
        7476
       11148
        8333
        9068
        9680
       11637
        7231
        9803
        8089
        9558
        8578
        9191
        7844
        9681
        9926
        9069
        9192
        9314
       10659
        9436
        8823
       10415
       10293
        8946
        8456
        6986
        9315
        9559
       11026
        8701
       10537
       11515
       12004
        7354
       10171
        9804
        8579
        7599
        9682
        7967
        9070
        8212
        8947
        8824
        9805
       10049
       11882
        9927
        7109
        9560
        7477
       10904
       11393
        8334
       12127
       11760
        8090
        7722
       12005
        9313
        9683
        9437
        8702
        9928
        8457
        9193
        9440
        9439
       11271
        9561
        9806
        6987
       10050
       11638
       12128
       11149
        9316
        7232
        7600
       11883
        8335
        7845
       10782
        8580
       12006
        9684
        8948
        8825
        9929
       10294
       11516
       10172
        9438
        7968
        8213
        9562
        7355
       12129
       10051
       10416
       12251
       11761
        9071
       10538
       10660
        7110
       11884
        9563
       11027
        9807
        6988
        9685
       10295
        9317
       10052
       11639
        7478
       10173
        7723
        8091
       11394
        9194
        8458
        8703
       12007
        6866
       11762
       12252
        7233
        9930
        7111
       11517
        8336
        9808
        7846
        9686
       11272
       11150
       10174
        6868
        7969
        6989
        6867
       10053
        7601
        7356
       10175
       12130
       10417
        8826
        6992
        8581
       10905
        9931
        8214
       10296
        7724
        6990
       12375
        7114
        7847
        9564
        9318
       11640
       11885
        6869
       10539
        9809
        7234
        7602
        7479
       10176
       10783
       10054
       10661
        7115
       10418
        6991
        7237
       11395
        7112
       11273
       10297
        7236
        7113
        9441
        7970
        9195
        7359
        8459
       12008
        7357
       11028
        7235
       12253
        9932
        8092
       11763
        7360
        7725
        8949
       10055
       10419
       10298
        7848
       10177
        9687
        7480
        9442
        7358
        6994
       12258
       11886
        9072
       10540
        7238
        8704
        7603
       11151
       11518
       12131
       10299
       12376
        7116
       10178
        9565
       10906
       11641
        7481
        7239
        7482
        7117
        7726
       11396
        9810
       10541
       10784
       10662
        9933
       12136
       10420
       12254
        7361
       12499
       12009
        9319
       10300
        7483
        8337
       11764
        8827
       11887
       10421
        6995
       11274
        8582
        9566
        7118
        9688
       10056
        7727
       10422
       11029
       11519
       12377
       10542
       12010
        9196
        7604
       11642
       10301
       12132
       10663
        7362
        7849
        8215
        7971
       11765
       10543
       10423
        7240
        9073
        7484
        8950
       10907
        9443
        6873
       11888
       10785
        8093
        7241
       12255
       10179
        7605
       12500
        7363
       11397
        8460
        9934
       11152
        7606
        9811
        8705
       10664
       11520
       10544
       12011
        6996
        7850
       12133
       10302
       10057
       11643
       10424
        7485
        7728
       11766
       12378
        9689
       12623
        7119
       11030
       10665
        7972
        7729
        7242
        9320
        8828
       10786
       11889
       10545
        9197
        8338
        9074
       10908
        7607
       12256
        7364
        8094
        7851
       10425
       12135
       11275
        8951
       10666
       10180
       12501
       10303
       10547
        6997
       12134
        9812
       12013
        7486
        8216
       10667
        8583
       12257
       10546
       12012
        9444
       12624
       10787
       11521
        9567
       11644
        7973
       11398
        7120
       11153
        8461
       11767
        9690
       12379
        7608
        9691
       10909
        9935
       10058
       11890
        9321
        7730
       12380
       11031
       12502
       10788
        7365
        8706
        9813
        7243
       10181
       10668
       11891
       10789
        9198
        7852
       11276
        7121
        8584
       12014
       12747
        8829
        7974
        7487
        9568
       10669
       10910
        8952
        8339
       11399
        8095
       11645
       12625
       11154
        9075
        9936
       11032
        7244
       11522
       11768
       10426
       10911
        7975
       11892
        7609
        8217
       10791
        7366
       12503
       10790
        7731
       10304
        9815
       11033
       11769
       12259
        8096
       10059
       12137
       11277
       12381
        7488
       10548
        9322
        9814
        9445
        9199
        8707
       11034
       11155
       12748
        8462
       10912
       11157
       12015
        7367
        7853
       10549
       10427
        7245
        9937
       11156
       11647
       11400
       11523
       11646
       12626
        9076
        8585
       11278
       10182
        7489
       10914
        7610
       11770
        9692
       10670
        8340
       12504
       11893
       11279
        7369
       11035
       10671
        7368
        8830
       11524
       11280
        9569
       10550
        7490
       10305
        7732
       10913
       11036
       11158
        9446
       10792
        9323
        9200
        7491
       12382
        8097
       10915
       12138
       10672
       11401
       11525
       12260
       10428
        8953
       10060
        7611
       12016
        7976
        8218
        7612
        8098
       10061
       11771
       11402
        8099
       12749
        7854
        8708
        8463
        9077
        7613
        8219
       11648
        7733
       10673
       12627
       10794
       11281
       10551
       10793
       10183
        7492
        8341
        9939
        7614
        7735
       11403
        7493
       11894
        7734
        8954
        9324
        9201
       10306
        7855
        7615
       12505
       11526
       10795
        9816
        9078
       11404
        7736
        9447
       11649
       11037
        8709
        9693
       12139
       12261
        8586
       12017
       12383
        8831
       10796
       11038
        7616
       10916
        7737
       11159
       10429
       12872
        7738
        7977
       10917
       10674
       11282
        8955
       11772
       10184
        7857
        7859
        9570
        9938
        7617
       10062
        8464
       10918
        8220
        7739
       11895
        7856
        7858
       11405
       12750
        8221
        7740
        7741
        8342
       10552
        8832
       11039
        8833
        8956
        9202
        9079
        8100
        8222
       11527
        9325
       11650
        8710
        7863
        7862
        7861
       11160
       12628
       12140
        7864
        9817
       10797
        7978
        9940
       10919
       10307
       10185
        8587
       11528
       12262
        8711
        8834
        8588
        9448
       12506
        8465
        7983
        8957
       11773
       11041
        9571
        7979
        7980
       11040
        9694
       12018
        8343
       10675
       10430
       11283
        7860
       11161
        7744
        7867
       12384
        7866
        7985
        8344
        7989
        7981
       11406
        7988
        7743
       12873
       10063
        7984
        7865
        9203
        8589
        8712
        8345
       11162
       11163
        7982
        8466
       12751
        7990
        9080
       10920
        7986
        7621
       11896
        7622
        7745
        8223
        7987
       11529
       11042
        9695
        8835
        8107
        9818
       10308
       11286
        7868
        8101
        9326
        8467
       11651
        8468
       10553
        8104
        8590
        9572
        9449
       11284
        8113
        8958
       11774
        8106
        8346
        8224
        9941
       12141
        8108
        8105
       12996
        8103
        8713
       11164
        8361
       12263
       12629
       10798
       12019
        8237
        7991
        8591
        8111
        8236
        8102
        8469
        8836
       11652
       11407
        8112
        8230
        8114
        9327
        9204
       12385
        8115
        8109
        9081
        8229
       12507
       12874
       10309
        7869
        8592
        8228
        8714
       11043
        8110
       11287
       11165
       10676
        8235
       10310
       10431
        8972
       11897
       11530
        9082
        9573
        8347
        7993
        7992
        8116
        8238
        8225
        8959
        8227
        9696
        8231
       10064
        8226
        8593
        9450
        8837
        8359
        8232
        8354
       10921
        8470
        8715
        8234
        8360
        8483
        9942
        8348
       11285
       12264
        8352
       11653
        8353
       12752
        9819
        8349
       10186
        8971
        8604
       12142
        8355
        8356
        8358
       11775
        8233
        9093
       10187
        8716
        8849
        9094
       12020
        8726
        9328
        8602
       10799
        8350
        8351
        9205
       11166
        8960
        8482
        8357
        8471
        9451
       10554
        8473
        9215
       12997
       11288
        8477
       11044
        8838
        8725
        8476
        9697
        8727
        8605
        8472
        8603
        8481
        8480
        8479
        8594
        8478
        8475
       12386
       11410
        9092
        9574
        9583
        8598
        8595
       11534
        9461
        9339
        8717
        9338
       10065
        8970
        8601
        9217
        8839
       12630
       11898
        9452
        9820
        8600
        9083
        8474
        8848
       11408
        8840
        8961
        8599
       10433
        8722
        8597
       12875
        8718
        9206
        8847
       10432
        8719
        9218
        8724
        8596
        8721
        9460
       11776
       10677
        8964
       11411
        8962
        9207
        8723
        9705
       11531
        9084
       13120
       12508
        8841
       11654
       12143
        8720
       12265
        8969
        8846
        9329
        9582
        8963
        8842
       10555
       10922
        9337
        8965
        8968
        8844
       12387
       11289
        9091
        9331
        9086
        8843
        9087
        9085
        9453
        9575
        9330
        9698
       10800
        9584
       11658
        9088
        9216
        9340
        8845
        9943
       11167
        9462
       10194
       11409
        9210
        8966
       12753
        9214
       10434
       11777
        9576
        8967
        9208
       12021
       10678
        9706
        9089
       11899
       13244
       12998
        9341
       12509
       10316
        9213
        9336
        9209
        9211
        9090
        9454
        9707
        9704
        9459
        9828
       11045
        9821
        9333
       10923
       10188
       12144
       10066
        9455
        9332
       10072
       12631
        9456
       11412
        9335
        9577
        9581
       12266
        9699
       11290
       10556
        9463
        9457
        9944
        9212
       11532
       13121
       10801
        9829
       11168
       12388
       11900
       11535
        9334
        9585
        9458
       10311
        9580
       13122
        9578
       12876
        9950
        9342
        9703
        9826
       12510
       12022
       12999
       11778
       11533
        9700
       10067
        9708
       12754
       11655
        9464
       11413
       11901
       10435
        9822
       10927
       12267
        9948
       12023
        9701
        9825
       10924
       11291
       10189
       11046
       12877
        9579
       10679
        9586
       12389
       12632
       10559
       12633
       12511
       12755
       10557
       10558
       10805
        9949
        9827
        9951
        9702
        9830
        9465
       13245
       13000
       13123
        9947
       11536
       12878
       10071
        9945
       11659
       12145
       11656
       11414
       10195
       11657
       13493
       13369
       13371
       13494
       13246
       13248
       13001
       13370
       13249
        9823
       13247
       13124
       13003
       12756
       12879
       13126
       12634
       12757
       13127
       13125
       13002
       13004
       12881
       12880
       12883
       12635
       13005
       12512
       12758
       12024
       12759
       12882
       12636
       12760
       12513
       12390
       12637
       12391
       12516
       12268
       12638
       12514
       12394
       12270
       12392
       12269
       12515
       12393
       12146
       12148
       12271
       11779
       12147
       11902
       11903
       12027
       12149
       12025
       12026
       11904
       11780
       11781
       11905
       11782
       11660
       10073
       10193
        9824
        9946
       10070
       11169
       10312
        9952
       10802
        9831
       10068
       10315
       11047
       10069
       11292
       10680
       11049
       11538
       11537
       10190
       10318
       10074
       10192
        9953
       10438
       11170
        9709
        9587
       11415
       10681
       10925
       10317
       10436
       11048
       11416
       11294
        9466
       10314
       10804
       10196
       10191
       10313
       10437
       10683
       10803
       11171
       10926
       11172
       10682
       11293
       11050
       10075
        9832
       10928
       10439
        9588
       10563
        9954
       10561
       11539
       10319
       10440
       10076
       11418
       10806
        9710
       10441
        9955
       11295
       11419
       11173
       10197
       10560
       10684
       11051
       10198
       10929
       11417
       11296
       10807
       10562
       11297
        9589
       11174
       10077
       10930
        9833
       11052
       10564
       10442
       10809
       11541
       11175
       10808
       11540
       10931
        9711
       11053
       10199
       10320
       11420
       10687
        9956
        9590
       10685
       10686
       11298
        9712
       11663
       10321
       10079
       11299
       11176
       11421
       10443
       10078
        9834
       11055
       11542
       10200
       11177
       10932
       11054
       10933
        9957
        9713
       10322
       11543
       10565
        9835
       11300
       10201
       11664
       10444
       11422
       11544
       11178
        9958
       11665
       11056
       10811
       10689
        9836
       10688
       10080
        9714
       11301
       10323
       11666
       10810
       10934
       11423
       10566
       11545
       11179
       10812
       11057
       10445
       11667
       11788
       11424
       10202
       10935
        9715
        9837
       11789
       11668
        9959
       10324
       11546
       10690
       11302
       10081
       10813
       10446
       11790
       10203
       11180
       11912
        9838
       11058
       10325
        9960
       10936
       10204
       11547
       11425
       10082
       11669
       11791
       11913
       11303
       10447
       10691
       10814
       11548
       10569
       11059
       10567
       11181
       11670
       10326
       11792
       10937
       12036
       11426
       10448
       11914
        9961
        9839
       10083
       10205
       11304
       10570
       10568
       10692
       11182
       11060
        9962
       10327
       11550
       11671
       12037
       12038
       12160
       12161
       11916
       12039
       11915
       11794
       11793
       11917
       11795
       11672
       11549
       10815
       10449
       10084
       10938
       11428
       10206
       10328
       10571
       11427
       11305
       11061
       11306
       11183
       10816
       10693
       10450
       10939
       10572
       10817
       10694
       11184
       10573
       10695
       10818
       11062
       10940
       10941
       10819
       10942
       11064
       11065
       10943
       11188
       11066
       11189
       11067
       11312
       11190
       11314
       11313
       11191
       11436
       11315
       11437
       11560
       11438
