north:     0
south:           0.00000000
east:      0
west:            0.00000000
rows:     20
cols:     20
   0.100000117000E+01   0.100000117000E+01   0.100000117000E+01   0.100000117000E+01   0.100000117000E+01   0.100000117000E+01   0.100000117000E+01   0.100000117000E+01   0.100000117000E+01   0.100000117000E+01   0.100000117000E+01   0.100000117000E+01   0.100000117000E+01   0.100000117000E+01   0.100000117000E+01   0.000000000000E+00   0.000000000000E+00   0.000000000000E+00   0.000000000000E+00   0.000000000000E+00
   0.100000117000E+01   0.100000110500E+01   0.100000110500E+01   0.100000110500E+01   0.100000110500E+01   0.100000110500E+01   0.100000110500E+01   0.100000110500E+01   0.100000110500E+01   0.100000110500E+01   0.100000110500E+01   0.100000110500E+01   0.100000110500E+01   0.100000110500E+01   0.100000110500E+01   0.000000000000E+00   0.000000000000E+00   0.000000000000E+00   0.000000000000E+00   0.000000000000E+00
   0.100000117000E+01   0.100000110500E+01   0.100000104000E+01   0.100000104000E+01   0.100000104000E+01   0.100000104000E+01   0.100000104000E+01   0.100000104000E+01   0.100000104000E+01   0.100000104000E+01   0.100000104000E+01   0.100000104000E+01   0.100000104000E+01   0.100000104000E+01   0.100000104000E+01   0.000000000000E+00   0.000000000000E+00   0.000000000000E+00   0.000000000000E+00   0.000000000000E+00
   0.100000117000E+01   0.100000110500E+01   0.100000104000E+01   0.100000097500E+01   0.100000097500E+01   0.100000097500E+01   0.100000097500E+01   0.100000097500E+01   0.100000097500E+01   0.100000097500E+01   0.100000097500E+01   0.100000097500E+01   0.100000097500E+01   0.100000097500E+01   0.100000097500E+01   0.100000097500E+01   0.100000097500E+01   0.100000097500E+01   0.100000097500E+01   0.100000097500E+01
   0.100000117000E+01   0.100000110500E+01   0.100000104000E+01   0.100000097500E+01   0.100000091000E+01   0.100000091000E+01   0.100000091000E+01   0.100000091000E+01   0.100000091000E+01   0.100000091000E+01   0.100000091000E+01   0.100000091000E+01   0.100000091000E+01   0.100000091000E+01   0.100000091000E+01   0.100000091000E+01   0.100000091000E+01   0.100000091000E+01   0.100000091000E+01   0.100000091000E+01
   0.100000117000E+01   0.100000110500E+01   0.100000104000E+01   0.100000097500E+01   0.100000091000E+01   0.100000084500E+01   0.100000084500E+01   0.100000084500E+01   0.100000084500E+01   0.100000084500E+01   0.100000084500E+01   0.100000084500E+01   0.100000084500E+01   0.100000084500E+01   0.100000084500E+01   0.100000084500E+01   0.100000084500E+01   0.100000084500E+01   0.100000084500E+01   0.100000084500E+01
   0.100000117000E+01   0.100000110500E+01   0.100000104000E+01   0.100000097500E+01   0.100000091000E+01   0.100000084500E+01   0.100000078000E+01   0.100000078000E+01   0.100000078000E+01   0.100000078000E+01   0.100000078000E+01   0.100000078000E+01   0.100000078000E+01   0.100000078000E+01   0.100000078000E+01   0.100000078000E+01   0.100000078000E+01   0.100000078000E+01   0.100000078000E+01   0.100000078000E+01
   0.100000117000E+01   0.100000110500E+01   0.100000104000E+01   0.100000097500E+01   0.100000091000E+01   0.100000084500E+01   0.100000078000E+01   0.100000071500E+01   0.100000071500E+01   0.100000071500E+01   0.100000071500E+01   0.100000071500E+01   0.100000071500E+01   0.100000071500E+01   0.100000071500E+01   0.100000071500E+01   0.100000071500E+01   0.100000071500E+01   0.100000071500E+01   0.100000071500E+01
   0.100000117000E+01   0.100000110500E+01   0.100000104000E+01   0.100000097500E+01   0.100000091000E+01   0.100000084500E+01   0.100000078000E+01   0.100000071500E+01   0.100000065000E+01   0.100000065000E+01   0.100000065000E+01   0.100000065000E+01   0.100000065000E+01   0.100000065000E+01   0.100000065000E+01   0.100000065000E+01   0.100000065000E+01   0.100000065000E+01   0.100000065000E+01   0.100000065000E+01
   0.100000117000E+01   0.100000110500E+01   0.100000104000E+01   0.100000097500E+01   0.100000091000E+01   0.100000084500E+01   0.100000078000E+01   0.100000071500E+01   0.100000065000E+01   0.100000058500E+01   0.100000058500E+01   0.100000058500E+01   0.100000058500E+01   0.100000058500E+01   0.100000058500E+01   0.100000058500E+01   0.100000058500E+01   0.100000058500E+01   0.100000058500E+01   0.100000058500E+01
   0.000000000000E+00   0.000000000000E+00   0.000000000000E+00   0.000000000000E+00   0.000000000000E+00   0.000000000000E+00   0.000000000000E+00   0.000000000000E+00   0.000000000000E+00   0.000000000000E+00   0.100000052000E+01   0.100000052000E+01   0.100000052000E+01   0.100000052000E+01   0.100000052000E+01   0.100000052000E+01   0.100000052000E+01   0.100000052000E+01   0.100000052000E+01   0.100000052000E+01
   0.000000000000E+00   0.000000000000E+00   0.000000000000E+00   0.000000000000E+00   0.000000000000E+00   0.000000000000E+00   0.000000000000E+00   0.000000000000E+00   0.000000000000E+00   0.000000000000E+00   0.100000052000E+01   0.100000045500E+01   0.100000045500E+01   0.100000045500E+01   0.100000045500E+01   0.100000045500E+01   0.100000045500E+01   0.100000045500E+01   0.100000045500E+01   0.100000045500E+01
   0.000000000000E+00   0.000000000000E+00   0.000000000000E+00   0.000000000000E+00   0.000000000000E+00   0.000000000000E+00   0.000000000000E+00   0.000000000000E+00   0.000000000000E+00   0.000000000000E+00   0.100000052000E+01   0.100000045500E+01   0.100000039000E+01   0.100000039000E+01   0.100000039000E+01   0.100000039000E+01   0.100000039000E+01   0.100000039000E+01   0.100000039000E+01   0.100000039000E+01
   0.000000000000E+00   0.000000000000E+00   0.000000000000E+00   0.000000000000E+00   0.000000000000E+00   0.000000000000E+00   0.000000000000E+00   0.000000000000E+00   0.000000000000E+00   0.000000000000E+00   0.100000052000E+01   0.100000045500E+01   0.100000039000E+01   0.100000032500E+01   0.100000032500E+01   0.100000032500E+01   0.100000032500E+01   0.100000032500E+01   0.100000032500E+01   0.100000032500E+01
   0.000000000000E+00   0.000000000000E+00   0.000000000000E+00   0.000000000000E+00   0.000000000000E+00   0.000000000000E+00   0.000000000000E+00   0.000000000000E+00   0.000000000000E+00   0.000000000000E+00   0.100000052000E+01   0.100000045500E+01   0.100000039000E+01   0.100000032500E+01   0.100000026000E+01   0.100000026000E+01   0.100000026000E+01   0.100000026000E+01   0.100000026000E+01   0.100000026000E+01
   0.000000000000E+00   0.000000000000E+00   0.000000000000E+00   0.000000000000E+00   0.000000000000E+00   0.000000000000E+00   0.000000000000E+00   0.000000000000E+00   0.000000000000E+00   0.000000000000E+00   0.100000052000E+01   0.100000045500E+01   0.100000039000E+01   0.100000032500E+01   0.100000026000E+01   0.100000019500E+01   0.100000019500E+01   0.100000019500E+01   0.100000019500E+01   0.100000019500E+01
   0.000000000000E+00   0.000000000000E+00   0.000000000000E+00   0.000000000000E+00   0.000000000000E+00   0.000000000000E+00   0.000000000000E+00   0.000000000000E+00   0.000000000000E+00   0.000000000000E+00   0.100000052000E+01   0.100000045500E+01   0.100000039000E+01   0.100000032500E+01   0.100000026000E+01   0.100000019500E+01   0.100000013000E+01   0.100000013000E+01   0.100000013000E+01   0.100000013000E+01
   0.000000000000E+00   0.000000000000E+00   0.000000000000E+00   0.000000000000E+00   0.000000000000E+00   0.000000000000E+00   0.000000000000E+00   0.000000000000E+00   0.000000000000E+00   0.000000000000E+00   0.100000052000E+01   0.100000045500E+01   0.100000039000E+01   0.100000032500E+01   0.100000026000E+01   0.100000019500E+01   0.100000013000E+01   0.100000006500E+01   0.100000006500E+01   0.100000006500E+01
   0.000000000000E+00   0.000000000000E+00   0.000000000000E+00   0.000000000000E+00   0.000000000000E+00   0.000000000000E+00   0.000000000000E+00   0.000000000000E+00   0.000000000000E+00   0.000000000000E+00   0.100000052000E+01   0.100000045500E+01   0.100000039000E+01   0.100000032500E+01   0.100000026000E+01   0.100000019500E+01   0.100000013000E+01   0.100000006500E+01   0.100000000000E+01   0.100000000000E+01
   0.000000000000E+00   0.000000000000E+00   0.000000000000E+00   0.000000000000E+00   0.000000000000E+00   0.000000000000E+00   0.000000000000E+00   0.000000000000E+00   0.000000000000E+00   0.000000000000E+00   0.100000052000E+01   0.100000045500E+01   0.100000039000E+01   0.100000032500E+01   0.100000026000E+01   0.100000019500E+01   0.100000013000E+01   0.100000006500E+01   0.100000000000E+01   0.999000000000E+00
