                     #***** Cumulative flow volumes ***** 
# Nstep    Deltat      Time  SeepageF  nansfDir  nansfNeu   Nudging  net (VTOT)
      1  1.00E-02  1.00E-02  0.00E+00  0.00E+00  0.00E+00  0.00E+00 -2.7357E-16
      2  1.10E-02  2.10E-02  0.00E+00  0.00E+00  0.00E+00  0.00E+00 -1.4445E-13
      3  1.21E-02  3.31E-02  0.00E+00  0.00E+00  0.00E+00  0.00E+00  4.4814E-11
      4  1.33E-02  4.64E-02  0.00E+00  0.00E+00  0.00E+00  0.00E+00  1.6221E-10
      5  1.46E-02  6.11E-02  0.00E+00  0.00E+00  0.00E+00  0.00E+00  6.5152E-10
      6  1.61E-02  7.72E-02  0.00E+00  0.00E+00  0.00E+00  0.00E+00  9.1737E-10
      7  1.77E-02  9.49E-02  0.00E+00  0.00E+00  0.00E+00  0.00E+00  6.6635E-10
      8  1.95E-02  1.14E-01  0.00E+00  0.00E+00  0.00E+00  0.00E+00  6.0349E-10
      9  2.14E-02  1.36E-01  0.00E+00  0.00E+00  0.00E+00  0.00E+00  5.7632E-10
     10  2.36E-02  1.59E-01  0.00E+00  0.00E+00  0.00E+00  0.00E+00  5.6288E-10
     11  2.59E-02  1.85E-01  0.00E+00  0.00E+00  0.00E+00  0.00E+00  5.5596E-10
     12  2.85E-02  2.14E-01  0.00E+00  0.00E+00  0.00E+00  0.00E+00  5.5233E-10
     13  3.14E-02  2.45E-01  0.00E+00  0.00E+00  0.00E+00  0.00E+00  5.5033E-10
     14  3.45E-02  2.80E-01  0.00E+00  0.00E+00  0.00E+00  0.00E+00  5.4910E-10
     15  3.80E-02  3.18E-01  0.00E+00  0.00E+00  0.00E+00  0.00E+00  5.4824E-10
     16  4.18E-02  3.59E-01  0.00E+00  0.00E+00  0.00E+00  0.00E+00  5.4757E-10
     17  4.59E-02  4.05E-01  0.00E+00  0.00E+00  0.00E+00  0.00E+00  5.4701E-10
     18  5.05E-02  4.56E-01  0.00E+00  0.00E+00  0.00E+00  0.00E+00  5.4653E-10
     19  5.56E-02  5.12E-01  0.00E+00  0.00E+00  0.00E+00  0.00E+00  5.4613E-10
     20  6.12E-02  5.73E-01  0.00E+00  0.00E+00  0.00E+00  0.00E+00  5.4579E-10
     21  6.73E-02  6.40E-01  0.00E+00  0.00E+00  0.00E+00  0.00E+00  5.4551E-10
     22  7.40E-02  7.14E-01  0.00E+00  0.00E+00  0.00E+00  0.00E+00  5.4529E-10
     23  8.14E-02  7.95E-01  0.00E+00  0.00E+00  0.00E+00  0.00E+00  5.4511E-10
     24  8.95E-02  8.85E-01  0.00E+00  0.00E+00  0.00E+00  0.00E+00  5.4497E-10
     25  9.85E-02  9.83E-01  0.00E+00  0.00E+00  0.00E+00  0.00E+00  5.4486E-10
     26  1.08E-01  1.09E+00  0.00E+00  0.00E+00  0.00E+00  0.00E+00  5.4478E-10
     27  1.19E-01  1.21E+00  0.00E+00  0.00E+00  0.00E+00  0.00E+00  5.4472E-10
     28  1.31E-01  1.34E+00  0.00E+00  0.00E+00  0.00E+00  0.00E+00  5.4467E-10
     29  1.44E-01  1.49E+00  0.00E+00  0.00E+00  0.00E+00  0.00E+00  5.4464E-10
     30  1.59E-01  1.64E+00  0.00E+00  0.00E+00  0.00E+00  0.00E+00  5.4462E-10
     31  1.74E-01  1.82E+00  0.00E+00  0.00E+00  0.00E+00  0.00E+00  5.4460E-10
     32  1.92E-01  2.01E+00  0.00E+00  0.00E+00  0.00E+00  0.00E+00  5.4459E-10
     33  2.11E-01  2.22E+00  0.00E+00  0.00E+00  0.00E+00  0.00E+00  5.4458E-10
     34  2.32E-01  2.45E+00  0.00E+00  0.00E+00  0.00E+00  0.00E+00  5.4456E-10
     35  2.55E-01  2.71E+00  0.00E+00  0.00E+00  0.00E+00  0.00E+00  5.4455E-10
     36  2.81E-01  2.99E+00  0.00E+00  0.00E+00  0.00E+00  0.00E+00  5.4453E-10
     37  3.09E-01  3.30E+00  0.00E+00  0.00E+00  0.00E+00  0.00E+00  5.4452E-10
     38  3.40E-01  3.64E+00  0.00E+00  0.00E+00  0.00E+00  0.00E+00  5.4450E-10
     39  3.74E-01  4.01E+00  0.00E+00  0.00E+00  0.00E+00  0.00E+00  5.4447E-10
     40  4.11E-01  4.43E+00  0.00E+00  0.00E+00  0.00E+00  0.00E+00  5.4445E-10
     41  4.53E-01  4.88E+00  0.00E+00  0.00E+00  0.00E+00  0.00E+00  5.4442E-10
     42  4.98E-01  5.38E+00  0.00E+00  0.00E+00  0.00E+00  0.00E+00  5.4438E-10
     43  5.48E-01  5.92E+00  0.00E+00  0.00E+00  0.00E+00  0.00E+00  5.4433E-10
     44  6.02E-01  6.53E+00  0.00E+00  0.00E+00  0.00E+00  0.00E+00  5.4428E-10
     45  6.63E-01  7.19E+00  0.00E+00  0.00E+00  0.00E+00  0.00E+00  5.4422E-10
     46  7.29E-01  7.92E+00  0.00E+00  0.00E+00  0.00E+00  0.00E+00  5.4414E-10
     47  8.02E-01  8.72E+00  0.00E+00  0.00E+00  0.00E+00  0.00E+00  5.4405E-10
     48  8.82E-01  9.60E+00  0.00E+00  0.00E+00  0.00E+00  0.00E+00  5.4395E-10
     49  9.70E-01  1.06E+01  0.00E+00  0.00E+00  0.00E+00  0.00E+00  5.4382E-10
     50  1.07E+00  1.16E+01  0.00E+00  0.00E+00  0.00E+00  0.00E+00  5.4367E-10
     51  1.17E+00  1.28E+01  0.00E+00  0.00E+00  0.00E+00  0.00E+00  5.4348E-10
     52  1.29E+00  1.41E+01  0.00E+00  0.00E+00  0.00E+00  0.00E+00  5.4326E-10
     53  1.42E+00  1.55E+01  0.00E+00  0.00E+00  0.00E+00  0.00E+00  5.4300E-10
     54  1.56E+00  1.71E+01  0.00E+00  0.00E+00  0.00E+00  0.00E+00  5.4269E-10
     55  1.72E+00  1.88E+01  0.00E+00  0.00E+00  0.00E+00  0.00E+00  5.4231E-10
     56  1.89E+00  2.07E+01  0.00E+00  0.00E+00  0.00E+00  0.00E+00  5.4186E-10
     57  2.08E+00  2.28E+01  0.00E+00  0.00E+00  0.00E+00  0.00E+00  5.4131E-10
     58  2.29E+00  2.51E+01  0.00E+00  0.00E+00  0.00E+00  0.00E+00  5.4065E-10
     59  2.52E+00  2.76E+01  0.00E+00  0.00E+00  0.00E+00  0.00E+00  5.3986E-10
     60  2.77E+00  3.03E+01  0.00E+00  0.00E+00  0.00E+00  0.00E+00  5.3891E-10
     61  3.04E+00  3.34E+01  0.00E+00  0.00E+00  0.00E+00  0.00E+00  5.3777E-10
     62  3.35E+00  3.67E+01  0.00E+00  0.00E+00  0.00E+00  0.00E+00  5.3639E-10
     63  3.68E+00  4.04E+01  0.00E+00  0.00E+00  0.00E+00  0.00E+00  5.3474E-10
     64  4.05E+00  4.45E+01  0.00E+00  0.00E+00  0.00E+00  0.00E+00  5.3274E-10
     65  4.46E+00  4.89E+01  0.00E+00  0.00E+00  0.00E+00  0.00E+00  5.3033E-10
     66  4.90E+00  5.38E+01  0.00E+00  0.00E+00  0.00E+00  0.00E+00  5.2742E-10
     67  5.39E+00  5.92E+01  0.00E+00  0.00E+00  0.00E+00  0.00E+00  5.2392E-10
     68  5.93E+00  6.52E+01  0.00E+00  0.00E+00  0.00E+00  0.00E+00  5.1970E-10
     69  6.53E+00  7.17E+01  0.00E+00  0.00E+00  0.00E+00  0.00E+00  5.1461E-10
     70  7.18E+00  7.89E+01  0.00E+00  0.00E+00  0.00E+00  0.00E+00  5.0848E-10
     71  7.90E+00  8.68E+01  0.00E+00  0.00E+00  0.00E+00  0.00E+00  5.0108E-10
     72  8.69E+00  9.55E+01  0.00E+00  0.00E+00  0.00E+00  0.00E+00  4.9216E-10
     73  9.56E+00  1.05E+02  0.00E+00  0.00E+00  0.00E+00  0.00E+00  4.8140E-10
     74  1.00E+01  1.15E+02  0.00E+00  0.00E+00  0.00E+00  0.00E+00  4.6906E-10
     75  1.00E+01  1.25E+02  0.00E+00  0.00E+00  0.00E+00  0.00E+00  4.5614E-10
     76  1.00E+01  1.35E+02  0.00E+00  0.00E+00  0.00E+00  0.00E+00  4.4355E-10
     77  1.00E+01  1.45E+02  0.00E+00  0.00E+00  0.00E+00  0.00E+00  4.3135E-10
     78  1.00E+01  1.55E+02  0.00E+00  0.00E+00  0.00E+00  0.00E+00  4.1917E-10
     79  1.00E+01  1.65E+02  0.00E+00  0.00E+00  0.00E+00  0.00E+00  4.0699E-10
     80  1.00E+01  1.75E+02  0.00E+00  0.00E+00  0.00E+00  0.00E+00  3.9484E-10
     81  1.00E+01  1.85E+02  0.00E+00  0.00E+00  0.00E+00  0.00E+00  3.8271E-10
     82  1.00E+01  1.95E+02  0.00E+00  0.00E+00  0.00E+00  0.00E+00  3.7062E-10
     83  1.00E+01  2.05E+02  0.00E+00  0.00E+00  0.00E+00  0.00E+00  3.5857E-10
     84  1.00E+01  2.15E+02  0.00E+00  0.00E+00  0.00E+00  0.00E+00  3.4654E-10
     85  1.00E+01  2.25E+02  0.00E+00  0.00E+00  0.00E+00  0.00E+00  3.3455E-10
     86  1.00E+01  2.35E+02  0.00E+00  0.00E+00  0.00E+00  0.00E+00  3.2259E-10
     87  1.00E+01  2.45E+02  0.00E+00  0.00E+00  0.00E+00  0.00E+00  3.1066E-10
     88  1.00E+01  2.55E+02  0.00E+00  0.00E+00  0.00E+00  0.00E+00  2.9877E-10
     89  1.00E+01  2.65E+02  0.00E+00  0.00E+00  0.00E+00  0.00E+00  2.8691E-10
     90  1.00E+01  2.75E+02  0.00E+00  0.00E+00  0.00E+00  0.00E+00  2.7508E-10
     91  1.00E+01  2.85E+02  0.00E+00  0.00E+00  0.00E+00  0.00E+00  2.6329E-10
     92  1.00E+01  2.95E+02  0.00E+00  0.00E+00  0.00E+00  0.00E+00  2.5152E-10
     93  1.00E+01  3.05E+02  0.00E+00  0.00E+00  0.00E+00  0.00E+00  2.3979E-10
     94  1.00E+01  3.15E+02  0.00E+00  0.00E+00  0.00E+00  0.00E+00  2.2810E-10
     95  1.00E+01  3.25E+02  0.00E+00  0.00E+00  0.00E+00  0.00E+00  2.1643E-10
     96  1.00E+01  3.35E+02  0.00E+00  0.00E+00  0.00E+00  0.00E+00  2.0480E-10
     97  1.00E+01  3.45E+02  0.00E+00  0.00E+00  0.00E+00  0.00E+00  1.9320E-10
     98  1.00E+01  3.55E+02  0.00E+00  0.00E+00  0.00E+00  0.00E+00  1.8163E-10
     99  1.00E+01  3.65E+02  0.00E+00  0.00E+00  0.00E+00  0.00E+00  1.7010E-10
    100  1.00E+01  3.75E+02  0.00E+00  0.00E+00  0.00E+00  0.00E+00  1.5860E-10
    101  1.00E+01  3.85E+02  0.00E+00  0.00E+00  0.00E+00  0.00E+00  1.4712E-10
    102  1.00E+01  3.95E+02  0.00E+00  0.00E+00  0.00E+00  0.00E+00  1.3569E-10
    103  1.00E+01  4.05E+02  0.00E+00  0.00E+00  0.00E+00  0.00E+00  1.2428E-10
    104  1.00E+01  4.15E+02  0.00E+00  0.00E+00  0.00E+00  0.00E+00  1.1290E-10
    105  1.00E+01  4.25E+02  0.00E+00  0.00E+00  0.00E+00  0.00E+00  1.0156E-10
    106  1.00E+01  4.35E+02  0.00E+00  0.00E+00  0.00E+00  0.00E+00  9.0247E-11
    107  1.00E+01  4.45E+02  0.00E+00  0.00E+00  0.00E+00  0.00E+00  7.8966E-11
    108  1.00E+01  4.55E+02  0.00E+00  0.00E+00  0.00E+00  0.00E+00  6.7717E-11
    109  1.00E+01  4.65E+02  0.00E+00  0.00E+00  0.00E+00  0.00E+00  5.6500E-11
    110  1.00E+01  4.75E+02  0.00E+00  0.00E+00  0.00E+00  0.00E+00  4.5314E-11
    111  1.00E+01  4.85E+02  0.00E+00  0.00E+00  0.00E+00  0.00E+00  3.4159E-11
    112  1.00E+01  4.95E+02  0.00E+00  0.00E+00  0.00E+00  0.00E+00  2.3036E-11
    113  1.00E+01  5.05E+02  0.00E+00  0.00E+00  0.00E+00  0.00E+00  1.1944E-11
    114  1.00E+01  5.15E+02  0.00E+00  0.00E+00  0.00E+00  0.00E+00  8.8306E-13
    115  1.00E+01  5.25E+02  0.00E+00  0.00E+00  0.00E+00  0.00E+00 -1.0147E-11
    116  1.00E+01  5.35E+02  0.00E+00  0.00E+00  0.00E+00  0.00E+00 -2.1146E-11
    117  1.00E+01  5.45E+02  0.00E+00  0.00E+00  0.00E+00  0.00E+00 -3.2114E-11
    118  1.00E+01  5.55E+02  0.00E+00  0.00E+00  0.00E+00  0.00E+00 -4.3051E-11
    119  1.00E+01  5.65E+02  0.00E+00  0.00E+00  0.00E+00  0.00E+00 -5.3957E-11
    120  1.00E+01  5.75E+02  0.00E+00  0.00E+00  0.00E+00  0.00E+00 -6.4833E-11
    121  1.00E+01  5.85E+02  0.00E+00  0.00E+00  0.00E+00  0.00E+00 -7.5677E-11
    122  1.00E+01  5.95E+02  0.00E+00  0.00E+00  0.00E+00  0.00E+00 -8.6492E-11
    123  1.00E+01  6.05E+02  0.00E+00  0.00E+00  0.00E+00  0.00E+00 -9.7275E-11
    124  1.00E+01  6.15E+02  0.00E+00  0.00E+00  0.00E+00  0.00E+00 -1.0803E-10
    125  1.00E+01  6.25E+02  0.00E+00  0.00E+00  0.00E+00  0.00E+00 -1.1875E-10
    126  1.00E+01  6.35E+02  0.00E+00  0.00E+00  0.00E+00  0.00E+00 -1.2944E-10
    127  1.00E+01  6.45E+02  0.00E+00  0.00E+00  0.00E+00  0.00E+00 -1.4011E-10
    128  1.00E+01  6.55E+02  0.00E+00  0.00E+00  0.00E+00  0.00E+00 -1.5074E-10
    129  1.00E+01  6.65E+02  0.00E+00  0.00E+00  0.00E+00  0.00E+00 -1.6134E-10
    130  1.00E+01  6.75E+02  0.00E+00  0.00E+00  0.00E+00  0.00E+00 -1.7191E-10
    131  1.00E+01  6.85E+02  0.00E+00  0.00E+00  0.00E+00  0.00E+00 -1.8245E-10
    132  1.00E+01  6.95E+02  0.00E+00  0.00E+00  0.00E+00  0.00E+00 -1.9297E-10
    133  1.00E+01  7.05E+02  0.00E+00  0.00E+00  0.00E+00  0.00E+00 -2.0345E-10
    134  1.00E+01  7.15E+02  0.00E+00  0.00E+00  0.00E+00  0.00E+00 -2.1390E-10
    135  1.00E+01  7.25E+02  0.00E+00  0.00E+00  0.00E+00  0.00E+00 -2.2432E-10
    136  1.00E+01  7.35E+02  0.00E+00  0.00E+00  0.00E+00  0.00E+00 -2.3472E-10
    137  1.00E+01  7.45E+02  0.00E+00  0.00E+00  0.00E+00  0.00E+00 -2.4508E-10
    138  1.00E+01  7.55E+02  0.00E+00  0.00E+00  0.00E+00  0.00E+00 -2.5541E-10
    139  1.00E+01  7.65E+02  0.00E+00  0.00E+00  0.00E+00  0.00E+00 -2.6572E-10
    140  1.00E+01  7.75E+02  0.00E+00  0.00E+00  0.00E+00  0.00E+00 -2.7599E-10
    141  1.00E+01  7.85E+02  0.00E+00  0.00E+00  0.00E+00  0.00E+00 -2.8624E-10
    142  1.00E+01  7.95E+02  0.00E+00  0.00E+00  0.00E+00  0.00E+00 -2.9645E-10
    143  1.00E+01  8.05E+02  0.00E+00  0.00E+00  0.00E+00  0.00E+00 -3.0664E-10
    144  1.00E+01  8.15E+02  0.00E+00  0.00E+00  0.00E+00  0.00E+00 -3.1680E-10
    145  1.00E+01  8.25E+02  0.00E+00  0.00E+00  0.00E+00  0.00E+00 -3.2693E-10
    146  1.00E+01  8.35E+02  0.00E+00  0.00E+00  0.00E+00  0.00E+00 -3.3703E-10
    147  1.00E+01  8.45E+02  0.00E+00  0.00E+00  0.00E+00  0.00E+00 -3.4710E-10
    148  1.00E+01  8.55E+02  0.00E+00  0.00E+00  0.00E+00  0.00E+00 -3.5714E-10
    149  1.00E+01  8.65E+02  0.00E+00  0.00E+00  0.00E+00  0.00E+00 -3.6715E-10
    150  1.00E+01  8.75E+02  0.00E+00  0.00E+00  0.00E+00  0.00E+00 -3.7714E-10
    151  1.00E+01  8.85E+02  0.00E+00  0.00E+00  0.00E+00  0.00E+00 -3.8709E-10
    152  1.00E+01  8.95E+02  0.00E+00  0.00E+00  0.00E+00  0.00E+00 -3.9702E-10
    153  1.00E+01  9.05E+02  0.00E+00  0.00E+00  0.00E+00  0.00E+00 -4.0692E-10
    154  1.00E+01  9.15E+02  0.00E+00  0.00E+00  0.00E+00  0.00E+00 -4.1679E-10
    155  1.00E+01  9.25E+02  0.00E+00  0.00E+00  0.00E+00  0.00E+00 -4.2663E-10
    156  1.00E+01  9.35E+02  0.00E+00  0.00E+00  0.00E+00  0.00E+00 -4.3644E-10
    157  1.00E+01  9.45E+02  0.00E+00  0.00E+00  0.00E+00  0.00E+00 -4.4622E-10
    158  1.00E+01  9.55E+02  0.00E+00  0.00E+00  0.00E+00  0.00E+00 -4.5598E-10
    159  1.00E+01  9.65E+02  0.00E+00  0.00E+00  0.00E+00  0.00E+00 -4.6571E-10
    160  1.00E+01  9.75E+02  0.00E+00  0.00E+00  0.00E+00  0.00E+00 -4.7541E-10
    161  1.00E+01  9.85E+02  0.00E+00  0.00E+00  0.00E+00  0.00E+00 -4.8508E-10
    162  1.00E+01  9.95E+02  0.00E+00  0.00E+00  0.00E+00  0.00E+00 -4.9472E-10
    163  1.00E+01  1.01E+03  0.00E+00  0.00E+00  0.00E+00  0.00E+00 -5.0434E-10
    164  1.00E+01  1.02E+03  0.00E+00  0.00E+00  0.00E+00  0.00E+00 -5.1393E-10
    165  1.00E+01  1.03E+03  0.00E+00  0.00E+00  0.00E+00  0.00E+00 -5.2349E-10
    166  1.00E+01  1.04E+03  0.00E+00  0.00E+00  0.00E+00  0.00E+00 -5.3302E-10
    167  1.00E+01  1.05E+03  0.00E+00  0.00E+00  0.00E+00  0.00E+00 -5.4252E-10
    168  1.00E+01  1.06E+03  0.00E+00  0.00E+00  0.00E+00  0.00E+00 -5.5200E-10
    169  1.00E+01  1.07E+03  0.00E+00  0.00E+00  0.00E+00  0.00E+00 -5.6145E-10
    170  1.00E+01  1.08E+03  0.00E+00  0.00E+00  0.00E+00  0.00E+00 -5.7087E-10
    171  1.00E+01  1.09E+03  0.00E+00  0.00E+00  0.00E+00  0.00E+00 -5.8027E-10
    172  1.00E+01  1.10E+03  0.00E+00  0.00E+00  0.00E+00  0.00E+00 -5.8963E-10
    173  1.00E+01  1.11E+03  0.00E+00  0.00E+00  0.00E+00  0.00E+00 -5.9897E-10
    174  1.00E+01  1.12E+03  0.00E+00  0.00E+00  0.00E+00  0.00E+00 -6.0829E-10
    175  1.00E+01  1.13E+03  0.00E+00  0.00E+00  0.00E+00  0.00E+00 -6.1757E-10
    176  1.00E+01  1.14E+03  0.00E+00  0.00E+00  0.00E+00  0.00E+00 -6.2683E-10
    177  1.00E+01  1.15E+03  0.00E+00  0.00E+00  0.00E+00  0.00E+00 -6.3606E-10
    178  1.00E+01  1.16E+03  0.00E+00  0.00E+00  0.00E+00  0.00E+00 -6.4526E-10
    179  1.00E+01  1.17E+03  0.00E+00  0.00E+00  0.00E+00  0.00E+00 -6.5444E-10
    180  1.00E+01  1.18E+03  0.00E+00  0.00E+00  0.00E+00  0.00E+00 -6.6359E-10
    181  1.00E+01  1.19E+03  0.00E+00  0.00E+00  0.00E+00  0.00E+00 -6.7271E-10
    182  1.00E+01  1.20E+03  0.00E+00  0.00E+00  0.00E+00  0.00E+00 -6.8181E-10
    183  1.00E+01  1.21E+03  0.00E+00  0.00E+00  0.00E+00  0.00E+00 -6.9088E-10
    184  1.00E+01  1.22E+03  0.00E+00  0.00E+00  0.00E+00  0.00E+00 -6.9992E-10
    185  1.00E+01  1.23E+03  0.00E+00  0.00E+00  0.00E+00  0.00E+00 -7.0894E-10
    186  1.00E+01  1.24E+03  0.00E+00  0.00E+00  0.00E+00  0.00E+00 -7.1793E-10
    187  1.00E+01  1.25E+03  0.00E+00  0.00E+00  0.00E+00  0.00E+00 -7.2689E-10
    188  1.00E+01  1.26E+03  0.00E+00  0.00E+00  0.00E+00  0.00E+00 -7.3583E-10
    189  1.00E+01  1.27E+03  0.00E+00  0.00E+00  0.00E+00  0.00E+00 -7.4474E-10
    190  1.00E+01  1.28E+03  0.00E+00  0.00E+00  0.00E+00  0.00E+00 -7.5362E-10
    191  1.00E+01  1.29E+03  0.00E+00  0.00E+00  0.00E+00  0.00E+00 -7.6248E-10
    192  1.00E+01  1.30E+03  0.00E+00  0.00E+00  0.00E+00  0.00E+00 -7.7131E-10
    193  1.00E+01  1.31E+03  0.00E+00  0.00E+00  0.00E+00  0.00E+00 -7.8011E-10
    194  1.00E+01  1.32E+03  0.00E+00  0.00E+00  0.00E+00  0.00E+00 -7.8889E-10
    195  1.00E+01  1.33E+03  0.00E+00  0.00E+00  0.00E+00  0.00E+00 -7.9765E-10
    196  1.00E+01  1.34E+03  0.00E+00  0.00E+00  0.00E+00  0.00E+00 -8.0637E-10
    197  1.00E+01  1.35E+03  0.00E+00  0.00E+00  0.00E+00  0.00E+00 -8.1507E-10
    198  1.00E+01  1.36E+03  0.00E+00  0.00E+00  0.00E+00  0.00E+00 -8.2375E-10
    199  1.00E+01  1.37E+03  0.00E+00  0.00E+00  0.00E+00  0.00E+00 -8.3240E-10
    200  1.00E+01  1.38E+03  0.00E+00  0.00E+00  0.00E+00  0.00E+00 -8.4102E-10
    201  1.00E+01  1.39E+03  0.00E+00  0.00E+00  0.00E+00  0.00E+00 -8.4962E-10
    202  1.00E+01  1.40E+03  0.00E+00  0.00E+00  0.00E+00  0.00E+00 -8.5819E-10
    203  1.00E+01  1.41E+03  0.00E+00  0.00E+00  0.00E+00  0.00E+00 -8.6674E-10
    204  1.00E+01  1.42E+03  0.00E+00  0.00E+00  0.00E+00  0.00E+00 -8.7526E-10
    205  1.00E+01  1.43E+03  0.00E+00  0.00E+00  0.00E+00  0.00E+00 -8.8375E-10
    206  1.00E+01  1.44E+03  0.00E+00  0.00E+00  0.00E+00  0.00E+00 -8.9222E-10
    207  1.00E+01  1.45E+03  0.00E+00  0.00E+00  0.00E+00  0.00E+00 -9.0067E-10
    208  1.00E+01  1.46E+03  0.00E+00  0.00E+00  0.00E+00  0.00E+00 -9.0909E-10
    209  1.00E+01  1.47E+03  0.00E+00  0.00E+00  0.00E+00  0.00E+00 -9.1748E-10
    210  1.00E+01  1.48E+03  0.00E+00  0.00E+00  0.00E+00  0.00E+00 -9.2585E-10
    211  1.00E+01  1.49E+03  0.00E+00  0.00E+00  0.00E+00  0.00E+00 -9.3420E-10
    212  1.00E+01  1.50E+03  0.00E+00  0.00E+00  0.00E+00  0.00E+00 -9.4252E-10
    213  1.00E+01  1.51E+03  0.00E+00  0.00E+00  0.00E+00  0.00E+00 -9.5081E-10
    214  1.00E+01  1.52E+03  0.00E+00  0.00E+00  0.00E+00  0.00E+00 -9.5908E-10
    215  1.00E+01  1.53E+03  0.00E+00  0.00E+00  0.00E+00  0.00E+00 -9.6732E-10
    216  1.00E+01  1.54E+03  0.00E+00  0.00E+00  0.00E+00  0.00E+00 -9.7554E-10
    217  1.00E+01  1.55E+03  0.00E+00  0.00E+00  0.00E+00  0.00E+00 -9.8374E-10
    218  1.00E+01  1.56E+03  0.00E+00  0.00E+00  0.00E+00  0.00E+00 -9.9190E-10
    219  1.00E+01  1.57E+03  0.00E+00  0.00E+00  0.00E+00  0.00E+00 -1.0000E-09
    220  1.00E+01  1.58E+03  0.00E+00  0.00E+00  0.00E+00  0.00E+00 -1.0082E-09
    221  1.00E+01  1.59E+03  0.00E+00  0.00E+00  0.00E+00  0.00E+00 -1.0163E-09
    222  1.00E+01  1.60E+03  0.00E+00  0.00E+00  0.00E+00  0.00E+00 -1.0243E-09
    223  1.00E+01  1.61E+03  0.00E+00  0.00E+00  0.00E+00  0.00E+00 -1.0324E-09
    224  1.00E+01  1.62E+03  0.00E+00  0.00E+00  0.00E+00  0.00E+00 -1.0404E-09
    225  1.00E+01  1.63E+03  0.00E+00  0.00E+00  0.00E+00  0.00E+00 -1.0484E-09
    226  1.00E+01  1.64E+03  0.00E+00  0.00E+00  0.00E+00  0.00E+00 -1.0564E-09
    227  1.00E+01  1.65E+03  0.00E+00  0.00E+00  0.00E+00  0.00E+00 -1.0643E-09
    228  1.00E+01  1.66E+03  0.00E+00  0.00E+00  0.00E+00  0.00E+00 -1.0723E-09
    229  1.00E+01  1.67E+03  0.00E+00  0.00E+00  0.00E+00  0.00E+00 -1.0802E-09
    230  1.00E+01  1.68E+03  0.00E+00  0.00E+00  0.00E+00  0.00E+00 -1.0880E-09
    231  1.00E+01  1.69E+03  0.00E+00  0.00E+00  0.00E+00  0.00E+00 -1.0959E-09
    232  1.00E+01  1.70E+03  0.00E+00  0.00E+00  0.00E+00  0.00E+00 -1.1037E-09
    233  1.00E+01  1.71E+03  0.00E+00  0.00E+00  0.00E+00  0.00E+00 -1.1115E-09
    234  1.00E+01  1.72E+03  0.00E+00  0.00E+00  0.00E+00  0.00E+00 -1.1193E-09
    235  1.00E+01  1.73E+03  0.00E+00  0.00E+00  0.00E+00  0.00E+00 -1.1271E-09
    236  1.00E+01  1.74E+03  0.00E+00  0.00E+00  0.00E+00  0.00E+00 -1.1348E-09
    237  1.00E+01  1.75E+03  0.00E+00  0.00E+00  0.00E+00  0.00E+00 -1.1425E-09
    238  1.00E+01  1.76E+03  0.00E+00  0.00E+00  0.00E+00  0.00E+00 -1.1502E-09
    239  1.00E+01  1.77E+03  0.00E+00  0.00E+00  0.00E+00  0.00E+00 -1.1578E-09
    240  1.00E+01  1.78E+03  0.00E+00  0.00E+00  0.00E+00  0.00E+00 -1.1655E-09
    241  1.00E+01  1.79E+03  0.00E+00  0.00E+00  0.00E+00  0.00E+00 -1.1731E-09
    242  1.00E+01  1.80E+03  0.00E+00  0.00E+00  0.00E+00  0.00E+00 -1.1807E-09
    243  1.00E+01  1.81E+03  0.00E+00  0.00E+00  0.00E+00  0.00E+00 -1.1883E-09
    244  1.00E+01  1.82E+03  0.00E+00  0.00E+00  0.00E+00  0.00E+00 -1.1958E-09
    245  1.00E+01  1.83E+03  0.00E+00  0.00E+00  0.00E+00  0.00E+00 -1.2033E-09
    246  1.00E+01  1.84E+03  0.00E+00  0.00E+00  0.00E+00  0.00E+00 -1.2108E-09
    247  1.00E+01  1.85E+03  0.00E+00  0.00E+00  0.00E+00  0.00E+00 -1.2183E-09
    248  1.00E+01  1.86E+03  0.00E+00  0.00E+00  0.00E+00  0.00E+00 -1.2258E-09
    249  1.00E+01  1.87E+03  0.00E+00  0.00E+00  0.00E+00  0.00E+00 -1.2332E-09
    250  1.00E+01  1.88E+03  0.00E+00  0.00E+00  0.00E+00  0.00E+00 -1.2406E-09
    251  1.00E+01  1.89E+03  0.00E+00  0.00E+00  0.00E+00  0.00E+00 -1.2480E-09
    252  1.00E+01  1.90E+03  0.00E+00  0.00E+00  0.00E+00  0.00E+00 -1.2553E-09
    253  1.00E+01  1.91E+03  0.00E+00  0.00E+00  0.00E+00  0.00E+00 -1.2627E-09
    254  1.00E+01  1.92E+03  0.00E+00  0.00E+00  0.00E+00  0.00E+00 -1.2700E-09
    255  1.00E+01  1.93E+03  0.00E+00  0.00E+00  0.00E+00  0.00E+00 -1.2773E-09
    256  1.00E+01  1.94E+03  0.00E+00  0.00E+00  0.00E+00  0.00E+00 -1.2845E-09
    257  1.00E+01  1.95E+03  0.00E+00  0.00E+00  0.00E+00  0.00E+00 -1.2918E-09
    258  1.00E+01  1.96E+03  0.00E+00  0.00E+00  0.00E+00  0.00E+00 -1.2990E-09
    259  1.00E+01  1.97E+03  0.00E+00  0.00E+00  0.00E+00  0.00E+00 -1.3062E-09
    260  1.00E+01  1.98E+03  0.00E+00  0.00E+00  0.00E+00  0.00E+00 -1.3134E-09
    261  1.00E+01  1.99E+03  0.00E+00  0.00E+00  0.00E+00  0.00E+00 -1.3205E-09
    262  1.00E+01  2.00E+03  0.00E+00  0.00E+00  0.00E+00  0.00E+00 -1.3277E-09
    263  1.00E+01  2.01E+03  0.00E+00  0.00E+00  0.00E+00  0.00E+00 -1.3348E-09
    264  1.00E+01  2.02E+03  0.00E+00  0.00E+00  0.00E+00  0.00E+00 -1.3419E-09
    265  1.00E+01  2.03E+03  0.00E+00  0.00E+00  0.00E+00  0.00E+00 -1.3489E-09
    266  1.00E+01  2.04E+03  0.00E+00  0.00E+00  0.00E+00  0.00E+00 -1.3560E-09
    267  1.00E+01  2.05E+03  0.00E+00  0.00E+00  0.00E+00  0.00E+00 -1.3630E-09
    268  1.00E+01  2.06E+03  0.00E+00  0.00E+00  0.00E+00  0.00E+00 -1.3700E-09
    269  1.00E+01  2.07E+03  0.00E+00  0.00E+00  0.00E+00  0.00E+00 -1.3770E-09
    270  1.00E+01  2.08E+03  0.00E+00  0.00E+00  0.00E+00  0.00E+00 -1.3840E-09
    271  1.00E+01  2.09E+03  0.00E+00  0.00E+00  0.00E+00  0.00E+00 -1.3909E-09
    272  1.00E+01  2.10E+03  0.00E+00  0.00E+00  0.00E+00  0.00E+00 -1.3978E-09
    273  1.00E+01  2.11E+03  0.00E+00  0.00E+00  0.00E+00  0.00E+00 -1.4047E-09
    274  1.00E+01  2.12E+03  0.00E+00  0.00E+00  0.00E+00  0.00E+00 -1.4116E-09
    275  1.00E+01  2.13E+03  0.00E+00  0.00E+00  0.00E+00  0.00E+00 -1.4184E-09
    276  1.00E+01  2.14E+03  0.00E+00  0.00E+00  0.00E+00  0.00E+00 -1.4252E-09
    277  1.00E+01  2.15E+03  0.00E+00  0.00E+00  0.00E+00  0.00E+00 -1.4320E-09
    278  1.00E+01  2.16E+03  0.00E+00  0.00E+00  0.00E+00  0.00E+00 -1.4388E-09
    279  1.00E+01  2.17E+03  0.00E+00  0.00E+00  0.00E+00  0.00E+00 -1.4456E-09
    280  1.00E+01  2.18E+03  0.00E+00  0.00E+00  0.00E+00  0.00E+00 -1.4523E-09
    281  1.00E+01  2.19E+03  0.00E+00  0.00E+00  0.00E+00  0.00E+00 -1.4590E-09
    282  1.00E+01  2.20E+03  0.00E+00  0.00E+00  0.00E+00  0.00E+00 -1.4657E-09
    283  1.00E+01  2.21E+03  0.00E+00  0.00E+00  0.00E+00  0.00E+00 -1.4724E-09
    284  1.00E+01  2.22E+03  0.00E+00  0.00E+00  0.00E+00  0.00E+00 -1.4791E-09
    285  1.00E+01  2.23E+03  0.00E+00  0.00E+00  0.00E+00  0.00E+00 -1.4857E-09
    286  1.00E+01  2.24E+03  0.00E+00  0.00E+00  0.00E+00  0.00E+00 -1.4923E-09
    287  1.00E+01  2.25E+03  0.00E+00  0.00E+00  0.00E+00  0.00E+00 -1.4989E-09
    288  1.00E+01  2.26E+03  0.00E+00  0.00E+00  0.00E+00  0.00E+00 -1.5055E-09
    289  1.00E+01  2.27E+03  0.00E+00  0.00E+00  0.00E+00  0.00E+00 -1.5120E-09
    290  1.00E+01  2.28E+03  0.00E+00  0.00E+00  0.00E+00  0.00E+00 -1.5185E-09
    291  1.00E+01  2.29E+03  0.00E+00  0.00E+00  0.00E+00  0.00E+00 -1.5250E-09
    292  1.00E+01  2.30E+03  0.00E+00  0.00E+00  0.00E+00  0.00E+00 -1.5315E-09
    293  1.00E+01  2.31E+03  0.00E+00  0.00E+00  0.00E+00  0.00E+00 -1.5380E-09
    294  1.00E+01  2.32E+03  0.00E+00  0.00E+00  0.00E+00  0.00E+00 -1.5444E-09
    295  1.00E+01  2.33E+03  0.00E+00  0.00E+00  0.00E+00  0.00E+00 -1.5508E-09
    296  1.00E+01  2.34E+03  0.00E+00  0.00E+00  0.00E+00  0.00E+00 -1.5572E-09
    297  1.00E+01  2.35E+03  0.00E+00  0.00E+00  0.00E+00  0.00E+00 -1.5636E-09
    298  1.00E+01  2.36E+03  0.00E+00  0.00E+00  0.00E+00  0.00E+00 -1.5700E-09
    299  1.00E+01  2.37E+03  0.00E+00  0.00E+00  0.00E+00  0.00E+00 -1.5763E-09
    300  1.00E+01  2.38E+03  0.00E+00  0.00E+00  0.00E+00  0.00E+00 -1.5826E-09
    301  1.00E+01  2.39E+03  0.00E+00  0.00E+00  0.00E+00  0.00E+00 -1.5889E-09
    302  1.00E+01  2.40E+03  0.00E+00  0.00E+00  0.00E+00  0.00E+00 -1.5952E-09
    303  1.00E+01  2.41E+03  0.00E+00  0.00E+00  0.00E+00  0.00E+00 -1.6015E-09
    304  1.00E+01  2.42E+03  0.00E+00  0.00E+00  0.00E+00  0.00E+00 -1.6077E-09
    305  1.00E+01  2.43E+03  0.00E+00  0.00E+00  0.00E+00  0.00E+00 -1.6139E-09
    306  1.00E+01  2.44E+03  0.00E+00  0.00E+00  0.00E+00  0.00E+00 -1.6201E-09
    307  1.00E+01  2.45E+03  0.00E+00  0.00E+00  0.00E+00  0.00E+00 -1.6263E-09
    308  1.00E+01  2.46E+03  0.00E+00  0.00E+00  0.00E+00  0.00E+00 -1.6325E-09
    309  1.00E+01  2.47E+03  0.00E+00  0.00E+00  0.00E+00  0.00E+00 -1.6386E-09
    310  1.00E+01  2.48E+03  0.00E+00  0.00E+00  0.00E+00  0.00E+00 -1.6447E-09
    311  1.00E+01  2.49E+03  0.00E+00  0.00E+00  0.00E+00  0.00E+00 -1.6508E-09
    312  1.00E+01  2.50E+03  0.00E+00  0.00E+00  0.00E+00  0.00E+00 -1.6569E-09
    313  1.00E+01  2.51E+03  0.00E+00  0.00E+00  0.00E+00  0.00E+00 -1.6629E-09
    314  1.00E+01  2.52E+03  0.00E+00  0.00E+00  0.00E+00  0.00E+00 -1.6690E-09
    315  1.00E+01  2.53E+03  0.00E+00  0.00E+00  0.00E+00  0.00E+00 -1.6750E-09
    316  1.00E+01  2.54E+03  0.00E+00  0.00E+00  0.00E+00  0.00E+00 -1.6810E-09
    317  1.00E+01  2.55E+03  0.00E+00  0.00E+00  0.00E+00  0.00E+00 -1.6870E-09
    318  1.00E+01  2.56E+03  0.00E+00  0.00E+00  0.00E+00  0.00E+00 -1.6929E-09
    319  1.00E+01  2.57E+03  0.00E+00  0.00E+00  0.00E+00  0.00E+00 -1.6988E-09
    320  1.00E+01  2.58E+03  0.00E+00  0.00E+00  0.00E+00  0.00E+00 -1.7048E-09
    321  1.00E+01  2.59E+03  0.00E+00  0.00E+00  0.00E+00  0.00E+00 -1.7107E-09
    322  1.00E+01  2.60E+03  0.00E+00  0.00E+00  0.00E+00  0.00E+00 -1.7165E-09
    323  1.00E+01  2.61E+03  0.00E+00  0.00E+00  0.00E+00  0.00E+00 -1.7224E-09
    324  1.00E+01  2.62E+03  0.00E+00  0.00E+00  0.00E+00  0.00E+00 -1.7282E-09
    325  1.00E+01  2.63E+03  0.00E+00  0.00E+00  0.00E+00  0.00E+00 -1.7340E-09
    326  1.00E+01  2.64E+03  0.00E+00  0.00E+00  0.00E+00  0.00E+00 -1.7398E-09
    327  1.00E+01  2.65E+03  0.00E+00  0.00E+00  0.00E+00  0.00E+00 -1.7456E-09
    328  1.00E+01  2.66E+03  0.00E+00  0.00E+00  0.00E+00  0.00E+00 -1.7514E-09
    329  1.00E+01  2.67E+03  0.00E+00  0.00E+00  0.00E+00  0.00E+00 -1.7571E-09
    330  1.00E+01  2.68E+03  0.00E+00  0.00E+00  0.00E+00  0.00E+00 -1.7629E-09
    331  1.00E+01  2.69E+03  0.00E+00  0.00E+00  0.00E+00  0.00E+00 -1.7686E-09
    332  1.00E+01  2.70E+03  0.00E+00  0.00E+00  0.00E+00  0.00E+00 -1.7742E-09
    333  1.00E+01  2.71E+03  0.00E+00  0.00E+00  0.00E+00  0.00E+00 -1.7799E-09
    334  1.00E+01  2.72E+03  0.00E+00  0.00E+00  0.00E+00  0.00E+00 -1.7856E-09
    335  1.00E+01  2.73E+03  0.00E+00  0.00E+00  0.00E+00  0.00E+00 -1.7912E-09
    336  1.00E+01  2.74E+03  0.00E+00  0.00E+00  0.00E+00  0.00E+00 -1.7968E-09
    337  1.00E+01  2.75E+03  0.00E+00  0.00E+00  0.00E+00  0.00E+00 -1.8024E-09
    338  1.00E+01  2.76E+03  0.00E+00  0.00E+00  0.00E+00  0.00E+00 -1.8080E-09
    339  1.00E+01  2.77E+03  0.00E+00  0.00E+00  0.00E+00  0.00E+00 -1.8135E-09
    340  1.00E+01  2.78E+03  0.00E+00  0.00E+00  0.00E+00  0.00E+00 -1.8190E-09
    341  1.00E+01  2.79E+03  0.00E+00  0.00E+00  0.00E+00  0.00E+00 -1.8246E-09
    342  1.00E+01  2.80E+03  0.00E+00  0.00E+00  0.00E+00  0.00E+00 -1.8300E-09
    343  1.00E+01  2.81E+03  0.00E+00  0.00E+00  0.00E+00  0.00E+00 -1.8355E-09
    344  1.00E+01  2.82E+03  0.00E+00  0.00E+00  0.00E+00  0.00E+00 -1.8410E-09
    345  1.00E+01  2.83E+03  0.00E+00  0.00E+00  0.00E+00  0.00E+00 -1.8464E-09
    346  1.00E+01  2.84E+03  0.00E+00  0.00E+00  0.00E+00  0.00E+00 -1.8518E-09
    347  1.00E+01  2.85E+03  0.00E+00  0.00E+00  0.00E+00  0.00E+00 -1.8572E-09
    348  1.00E+01  2.86E+03  0.00E+00  0.00E+00  0.00E+00  0.00E+00 -1.8626E-09
    349  1.00E+01  2.87E+03  0.00E+00  0.00E+00  0.00E+00  0.00E+00 -1.8680E-09
    350  1.00E+01  2.88E+03  0.00E+00  0.00E+00  0.00E+00  0.00E+00 -1.8733E-09
    351  1.00E+01  2.89E+03  0.00E+00  0.00E+00  0.00E+00  0.00E+00 -1.8787E-09
    352  1.00E+01  2.90E+03  0.00E+00  0.00E+00  0.00E+00  0.00E+00 -1.8840E-09
    353  1.00E+01  2.91E+03  0.00E+00  0.00E+00  0.00E+00  0.00E+00 -1.8893E-09
    354  1.00E+01  2.92E+03  0.00E+00  0.00E+00  0.00E+00  0.00E+00 -1.8946E-09
    355  1.00E+01  2.93E+03  0.00E+00  0.00E+00  0.00E+00  0.00E+00 -1.8998E-09
    356  1.00E+01  2.94E+03  0.00E+00  0.00E+00  0.00E+00  0.00E+00 -1.9051E-09
    357  1.00E+01  2.95E+03  0.00E+00  0.00E+00  0.00E+00  0.00E+00 -1.9103E-09
    358  1.00E+01  2.96E+03  0.00E+00  0.00E+00  0.00E+00  0.00E+00 -1.9155E-09
    359  1.00E+01  2.97E+03  0.00E+00  0.00E+00  0.00E+00  0.00E+00 -1.9207E-09
    360  1.00E+01  2.98E+03  0.00E+00  0.00E+00  0.00E+00  0.00E+00 -1.9258E-09
    361  1.00E+01  2.99E+03  0.00E+00  0.00E+00  0.00E+00  0.00E+00 -1.9310E-09
    362  1.00E+01  3.00E+03  0.00E+00  0.00E+00  0.00E+00  0.00E+00 -1.9361E-09
    363  1.00E+01  3.01E+03  0.00E+00  0.00E+00  0.00E+00  0.00E+00 -1.9412E-09
    364  1.00E+01  3.02E+03  0.00E+00  0.00E+00  0.00E+00  0.00E+00 -1.9463E-09
    365  1.00E+01  3.03E+03  0.00E+00  0.00E+00  0.00E+00  0.00E+00 -1.9514E-09
    366  1.00E+01  3.04E+03  0.00E+00  0.00E+00  0.00E+00  0.00E+00 -1.9565E-09
    367  1.00E+01  3.05E+03  0.00E+00  0.00E+00  0.00E+00  0.00E+00 -1.9615E-09
    368  1.00E+01  3.06E+03  0.00E+00  0.00E+00  0.00E+00  0.00E+00 -1.9665E-09
    369  1.00E+01  3.07E+03  0.00E+00  0.00E+00  0.00E+00  0.00E+00 -1.9715E-09
    370  1.00E+01  3.08E+03  0.00E+00  0.00E+00  0.00E+00  0.00E+00 -1.9765E-09
    371  1.00E+01  3.09E+03  0.00E+00  0.00E+00  0.00E+00  0.00E+00 -1.9815E-09
    372  1.00E+01  3.10E+03  0.00E+00  0.00E+00  0.00E+00  0.00E+00 -1.9864E-09
    373  1.00E+01  3.11E+03  0.00E+00  0.00E+00  0.00E+00  0.00E+00 -1.9914E-09
    374  1.00E+01  3.12E+03  0.00E+00  0.00E+00  0.00E+00  0.00E+00 -1.9963E-09
    375  1.00E+01  3.13E+03  0.00E+00  0.00E+00  0.00E+00  0.00E+00 -2.0012E-09
    376  1.00E+01  3.14E+03  0.00E+00  0.00E+00  0.00E+00  0.00E+00 -2.0061E-09
    377  1.00E+01  3.15E+03  0.00E+00  0.00E+00  0.00E+00  0.00E+00 -2.0110E-09
    378  1.00E+01  3.16E+03  0.00E+00  0.00E+00  0.00E+00  0.00E+00 -2.0158E-09
    379  1.00E+01  3.17E+03  0.00E+00  0.00E+00  0.00E+00  0.00E+00 -2.0207E-09
    380  1.00E+01  3.18E+03  0.00E+00  0.00E+00  0.00E+00  0.00E+00 -2.0255E-09
    381  1.00E+01  3.19E+03  0.00E+00  0.00E+00  0.00E+00  0.00E+00 -2.0303E-09
    382  1.00E+01  3.20E+03  0.00E+00  0.00E+00  0.00E+00  0.00E+00 -2.0351E-09
    383  1.00E+01  3.21E+03  0.00E+00  0.00E+00  0.00E+00  0.00E+00 -2.0398E-09
    384  1.00E+01  3.22E+03  0.00E+00  0.00E+00  0.00E+00  0.00E+00 -2.0446E-09
    385  1.00E+01  3.23E+03  0.00E+00  0.00E+00  0.00E+00  0.00E+00 -2.0493E-09
    386  1.00E+01  3.24E+03  0.00E+00  0.00E+00  0.00E+00  0.00E+00 -2.0540E-09
    387  1.00E+01  3.25E+03  0.00E+00  0.00E+00  0.00E+00  0.00E+00 -2.0587E-09
    388  1.00E+01  3.26E+03  0.00E+00  0.00E+00  0.00E+00  0.00E+00 -2.0634E-09
    389  1.00E+01  3.27E+03  0.00E+00  0.00E+00  0.00E+00  0.00E+00 -2.0681E-09
    390  1.00E+01  3.28E+03  0.00E+00  0.00E+00  0.00E+00  0.00E+00 -2.0727E-09
    391  1.00E+01  3.29E+03  0.00E+00  0.00E+00  0.00E+00  0.00E+00 -2.0773E-09
    392  1.00E+01  3.30E+03  0.00E+00  0.00E+00  0.00E+00  0.00E+00 -2.0820E-09
    393  1.00E+01  3.31E+03  0.00E+00  0.00E+00  0.00E+00  0.00E+00 -2.0866E-09
    394  1.00E+01  3.32E+03  0.00E+00  0.00E+00  0.00E+00  0.00E+00 -2.0911E-09
    395  1.00E+01  3.33E+03  0.00E+00  0.00E+00  0.00E+00  0.00E+00 -2.0957E-09
    396  1.00E+01  3.34E+03  0.00E+00  0.00E+00  0.00E+00  0.00E+00 -2.1003E-09
    397  1.00E+01  3.35E+03  0.00E+00  0.00E+00  0.00E+00  0.00E+00 -2.1048E-09
    398  1.00E+01  3.36E+03  0.00E+00  0.00E+00  0.00E+00  0.00E+00 -2.1093E-09
    399  1.00E+01  3.37E+03  0.00E+00  0.00E+00  0.00E+00  0.00E+00 -2.1138E-09
    400  1.00E+01  3.38E+03  0.00E+00  0.00E+00  0.00E+00  0.00E+00 -2.1183E-09
    401  1.00E+01  3.39E+03  0.00E+00  0.00E+00  0.00E+00  0.00E+00 -2.1228E-09
    402  1.00E+01  3.40E+03  0.00E+00  0.00E+00  0.00E+00  0.00E+00 -2.1272E-09
    403  1.00E+01  3.41E+03  0.00E+00  0.00E+00  0.00E+00  0.00E+00 -2.1316E-09
    404  1.00E+01  3.42E+03  0.00E+00  0.00E+00  0.00E+00  0.00E+00 -2.1361E-09
    405  1.00E+01  3.43E+03  0.00E+00  0.00E+00  0.00E+00  0.00E+00 -2.1405E-09
    406  1.00E+01  3.44E+03  0.00E+00  0.00E+00  0.00E+00  0.00E+00 -2.1449E-09
    407  1.00E+01  3.45E+03  0.00E+00  0.00E+00  0.00E+00  0.00E+00 -2.1492E-09
    408  1.00E+01  3.46E+03  0.00E+00  0.00E+00  0.00E+00  0.00E+00 -2.1536E-09
    409  1.00E+01  3.47E+03  0.00E+00  0.00E+00  0.00E+00  0.00E+00 -2.1579E-09
    410  1.00E+01  3.48E+03  0.00E+00  0.00E+00  0.00E+00  0.00E+00 -2.1622E-09
    411  1.00E+01  3.49E+03  0.00E+00  0.00E+00  0.00E+00  0.00E+00 -2.1665E-09
    412  1.00E+01  3.50E+03  0.00E+00  0.00E+00  0.00E+00  0.00E+00 -2.1708E-09
    413  1.00E+01  3.51E+03  0.00E+00  0.00E+00  0.00E+00  0.00E+00 -2.1751E-09
    414  1.00E+01  3.52E+03  0.00E+00  0.00E+00  0.00E+00  0.00E+00 -2.1794E-09
    415  1.00E+01  3.53E+03  0.00E+00  0.00E+00  0.00E+00  0.00E+00 -2.1836E-09
    416  1.00E+01  3.54E+03  0.00E+00  0.00E+00  0.00E+00  0.00E+00 -2.1878E-09
    417  1.00E+01  3.55E+03  0.00E+00  0.00E+00  0.00E+00  0.00E+00 -2.1921E-09
    418  1.00E+01  3.56E+03  0.00E+00  0.00E+00  0.00E+00  0.00E+00 -2.1963E-09
    419  1.00E+01  3.57E+03  0.00E+00  0.00E+00  0.00E+00  0.00E+00 -2.2004E-09
    420  1.00E+01  3.58E+03  0.00E+00  0.00E+00  0.00E+00  0.00E+00 -2.2046E-09
    421  1.00E+01  3.59E+03  0.00E+00  0.00E+00  0.00E+00  0.00E+00 -2.2088E-09
    422  7.49E+00  3.59E+03  0.00E+00  0.00E+00  0.00E+00  0.00E+00 -2.2119E-09
    423  7.49E+00  3.60E+03  0.00E+00  0.00E+00  0.00E+00  0.00E+00 -2.2129E-09
