# NSTEP            DELTAT              TIME NET NANSF DIR VOL NET NANSF DIR FLX
      1      1.000000000E-02      1.000000000E-02      0.000000000E+00      0.000000000E+00
      2      1.100000000E-02      2.100000000E-02      0.000000000E+00      0.000000000E+00
      3      1.210000000E-02      3.310000000E-02      0.000000000E+00      0.000000000E+00
      4      1.331000000E-02      4.641000000E-02      0.000000000E+00      0.000000000E+00
      5      1.464100000E-02      6.105100000E-02      0.000000000E+00      0.000000000E+00
      6      1.610510000E-02      7.715610000E-02      0.000000000E+00      0.000000000E+00
      7      1.771561000E-02      9.487171000E-02      0.000000000E+00      0.000000000E+00
      8      1.948717100E-02      1.143588810E-01      0.000000000E+00      0.000000000E+00
      9      2.143588810E-02      1.357947691E-01      0.000000000E+00      0.000000000E+00
     10      2.357947691E-02      1.593742460E-01      0.000000000E+00      0.000000000E+00
     11      2.593742460E-02      1.853116706E-01      0.000000000E+00      0.000000000E+00
     12      2.853116706E-02      2.138428377E-01      0.000000000E+00      0.000000000E+00
     13      3.138428377E-02      2.452271214E-01      0.000000000E+00      0.000000000E+00
     14      3.452271214E-02      2.797498336E-01      0.000000000E+00      0.000000000E+00
     15      3.797498336E-02      3.177248169E-01      0.000000000E+00      0.000000000E+00
     16      4.177248169E-02      3.594972986E-01      0.000000000E+00      0.000000000E+00
     17      4.594972986E-02      4.054470285E-01      0.000000000E+00      0.000000000E+00
     18      5.054470285E-02      4.559917313E-01      0.000000000E+00      0.000000000E+00
     19      5.559917313E-02      5.115909045E-01      0.000000000E+00      0.000000000E+00
     20      6.115909045E-02      5.727499949E-01      0.000000000E+00      0.000000000E+00
     21      6.727499949E-02      6.400249944E-01      0.000000000E+00      0.000000000E+00
     22      7.400249944E-02      7.140274939E-01      0.000000000E+00      0.000000000E+00
     23      8.140274939E-02      7.954302433E-01      0.000000000E+00      0.000000000E+00
     24      8.954302433E-02      8.849732676E-01      0.000000000E+00      0.000000000E+00
     25      9.849732676E-02      9.834705943E-01      0.000000000E+00      0.000000000E+00
     26      1.083470594E-01      1.091817654E+00      0.000000000E+00      0.000000000E+00
     27      1.191817654E-01      1.210999419E+00      0.000000000E+00      0.000000000E+00
     28      1.310999419E-01      1.342099361E+00      0.000000000E+00      0.000000000E+00
     29      1.442099361E-01      1.486309297E+00      0.000000000E+00      0.000000000E+00
     30      1.586309297E-01      1.644940227E+00      0.000000000E+00      0.000000000E+00
     31      1.744940227E-01      1.819434250E+00      0.000000000E+00      0.000000000E+00
     32      1.919434250E-01      2.011377675E+00      0.000000000E+00      0.000000000E+00
     33      2.111377675E-01      2.222515442E+00      0.000000000E+00      0.000000000E+00
     34      2.322515442E-01      2.454766986E+00      0.000000000E+00      0.000000000E+00
     35      2.554766986E-01      2.710243685E+00      0.000000000E+00      0.000000000E+00
     36      2.810243685E-01      2.991268053E+00      0.000000000E+00      0.000000000E+00
     37      3.091268053E-01      3.300394859E+00      0.000000000E+00      0.000000000E+00
     38      3.400394859E-01      3.640434344E+00      0.000000000E+00      0.000000000E+00
     39      3.740434344E-01      4.014477779E+00      0.000000000E+00      0.000000000E+00
     40      4.114477779E-01      4.425925557E+00      0.000000000E+00      0.000000000E+00
     41      4.525925557E-01      4.878518112E+00      0.000000000E+00      0.000000000E+00
     42      4.978518112E-01      5.376369924E+00      0.000000000E+00      0.000000000E+00
     43      5.476369924E-01      5.924006916E+00      0.000000000E+00      0.000000000E+00
     44      6.024006916E-01      6.526407608E+00      0.000000000E+00      0.000000000E+00
     45      6.626407608E-01      7.189048369E+00      0.000000000E+00      0.000000000E+00
     46      7.289048369E-01      7.917953205E+00      0.000000000E+00      0.000000000E+00
     47      8.017953205E-01      8.719748526E+00      0.000000000E+00      0.000000000E+00
     48      8.819748526E-01      9.601723378E+00      0.000000000E+00      0.000000000E+00
     49      9.701723378E-01      1.057189572E+01      0.000000000E+00      0.000000000E+00
     50      1.067189572E+00      1.163908529E+01      0.000000000E+00      0.000000000E+00
     51      1.173908529E+00      1.281299382E+01      0.000000000E+00      0.000000000E+00
     52      1.291299382E+00      1.410429320E+01      0.000000000E+00      0.000000000E+00
     53      1.420429320E+00      1.552472252E+01      0.000000000E+00      0.000000000E+00
     54      1.562472252E+00      1.708719477E+01      0.000000000E+00      0.000000000E+00
     55      1.718719477E+00      1.880591425E+01      0.000000000E+00      0.000000000E+00
     56      1.890591425E+00      2.069650567E+01      0.000000000E+00      0.000000000E+00
     57      2.079650567E+00      2.277615624E+01      0.000000000E+00      0.000000000E+00
     58      2.287615624E+00      2.506377186E+01      0.000000000E+00      0.000000000E+00
     59      2.516377186E+00      2.758014905E+01      0.000000000E+00      0.000000000E+00
     60      2.768014905E+00      3.034816395E+01      0.000000000E+00      0.000000000E+00
     61      3.044816395E+00      3.339298035E+01      0.000000000E+00      0.000000000E+00
     62      3.349298035E+00      3.674227838E+01      0.000000000E+00      0.000000000E+00
     63      3.684227838E+00      4.042650622E+01      0.000000000E+00      0.000000000E+00
     64      4.052650622E+00      4.447915685E+01      0.000000000E+00      0.000000000E+00
     65      4.457915685E+00      4.893707253E+01      0.000000000E+00      0.000000000E+00
     66      4.903707253E+00      5.384077978E+01      0.000000000E+00      0.000000000E+00
     67      5.394077978E+00      5.923485776E+01      0.000000000E+00      0.000000000E+00
     68      5.933485776E+00      6.516834354E+01      0.000000000E+00      0.000000000E+00
     69      6.526834354E+00      7.169517789E+01      0.000000000E+00      0.000000000E+00
     70      7.179517789E+00      7.887469568E+01      0.000000000E+00      0.000000000E+00
     71      7.897469568E+00      8.677216525E+01      0.000000000E+00      0.000000000E+00
     72      8.687216525E+00      9.545938177E+01      0.000000000E+00      0.000000000E+00
     73      9.555938177E+00      1.050153200E+02      0.000000000E+00      0.000000000E+00
     74      1.000000000E+01      1.150153200E+02      0.000000000E+00      0.000000000E+00
     75      1.000000000E+01      1.250153200E+02      0.000000000E+00      0.000000000E+00
     76      1.000000000E+01      1.350153200E+02      0.000000000E+00      0.000000000E+00
     77      1.000000000E+01      1.450153200E+02      0.000000000E+00      0.000000000E+00
     78      1.000000000E+01      1.550153200E+02      0.000000000E+00      0.000000000E+00
     79      1.000000000E+01      1.650153200E+02      0.000000000E+00      0.000000000E+00
     80      1.000000000E+01      1.750153200E+02      0.000000000E+00      0.000000000E+00
     81      1.000000000E+01      1.850153200E+02      0.000000000E+00      0.000000000E+00
     82      1.000000000E+01      1.950153200E+02      0.000000000E+00      0.000000000E+00
     83      1.000000000E+01      2.050153200E+02      0.000000000E+00      0.000000000E+00
     84      1.000000000E+01      2.150153200E+02      0.000000000E+00      0.000000000E+00
     85      1.000000000E+01      2.250153200E+02      0.000000000E+00      0.000000000E+00
     86      1.000000000E+01      2.350153200E+02      0.000000000E+00      0.000000000E+00
     87      1.000000000E+01      2.450153200E+02      0.000000000E+00      0.000000000E+00
     88      1.000000000E+01      2.550153200E+02      0.000000000E+00      0.000000000E+00
     89      1.000000000E+01      2.650153200E+02      0.000000000E+00      0.000000000E+00
     90      1.000000000E+01      2.750153200E+02      0.000000000E+00      0.000000000E+00
     91      1.000000000E+01      2.850153200E+02      0.000000000E+00      0.000000000E+00
     92      1.000000000E+01      2.950153200E+02      0.000000000E+00      0.000000000E+00
     93      1.000000000E+01      3.050153200E+02      0.000000000E+00      0.000000000E+00
     94      1.000000000E+01      3.150153200E+02      0.000000000E+00      0.000000000E+00
     95      1.000000000E+01      3.250153200E+02      0.000000000E+00      0.000000000E+00
     96      1.000000000E+01      3.350153200E+02      0.000000000E+00      0.000000000E+00
     97      1.000000000E+01      3.450153200E+02      0.000000000E+00      0.000000000E+00
     98      1.000000000E+01      3.550153200E+02      0.000000000E+00      0.000000000E+00
     99      1.000000000E+01      3.650153200E+02      0.000000000E+00      0.000000000E+00
    100      1.000000000E+01      3.750153200E+02      0.000000000E+00      0.000000000E+00
    101      1.000000000E+01      3.850153200E+02      0.000000000E+00      0.000000000E+00
    102      1.000000000E+01      3.950153200E+02      0.000000000E+00      0.000000000E+00
    103      1.000000000E+01      4.050153200E+02      0.000000000E+00      0.000000000E+00
    104      1.000000000E+01      4.150153200E+02      0.000000000E+00      0.000000000E+00
    105      1.000000000E+01      4.250153200E+02      0.000000000E+00      0.000000000E+00
    106      1.000000000E+01      4.350153200E+02      0.000000000E+00      0.000000000E+00
    107      1.000000000E+01      4.450153200E+02      0.000000000E+00      0.000000000E+00
    108      1.000000000E+01      4.550153200E+02      0.000000000E+00      0.000000000E+00
    109      1.000000000E+01      4.650153200E+02      0.000000000E+00      0.000000000E+00
    110      1.000000000E+01      4.750153200E+02      0.000000000E+00      0.000000000E+00
    111      1.000000000E+01      4.850153200E+02      0.000000000E+00      0.000000000E+00
    112      1.000000000E+01      4.950153200E+02      0.000000000E+00      0.000000000E+00
    113      1.000000000E+01      5.050153200E+02      0.000000000E+00      0.000000000E+00
    114      1.000000000E+01      5.150153200E+02      0.000000000E+00      0.000000000E+00
    115      1.000000000E+01      5.250153200E+02      0.000000000E+00      0.000000000E+00
    116      1.000000000E+01      5.350153200E+02      0.000000000E+00      0.000000000E+00
    117      1.000000000E+01      5.450153200E+02      0.000000000E+00      0.000000000E+00
    118      1.000000000E+01      5.550153200E+02      0.000000000E+00      0.000000000E+00
    119      1.000000000E+01      5.650153200E+02      0.000000000E+00      0.000000000E+00
    120      1.000000000E+01      5.750153200E+02      0.000000000E+00      0.000000000E+00
    121      1.000000000E+01      5.850153200E+02      0.000000000E+00      0.000000000E+00
    122      1.000000000E+01      5.950153200E+02      0.000000000E+00      0.000000000E+00
    123      1.000000000E+01      6.050153200E+02      0.000000000E+00      0.000000000E+00
    124      1.000000000E+01      6.150153200E+02      0.000000000E+00      0.000000000E+00
    125      1.000000000E+01      6.250153200E+02      0.000000000E+00      0.000000000E+00
    126      1.000000000E+01      6.350153200E+02      0.000000000E+00      0.000000000E+00
    127      1.000000000E+01      6.450153200E+02      0.000000000E+00      0.000000000E+00
    128      1.000000000E+01      6.550153200E+02      0.000000000E+00      0.000000000E+00
    129      1.000000000E+01      6.650153200E+02      0.000000000E+00      0.000000000E+00
    130      1.000000000E+01      6.750153200E+02      0.000000000E+00      0.000000000E+00
    131      1.000000000E+01      6.850153200E+02      0.000000000E+00      0.000000000E+00
    132      1.000000000E+01      6.950153200E+02      0.000000000E+00      0.000000000E+00
    133      1.000000000E+01      7.050153200E+02      0.000000000E+00      0.000000000E+00
    134      1.000000000E+01      7.150153200E+02      0.000000000E+00      0.000000000E+00
    135      1.000000000E+01      7.250153200E+02      0.000000000E+00      0.000000000E+00
    136      1.000000000E+01      7.350153200E+02      0.000000000E+00      0.000000000E+00
    137      1.000000000E+01      7.450153200E+02      0.000000000E+00      0.000000000E+00
    138      1.000000000E+01      7.550153200E+02      0.000000000E+00      0.000000000E+00
    139      1.000000000E+01      7.650153200E+02      0.000000000E+00      0.000000000E+00
    140      1.000000000E+01      7.750153200E+02      0.000000000E+00      0.000000000E+00
    141      1.000000000E+01      7.850153200E+02      0.000000000E+00      0.000000000E+00
    142      1.000000000E+01      7.950153200E+02      0.000000000E+00      0.000000000E+00
    143      1.000000000E+01      8.050153200E+02      0.000000000E+00      0.000000000E+00
    144      1.000000000E+01      8.150153200E+02      0.000000000E+00      0.000000000E+00
    145      1.000000000E+01      8.250153200E+02      0.000000000E+00      0.000000000E+00
    146      1.000000000E+01      8.350153200E+02      0.000000000E+00      0.000000000E+00
    147      1.000000000E+01      8.450153200E+02      0.000000000E+00      0.000000000E+00
    148      1.000000000E+01      8.550153200E+02      0.000000000E+00      0.000000000E+00
    149      1.000000000E+01      8.650153200E+02      0.000000000E+00      0.000000000E+00
    150      1.000000000E+01      8.750153200E+02      0.000000000E+00      0.000000000E+00
    151      1.000000000E+01      8.850153200E+02      0.000000000E+00      0.000000000E+00
    152      1.000000000E+01      8.950153200E+02      0.000000000E+00      0.000000000E+00
    153      1.000000000E+01      9.050153200E+02      0.000000000E+00      0.000000000E+00
    154      1.000000000E+01      9.150153200E+02      0.000000000E+00      0.000000000E+00
    155      1.000000000E+01      9.250153200E+02      0.000000000E+00      0.000000000E+00
    156      1.000000000E+01      9.350153200E+02      0.000000000E+00      0.000000000E+00
    157      1.000000000E+01      9.450153200E+02      0.000000000E+00      0.000000000E+00
    158      1.000000000E+01      9.550153200E+02      0.000000000E+00      0.000000000E+00
    159      1.000000000E+01      9.650153200E+02      0.000000000E+00      0.000000000E+00
    160      1.000000000E+01      9.750153200E+02      0.000000000E+00      0.000000000E+00
    161      1.000000000E+01      9.850153200E+02      0.000000000E+00      0.000000000E+00
    162      1.000000000E+01      9.950153200E+02      0.000000000E+00      0.000000000E+00
    163      1.000000000E+01      1.005015320E+03      0.000000000E+00      0.000000000E+00
    164      1.000000000E+01      1.015015320E+03      0.000000000E+00      0.000000000E+00
    165      1.000000000E+01      1.025015320E+03      0.000000000E+00      0.000000000E+00
    166      1.000000000E+01      1.035015320E+03      0.000000000E+00      0.000000000E+00
    167      1.000000000E+01      1.045015320E+03      0.000000000E+00      0.000000000E+00
    168      1.000000000E+01      1.055015320E+03      0.000000000E+00      0.000000000E+00
    169      1.000000000E+01      1.065015320E+03      0.000000000E+00      0.000000000E+00
    170      1.000000000E+01      1.075015320E+03      0.000000000E+00      0.000000000E+00
    171      1.000000000E+01      1.085015320E+03      0.000000000E+00      0.000000000E+00
    172      1.000000000E+01      1.095015320E+03      0.000000000E+00      0.000000000E+00
    173      1.000000000E+01      1.105015320E+03      0.000000000E+00      0.000000000E+00
    174      1.000000000E+01      1.115015320E+03      0.000000000E+00      0.000000000E+00
    175      1.000000000E+01      1.125015320E+03      0.000000000E+00      0.000000000E+00
    176      1.000000000E+01      1.135015320E+03      0.000000000E+00      0.000000000E+00
    177      1.000000000E+01      1.145015320E+03      0.000000000E+00      0.000000000E+00
    178      1.000000000E+01      1.155015320E+03      0.000000000E+00      0.000000000E+00
    179      1.000000000E+01      1.165015320E+03      0.000000000E+00      0.000000000E+00
    180      1.000000000E+01      1.175015320E+03      0.000000000E+00      0.000000000E+00
    181      1.000000000E+01      1.185015320E+03      0.000000000E+00      0.000000000E+00
    182      1.000000000E+01      1.195015320E+03      0.000000000E+00      0.000000000E+00
    183      1.000000000E+01      1.205015320E+03      0.000000000E+00      0.000000000E+00
    184      1.000000000E+01      1.215015320E+03      0.000000000E+00      0.000000000E+00
    185      1.000000000E+01      1.225015320E+03      0.000000000E+00      0.000000000E+00
    186      1.000000000E+01      1.235015320E+03      0.000000000E+00      0.000000000E+00
    187      1.000000000E+01      1.245015320E+03      0.000000000E+00      0.000000000E+00
    188      1.000000000E+01      1.255015320E+03      0.000000000E+00      0.000000000E+00
    189      1.000000000E+01      1.265015320E+03      0.000000000E+00      0.000000000E+00
    190      1.000000000E+01      1.275015320E+03      0.000000000E+00      0.000000000E+00
    191      1.000000000E+01      1.285015320E+03      0.000000000E+00      0.000000000E+00
    192      1.000000000E+01      1.295015320E+03      0.000000000E+00      0.000000000E+00
    193      1.000000000E+01      1.305015320E+03      0.000000000E+00      0.000000000E+00
    194      1.000000000E+01      1.315015320E+03      0.000000000E+00      0.000000000E+00
    195      1.000000000E+01      1.325015320E+03      0.000000000E+00      0.000000000E+00
    196      1.000000000E+01      1.335015320E+03      0.000000000E+00      0.000000000E+00
    197      1.000000000E+01      1.345015320E+03      0.000000000E+00      0.000000000E+00
    198      1.000000000E+01      1.355015320E+03      0.000000000E+00      0.000000000E+00
    199      1.000000000E+01      1.365015320E+03      0.000000000E+00      0.000000000E+00
    200      1.000000000E+01      1.375015320E+03      0.000000000E+00      0.000000000E+00
    201      1.000000000E+01      1.385015320E+03      0.000000000E+00      0.000000000E+00
    202      1.000000000E+01      1.395015320E+03      0.000000000E+00      0.000000000E+00
    203      1.000000000E+01      1.405015320E+03      0.000000000E+00      0.000000000E+00
    204      1.000000000E+01      1.415015320E+03      0.000000000E+00      0.000000000E+00
    205      1.000000000E+01      1.425015320E+03      0.000000000E+00      0.000000000E+00
    206      1.000000000E+01      1.435015320E+03      0.000000000E+00      0.000000000E+00
    207      1.000000000E+01      1.445015320E+03      0.000000000E+00      0.000000000E+00
    208      1.000000000E+01      1.455015320E+03      0.000000000E+00      0.000000000E+00
    209      1.000000000E+01      1.465015320E+03      0.000000000E+00      0.000000000E+00
    210      1.000000000E+01      1.475015320E+03      0.000000000E+00      0.000000000E+00
    211      1.000000000E+01      1.485015320E+03      0.000000000E+00      0.000000000E+00
    212      1.000000000E+01      1.495015320E+03      0.000000000E+00      0.000000000E+00
    213      1.000000000E+01      1.505015320E+03      0.000000000E+00      0.000000000E+00
    214      1.000000000E+01      1.515015320E+03      0.000000000E+00      0.000000000E+00
    215      1.000000000E+01      1.525015320E+03      0.000000000E+00      0.000000000E+00
    216      1.000000000E+01      1.535015320E+03      0.000000000E+00      0.000000000E+00
    217      1.000000000E+01      1.545015320E+03      0.000000000E+00      0.000000000E+00
    218      1.000000000E+01      1.555015320E+03      0.000000000E+00      0.000000000E+00
    219      1.000000000E+01      1.565015320E+03      0.000000000E+00      0.000000000E+00
    220      1.000000000E+01      1.575015320E+03      0.000000000E+00      0.000000000E+00
    221      1.000000000E+01      1.585015320E+03      0.000000000E+00      0.000000000E+00
    222      1.000000000E+01      1.595015320E+03      0.000000000E+00      0.000000000E+00
    223      1.000000000E+01      1.605015320E+03      0.000000000E+00      0.000000000E+00
    224      1.000000000E+01      1.615015320E+03      0.000000000E+00      0.000000000E+00
    225      1.000000000E+01      1.625015320E+03      0.000000000E+00      0.000000000E+00
    226      1.000000000E+01      1.635015320E+03      0.000000000E+00      0.000000000E+00
    227      1.000000000E+01      1.645015320E+03      0.000000000E+00      0.000000000E+00
    228      1.000000000E+01      1.655015320E+03      0.000000000E+00      0.000000000E+00
    229      1.000000000E+01      1.665015320E+03      0.000000000E+00      0.000000000E+00
    230      1.000000000E+01      1.675015320E+03      0.000000000E+00      0.000000000E+00
    231      1.000000000E+01      1.685015320E+03      0.000000000E+00      0.000000000E+00
    232      1.000000000E+01      1.695015320E+03      0.000000000E+00      0.000000000E+00
    233      1.000000000E+01      1.705015320E+03      0.000000000E+00      0.000000000E+00
    234      1.000000000E+01      1.715015320E+03      0.000000000E+00      0.000000000E+00
    235      1.000000000E+01      1.725015320E+03      0.000000000E+00      0.000000000E+00
    236      1.000000000E+01      1.735015320E+03      0.000000000E+00      0.000000000E+00
    237      1.000000000E+01      1.745015320E+03      0.000000000E+00      0.000000000E+00
    238      1.000000000E+01      1.755015320E+03      0.000000000E+00      0.000000000E+00
    239      1.000000000E+01      1.765015320E+03      0.000000000E+00      0.000000000E+00
    240      1.000000000E+01      1.775015320E+03      0.000000000E+00      0.000000000E+00
    241      1.000000000E+01      1.785015320E+03      0.000000000E+00      0.000000000E+00
    242      1.000000000E+01      1.795015320E+03      0.000000000E+00      0.000000000E+00
    243      1.000000000E+01      1.805015320E+03      0.000000000E+00      0.000000000E+00
    244      1.000000000E+01      1.815015320E+03      0.000000000E+00      0.000000000E+00
    245      1.000000000E+01      1.825015320E+03      0.000000000E+00      0.000000000E+00
    246      1.000000000E+01      1.835015320E+03      0.000000000E+00      0.000000000E+00
    247      1.000000000E+01      1.845015320E+03      0.000000000E+00      0.000000000E+00
    248      1.000000000E+01      1.855015320E+03      0.000000000E+00      0.000000000E+00
    249      1.000000000E+01      1.865015320E+03      0.000000000E+00      0.000000000E+00
    250      1.000000000E+01      1.875015320E+03      0.000000000E+00      0.000000000E+00
    251      1.000000000E+01      1.885015320E+03      0.000000000E+00      0.000000000E+00
    252      1.000000000E+01      1.895015320E+03      0.000000000E+00      0.000000000E+00
    253      1.000000000E+01      1.905015320E+03      0.000000000E+00      0.000000000E+00
    254      1.000000000E+01      1.915015320E+03      0.000000000E+00      0.000000000E+00
    255      1.000000000E+01      1.925015320E+03      0.000000000E+00      0.000000000E+00
    256      1.000000000E+01      1.935015320E+03      0.000000000E+00      0.000000000E+00
    257      1.000000000E+01      1.945015320E+03      0.000000000E+00      0.000000000E+00
    258      1.000000000E+01      1.955015320E+03      0.000000000E+00      0.000000000E+00
    259      1.000000000E+01      1.965015320E+03      0.000000000E+00      0.000000000E+00
    260      1.000000000E+01      1.975015320E+03      0.000000000E+00      0.000000000E+00
    261      1.000000000E+01      1.985015320E+03      0.000000000E+00      0.000000000E+00
    262      1.000000000E+01      1.995015320E+03      0.000000000E+00      0.000000000E+00
    263      1.000000000E+01      2.005015320E+03      0.000000000E+00      0.000000000E+00
    264      1.000000000E+01      2.015015320E+03      0.000000000E+00      0.000000000E+00
    265      1.000000000E+01      2.025015320E+03      0.000000000E+00      0.000000000E+00
    266      1.000000000E+01      2.035015320E+03      0.000000000E+00      0.000000000E+00
    267      1.000000000E+01      2.045015320E+03      0.000000000E+00      0.000000000E+00
    268      1.000000000E+01      2.055015320E+03      0.000000000E+00      0.000000000E+00
    269      1.000000000E+01      2.065015320E+03      0.000000000E+00      0.000000000E+00
    270      1.000000000E+01      2.075015320E+03      0.000000000E+00      0.000000000E+00
    271      1.000000000E+01      2.085015320E+03      0.000000000E+00      0.000000000E+00
    272      1.000000000E+01      2.095015320E+03      0.000000000E+00      0.000000000E+00
    273      1.000000000E+01      2.105015320E+03      0.000000000E+00      0.000000000E+00
    274      1.000000000E+01      2.115015320E+03      0.000000000E+00      0.000000000E+00
    275      1.000000000E+01      2.125015320E+03      0.000000000E+00      0.000000000E+00
    276      1.000000000E+01      2.135015320E+03      0.000000000E+00      0.000000000E+00
    277      1.000000000E+01      2.145015320E+03      0.000000000E+00      0.000000000E+00
    278      1.000000000E+01      2.155015320E+03      0.000000000E+00      0.000000000E+00
    279      1.000000000E+01      2.165015320E+03      0.000000000E+00      0.000000000E+00
    280      1.000000000E+01      2.175015320E+03      0.000000000E+00      0.000000000E+00
    281      1.000000000E+01      2.185015320E+03      0.000000000E+00      0.000000000E+00
    282      1.000000000E+01      2.195015320E+03      0.000000000E+00      0.000000000E+00
    283      1.000000000E+01      2.205015320E+03      0.000000000E+00      0.000000000E+00
    284      1.000000000E+01      2.215015320E+03      0.000000000E+00      0.000000000E+00
    285      1.000000000E+01      2.225015320E+03      0.000000000E+00      0.000000000E+00
    286      1.000000000E+01      2.235015320E+03      0.000000000E+00      0.000000000E+00
    287      1.000000000E+01      2.245015320E+03      0.000000000E+00      0.000000000E+00
    288      1.000000000E+01      2.255015320E+03      0.000000000E+00      0.000000000E+00
    289      1.000000000E+01      2.265015320E+03      0.000000000E+00      0.000000000E+00
    290      1.000000000E+01      2.275015320E+03      0.000000000E+00      0.000000000E+00
    291      1.000000000E+01      2.285015320E+03      0.000000000E+00      0.000000000E+00
    292      1.000000000E+01      2.295015320E+03      0.000000000E+00      0.000000000E+00
    293      1.000000000E+01      2.305015320E+03      0.000000000E+00      0.000000000E+00
    294      1.000000000E+01      2.315015320E+03      0.000000000E+00      0.000000000E+00
    295      1.000000000E+01      2.325015320E+03      0.000000000E+00      0.000000000E+00
    296      1.000000000E+01      2.335015320E+03      0.000000000E+00      0.000000000E+00
    297      1.000000000E+01      2.345015320E+03      0.000000000E+00      0.000000000E+00
    298      1.000000000E+01      2.355015320E+03      0.000000000E+00      0.000000000E+00
    299      1.000000000E+01      2.365015320E+03      0.000000000E+00      0.000000000E+00
    300      1.000000000E+01      2.375015320E+03      0.000000000E+00      0.000000000E+00
    301      1.000000000E+01      2.385015320E+03      0.000000000E+00      0.000000000E+00
    302      1.000000000E+01      2.395015320E+03      0.000000000E+00      0.000000000E+00
    303      1.000000000E+01      2.405015320E+03      0.000000000E+00      0.000000000E+00
    304      1.000000000E+01      2.415015320E+03      0.000000000E+00      0.000000000E+00
    305      1.000000000E+01      2.425015320E+03      0.000000000E+00      0.000000000E+00
    306      1.000000000E+01      2.435015320E+03      0.000000000E+00      0.000000000E+00
    307      1.000000000E+01      2.445015320E+03      0.000000000E+00      0.000000000E+00
    308      1.000000000E+01      2.455015320E+03      0.000000000E+00      0.000000000E+00
    309      1.000000000E+01      2.465015320E+03      0.000000000E+00      0.000000000E+00
    310      1.000000000E+01      2.475015320E+03      0.000000000E+00      0.000000000E+00
    311      1.000000000E+01      2.485015320E+03      0.000000000E+00      0.000000000E+00
    312      1.000000000E+01      2.495015320E+03      0.000000000E+00      0.000000000E+00
    313      1.000000000E+01      2.505015320E+03      0.000000000E+00      0.000000000E+00
    314      1.000000000E+01      2.515015320E+03      0.000000000E+00      0.000000000E+00
    315      1.000000000E+01      2.525015320E+03      0.000000000E+00      0.000000000E+00
    316      1.000000000E+01      2.535015320E+03      0.000000000E+00      0.000000000E+00
    317      1.000000000E+01      2.545015320E+03      0.000000000E+00      0.000000000E+00
    318      1.000000000E+01      2.555015320E+03      0.000000000E+00      0.000000000E+00
    319      1.000000000E+01      2.565015320E+03      0.000000000E+00      0.000000000E+00
    320      1.000000000E+01      2.575015320E+03      0.000000000E+00      0.000000000E+00
    321      1.000000000E+01      2.585015320E+03      0.000000000E+00      0.000000000E+00
    322      1.000000000E+01      2.595015320E+03      0.000000000E+00      0.000000000E+00
    323      1.000000000E+01      2.605015320E+03      0.000000000E+00      0.000000000E+00
    324      1.000000000E+01      2.615015320E+03      0.000000000E+00      0.000000000E+00
    325      1.000000000E+01      2.625015320E+03      0.000000000E+00      0.000000000E+00
    326      1.000000000E+01      2.635015320E+03      0.000000000E+00      0.000000000E+00
    327      1.000000000E+01      2.645015320E+03      0.000000000E+00      0.000000000E+00
    328      1.000000000E+01      2.655015320E+03      0.000000000E+00      0.000000000E+00
    329      1.000000000E+01      2.665015320E+03      0.000000000E+00      0.000000000E+00
    330      1.000000000E+01      2.675015320E+03      0.000000000E+00      0.000000000E+00
    331      1.000000000E+01      2.685015320E+03      0.000000000E+00      0.000000000E+00
    332      1.000000000E+01      2.695015320E+03      0.000000000E+00      0.000000000E+00
    333      1.000000000E+01      2.705015320E+03      0.000000000E+00      0.000000000E+00
    334      1.000000000E+01      2.715015320E+03      0.000000000E+00      0.000000000E+00
    335      1.000000000E+01      2.725015320E+03      0.000000000E+00      0.000000000E+00
    336      1.000000000E+01      2.735015320E+03      0.000000000E+00      0.000000000E+00
    337      1.000000000E+01      2.745015320E+03      0.000000000E+00      0.000000000E+00
    338      1.000000000E+01      2.755015320E+03      0.000000000E+00      0.000000000E+00
    339      1.000000000E+01      2.765015320E+03      0.000000000E+00      0.000000000E+00
    340      1.000000000E+01      2.775015320E+03      0.000000000E+00      0.000000000E+00
    341      1.000000000E+01      2.785015320E+03      0.000000000E+00      0.000000000E+00
    342      1.000000000E+01      2.795015320E+03      0.000000000E+00      0.000000000E+00
    343      1.000000000E+01      2.805015320E+03      0.000000000E+00      0.000000000E+00
    344      1.000000000E+01      2.815015320E+03      0.000000000E+00      0.000000000E+00
    345      1.000000000E+01      2.825015320E+03      0.000000000E+00      0.000000000E+00
    346      1.000000000E+01      2.835015320E+03      0.000000000E+00      0.000000000E+00
    347      1.000000000E+01      2.845015320E+03      0.000000000E+00      0.000000000E+00
    348      1.000000000E+01      2.855015320E+03      0.000000000E+00      0.000000000E+00
    349      1.000000000E+01      2.865015320E+03      0.000000000E+00      0.000000000E+00
    350      1.000000000E+01      2.875015320E+03      0.000000000E+00      0.000000000E+00
    351      1.000000000E+01      2.885015320E+03      0.000000000E+00      0.000000000E+00
    352      1.000000000E+01      2.895015320E+03      0.000000000E+00      0.000000000E+00
    353      1.000000000E+01      2.905015320E+03      0.000000000E+00      0.000000000E+00
    354      1.000000000E+01      2.915015320E+03      0.000000000E+00      0.000000000E+00
    355      1.000000000E+01      2.925015320E+03      0.000000000E+00      0.000000000E+00
    356      1.000000000E+01      2.935015320E+03      0.000000000E+00      0.000000000E+00
    357      1.000000000E+01      2.945015320E+03      0.000000000E+00      0.000000000E+00
    358      1.000000000E+01      2.955015320E+03      0.000000000E+00      0.000000000E+00
    359      1.000000000E+01      2.965015320E+03      0.000000000E+00      0.000000000E+00
    360      1.000000000E+01      2.975015320E+03      0.000000000E+00      0.000000000E+00
    361      1.000000000E+01      2.985015320E+03      0.000000000E+00      0.000000000E+00
    362      1.000000000E+01      2.995015320E+03      0.000000000E+00      0.000000000E+00
    363      1.000000000E+01      3.005015320E+03      0.000000000E+00      0.000000000E+00
    364      1.000000000E+01      3.015015320E+03      0.000000000E+00      0.000000000E+00
    365      1.000000000E+01      3.025015320E+03      0.000000000E+00      0.000000000E+00
    366      1.000000000E+01      3.035015320E+03      0.000000000E+00      0.000000000E+00
    367      1.000000000E+01      3.045015320E+03      0.000000000E+00      0.000000000E+00
    368      1.000000000E+01      3.055015320E+03      0.000000000E+00      0.000000000E+00
    369      1.000000000E+01      3.065015320E+03      0.000000000E+00      0.000000000E+00
    370      1.000000000E+01      3.075015320E+03      0.000000000E+00      0.000000000E+00
    371      1.000000000E+01      3.085015320E+03      0.000000000E+00      0.000000000E+00
    372      1.000000000E+01      3.095015320E+03      0.000000000E+00      0.000000000E+00
    373      1.000000000E+01      3.105015320E+03      0.000000000E+00      0.000000000E+00
    374      1.000000000E+01      3.115015320E+03      0.000000000E+00      0.000000000E+00
    375      1.000000000E+01      3.125015320E+03      0.000000000E+00      0.000000000E+00
    376      1.000000000E+01      3.135015320E+03      0.000000000E+00      0.000000000E+00
    377      1.000000000E+01      3.145015320E+03      0.000000000E+00      0.000000000E+00
    378      1.000000000E+01      3.155015320E+03      0.000000000E+00      0.000000000E+00
    379      1.000000000E+01      3.165015320E+03      0.000000000E+00      0.000000000E+00
    380      1.000000000E+01      3.175015320E+03      0.000000000E+00      0.000000000E+00
    381      1.000000000E+01      3.185015320E+03      0.000000000E+00      0.000000000E+00
    382      1.000000000E+01      3.195015320E+03      0.000000000E+00      0.000000000E+00
    383      1.000000000E+01      3.205015320E+03      0.000000000E+00      0.000000000E+00
    384      1.000000000E+01      3.215015320E+03      0.000000000E+00      0.000000000E+00
    385      1.000000000E+01      3.225015320E+03      0.000000000E+00      0.000000000E+00
    386      1.000000000E+01      3.235015320E+03      0.000000000E+00      0.000000000E+00
    387      1.000000000E+01      3.245015320E+03      0.000000000E+00      0.000000000E+00
    388      1.000000000E+01      3.255015320E+03      0.000000000E+00      0.000000000E+00
    389      1.000000000E+01      3.265015320E+03      0.000000000E+00      0.000000000E+00
    390      1.000000000E+01      3.275015320E+03      0.000000000E+00      0.000000000E+00
    391      1.000000000E+01      3.285015320E+03      0.000000000E+00      0.000000000E+00
    392      1.000000000E+01      3.295015320E+03      0.000000000E+00      0.000000000E+00
    393      1.000000000E+01      3.305015320E+03      0.000000000E+00      0.000000000E+00
    394      1.000000000E+01      3.315015320E+03      0.000000000E+00      0.000000000E+00
    395      1.000000000E+01      3.325015320E+03      0.000000000E+00      0.000000000E+00
    396      1.000000000E+01      3.335015320E+03      0.000000000E+00      0.000000000E+00
    397      1.000000000E+01      3.345015320E+03      0.000000000E+00      0.000000000E+00
    398      1.000000000E+01      3.355015320E+03      0.000000000E+00      0.000000000E+00
    399      1.000000000E+01      3.365015320E+03      0.000000000E+00      0.000000000E+00
    400      1.000000000E+01      3.375015320E+03      0.000000000E+00      0.000000000E+00
    401      1.000000000E+01      3.385015320E+03      0.000000000E+00      0.000000000E+00
    402      1.000000000E+01      3.395015320E+03      0.000000000E+00      0.000000000E+00
    403      1.000000000E+01      3.405015320E+03      0.000000000E+00      0.000000000E+00
    404      1.000000000E+01      3.415015320E+03      0.000000000E+00      0.000000000E+00
    405      1.000000000E+01      3.425015320E+03      0.000000000E+00      0.000000000E+00
    406      1.000000000E+01      3.435015320E+03      0.000000000E+00      0.000000000E+00
    407      1.000000000E+01      3.445015320E+03      0.000000000E+00      0.000000000E+00
    408      1.000000000E+01      3.455015320E+03      0.000000000E+00      0.000000000E+00
    409      1.000000000E+01      3.465015320E+03      0.000000000E+00      0.000000000E+00
    410      1.000000000E+01      3.475015320E+03      0.000000000E+00      0.000000000E+00
    411      1.000000000E+01      3.485015320E+03      0.000000000E+00      0.000000000E+00
    412      1.000000000E+01      3.495015320E+03      0.000000000E+00      0.000000000E+00
    413      1.000000000E+01      3.505015320E+03      0.000000000E+00      0.000000000E+00
    414      1.000000000E+01      3.515015320E+03      0.000000000E+00      0.000000000E+00
    415      1.000000000E+01      3.525015320E+03      0.000000000E+00      0.000000000E+00
    416      1.000000000E+01      3.535015320E+03      0.000000000E+00      0.000000000E+00
    417      1.000000000E+01      3.545015320E+03      0.000000000E+00      0.000000000E+00
    418      1.000000000E+01      3.555015320E+03      0.000000000E+00      0.000000000E+00
    419      1.000000000E+01      3.565015320E+03      0.000000000E+00      0.000000000E+00
    420      1.000000000E+01      3.575015320E+03      0.000000000E+00      0.000000000E+00
    421      1.000000000E+01      3.585015320E+03      0.000000000E+00      0.000000000E+00
    422      7.492340025E+00      3.592507660E+03      0.000000000E+00      0.000000000E+00
    423      7.492340025E+00      3.600000000E+03      0.000000000E+00      0.000000000E+00
