#INITIAL VOLUME OF WATER IN THE SUBSURFACE =   1.81500E+01
#NSTEP       DELTAT         TIME  NLIN   AVG.LIN       STORE1       STORE2       DSTORE   CUM.DSTORE       VIN  CUM.VIN       VOUT    CUM.VOUT   VIN+VOUT   CUM. VIN  M.BAL.ERR   REL. MBE   CUM. MBE      CUM.
#                                 ITER.    ITER.                             (>0 x inc)                                                                      + VOUT  (Vi+Vo-Ds)        (%)             ABS(MBE)
     1 1.000000E-02 1.000000E-02     1 1.000E+00 1.815000E+01 1.815000E+01  1.70747E-16  1.70747E-16 1.317E-13 1.317E-13 -1.320E-13 -1.320E-13 -2.736E-16 -2.736E-16 -4.443E-16  1.624E+02 -4.443E-16 4.443E-16
     2 1.100000E-02 2.100000E-02     1 1.000E+00 1.815000E+01 1.815000E+01 -2.85367E-13 -2.85197E-13 1.770E-13 3.087E-13 -3.212E-13 -4.532E-13 -1.442E-13 -1.445E-13  1.412E-13 -9.792E+01  1.407E-13 1.416E-13
     3 1.210000E-02 3.310000E-02     1 1.000E+00 1.815000E+01 1.815000E+01  2.03365E-11  2.00513E-11 5.395E-11 5.426E-11 -8.993E-12 -9.446E-12  4.496E-11  4.481E-11  2.462E-11  5.477E+01  2.476E-11 2.476E-11
     4 1.331000E-02 4.641000E-02     1 1.000E+00 1.815000E+01 1.815000E+01  5.86090E-11  7.86602E-11 1.624E-10 2.167E-10 -4.502E-11 -5.447E-11  1.174E-10  1.622E-10  5.879E-11  5.008E+01  8.355E-11 8.355E-11
     5 1.464100E-02 6.105100E-02     2 1.000E+00 1.815000E+01 1.815000E+01  8.28624E-10  9.07284E-10 9.196E-10 1.136E-09 -4.303E-10 -4.848E-10  4.893E-10  6.515E-10 -3.393E-10 -6.934E+01 -2.558E-10 4.229E-10
     6 1.610510E-02 7.715610E-02     2 1.000E+00 1.815000E+01 1.815000E+01 -3.81013E-10  5.26272E-10 9.140E-10 2.050E-09 -6.482E-10 -1.133E-09  2.658E-10  9.174E-10  6.469E-10  2.433E+02  3.911E-10 1.070E-09
     7 1.771561E-02 9.487171E-02     1 1.000E+00 1.815000E+01 1.815000E+01 -8.36269E-11  4.42645E-10 6.000E-11 2.110E-09 -3.110E-10 -1.444E-09 -2.510E-10  6.663E-10 -1.674E-10  6.669E+01  2.237E-10 1.237E-09
     8 1.948717E-02 1.143589E-01     1 1.000E+00 1.815000E+01 1.815000E+01 -3.48090E-11  4.07836E-10 6.655E-11 2.177E-09 -1.294E-10 -1.573E-09 -6.286E-11  6.035E-10 -2.805E-11  4.462E+01  1.957E-10 1.265E-09
     9 2.143589E-02 1.357948E-01     1 1.000E+00 1.815000E+01 1.815000E+01 -1.72208E-11  3.90615E-10 7.384E-11 2.251E-09 -1.010E-10 -1.674E-09 -2.716E-11  5.763E-10 -9.944E-12  3.661E+01  1.857E-10 1.275E-09
    10 2.357948E-02 1.593742E-01     1 1.000E+00 1.815000E+01 1.815000E+01 -9.08620E-12  3.81529E-10 8.158E-11 2.332E-09 -9.502E-11 -1.769E-09 -1.344E-11  5.629E-10 -4.358E-12  3.242E+01  1.814E-10 1.279E-09
    11 2.593742E-02 1.853117E-01     1 1.000E+00 1.815000E+01 1.815000E+01 -4.91017E-12  3.76619E-10 8.978E-11 2.422E-09 -9.670E-11 -1.866E-09 -6.917E-12  5.560E-10 -2.007E-12  2.901E+01  1.793E-10 1.281E-09
    12 2.853117E-02 2.138428E-01     1 1.000E+00 1.815000E+01 1.815000E+01 -2.70127E-12  3.73917E-10 9.859E-11 2.521E-09 -1.022E-10 -1.968E-09 -3.629E-12  5.523E-10 -9.275E-13  2.556E+01  1.784E-10 1.282E-09
    13 3.138428E-02 2.452271E-01     1 1.000E+00 1.815000E+01 1.815000E+01 -1.57199E-12  3.72345E-10 1.081E-10 2.629E-09 -1.101E-10 -2.078E-09 -2.002E-12  5.503E-10 -4.303E-13  2.149E+01  1.780E-10 1.283E-09
    14 3.452271E-02 2.797498E-01     1 1.000E+00 1.815000E+01 1.815000E+01 -1.01958E-12  3.71326E-10 1.186E-10 2.747E-09 -1.198E-10 -2.198E-09 -1.227E-12  5.491E-10 -2.079E-13  1.694E+01  1.778E-10 1.283E-09
    15 3.797498E-02 3.177248E-01     1 1.000E+00 1.815000E+01 1.815000E+01 -7.46722E-13  3.70579E-10 1.301E-10 2.878E-09 -1.310E-10 -2.329E-09 -8.614E-13  5.482E-10 -1.147E-13  1.332E+01  1.777E-10 1.283E-09
    16 4.177248E-02 3.594973E-01     1 1.000E+00 1.815000E+01 1.815000E+01 -5.96309E-13  3.69983E-10 1.428E-10 3.020E-09 -1.435E-10 -2.473E-09 -6.754E-13  5.476E-10 -7.913E-14  1.172E+01  1.776E-10 1.283E-09
    17 4.594973E-02 4.054470E-01     1 1.000E+00 1.815000E+01 1.815000E+01 -4.95415E-13  3.69487E-10 1.568E-10 3.177E-09 -1.573E-10 -2.630E-09 -5.620E-13  5.470E-10 -6.663E-14  1.185E+01  1.775E-10 1.283E-09
    18 5.054470E-02 4.559917E-01     1 1.000E+00 1.815000E+01 1.815000E+01 -4.14582E-13  3.69073E-10 1.722E-10 3.349E-09 -1.727E-10 -2.803E-09 -4.765E-13  5.465E-10 -6.192E-14  1.300E+01  1.775E-10 1.283E-09
    19 5.559917E-02 5.115909E-01     1 1.000E+00 1.815000E+01 1.815000E+01 -3.43892E-13  3.68729E-10 1.892E-10 3.538E-09 -1.896E-10 -2.992E-09 -4.029E-13  5.461E-10 -5.897E-14  1.464E+01  1.774E-10 1.283E-09
    20 6.115909E-02 5.727500E-01     1 1.000E+00 1.815000E+01 1.815000E+01 -2.80911E-13  3.68448E-10 2.079E-10 3.746E-09 -2.083E-10 -3.201E-09 -3.366E-13  5.458E-10 -5.571E-14  1.655E+01  1.773E-10 1.283E-09
    21 6.727500E-02 6.400250E-01     1 1.000E+00 1.815000E+01 1.815000E+01 -2.25452E-13  3.68222E-10 2.286E-10 3.975E-09 -2.289E-10 -3.429E-09 -2.771E-13  5.455E-10 -5.165E-14  1.864E+01  1.773E-10 1.284E-09
    22 7.400250E-02 7.140275E-01     1 1.000E+00 1.815000E+01 1.815000E+01 -1.77657E-13  3.68045E-10 2.514E-10 4.226E-09 -2.516E-10 -3.681E-09 -2.245E-13  5.453E-10 -4.680E-14  2.085E+01  1.772E-10 1.284E-09
    23 8.140275E-02 7.954302E-01     1 1.000E+00 1.815000E+01 1.815000E+01 -1.37443E-13  3.67907E-10 2.764E-10 4.503E-09 -2.766E-10 -3.958E-09 -1.788E-13  5.451E-10 -4.140E-14  2.315E+01  1.772E-10 1.284E-09
    24 8.954302E-02 8.849733E-01     1 1.000E+00 1.815000E+01 1.815000E+01 -1.04425E-13  3.67803E-10 3.040E-10 4.807E-09 -3.042E-10 -4.262E-09 -1.401E-13  5.450E-10 -3.568E-14  2.547E+01  1.772E-10 1.284E-09
    25 9.849733E-02 9.834706E-01     1 1.000E+00 1.815000E+01 1.815000E+01 -7.79753E-14  3.67725E-10 3.344E-10 5.141E-09 -3.345E-10 -4.596E-09 -1.079E-13  5.449E-10 -2.994E-14  2.774E+01  1.771E-10 1.284E-09
    26 1.083471E-01 1.091818E+00     1 1.000E+00 1.815000E+01 1.815000E+01 -5.73134E-14  3.67668E-10 3.678E-10 5.509E-09 -3.679E-10 -4.964E-09 -8.171E-14  5.448E-10 -2.440E-14  2.986E+01  1.771E-10 1.284E-09
    27 1.191818E-01 1.210999E+00     1 1.000E+00 1.815000E+01 1.815000E+01 -4.15846E-14  3.67626E-10 4.046E-10 5.914E-09 -4.046E-10 -5.369E-09 -6.085E-14  5.447E-10 -1.926E-14  3.166E+01  1.771E-10 1.284E-09
    28 1.310999E-01 1.342099E+00     1 1.000E+00 1.815000E+01 1.815000E+01 -2.99239E-14  3.67596E-10 4.450E-10 6.359E-09 -4.451E-10 -5.814E-09 -4.459E-14  5.447E-10 -1.467E-14  3.289E+01  1.771E-10 1.284E-09
    29 1.442099E-01 1.486309E+00     1 1.000E+00 1.815000E+01 1.815000E+01 -2.14883E-14  3.67575E-10 4.895E-10 6.848E-09 -4.895E-10 -6.303E-09 -3.224E-14  5.446E-10 -1.075E-14  3.334E+01  1.771E-10 1.284E-09
    30 1.586309E-01 1.644940E+00     1 1.000E+00 1.815000E+01 1.815000E+01 -1.54477E-14  3.67559E-10 5.384E-10 7.386E-09 -5.384E-10 -6.842E-09 -2.319E-14  5.446E-10 -7.739E-15  3.338E+01  1.771E-10 1.284E-09
    31 1.744940E-01 1.819434E+00     1 1.000E+00 1.815000E+01 1.815000E+01 -1.10981E-14  3.67548E-10 5.922E-10 7.979E-09 -5.923E-10 -7.434E-09 -1.710E-14  5.446E-10 -5.999E-15  3.509E+01  1.771E-10 1.284E-09
    32 1.919434E-01 2.011378E+00     1 1.000E+00 1.815000E+01 1.815000E+01 -8.26732E-15  3.67540E-10 6.514E-10 8.630E-09 -6.514E-10 -8.086E-09 -1.369E-14  5.446E-10 -5.425E-15  3.962E+01  1.770E-10 1.284E-09
    33 2.111378E-01 2.222515E+00     1 1.000E+00 1.815000E+01 1.815000E+01 -6.80532E-15  3.67533E-10 7.165E-10 9.347E-09 -7.165E-10 -8.802E-09 -1.238E-14  5.446E-10 -5.575E-15  4.503E+01  1.770E-10 1.284E-09
    34 2.322515E-01 2.454767E+00     1 1.000E+00 1.815000E+01 1.815000E+01 -6.22901E-15  3.67527E-10 7.881E-10 1.013E-08 -7.882E-10 -9.590E-09 -1.244E-14  5.446E-10 -6.208E-15  4.991E+01  1.770E-10 1.284E-09
    35 2.554767E-01 2.710244E+00     1 1.000E+00 1.815000E+01 1.815000E+01 -6.16450E-15  3.67521E-10 8.669E-10 1.100E-08 -8.669E-10 -1.046E-08 -1.337E-14  5.445E-10 -7.210E-15  5.391E+01  1.770E-10 1.284E-09
    36 2.810244E-01 2.991268E+00     1 1.000E+00 1.815000E+01 1.815000E+01 -6.39649E-15  3.67514E-10 9.535E-10 1.196E-08 -9.535E-10 -1.141E-08 -1.495E-14  5.445E-10 -8.551E-15  5.721E+01  1.770E-10 1.284E-09
    37 3.091268E-01 3.300395E+00     1 1.000E+00 1.815000E+01 1.815000E+01 -6.81387E-15  3.67507E-10 1.049E-09 1.300E-08 -1.049E-09 -1.246E-08 -1.708E-14  5.445E-10 -1.026E-14  6.010E+01  1.770E-10 1.284E-09
    38 3.400395E-01 3.640434E+00     1 1.000E+00 1.815000E+01 1.815000E+01 -7.36379E-15  3.67500E-10 1.154E-09 1.416E-08 -1.154E-09 -1.361E-08 -1.977E-14  5.445E-10 -1.241E-14  6.276E+01  1.770E-10 1.284E-09
    39 3.740434E-01 4.014478E+00     1 1.000E+00 1.815000E+01 1.815000E+01 -8.02140E-15  3.67492E-10 1.269E-09 1.543E-08 -1.269E-09 -1.488E-08 -2.308E-14  5.445E-10 -1.506E-14  6.525E+01  1.770E-10 1.284E-09
    40 4.114478E-01 4.425926E+00     1 1.000E+00 1.815000E+01 1.815000E+01 -8.77579E-15  3.67483E-10 1.396E-09 1.682E-08 -1.396E-09 -1.628E-08 -2.710E-14  5.444E-10 -1.833E-14  6.762E+01  1.770E-10 1.284E-09
    41 4.525926E-01 4.878518E+00     1 1.000E+00 1.815000E+01 1.815000E+01 -9.62454E-15  3.67474E-10 1.535E-09 1.836E-08 -1.535E-09 -1.781E-08 -3.194E-14  5.444E-10 -2.232E-14  6.987E+01  1.769E-10 1.284E-09
    42 4.978518E-01 5.376370E+00     1 1.000E+00 1.815000E+01 1.815000E+01 -1.05694E-14  3.67463E-10 1.688E-09 2.005E-08 -1.688E-09 -1.950E-08 -3.775E-14  5.444E-10 -2.718E-14  7.200E+01  1.769E-10 1.284E-09
    43 5.476370E-01 5.924007E+00     1 1.000E+00 1.815000E+01 1.815000E+01 -1.16153E-14  3.67451E-10 1.857E-09 2.190E-08 -1.857E-09 -2.136E-08 -4.472E-14  5.443E-10 -3.310E-14  7.403E+01  1.769E-10 1.284E-09
    44 6.024007E-01 6.526408E+00     1 1.000E+00 1.815000E+01 1.815000E+01 -1.27697E-14  3.67439E-10 2.042E-09 2.394E-08 -2.042E-09 -2.340E-08 -5.307E-14  5.443E-10 -4.030E-14  7.594E+01  1.768E-10 1.284E-09
    45 6.626408E-01 7.189048E+00     1 1.000E+00 1.815000E+01 1.815000E+01 -1.40416E-14  3.67425E-10 2.246E-09 2.619E-08 -2.246E-09 -2.565E-08 -6.308E-14  5.442E-10 -4.904E-14  7.774E+01  1.768E-10 1.284E-09
    46 7.289048E-01 7.917953E+00     1 1.000E+00 1.815000E+01 1.815000E+01 -1.54421E-14  3.67409E-10 2.470E-09 2.866E-08 -2.470E-09 -2.812E-08 -7.509E-14  5.441E-10 -5.965E-14  7.944E+01  1.767E-10 1.284E-09
    47 8.017953E-01 8.719749E+00     1 1.000E+00 1.815000E+01 1.815000E+01 -1.69833E-14  3.67392E-10 2.717E-09 3.138E-08 -2.717E-09 -3.083E-08 -8.950E-14  5.441E-10 -7.252E-14  8.102E+01  1.767E-10 1.284E-09
    48 8.819749E-01 9.601723E+00     1 1.000E+00 1.815000E+01 1.815000E+01 -1.86788E-14  3.67374E-10 2.988E-09 3.436E-08 -2.988E-09 -3.382E-08 -1.068E-13  5.439E-10 -8.813E-14  8.251E+01  1.766E-10 1.284E-09
    49 9.701723E-01 1.057190E+01     1 1.000E+00 1.815000E+01 1.815000E+01 -2.05434E-14  3.67353E-10 3.286E-09 3.765E-08 -3.286E-09 -3.711E-08 -1.276E-13  5.438E-10 -1.070E-13  8.390E+01  1.765E-10 1.284E-09
    50 1.067190E+00 1.163909E+01     1 1.000E+00 1.815000E+01 1.815000E+01 -2.25948E-14  3.67330E-10 3.613E-09 4.126E-08 -3.613E-09 -4.072E-08 -1.526E-13  5.437E-10 -1.300E-13  8.519E+01  1.763E-10 1.284E-09
    51 1.173909E+00 1.281299E+01     1 1.000E+00 1.815000E+01 1.815000E+01 -2.48506E-14  3.67306E-10 3.973E-09 4.524E-08 -3.974E-09 -4.469E-08 -1.826E-13  5.435E-10 -1.578E-13  8.639E+01  1.762E-10 1.285E-09
    52 1.291299E+00 1.410429E+01     1 1.000E+00 1.815000E+01 1.815000E+01 -2.73310E-14  3.67278E-10 4.369E-09 4.961E-08 -4.369E-09 -4.906E-08 -2.188E-13  5.433E-10 -1.914E-13  8.751E+01  1.760E-10 1.285E-09
    53 1.420429E+00 1.552472E+01     1 1.000E+00 1.815000E+01 1.815000E+01 -3.00594E-14  3.67248E-10 4.805E-09 5.441E-08 -4.805E-09 -5.387E-08 -2.623E-13  5.430E-10 -2.322E-13  8.854E+01  1.758E-10 1.285E-09
    54 1.562472E+00 1.708719E+01     1 1.000E+00 1.815000E+01 1.815000E+01 -3.30598E-14  3.67215E-10 5.283E-09 5.969E-08 -5.283E-09 -5.915E-08 -3.147E-13  5.427E-10 -2.816E-13  8.949E+01  1.755E-10 1.285E-09
    55 1.718719E+00 1.880591E+01     1 1.000E+00 1.815000E+01 1.815000E+01 -3.63584E-14  3.67179E-10 5.809E-09 6.550E-08 -5.809E-09 -6.496E-08 -3.778E-13  5.423E-10 -3.414E-13  9.038E+01  1.751E-10 1.286E-09
    56 1.890591E+00 2.069651E+01     1 1.000E+00 1.815000E+01 1.815000E+01 -3.99859E-14  3.67139E-10 6.387E-09 7.189E-08 -6.387E-09 -7.135E-08 -4.538E-13  5.419E-10 -4.139E-13  9.119E+01  1.747E-10 1.286E-09
    57 2.079651E+00 2.277616E+01     1 1.000E+00 1.815000E+01 1.815000E+01 -4.39746E-14  3.67095E-10 7.022E-09 7.891E-08 -7.022E-09 -7.837E-08 -5.455E-13  5.413E-10 -5.015E-13  9.194E+01  1.742E-10 1.287E-09
    58 2.287616E+00 2.506377E+01     1 1.000E+00 1.815000E+01 1.815000E+01 -4.83601E-14  3.67046E-10 7.719E-09 8.663E-08 -7.720E-09 -8.609E-08 -6.559E-13  5.407E-10 -6.076E-13  9.263E+01  1.736E-10 1.287E-09
    59 2.516377E+00 2.758015E+01     1 1.000E+00 1.815000E+01 1.815000E+01 -5.31817E-14  3.66993E-10 8.486E-09 9.512E-08 -8.487E-09 -9.458E-08 -7.891E-13  5.399E-10 -7.360E-13  9.326E+01  1.729E-10 1.288E-09
    60 2.768015E+00 3.034816E+01     1 1.000E+00 1.815000E+01 1.815000E+01 -5.84826E-14  3.66935E-10 9.328E-09 1.044E-07 -9.329E-09 -1.039E-07 -9.497E-13  5.389E-10 -8.913E-13  9.384E+01  1.720E-10 1.289E-09
    61 3.044816E+00 3.339298E+01     1 1.000E+00 1.815000E+01 1.815000E+01 -6.43097E-14  3.66870E-10 1.025E-08 1.147E-07 -1.025E-08 -1.142E-07 -1.143E-12  5.378E-10 -1.079E-12  9.438E+01  1.709E-10 1.290E-09
    62 3.349298E+00 3.674228E+01     1 1.000E+00 1.815000E+01 1.815000E+01 -7.07153E-14  3.66800E-10 1.127E-08 1.260E-07 -1.127E-08 -1.254E-07 -1.377E-12  5.364E-10 -1.306E-12  9.486E+01  1.696E-10 1.291E-09
    63 3.684228E+00 4.042651E+01     1 1.000E+00 1.815000E+01 1.815000E+01 -7.77565E-14  3.66722E-10 1.238E-08 1.383E-07 -1.239E-08 -1.378E-07 -1.659E-12  5.347E-10 -1.581E-12  9.531E+01  1.680E-10 1.293E-09
    64 4.052651E+00 4.447916E+01     1 1.000E+00 1.815000E+01 1.815000E+01 -8.54949E-14  3.66636E-10 1.361E-08 1.520E-07 -1.361E-08 -1.514E-07 -1.999E-12  5.327E-10 -1.913E-12  9.572E+01  1.661E-10 1.295E-09
    65 4.457916E+00 4.893707E+01     1 1.000E+00 1.815000E+01 1.815000E+01 -9.39999E-14  3.66542E-10 1.495E-08 1.669E-07 -1.496E-08 -1.664E-07 -2.409E-12  5.303E-10 -2.315E-12  9.610E+01  1.638E-10 1.297E-09
    66 4.903707E+00 5.384078E+01     1 1.000E+00 1.815000E+01 1.815000E+01 -1.03346E-13  3.66439E-10 1.643E-08 1.833E-07 -1.643E-08 -1.828E-07 -2.904E-12  5.274E-10 -2.800E-12  9.644E+01  1.610E-10 1.300E-09
    67 5.394078E+00 5.923486E+01     1 1.000E+00 1.815000E+01 1.815000E+01 -1.13616E-13  3.66325E-10 1.805E-08 2.014E-07 -1.805E-08 -2.009E-07 -3.501E-12  5.239E-10 -3.387E-12  9.675E+01  1.576E-10 1.303E-09
    68 5.933486E+00 6.516834E+01     1 1.000E+00 1.815000E+01 1.815000E+01 -1.24899E-13  3.66201E-10 1.982E-08 2.212E-07 -1.983E-08 -2.207E-07 -4.220E-12  5.197E-10 -4.096E-12  9.704E+01  1.535E-10 1.307E-09
    69 6.526834E+00 7.169518E+01     1 1.000E+00 1.815000E+01 1.815000E+01 -1.37293E-13  3.66063E-10 2.177E-08 2.430E-07 -2.177E-08 -2.425E-07 -5.089E-12  5.146E-10 -4.952E-12  9.730E+01  1.486E-10 1.312E-09
    70 7.179518E+00 7.887470E+01     1 1.000E+00 1.815000E+01 1.815000E+01 -1.50908E-13  3.65912E-10 2.390E-08 2.669E-07 -2.391E-08 -2.664E-07 -6.136E-12  5.085E-10 -5.985E-12  9.754E+01  1.426E-10 1.318E-09
    71 7.897470E+00 8.677217E+01     1 1.000E+00 1.815000E+01 1.815000E+01 -1.65860E-13  3.65747E-10 2.624E-08 2.931E-07 -2.625E-08 -2.926E-07 -7.399E-12  5.011E-10 -7.233E-12  9.776E+01  1.353E-10 1.325E-09
    72 8.687217E+00 9.545938E+01     1 1.000E+00 1.815000E+01 1.815000E+01 -1.82278E-13  3.65564E-10 2.880E-08 3.219E-07 -2.881E-08 -3.214E-07 -8.921E-12  4.922E-10 -8.739E-12  9.796E+01  1.266E-10 1.334E-09
    73 9.555938E+00 1.050153E+02     1 1.000E+00 1.815000E+01 1.815000E+01 -2.00303E-13  3.65364E-10 3.161E-08 3.535E-07 -3.162E-08 -3.531E-07 -1.076E-11  4.814E-10 -1.056E-11  9.814E+01  1.160E-10 1.345E-09
    74 1.000000E+01 1.150153E+02     1 1.000E+00 1.815000E+01 1.815000E+01 -2.20024E-13  3.65144E-10 3.299E-08 3.865E-07 -3.300E-08 -3.861E-07 -1.234E-11  4.691E-10 -1.212E-11  9.822E+01  1.039E-10 1.357E-09
    75 1.000000E+01 1.250153E+02     1 1.000E+00 1.815000E+01 1.815000E+01 -2.44261E-13  3.64900E-10 3.290E-08 4.194E-07 -3.292E-08 -4.190E-07 -1.292E-11  4.561E-10 -1.268E-11  9.811E+01  9.124E-11 1.370E-09
    76 1.000000E+01 1.350153E+02     1 1.000E+00 1.815000E+01 1.815000E+01 -2.61098E-13  3.64639E-10 3.282E-08 4.523E-07 -3.284E-08 -4.518E-07 -1.258E-11  4.436E-10 -1.232E-11  9.792E+01  7.892E-11 1.382E-09
    77 1.000000E+01 1.450153E+02     1 1.000E+00 1.815000E+01 1.815000E+01 -2.61623E-13  3.64377E-10 3.275E-08 4.850E-07 -3.276E-08 -4.846E-07 -1.220E-11  4.314E-10 -1.194E-11  9.786E+01  6.698E-11 1.394E-09
    78 1.000000E+01 1.550153E+02     1 1.000E+00 1.815000E+01 1.815000E+01 -2.60676E-13  3.64116E-10 3.267E-08 5.177E-07 -3.268E-08 -5.173E-07 -1.218E-11  4.192E-10 -1.192E-11  9.786E+01  5.505E-11 1.406E-09
    79 1.000000E+01 1.650153E+02     1 1.000E+00 1.815000E+01 1.815000E+01 -2.60295E-13  3.63856E-10 3.260E-08 5.503E-07 -3.261E-08 -5.499E-07 -1.218E-11  4.070E-10 -1.192E-11  9.786E+01  4.314E-11 1.418E-09
    80 1.000000E+01 1.750153E+02     1 1.000E+00 1.815000E+01 1.815000E+01 -2.60094E-13  3.63596E-10 3.252E-08 5.828E-07 -3.253E-08 -5.824E-07 -1.215E-11  3.948E-10 -1.189E-11  9.786E+01  3.124E-11 1.430E-09
    81 1.000000E+01 1.850153E+02     1 1.000E+00 1.815000E+01 1.815000E+01 -2.59838E-13  3.63336E-10 3.245E-08 6.152E-07 -3.246E-08 -6.149E-07 -1.212E-11  3.827E-10 -1.186E-11  9.786E+01  1.938E-11 1.441E-09
    82 1.000000E+01 1.950153E+02     1 1.000E+00 1.815000E+01 1.815000E+01 -2.59541E-13  3.63076E-10 3.237E-08 6.476E-07 -3.238E-08 -6.472E-07 -1.209E-11  3.706E-10 -1.183E-11  9.785E+01  7.547E-12 1.453E-09
    83 1.000000E+01 2.050153E+02     1 1.000E+00 1.815000E+01 1.815000E+01 -2.59229E-13  3.62817E-10 3.230E-08 6.799E-07 -3.231E-08 -6.795E-07 -1.206E-11  3.586E-10 -1.180E-11  9.785E+01 -4.252E-12 1.465E-09
    84 1.000000E+01 2.150153E+02     1 1.000E+00 1.815000E+01 1.815000E+01 -2.58911E-13  3.62558E-10 3.222E-08 7.121E-07 -3.223E-08 -7.118E-07 -1.203E-11  3.465E-10 -1.177E-11  9.785E+01 -1.602E-11 1.477E-09
    85 1.000000E+01 2.250153E+02     1 1.000E+00 1.815000E+01 1.815000E+01 -2.58592E-13  3.62300E-10 3.215E-08 7.443E-07 -3.216E-08 -7.439E-07 -1.199E-11  3.345E-10 -1.173E-11  9.784E+01 -2.775E-11 1.489E-09
    86 1.000000E+01 2.350153E+02     1 1.000E+00 1.815000E+01 1.815000E+01 -2.58272E-13  3.62041E-10 3.207E-08 7.763E-07 -3.208E-08 -7.760E-07 -1.196E-11  3.226E-10 -1.170E-11  9.784E+01 -3.945E-11 1.500E-09
    87 1.000000E+01 2.450153E+02     1 1.000E+00 1.815000E+01 1.815000E+01 -2.57951E-13  3.61784E-10 3.200E-08 8.083E-07 -3.201E-08 -8.080E-07 -1.193E-11  3.107E-10 -1.167E-11  9.784E+01 -5.112E-11 1.512E-09
    88 1.000000E+01 2.550153E+02     1 1.000E+00 1.815000E+01 1.815000E+01 -2.57630E-13  3.61526E-10 3.192E-08 8.403E-07 -3.194E-08 -8.400E-07 -1.189E-11  2.988E-10 -1.164E-11  9.783E+01 -6.276E-11 1.524E-09
    89 1.000000E+01 2.650153E+02     1 1.000E+00 1.815000E+01 1.815000E+01 -2.57311E-13  3.61269E-10 3.185E-08 8.721E-07 -3.186E-08 -8.718E-07 -1.186E-11  2.869E-10 -1.160E-11  9.783E+01 -7.436E-11 1.535E-09
    90 1.000000E+01 2.750153E+02     1 1.000E+00 1.815000E+01 1.815000E+01 -2.56991E-13  3.61012E-10 3.178E-08 9.039E-07 -3.179E-08 -9.036E-07 -1.183E-11  2.751E-10 -1.157E-11  9.783E+01 -8.593E-11 1.547E-09
    91 1.000000E+01 2.850153E+02     1 1.000E+00 1.815000E+01 1.815000E+01 -2.56672E-13  3.60755E-10 3.170E-08 9.356E-07 -3.171E-08 -9.353E-07 -1.179E-11  2.633E-10 -1.154E-11  9.782E+01 -9.747E-11 1.558E-09
    92 1.000000E+01 2.950153E+02     1 1.000E+00 1.815000E+01 1.815000E+01 -2.56353E-13  3.60499E-10 3.163E-08 9.672E-07 -3.164E-08 -9.670E-07 -1.176E-11  2.515E-10 -1.151E-11  9.782E+01 -1.090E-10 1.570E-09
    93 1.000000E+01 3.050153E+02     1 1.000E+00 1.815000E+01 1.815000E+01 -2.56036E-13  3.60243E-10 3.156E-08 9.988E-07 -3.157E-08 -9.985E-07 -1.173E-11  2.398E-10 -1.147E-11  9.782E+01 -1.204E-10 1.581E-09
    94 1.000000E+01 3.150153E+02     1 1.000E+00 1.815000E+01 1.815000E+01 -2.55718E-13  3.59987E-10 3.148E-08 1.030E-06 -3.150E-08 -1.030E-06 -1.170E-11  2.281E-10 -1.144E-11  9.781E+01 -1.319E-10 1.593E-09
    95 1.000000E+01 3.250153E+02     1 1.000E+00 1.815000E+01 1.815000E+01 -2.55402E-13  3.59731E-10 3.141E-08 1.062E-06 -3.142E-08 -1.061E-06 -1.166E-11  2.164E-10 -1.141E-11  9.781E+01 -1.433E-10 1.604E-09
    96 1.000000E+01 3.350153E+02     1 1.000E+00 1.815000E+01 1.815000E+01 -2.55086E-13  3.59476E-10 3.134E-08 1.093E-06 -3.135E-08 -1.093E-06 -1.163E-11  2.048E-10 -1.138E-11  9.781E+01 -1.547E-10 1.615E-09
    97 1.000000E+01 3.450153E+02     1 1.000E+00 1.815000E+01 1.815000E+01 -2.54770E-13  3.59222E-10 3.127E-08 1.124E-06 -3.128E-08 -1.124E-06 -1.160E-11  1.932E-10 -1.135E-11  9.780E+01 -1.660E-10 1.627E-09
    98 1.000000E+01 3.550153E+02     1 1.000E+00 1.815000E+01 1.815000E+01 -2.54455E-13  3.58967E-10 3.119E-08 1.155E-06 -3.121E-08 -1.155E-06 -1.157E-11  1.816E-10 -1.131E-11  9.780E+01 -1.773E-10 1.638E-09
    99 1.000000E+01 3.650153E+02     1 1.000E+00 1.815000E+01 1.815000E+01 -2.54141E-13  3.58713E-10 3.112E-08 1.187E-06 -3.113E-08 -1.186E-06 -1.154E-11  1.701E-10 -1.128E-11  9.780E+01 -1.886E-10 1.649E-09
   100 1.000000E+01 3.750153E+02     1 1.000E+00 1.815000E+01 1.815000E+01 -2.53827E-13  3.58459E-10 3.105E-08 1.218E-06 -3.106E-08 -1.217E-06 -1.150E-11  1.586E-10 -1.125E-11  9.779E+01 -1.999E-10 1.661E-09
   101 1.000000E+01 3.850153E+02     1 1.000E+00 1.815000E+01 1.815000E+01 -2.53514E-13  3.58206E-10 3.098E-08 1.249E-06 -3.099E-08 -1.248E-06 -1.147E-11  1.471E-10 -1.122E-11  9.779E+01 -2.111E-10 1.672E-09
   102 1.000000E+01 3.950153E+02     1 1.000E+00 1.815000E+01 1.815000E+01 -2.53201E-13  3.57952E-10 3.091E-08 1.280E-06 -3.092E-08 -1.279E-06 -1.144E-11  1.357E-10 -1.119E-11  9.779E+01 -2.223E-10 1.683E-09
   103 1.000000E+01 4.050153E+02     1 1.000E+00 1.815000E+01 1.815000E+01 -2.52889E-13  3.57700E-10 3.084E-08 1.310E-06 -3.085E-08 -1.310E-06 -1.141E-11  1.243E-10 -1.115E-11  9.778E+01 -2.334E-10 1.694E-09
   104 1.000000E+01 4.150153E+02     1 1.000E+00 1.815000E+01 1.815000E+01 -2.52578E-13  3.57447E-10 3.077E-08 1.341E-06 -3.078E-08 -1.341E-06 -1.138E-11  1.129E-10 -1.112E-11  9.778E+01 -2.445E-10 1.705E-09
   105 1.000000E+01 4.250153E+02     1 1.000E+00 1.815000E+01 1.815000E+01 -2.52267E-13  3.57195E-10 3.069E-08 1.372E-06 -3.071E-08 -1.372E-06 -1.134E-11  1.016E-10 -1.109E-11  9.778E+01 -2.556E-10 1.716E-09
   106 1.000000E+01 4.350153E+02     1 1.000E+00 1.815000E+01 1.815000E+01 -2.51957E-13  3.56943E-10 3.062E-08 1.402E-06 -3.064E-08 -1.402E-06 -1.131E-11  9.025E-11 -1.106E-11  9.777E+01 -2.667E-10 1.728E-09
   107 1.000000E+01 4.450153E+02     1 1.000E+00 1.815000E+01 1.815000E+01 -2.51647E-13  3.56691E-10 3.056E-08 1.433E-06 -3.057E-08 -1.433E-06 -1.128E-11  7.897E-11 -1.103E-11  9.777E+01 -2.777E-10 1.739E-09
   108 1.000000E+01 4.550153E+02     1 1.000E+00 1.815000E+01 1.815000E+01 -2.51338E-13  3.56440E-10 3.049E-08 1.463E-06 -3.050E-08 -1.463E-06 -1.125E-11  6.772E-11 -1.100E-11  9.777E+01 -2.887E-10 1.750E-09
   109 1.000000E+01 4.650153E+02     1 1.000E+00 1.815000E+01 1.815000E+01 -2.51030E-13  3.56189E-10 3.042E-08 1.494E-06 -3.043E-08 -1.494E-06 -1.122E-11  5.650E-11 -1.097E-11  9.776E+01 -2.997E-10 1.761E-09
   110 1.000000E+01 4.750153E+02     1 1.000E+00 1.815000E+01 1.815000E+01 -2.50721E-13  3.55938E-10 3.035E-08 1.524E-06 -3.036E-08 -1.524E-06 -1.119E-11  4.531E-11 -1.094E-11  9.776E+01 -3.106E-10 1.771E-09
   111 1.000000E+01 4.850153E+02     1 1.000E+00 1.815000E+01 1.815000E+01 -2.50415E-13  3.55688E-10 3.028E-08 1.555E-06 -3.029E-08 -1.555E-06 -1.115E-11  3.416E-11 -1.090E-11  9.776E+01 -3.215E-10 1.782E-09
   112 1.000000E+01 4.950153E+02     1 1.000E+00 1.815000E+01 1.815000E+01 -2.50107E-13  3.55437E-10 3.021E-08 1.585E-06 -3.022E-08 -1.585E-06 -1.112E-11  2.304E-11 -1.087E-11  9.775E+01 -3.324E-10 1.793E-09
   113 1.000000E+01 5.050153E+02     1 1.000E+00 1.815000E+01 1.815000E+01 -2.49801E-13  3.55188E-10 3.014E-08 1.615E-06 -3.015E-08 -1.615E-06 -1.109E-11  1.194E-11 -1.084E-11  9.775E+01 -3.432E-10 1.804E-09
   114 1.000000E+01 5.150153E+02     1 1.000E+00 1.815000E+01 1.815000E+01 -2.49495E-13  3.54938E-10 3.007E-08 1.645E-06 -3.009E-08 -1.645E-06 -1.106E-11  8.831E-13 -1.081E-11  9.774E+01 -3.541E-10 1.815E-09
   115 1.000000E+01 5.250153E+02     1 1.000E+00 1.815000E+01 1.815000E+01 -2.49190E-13  3.54689E-10 3.001E-08 1.675E-06 -3.002E-08 -1.675E-06 -1.103E-11 -1.015E-11 -1.078E-11  9.774E+01 -3.648E-10 1.826E-09
   116 1.000000E+01 5.350153E+02     1 1.000E+00 1.815000E+01 1.815000E+01 -2.48886E-13  3.54440E-10 2.994E-08 1.705E-06 -2.995E-08 -1.705E-06 -1.100E-11 -2.115E-11 -1.075E-11  9.774E+01 -3.756E-10 1.836E-09
   117 1.000000E+01 5.450153E+02     1 1.000E+00 1.815000E+01 1.815000E+01 -2.48581E-13  3.54192E-10 2.987E-08 1.735E-06 -2.988E-08 -1.735E-06 -1.097E-11 -3.211E-11 -1.072E-11  9.773E+01 -3.863E-10 1.847E-09
   118 1.000000E+01 5.550153E+02     1 1.000E+00 1.815000E+01 1.815000E+01 -2.48278E-13  3.53943E-10 2.980E-08 1.765E-06 -2.981E-08 -1.765E-06 -1.094E-11 -4.305E-11 -1.069E-11  9.773E+01 -3.970E-10 1.858E-09
   119 1.000000E+01 5.650153E+02     1 1.000E+00 1.815000E+01 1.815000E+01 -2.47975E-13  3.53695E-10 2.974E-08 1.794E-06 -2.975E-08 -1.794E-06 -1.091E-11 -5.396E-11 -1.066E-11  9.773E+01 -4.077E-10 1.868E-09
   120 1.000000E+01 5.750153E+02     1 1.000E+00 1.815000E+01 1.815000E+01 -2.47673E-13  3.53448E-10 2.967E-08 1.824E-06 -2.968E-08 -1.824E-06 -1.088E-11 -6.483E-11 -1.063E-11  9.772E+01 -4.183E-10 1.879E-09
   121 1.000000E+01 5.850153E+02     1 1.000E+00 1.815000E+01 1.815000E+01 -2.47371E-13  3.53200E-10 2.960E-08 1.854E-06 -2.961E-08 -1.854E-06 -1.084E-11 -7.568E-11 -1.060E-11  9.772E+01 -4.289E-10 1.890E-09
   122 1.000000E+01 5.950153E+02     1 1.000E+00 1.815000E+01 1.815000E+01 -2.47070E-13  3.52953E-10 2.954E-08 1.883E-06 -2.955E-08 -1.883E-06 -1.081E-11 -8.649E-11 -1.057E-11  9.772E+01 -4.394E-10 1.900E-09
   123 1.000000E+01 6.050153E+02     1 1.000E+00 1.815000E+01 1.815000E+01 -2.46769E-13  3.52706E-10 2.947E-08 1.913E-06 -2.948E-08 -1.913E-06 -1.078E-11 -9.728E-11 -1.054E-11  9.771E+01 -4.500E-10 1.911E-09
   124 1.000000E+01 6.150153E+02     1 1.000E+00 1.815000E+01 1.815000E+01 -2.46469E-13  3.52460E-10 2.940E-08 1.942E-06 -2.941E-08 -1.942E-06 -1.075E-11 -1.080E-10 -1.051E-11  9.771E+01 -4.605E-10 1.921E-09
   125 1.000000E+01 6.250153E+02     1 1.000E+00 1.815000E+01 1.815000E+01 -2.46169E-13  3.52214E-10 2.934E-08 1.971E-06 -2.935E-08 -1.971E-06 -1.072E-11 -1.188E-10 -1.048E-11  9.770E+01 -4.710E-10 1.932E-09
   126 1.000000E+01 6.350153E+02     1 1.000E+00 1.815000E+01 1.815000E+01 -2.45871E-13  3.51968E-10 2.927E-08 2.001E-06 -2.928E-08 -2.001E-06 -1.069E-11 -1.294E-10 -1.045E-11  9.770E+01 -4.814E-10 1.942E-09
   127 1.000000E+01 6.450153E+02     1 1.000E+00 1.815000E+01 1.815000E+01 -2.45572E-13  3.51722E-10 2.920E-08 2.030E-06 -2.922E-08 -2.030E-06 -1.066E-11 -1.401E-10 -1.042E-11  9.770E+01 -4.918E-10 1.953E-09
   128 1.000000E+01 6.550153E+02     1 1.000E+00 1.815000E+01 1.815000E+01 -2.45274E-13  3.51477E-10 2.914E-08 2.059E-06 -2.915E-08 -2.059E-06 -1.063E-11 -1.507E-10 -1.039E-11  9.769E+01 -5.022E-10 1.963E-09
   129 1.000000E+01 6.650153E+02     1 1.000E+00 1.815000E+01 1.815000E+01 -2.44977E-13  3.51232E-10 2.907E-08 2.088E-06 -2.908E-08 -2.088E-06 -1.060E-11 -1.613E-10 -1.036E-11  9.769E+01 -5.126E-10 1.973E-09
   130 1.000000E+01 6.750153E+02     1 1.000E+00 1.815000E+01 1.815000E+01 -2.44679E-13  3.50987E-10 2.901E-08 2.117E-06 -2.902E-08 -2.117E-06 -1.057E-11 -1.719E-10 -1.033E-11  9.769E+01 -5.229E-10 1.984E-09
   131 1.000000E+01 6.850153E+02     1 1.000E+00 1.815000E+01 1.815000E+01 -2.44383E-13  3.50743E-10 2.894E-08 2.146E-06 -2.895E-08 -2.146E-06 -1.054E-11 -1.825E-10 -1.030E-11  9.768E+01 -5.332E-10 1.994E-09
   132 1.000000E+01 6.950153E+02     1 1.000E+00 1.815000E+01 1.815000E+01 -2.44087E-13  3.50499E-10 2.888E-08 2.175E-06 -2.889E-08 -2.175E-06 -1.051E-11 -1.930E-10 -1.027E-11  9.768E+01 -5.435E-10 2.004E-09
   133 1.000000E+01 7.050153E+02     1 1.000E+00 1.815000E+01 1.815000E+01 -2.43792E-13  3.50255E-10 2.881E-08 2.204E-06 -2.882E-08 -2.204E-06 -1.048E-11 -2.034E-10 -1.024E-11  9.767E+01 -5.537E-10 2.015E-09
   134 1.000000E+01 7.150153E+02     1 1.000E+00 1.815000E+01 1.815000E+01 -2.43498E-13  3.50012E-10 2.875E-08 2.232E-06 -2.876E-08 -2.233E-06 -1.045E-11 -2.139E-10 -1.021E-11  9.767E+01 -5.639E-10 2.025E-09
   135 1.000000E+01 7.250153E+02     1 1.000E+00 1.815000E+01 1.815000E+01 -2.43204E-13  3.49768E-10 2.868E-08 2.261E-06 -2.869E-08 -2.261E-06 -1.042E-11 -2.243E-10 -1.018E-11  9.767E+01 -5.741E-10 2.035E-09
   136 1.000000E+01 7.350153E+02     1 1.000E+00 1.815000E+01 1.815000E+01 -2.42910E-13  3.49526E-10 2.862E-08 2.290E-06 -2.863E-08 -2.290E-06 -1.039E-11 -2.347E-10 -1.015E-11  9.766E+01 -5.842E-10 2.045E-09
   137 1.000000E+01 7.450153E+02     1 1.000E+00 1.815000E+01 1.815000E+01 -2.42617E-13  3.49283E-10 2.855E-08 2.318E-06 -2.857E-08 -2.319E-06 -1.036E-11 -2.451E-10 -1.012E-11  9.766E+01 -5.944E-10 2.055E-09
   138 1.000000E+01 7.550153E+02     1 1.000E+00 1.815000E+01 1.815000E+01 -2.42324E-13  3.49041E-10 2.849E-08 2.347E-06 -2.850E-08 -2.347E-06 -1.033E-11 -2.554E-10 -1.009E-11  9.766E+01 -6.045E-10 2.065E-09
   139 1.000000E+01 7.650153E+02     1 1.000E+00 1.815000E+01 1.815000E+01 -2.42032E-13  3.48799E-10 2.843E-08 2.375E-06 -2.844E-08 -2.375E-06 -1.030E-11 -2.657E-10 -1.006E-11  9.765E+01 -6.145E-10 2.075E-09
   140 1.000000E+01 7.750153E+02     1 1.000E+00 1.815000E+01 1.815000E+01 -2.41741E-13  3.48557E-10 2.836E-08 2.404E-06 -2.837E-08 -2.404E-06 -1.027E-11 -2.760E-10 -1.003E-11  9.765E+01 -6.245E-10 2.085E-09
   141 1.000000E+01 7.850153E+02     1 1.000E+00 1.815000E+01 1.815000E+01 -2.41450E-13  3.48315E-10 2.830E-08 2.432E-06 -2.831E-08 -2.432E-06 -1.025E-11 -2.862E-10 -1.000E-11  9.764E+01 -6.346E-10 2.095E-09
   142 1.000000E+01 7.950153E+02     1 1.000E+00 1.815000E+01 1.815000E+01 -2.41160E-13  3.48074E-10 2.824E-08 2.460E-06 -2.825E-08 -2.460E-06 -1.022E-11 -2.965E-10 -9.975E-12  9.764E+01 -6.445E-10 2.105E-09
   143 1.000000E+01 8.050153E+02     1 1.000E+00 1.815000E+01 1.815000E+01 -2.40870E-13  3.47833E-10 2.817E-08 2.488E-06 -2.818E-08 -2.489E-06 -1.019E-11 -3.066E-10 -9.946E-12  9.764E+01 -6.545E-10 2.115E-09
   144 1.000000E+01 8.150153E+02     1 1.000E+00 1.815000E+01 1.815000E+01 -2.40580E-13  3.47593E-10 2.811E-08 2.516E-06 -2.812E-08 -2.517E-06 -1.016E-11 -3.168E-10 -9.917E-12  9.763E+01 -6.644E-10 2.125E-09
   145 1.000000E+01 8.250153E+02     1 1.000E+00 1.815000E+01 1.815000E+01 -2.40291E-13  3.47352E-10 2.805E-08 2.544E-06 -2.806E-08 -2.545E-06 -1.013E-11 -3.269E-10 -9.888E-12  9.763E+01 -6.743E-10 2.135E-09
   146 1.000000E+01 8.350153E+02     1 1.000E+00 1.815000E+01 1.815000E+01 -2.40003E-13  3.47112E-10 2.798E-08 2.572E-06 -2.799E-08 -2.573E-06 -1.010E-11 -3.370E-10 -9.860E-12  9.762E+01 -6.841E-10 2.145E-09
   147 1.000000E+01 8.450153E+02     1 1.000E+00 1.815000E+01 1.815000E+01 -2.39715E-13  3.46873E-10 2.792E-08 2.600E-06 -2.793E-08 -2.601E-06 -1.007E-11 -3.471E-10 -9.831E-12  9.762E+01 -6.940E-10 2.155E-09
   148 1.000000E+01 8.550153E+02     1 1.000E+00 1.815000E+01 1.815000E+01 -2.39428E-13  3.46633E-10 2.786E-08 2.628E-06 -2.787E-08 -2.629E-06 -1.004E-11 -3.571E-10 -9.802E-12  9.762E+01 -7.038E-10 2.165E-09
   149 1.000000E+01 8.650153E+02     1 1.000E+00 1.815000E+01 1.815000E+01 -2.39142E-13  3.46394E-10 2.780E-08 2.656E-06 -2.781E-08 -2.656E-06 -1.001E-11 -3.672E-10 -9.774E-12  9.761E+01 -7.135E-10 2.174E-09
   150 1.000000E+01 8.750153E+02     1 1.000E+00 1.815000E+01 1.815000E+01 -2.38855E-13  3.46155E-10 2.773E-08 2.684E-06 -2.774E-08 -2.684E-06 -9.984E-12 -3.771E-10 -9.745E-12  9.761E+01 -7.233E-10 2.184E-09
   151 1.000000E+01 8.850153E+02     1 1.000E+00 1.815000E+01 1.815000E+01 -2.38570E-13  3.45917E-10 2.767E-08 2.711E-06 -2.768E-08 -2.712E-06 -9.955E-12 -3.871E-10 -9.717E-12  9.760E+01 -7.330E-10 2.194E-09
   152 1.000000E+01 8.950153E+02     1 1.000E+00 1.815000E+01 1.815000E+01 -2.38285E-13  3.45678E-10 2.761E-08 2.739E-06 -2.762E-08 -2.739E-06 -9.927E-12 -3.970E-10 -9.689E-12  9.760E+01 -7.427E-10 2.204E-09
   153 1.000000E+01 9.050153E+02     1 1.000E+00 1.815000E+01 1.815000E+01 -2.38000E-13  3.45440E-10 2.755E-08 2.767E-06 -2.756E-08 -2.767E-06 -9.898E-12 -4.069E-10 -9.660E-12  9.760E+01 -7.524E-10 2.213E-09
   154 1.000000E+01 9.150153E+02     1 1.000E+00 1.815000E+01 1.815000E+01 -2.37716E-13  3.45203E-10 2.749E-08 2.794E-06 -2.750E-08 -2.794E-06 -9.870E-12 -4.168E-10 -9.632E-12  9.759E+01 -7.620E-10 2.223E-09
   155 1.000000E+01 9.250153E+02     1 1.000E+00 1.815000E+01 1.815000E+01 -2.37432E-13  3.44965E-10 2.743E-08 2.821E-06 -2.744E-08 -2.822E-06 -9.841E-12 -4.266E-10 -9.604E-12  9.759E+01 -7.716E-10 2.232E-09
   156 1.000000E+01 9.350153E+02     1 1.000E+00 1.815000E+01 1.815000E+01 -2.37149E-13  3.44728E-10 2.736E-08 2.849E-06 -2.737E-08 -2.849E-06 -9.813E-12 -4.364E-10 -9.576E-12  9.758E+01 -7.812E-10 2.242E-09
   157 1.000000E+01 9.450153E+02     1 1.000E+00 1.815000E+01 1.815000E+01 -2.36866E-13  3.44491E-10 2.730E-08 2.876E-06 -2.731E-08 -2.877E-06 -9.785E-12 -4.462E-10 -9.548E-12  9.758E+01 -7.907E-10 2.252E-09
   158 1.000000E+01 9.550153E+02     1 1.000E+00 1.815000E+01 1.815000E+01 -2.36585E-13  3.44255E-10 2.724E-08 2.903E-06 -2.725E-08 -2.904E-06 -9.756E-12 -4.560E-10 -9.520E-12  9.758E+01 -8.002E-10 2.261E-09
   159 1.000000E+01 9.650153E+02     1 1.000E+00 1.815000E+01 1.815000E+01 -2.36303E-13  3.44018E-10 2.718E-08 2.931E-06 -2.719E-08 -2.931E-06 -9.728E-12 -4.657E-10 -9.492E-12  9.757E+01 -8.097E-10 2.271E-09
   160 1.000000E+01 9.750153E+02     1 1.000E+00 1.815000E+01 1.815000E+01 -2.36022E-13  3.43782E-10 2.712E-08 2.958E-06 -2.713E-08 -2.958E-06 -9.700E-12 -4.754E-10 -9.464E-12  9.757E+01 -8.192E-10 2.280E-09
   161 1.000000E+01 9.850153E+02     1 1.000E+00 1.815000E+01 1.815000E+01 -2.35741E-13  3.43547E-10 2.706E-08 2.985E-06 -2.707E-08 -2.985E-06 -9.672E-12 -4.851E-10 -9.436E-12  9.756E+01 -8.286E-10 2.289E-09
   162 1.000000E+01 9.950153E+02     1 1.000E+00 1.815000E+01 1.815000E+01 -2.35461E-13  3.43311E-10 2.700E-08 3.012E-06 -2.701E-08 -3.012E-06 -9.644E-12 -4.947E-10 -9.408E-12  9.756E+01 -8.380E-10 2.299E-09
   163 1.000000E+01 1.005015E+03     1 1.000E+00 1.815000E+01 1.815000E+01 -2.35181E-13  3.43076E-10 2.694E-08 3.039E-06 -2.695E-08 -3.039E-06 -9.616E-12 -5.043E-10 -9.381E-12  9.755E+01 -8.474E-10 2.308E-09
   164 1.000000E+01 1.015015E+03     1 1.000E+00 1.815000E+01 1.815000E+01 -2.34903E-13  3.42841E-10 2.688E-08 3.066E-06 -2.689E-08 -3.066E-06 -9.588E-12 -5.139E-10 -9.353E-12  9.755E+01 -8.568E-10 2.318E-09
   165 1.000000E+01 1.025015E+03     1 1.000E+00 1.815000E+01 1.815000E+01 -2.34624E-13  3.42606E-10 2.682E-08 3.092E-06 -2.683E-08 -3.093E-06 -9.560E-12 -5.235E-10 -9.325E-12  9.755E+01 -8.661E-10 2.327E-09
   166 1.000000E+01 1.035015E+03     1 1.000E+00 1.815000E+01 1.815000E+01 -2.34346E-13  3.42372E-10 2.676E-08 3.119E-06 -2.677E-08 -3.120E-06 -9.532E-12 -5.330E-10 -9.298E-12  9.754E+01 -8.754E-10 2.336E-09
   167 1.000000E+01 1.045015E+03     1 1.000E+00 1.815000E+01 1.815000E+01 -2.34069E-13  3.42138E-10 2.670E-08 3.146E-06 -2.671E-08 -3.146E-06 -9.505E-12 -5.425E-10 -9.271E-12  9.754E+01 -8.847E-10 2.345E-09
   168 1.000000E+01 1.055015E+03     1 1.000E+00 1.815000E+01 1.815000E+01 -2.33791E-13  3.41904E-10 2.664E-08 3.172E-06 -2.665E-08 -3.173E-06 -9.477E-12 -5.520E-10 -9.243E-12  9.753E+01 -8.939E-10 2.355E-09
   169 1.000000E+01 1.065015E+03     1 1.000E+00 1.815000E+01 1.815000E+01 -2.33515E-13  3.41671E-10 2.658E-08 3.199E-06 -2.659E-08 -3.200E-06 -9.449E-12 -5.615E-10 -9.216E-12  9.753E+01 -9.031E-10 2.364E-09
   170 1.000000E+01 1.075015E+03     1 1.000E+00 1.815000E+01 1.815000E+01 -2.33239E-13  3.41437E-10 2.652E-08 3.226E-06 -2.653E-08 -3.226E-06 -9.422E-12 -5.709E-10 -9.189E-12  9.752E+01 -9.123E-10 2.373E-09
   171 1.000000E+01 1.085015E+03     1 1.000E+00 1.815000E+01 1.815000E+01 -2.32963E-13  3.41205E-10 2.646E-08 3.252E-06 -2.647E-08 -3.253E-06 -9.394E-12 -5.803E-10 -9.161E-12  9.752E+01 -9.215E-10 2.382E-09
   172 1.000000E+01 1.095015E+03     1 1.000E+00 1.815000E+01 1.815000E+01 -2.32688E-13  3.40972E-10 2.640E-08 3.278E-06 -2.641E-08 -3.279E-06 -9.367E-12 -5.896E-10 -9.134E-12  9.752E+01 -9.306E-10 2.391E-09
   173 1.000000E+01 1.105015E+03     1 1.000E+00 1.815000E+01 1.815000E+01 -2.32414E-13  3.40739E-10 2.635E-08 3.305E-06 -2.636E-08 -3.305E-06 -9.340E-12 -5.990E-10 -9.107E-12  9.751E+01 -9.397E-10 2.401E-09
   174 1.000000E+01 1.115015E+03     1 1.000E+00 1.815000E+01 1.815000E+01 -2.32140E-13  3.40507E-10 2.629E-08 3.331E-06 -2.630E-08 -3.332E-06 -9.312E-12 -6.083E-10 -9.080E-12  9.751E+01 -9.488E-10 2.410E-09
   175 1.000000E+01 1.125015E+03     1 1.000E+00 1.815000E+01 1.815000E+01 -2.31866E-13  3.40275E-10 2.623E-08 3.357E-06 -2.624E-08 -3.358E-06 -9.285E-12 -6.176E-10 -9.053E-12  9.750E+01 -9.578E-10 2.419E-09
   176 1.000000E+01 1.135015E+03     1 1.000E+00 1.815000E+01 1.815000E+01 -2.31593E-13  3.40044E-10 2.617E-08 3.383E-06 -2.618E-08 -3.384E-06 -9.258E-12 -6.268E-10 -9.026E-12  9.750E+01 -9.669E-10 2.428E-09
   177 1.000000E+01 1.145015E+03     1 1.000E+00 1.815000E+01 1.815000E+01 -2.31320E-13  3.39813E-10 2.611E-08 3.410E-06 -2.612E-08 -3.410E-06 -9.231E-12 -6.361E-10 -8.999E-12  9.749E+01 -9.759E-10 2.437E-09
   178 1.000000E+01 1.155015E+03     1 1.000E+00 1.815000E+01 1.815000E+01 -2.31049E-13  3.39581E-10 2.605E-08 3.436E-06 -2.606E-08 -3.436E-06 -9.204E-12 -6.453E-10 -8.973E-12  9.749E+01 -9.848E-10 2.446E-09
   179 1.000000E+01 1.165015E+03     1 1.000E+00 1.815000E+01 1.815000E+01 -2.30777E-13  3.39351E-10 2.600E-08 3.462E-06 -2.601E-08 -3.462E-06 -9.177E-12 -6.544E-10 -8.946E-12  9.749E+01 -9.938E-10 2.455E-09
   180 1.000000E+01 1.175015E+03     1 1.000E+00 1.815000E+01 1.815000E+01 -2.30506E-13  3.39120E-10 2.594E-08 3.488E-06 -2.595E-08 -3.488E-06 -9.150E-12 -6.636E-10 -8.919E-12  9.748E+01 -1.003E-09 2.464E-09
   181 1.000000E+01 1.185015E+03     1 1.000E+00 1.815000E+01 1.815000E+01 -2.30235E-13  3.38890E-10 2.588E-08 3.513E-06 -2.589E-08 -3.514E-06 -9.123E-12 -6.727E-10 -8.893E-12  9.748E+01 -1.012E-09 2.472E-09
   182 1.000000E+01 1.195015E+03     1 1.000E+00 1.815000E+01 1.815000E+01 -2.29965E-13  3.38660E-10 2.582E-08 3.539E-06 -2.583E-08 -3.540E-06 -9.096E-12 -6.818E-10 -8.866E-12  9.747E+01 -1.020E-09 2.481E-09
   183 1.000000E+01 1.205015E+03     1 1.000E+00 1.815000E+01 1.815000E+01 -2.29695E-13  3.38430E-10 2.577E-08 3.565E-06 -2.578E-08 -3.566E-06 -9.069E-12 -6.909E-10 -8.840E-12  9.747E+01 -1.029E-09 2.490E-09
   184 1.000000E+01 1.215015E+03     1 1.000E+00 1.815000E+01 1.815000E+01 -2.29426E-13  3.38201E-10 2.571E-08 3.591E-06 -2.572E-08 -3.591E-06 -9.043E-12 -6.999E-10 -8.813E-12  9.746E+01 -1.038E-09 2.499E-09
   185 1.000000E+01 1.225015E+03     1 1.000E+00 1.815000E+01 1.815000E+01 -2.29158E-13  3.37972E-10 2.565E-08 3.616E-06 -2.566E-08 -3.617E-06 -9.016E-12 -7.089E-10 -8.787E-12  9.746E+01 -1.047E-09 2.508E-09
   186 1.000000E+01 1.235015E+03     1 1.000E+00 1.815000E+01 1.815000E+01 -2.28889E-13  3.37743E-10 2.560E-08 3.642E-06 -2.561E-08 -3.643E-06 -8.989E-12 -7.179E-10 -8.761E-12  9.745E+01 -1.056E-09 2.516E-09
   187 1.000000E+01 1.245015E+03     1 1.000E+00 1.815000E+01 1.815000E+01 -2.28621E-13  3.37514E-10 2.554E-08 3.668E-06 -2.555E-08 -3.668E-06 -8.963E-12 -7.269E-10 -8.734E-12  9.745E+01 -1.064E-09 2.525E-09
   188 1.000000E+01 1.255015E+03     1 1.000E+00 1.815000E+01 1.815000E+01 -2.28355E-13  3.37286E-10 2.548E-08 3.693E-06 -2.549E-08 -3.694E-06 -8.936E-12 -7.358E-10 -8.708E-12  9.744E+01 -1.073E-09 2.534E-09
   189 1.000000E+01 1.265015E+03     1 1.000E+00 1.815000E+01 1.815000E+01 -2.28088E-13  3.37058E-10 2.543E-08 3.718E-06 -2.544E-08 -3.719E-06 -8.910E-12 -7.447E-10 -8.682E-12  9.744E+01 -1.082E-09 2.543E-09
   190 1.000000E+01 1.275015E+03     1 1.000E+00 1.815000E+01 1.815000E+01 -2.27821E-13  3.36830E-10 2.537E-08 3.744E-06 -2.538E-08 -3.745E-06 -8.884E-12 -7.536E-10 -8.656E-12  9.744E+01 -1.090E-09 2.551E-09
   191 1.000000E+01 1.285015E+03     1 1.000E+00 1.815000E+01 1.815000E+01 -2.27555E-13  3.36602E-10 2.531E-08 3.769E-06 -2.532E-08 -3.770E-06 -8.857E-12 -7.625E-10 -8.630E-12  9.743E+01 -1.099E-09 2.560E-09
   192 1.000000E+01 1.295015E+03     1 1.000E+00 1.815000E+01 1.815000E+01 -2.27290E-13  3.36375E-10 2.526E-08 3.794E-06 -2.527E-08 -3.795E-06 -8.831E-12 -7.713E-10 -8.604E-12  9.743E+01 -1.108E-09 2.569E-09
   193 1.000000E+01 1.305015E+03     1 1.000E+00 1.815000E+01 1.815000E+01 -2.27025E-13  3.36148E-10 2.520E-08 3.820E-06 -2.521E-08 -3.820E-06 -8.805E-12 -7.801E-10 -8.578E-12  9.742E+01 -1.116E-09 2.577E-09
   194 1.000000E+01 1.315015E+03     1 1.000E+00 1.815000E+01 1.815000E+01 -2.26761E-13  3.35921E-10 2.515E-08 3.845E-06 -2.516E-08 -3.846E-06 -8.779E-12 -7.889E-10 -8.552E-12  9.742E+01 -1.125E-09 2.586E-09
   195 1.000000E+01 1.325015E+03     1 1.000E+00 1.815000E+01 1.815000E+01 -2.26497E-13  3.35695E-10 2.509E-08 3.870E-06 -2.510E-08 -3.871E-06 -8.753E-12 -7.976E-10 -8.526E-12  9.741E+01 -1.133E-09 2.594E-09
   196 1.000000E+01 1.335015E+03     1 1.000E+00 1.815000E+01 1.815000E+01 -2.26233E-13  3.35469E-10 2.504E-08 3.895E-06 -2.504E-08 -3.896E-06 -8.727E-12 -8.064E-10 -8.501E-12  9.741E+01 -1.142E-09 2.603E-09
   197 1.000000E+01 1.345015E+03     1 1.000E+00 1.815000E+01 1.815000E+01 -2.25970E-13  3.35243E-10 2.498E-08 3.920E-06 -2.499E-08 -3.921E-06 -8.701E-12 -8.151E-10 -8.475E-12  9.740E+01 -1.150E-09 2.611E-09
   198 1.000000E+01 1.355015E+03     1 1.000E+00 1.815000E+01 1.815000E+01 -2.25708E-13  3.35017E-10 2.493E-08 3.945E-06 -2.493E-08 -3.946E-06 -8.675E-12 -8.237E-10 -8.449E-12  9.740E+01 -1.159E-09 2.620E-09
   199 1.000000E+01 1.365015E+03     1 1.000E+00 1.815000E+01 1.815000E+01 -2.25446E-13  3.34791E-10 2.487E-08 3.970E-06 -2.488E-08 -3.970E-06 -8.649E-12 -8.324E-10 -8.424E-12  9.739E+01 -1.167E-09 2.628E-09
   200 1.000000E+01 1.375015E+03     1 1.000E+00 1.815000E+01 1.815000E+01 -2.25185E-13  3.34566E-10 2.482E-08 3.994E-06 -2.482E-08 -3.995E-06 -8.624E-12 -8.410E-10 -8.398E-12  9.739E+01 -1.176E-09 2.636E-09
   201 1.000000E+01 1.385015E+03     1 1.000E+00 1.815000E+01 1.815000E+01 -2.24923E-13  3.34341E-10 2.476E-08 4.019E-06 -2.477E-08 -4.020E-06 -8.598E-12 -8.496E-10 -8.373E-12  9.738E+01 -1.184E-09 2.645E-09
   202 1.000000E+01 1.395015E+03     1 1.000E+00 1.815000E+01 1.815000E+01 -2.24663E-13  3.34117E-10 2.471E-08 4.044E-06 -2.472E-08 -4.045E-06 -8.572E-12 -8.582E-10 -8.348E-12  9.738E+01 -1.192E-09 2.653E-09
   203 1.000000E+01 1.405015E+03     1 1.000E+00 1.815000E+01 1.815000E+01 -2.24402E-13  3.33892E-10 2.465E-08 4.069E-06 -2.466E-08 -4.069E-06 -8.547E-12 -8.667E-10 -8.322E-12  9.737E+01 -1.201E-09 2.661E-09
   204 1.000000E+01 1.415015E+03     1 1.000E+00 1.815000E+01 1.815000E+01 -2.24143E-13  3.33668E-10 2.460E-08 4.093E-06 -2.461E-08 -4.094E-06 -8.521E-12 -8.753E-10 -8.297E-12  9.737E+01 -1.209E-09 2.670E-09
   205 1.000000E+01 1.425015E+03     1 1.000E+00 1.815000E+01 1.815000E+01 -2.23883E-13  3.33444E-10 2.454E-08 4.118E-06 -2.455E-08 -4.119E-06 -8.496E-12 -8.838E-10 -8.272E-12  9.736E+01 -1.217E-09 2.678E-09
   206 1.000000E+01 1.435015E+03     1 1.000E+00 1.815000E+01 1.815000E+01 -2.23625E-13  3.33221E-10 2.449E-08 4.142E-06 -2.450E-08 -4.143E-06 -8.470E-12 -8.922E-10 -8.247E-12  9.736E+01 -1.225E-09 2.686E-09
   207 1.000000E+01 1.445015E+03     1 1.000E+00 1.815000E+01 1.815000E+01 -2.23366E-13  3.32997E-10 2.444E-08 4.167E-06 -2.444E-08 -4.168E-06 -8.445E-12 -9.007E-10 -8.221E-12  9.735E+01 -1.234E-09 2.694E-09
   208 1.000000E+01 1.455015E+03     1 1.000E+00 1.815000E+01 1.815000E+01 -2.23109E-13  3.32774E-10 2.438E-08 4.191E-06 -2.439E-08 -4.192E-06 -8.420E-12 -9.091E-10 -8.196E-12  9.735E+01 -1.242E-09 2.703E-09
   209 1.000000E+01 1.465015E+03     1 1.000E+00 1.815000E+01 1.815000E+01 -2.22851E-13  3.32551E-10 2.433E-08 4.215E-06 -2.434E-08 -4.216E-06 -8.394E-12 -9.175E-10 -8.171E-12  9.735E+01 -1.250E-09 2.711E-09
   210 1.000000E+01 1.475015E+03     1 1.000E+00 1.815000E+01 1.815000E+01 -2.22594E-13  3.32329E-10 2.427E-08 4.240E-06 -2.428E-08 -4.241E-06 -8.369E-12 -9.259E-10 -8.146E-12  9.734E+01 -1.258E-09 2.719E-09
   211 1.000000E+01 1.485015E+03     1 1.000E+00 1.815000E+01 1.815000E+01 -2.22338E-13  3.32106E-10 2.422E-08 4.264E-06 -2.423E-08 -4.265E-06 -8.344E-12 -9.342E-10 -8.122E-12  9.734E+01 -1.266E-09 2.727E-09
   212 1.000000E+01 1.495015E+03     1 1.000E+00 1.815000E+01 1.815000E+01 -2.22081E-13  3.31884E-10 2.417E-08 4.288E-06 -2.418E-08 -4.289E-06 -8.319E-12 -9.425E-10 -8.097E-12  9.733E+01 -1.274E-09 2.735E-09
   213 1.000000E+01 1.505015E+03     1 1.000E+00 1.815000E+01 1.815000E+01 -2.21826E-13  3.31662E-10 2.412E-08 4.312E-06 -2.412E-08 -4.313E-06 -8.294E-12 -9.508E-10 -8.072E-12  9.733E+01 -1.282E-09 2.743E-09
   214 1.000000E+01 1.515015E+03     1 1.000E+00 1.815000E+01 1.815000E+01 -2.21571E-13  3.31441E-10 2.406E-08 4.336E-06 -2.407E-08 -4.337E-06 -8.269E-12 -9.591E-10 -8.047E-12  9.732E+01 -1.291E-09 2.751E-09
   215 1.000000E+01 1.525015E+03     1 1.000E+00 1.815000E+01 1.815000E+01 -2.21316E-13  3.31220E-10 2.401E-08 4.360E-06 -2.402E-08 -4.361E-06 -8.244E-12 -9.673E-10 -8.023E-12  9.732E+01 -1.299E-09 2.759E-09
   216 1.000000E+01 1.535015E+03     1 1.000E+00 1.815000E+01 1.815000E+01 -2.21062E-13  3.30999E-10 2.396E-08 4.384E-06 -2.396E-08 -4.385E-06 -8.219E-12 -9.755E-10 -7.998E-12  9.731E+01 -1.307E-09 2.767E-09
   217 1.000000E+01 1.545015E+03     1 1.000E+00 1.815000E+01 1.815000E+01 -2.20808E-13  3.30778E-10 2.390E-08 4.408E-06 -2.391E-08 -4.409E-06 -8.194E-12 -9.837E-10 -7.973E-12  9.731E+01 -1.315E-09 2.775E-09
   218 1.000000E+01 1.555015E+03     1 1.000E+00 1.815000E+01 1.815000E+01 -2.20554E-13  3.30557E-10 2.385E-08 4.432E-06 -2.386E-08 -4.433E-06 -8.170E-12 -9.919E-10 -7.949E-12  9.730E+01 -1.322E-09 2.783E-09
   219 1.000000E+01 1.565015E+03     1 1.000E+00 1.815000E+01 1.815000E+01 -2.20302E-13  3.30337E-10 2.380E-08 4.456E-06 -2.381E-08 -4.457E-06 -8.145E-12 -1.000E-09 -7.925E-12  9.730E+01 -1.330E-09 2.791E-09
   220 1.000000E+01 1.575015E+03     1 1.000E+00 1.815000E+01 1.815000E+01 -2.20049E-13  3.30117E-10 2.375E-08 4.479E-06 -2.376E-08 -4.480E-06 -8.120E-12 -1.008E-09 -7.900E-12  9.729E+01 -1.338E-09 2.799E-09
   221 1.000000E+01 1.585015E+03     1 1.000E+00 1.815000E+01 1.815000E+01 -2.19797E-13  3.29897E-10 2.370E-08 4.503E-06 -2.370E-08 -4.504E-06 -8.096E-12 -1.016E-09 -7.876E-12  9.728E+01 -1.346E-09 2.807E-09
   222 1.000000E+01 1.595015E+03     1 1.000E+00 1.815000E+01 1.815000E+01 -2.19545E-13  3.29677E-10 2.364E-08 4.527E-06 -2.365E-08 -4.528E-06 -8.071E-12 -1.024E-09 -7.852E-12  9.728E+01 -1.354E-09 2.815E-09
   223 1.000000E+01 1.605015E+03     1 1.000E+00 1.815000E+01 1.815000E+01 -2.19294E-13  3.29458E-10 2.359E-08 4.550E-06 -2.360E-08 -4.551E-06 -8.047E-12 -1.032E-09 -7.827E-12  9.727E+01 -1.362E-09 2.823E-09
   224 1.000000E+01 1.615015E+03     1 1.000E+00 1.815000E+01 1.815000E+01 -2.19043E-13  3.29239E-10 2.354E-08 4.574E-06 -2.355E-08 -4.575E-06 -8.022E-12 -1.040E-09 -7.803E-12  9.727E+01 -1.370E-09 2.830E-09
   225 1.000000E+01 1.625015E+03     1 1.000E+00 1.815000E+01 1.815000E+01 -2.18793E-13  3.29020E-10 2.349E-08 4.597E-06 -2.350E-08 -4.598E-06 -7.998E-12 -1.048E-09 -7.779E-12  9.726E+01 -1.377E-09 2.838E-09
   226 1.000000E+01 1.635015E+03     1 1.000E+00 1.815000E+01 1.815000E+01 -2.18543E-13  3.28802E-10 2.344E-08 4.621E-06 -2.344E-08 -4.622E-06 -7.974E-12 -1.056E-09 -7.755E-12  9.726E+01 -1.385E-09 2.846E-09
   227 1.000000E+01 1.645015E+03     1 1.000E+00 1.815000E+01 1.815000E+01 -2.18294E-13  3.28583E-10 2.339E-08 4.644E-06 -2.339E-08 -4.645E-06 -7.949E-12 -1.064E-09 -7.731E-12  9.725E+01 -1.393E-09 2.854E-09
   228 1.000000E+01 1.655015E+03     1 1.000E+00 1.815000E+01 1.815000E+01 -2.18045E-13  3.28365E-10 2.333E-08 4.668E-06 -2.334E-08 -4.669E-06 -7.925E-12 -1.072E-09 -7.707E-12  9.725E+01 -1.401E-09 2.861E-09
   229 1.000000E+01 1.665015E+03     1 1.000E+00 1.815000E+01 1.815000E+01 -2.17796E-13  3.28148E-10 2.328E-08 4.691E-06 -2.329E-08 -4.692E-06 -7.901E-12 -1.080E-09 -7.683E-12  9.724E+01 -1.408E-09 2.869E-09
   230 1.000000E+01 1.675015E+03     1 1.000E+00 1.815000E+01 1.815000E+01 -2.17549E-13  3.27930E-10 2.323E-08 4.714E-06 -2.324E-08 -4.715E-06 -7.877E-12 -1.088E-09 -7.659E-12  9.724E+01 -1.416E-09 2.877E-09
   231 1.000000E+01 1.685015E+03     1 1.000E+00 1.815000E+01 1.815000E+01 -2.17301E-13  3.27713E-10 2.318E-08 4.737E-06 -2.319E-08 -4.738E-06 -7.853E-12 -1.096E-09 -7.635E-12  9.723E+01 -1.424E-09 2.884E-09
   232 1.000000E+01 1.695015E+03     1 1.000E+00 1.815000E+01 1.815000E+01 -2.17054E-13  3.27496E-10 2.313E-08 4.760E-06 -2.314E-08 -4.762E-06 -7.829E-12 -1.104E-09 -7.612E-12  9.723E+01 -1.431E-09 2.892E-09
   233 1.000000E+01 1.705015E+03     1 1.000E+00 1.815000E+01 1.815000E+01 -2.16807E-13  3.27279E-10 2.308E-08 4.783E-06 -2.309E-08 -4.785E-06 -7.805E-12 -1.112E-09 -7.588E-12  9.722E+01 -1.439E-09 2.900E-09
   234 1.000000E+01 1.715015E+03     1 1.000E+00 1.815000E+01 1.815000E+01 -2.16561E-13  3.27062E-10 2.303E-08 4.807E-06 -2.304E-08 -4.808E-06 -7.781E-12 -1.119E-09 -7.564E-12  9.722E+01 -1.446E-09 2.907E-09
   235 1.000000E+01 1.725015E+03     1 1.000E+00 1.815000E+01 1.815000E+01 -2.16314E-13  3.26846E-10 2.298E-08 4.830E-06 -2.299E-08 -4.831E-06 -7.757E-12 -1.127E-09 -7.541E-12  9.721E+01 -1.454E-09 2.915E-09
   236 1.000000E+01 1.735015E+03     1 1.000E+00 1.815000E+01 1.815000E+01 -2.16069E-13  3.26630E-10 2.293E-08 4.852E-06 -2.294E-08 -4.854E-06 -7.733E-12 -1.135E-09 -7.517E-12  9.721E+01 -1.461E-09 2.922E-09
   237 1.000000E+01 1.745015E+03     1 1.000E+00 1.815000E+01 1.815000E+01 -2.15824E-13  3.26414E-10 2.288E-08 4.875E-06 -2.289E-08 -4.876E-06 -7.710E-12 -1.142E-09 -7.494E-12  9.720E+01 -1.469E-09 2.930E-09
   238 1.000000E+01 1.755015E+03     1 1.000E+00 1.815000E+01 1.815000E+01 -2.15579E-13  3.26199E-10 2.283E-08 4.898E-06 -2.284E-08 -4.899E-06 -7.686E-12 -1.150E-09 -7.470E-12  9.720E+01 -1.476E-09 2.937E-09
   239 1.000000E+01 1.765015E+03     1 1.000E+00 1.815000E+01 1.815000E+01 -2.15335E-13  3.25983E-10 2.278E-08 4.921E-06 -2.279E-08 -4.922E-06 -7.662E-12 -1.158E-09 -7.447E-12  9.719E+01 -1.484E-09 2.945E-09
   240 1.000000E+01 1.775015E+03     1 1.000E+00 1.815000E+01 1.815000E+01 -2.15091E-13  3.25768E-10 2.273E-08 4.944E-06 -2.274E-08 -4.945E-06 -7.639E-12 -1.165E-09 -7.424E-12  9.718E+01 -1.491E-09 2.952E-09
   241 1.000000E+01 1.785015E+03     1 1.000E+00 1.815000E+01 1.815000E+01 -2.14848E-13  3.25553E-10 2.268E-08 4.966E-06 -2.269E-08 -4.968E-06 -7.615E-12 -1.173E-09 -7.400E-12  9.718E+01 -1.499E-09 2.959E-09
   242 1.000000E+01 1.795015E+03     1 1.000E+00 1.815000E+01 1.815000E+01 -2.14605E-13  3.25339E-10 2.263E-08 4.989E-06 -2.264E-08 -4.990E-06 -7.592E-12 -1.181E-09 -7.377E-12  9.717E+01 -1.506E-09 2.967E-09
   243 1.000000E+01 1.805015E+03     1 1.000E+00 1.815000E+01 1.815000E+01 -2.14363E-13  3.25124E-10 2.258E-08 5.012E-06 -2.259E-08 -5.013E-06 -7.568E-12 -1.188E-09 -7.354E-12  9.717E+01 -1.513E-09 2.974E-09
   244 1.000000E+01 1.815015E+03     1 1.000E+00 1.815000E+01 1.815000E+01 -2.14121E-13  3.24910E-10 2.253E-08 5.034E-06 -2.254E-08 -5.035E-06 -7.545E-12 -1.196E-09 -7.331E-12  9.716E+01 -1.521E-09 2.982E-09
   245 1.000000E+01 1.825015E+03     1 1.000E+00 1.815000E+01 1.815000E+01 -2.13879E-13  3.24696E-10 2.248E-08 5.057E-06 -2.249E-08 -5.058E-06 -7.522E-12 -1.203E-09 -7.308E-12  9.716E+01 -1.528E-09 2.989E-09
   246 1.000000E+01 1.835015E+03     1 1.000E+00 1.815000E+01 1.815000E+01 -2.13638E-13  3.24483E-10 2.244E-08 5.079E-06 -2.244E-08 -5.080E-06 -7.499E-12 -1.211E-09 -7.285E-12  9.715E+01 -1.535E-09 2.996E-09
   247 1.000000E+01 1.845015E+03     1 1.000E+00 1.815000E+01 1.815000E+01 -2.13397E-13  3.24269E-10 2.239E-08 5.101E-06 -2.239E-08 -5.103E-06 -7.475E-12 -1.218E-09 -7.262E-12  9.715E+01 -1.543E-09 3.003E-09
   248 1.000000E+01 1.855015E+03     1 1.000E+00 1.815000E+01 1.815000E+01 -2.13157E-13  3.24056E-10 2.234E-08 5.124E-06 -2.235E-08 -5.125E-06 -7.452E-12 -1.226E-09 -7.239E-12  9.714E+01 -1.550E-09 3.011E-09
   249 1.000000E+01 1.865015E+03     1 1.000E+00 1.815000E+01 1.815000E+01 -2.12917E-13  3.23843E-10 2.229E-08 5.146E-06 -2.230E-08 -5.147E-06 -7.429E-12 -1.233E-09 -7.216E-12  9.713E+01 -1.557E-09 3.018E-09
   250 1.000000E+01 1.875015E+03     1 1.000E+00 1.815000E+01 1.815000E+01 -2.12677E-13  3.23631E-10 2.224E-08 5.168E-06 -2.225E-08 -5.170E-06 -7.406E-12 -1.241E-09 -7.193E-12  9.713E+01 -1.564E-09 3.025E-09
   251 1.000000E+01 1.885015E+03     1 1.000E+00 1.815000E+01 1.815000E+01 -2.12438E-13  3.23418E-10 2.219E-08 5.190E-06 -2.220E-08 -5.192E-06 -7.383E-12 -1.248E-09 -7.171E-12  9.712E+01 -1.571E-09 3.032E-09
   252 1.000000E+01 1.895015E+03     1 1.000E+00 1.815000E+01 1.815000E+01 -2.12199E-13  3.23206E-10 2.215E-08 5.213E-06 -2.215E-08 -5.214E-06 -7.360E-12 -1.255E-09 -7.148E-12  9.712E+01 -1.579E-09 3.039E-09
   253 1.000000E+01 1.905015E+03     1 1.000E+00 1.815000E+01 1.815000E+01 -2.11961E-13  3.22994E-10 2.210E-08 5.235E-06 -2.211E-08 -5.236E-06 -7.337E-12 -1.263E-09 -7.125E-12  9.711E+01 -1.586E-09 3.046E-09
   254 1.000000E+01 1.915015E+03     1 1.000E+00 1.815000E+01 1.815000E+01 -2.11723E-13  3.22782E-10 2.205E-08 5.257E-06 -2.206E-08 -5.258E-06 -7.314E-12 -1.270E-09 -7.103E-12  9.711E+01 -1.593E-09 3.054E-09
   255 1.000000E+01 1.925015E+03     1 1.000E+00 1.815000E+01 1.815000E+01 -2.11485E-13  3.22571E-10 2.201E-08 5.279E-06 -2.202E-08 -5.280E-06 -7.292E-12 -1.277E-09 -7.080E-12  9.710E+01 -1.600E-09 3.061E-09
   256 1.000000E+01 1.935015E+03     1 1.000E+00 1.815000E+01 1.815000E+01 -2.11249E-13  3.22360E-10 2.196E-08 5.301E-06 -2.197E-08 -5.302E-06 -7.269E-12 -1.285E-09 -7.058E-12  9.709E+01 -1.607E-09 3.068E-09
   257 1.000000E+01 1.945015E+03     1 1.000E+00 1.815000E+01 1.815000E+01 -2.11012E-13  3.22148E-10 2.192E-08 5.323E-06 -2.192E-08 -5.324E-06 -7.246E-12 -1.292E-09 -7.035E-12  9.709E+01 -1.614E-09 3.075E-09
   258 1.000000E+01 1.955015E+03     1 1.000E+00 1.815000E+01 1.815000E+01 -2.10775E-13  3.21938E-10 2.187E-08 5.345E-06 -2.188E-08 -5.346E-06 -7.224E-12 -1.299E-09 -7.013E-12  9.708E+01 -1.621E-09 3.082E-09
   259 1.000000E+01 1.965015E+03     1 1.000E+00 1.815000E+01 1.815000E+01 -2.10540E-13  3.21727E-10 2.182E-08 5.366E-06 -2.183E-08 -5.368E-06 -7.201E-12 -1.306E-09 -6.991E-12  9.708E+01 -1.628E-09 3.089E-09
   260 1.000000E+01 1.975015E+03     1 1.000E+00 1.815000E+01 1.815000E+01 -2.10304E-13  3.21517E-10 2.178E-08 5.388E-06 -2.179E-08 -5.389E-06 -7.179E-12 -1.313E-09 -6.968E-12  9.707E+01 -1.635E-09 3.096E-09
   261 1.000000E+01 1.985015E+03     1 1.000E+00 1.815000E+01 1.815000E+01 -2.10069E-13  3.21307E-10 2.173E-08 5.410E-06 -2.174E-08 -5.411E-06 -7.156E-12 -1.321E-09 -6.946E-12  9.706E+01 -1.642E-09 3.103E-09
   262 1.000000E+01 1.995015E+03     1 1.000E+00 1.815000E+01 1.815000E+01 -2.09835E-13  3.21097E-10 2.169E-08 5.432E-06 -2.169E-08 -5.433E-06 -7.134E-12 -1.328E-09 -6.924E-12  9.706E+01 -1.649E-09 3.110E-09
   263 1.000000E+01 2.005015E+03     1 1.000E+00 1.815000E+01 1.815000E+01 -2.09600E-13  3.20887E-10 2.164E-08 5.453E-06 -2.165E-08 -5.455E-06 -7.111E-12 -1.335E-09 -6.902E-12  9.705E+01 -1.656E-09 3.116E-09
   264 1.000000E+01 2.015015E+03     1 1.000E+00 1.815000E+01 1.815000E+01 -2.09367E-13  3.20678E-10 2.160E-08 5.475E-06 -2.160E-08 -5.476E-06 -7.089E-12 -1.342E-09 -6.880E-12  9.705E+01 -1.663E-09 3.123E-09
   265 1.000000E+01 2.025015E+03     1 1.000E+00 1.815000E+01 1.815000E+01 -2.09133E-13  3.20469E-10 2.155E-08 5.496E-06 -2.156E-08 -5.498E-06 -7.067E-12 -1.349E-09 -6.858E-12  9.704E+01 -1.669E-09 3.130E-09
   266 1.000000E+01 2.035015E+03     1 1.000E+00 1.815000E+01 1.815000E+01 -2.08900E-13  3.20260E-10 2.151E-08 5.518E-06 -2.151E-08 -5.519E-06 -7.045E-12 -1.356E-09 -6.836E-12  9.703E+01 -1.676E-09 3.137E-09
   267 1.000000E+01 2.045015E+03     1 1.000E+00 1.815000E+01 1.815000E+01 -2.08668E-13  3.20051E-10 2.146E-08 5.539E-06 -2.147E-08 -5.541E-06 -7.022E-12 -1.363E-09 -6.814E-12  9.703E+01 -1.683E-09 3.144E-09
   268 1.000000E+01 2.055015E+03     1 1.000E+00 1.815000E+01 1.815000E+01 -2.08435E-13  3.19843E-10 2.142E-08 5.561E-06 -2.142E-08 -5.562E-06 -7.000E-12 -1.370E-09 -6.792E-12  9.702E+01 -1.690E-09 3.151E-09
   269 1.000000E+01 2.065015E+03     1 1.000E+00 1.815000E+01 1.815000E+01 -2.08204E-13  3.19635E-10 2.137E-08 5.582E-06 -2.138E-08 -5.583E-06 -6.978E-12 -1.377E-09 -6.770E-12  9.702E+01 -1.697E-09 3.157E-09
   270 1.000000E+01 2.075015E+03     1 1.000E+00 1.815000E+01 1.815000E+01 -2.07972E-13  3.19427E-10 2.133E-08 5.603E-06 -2.133E-08 -5.605E-06 -6.956E-12 -1.384E-09 -6.748E-12  9.701E+01 -1.703E-09 3.164E-09
   271 1.000000E+01 2.085015E+03     1 1.000E+00 1.815000E+01 1.815000E+01 -2.07741E-13  3.19219E-10 2.128E-08 5.625E-06 -2.129E-08 -5.626E-06 -6.934E-12 -1.391E-09 -6.726E-12  9.700E+01 -1.710E-09 3.171E-09
   272 1.000000E+01 2.095015E+03     1 1.000E+00 1.815000E+01 1.815000E+01 -2.07511E-13  3.19011E-10 2.124E-08 5.646E-06 -2.125E-08 -5.647E-06 -6.912E-12 -1.398E-09 -6.705E-12  9.700E+01 -1.717E-09 3.178E-09
   273 1.000000E+01 2.105015E+03     1 1.000E+00 1.815000E+01 1.815000E+01 -2.07281E-13  3.18804E-10 2.119E-08 5.667E-06 -2.120E-08 -5.669E-06 -6.890E-12 -1.405E-09 -6.683E-12  9.699E+01 -1.723E-09 3.184E-09
   274 1.000000E+01 2.115015E+03     1 1.000E+00 1.815000E+01 1.815000E+01 -2.07051E-13  3.18597E-10 2.115E-08 5.688E-06 -2.116E-08 -5.690E-06 -6.869E-12 -1.412E-09 -6.662E-12  9.699E+01 -1.730E-09 3.191E-09
   275 1.000000E+01 2.125015E+03     1 1.000E+00 1.815000E+01 1.815000E+01 -2.06821E-13  3.18390E-10 2.111E-08 5.709E-06 -2.111E-08 -5.711E-06 -6.847E-12 -1.418E-09 -6.640E-12  9.698E+01 -1.737E-09 3.198E-09
   276 1.000000E+01 2.135015E+03     1 1.000E+00 1.815000E+01 1.815000E+01 -2.06592E-13  3.18184E-10 2.106E-08 5.730E-06 -2.107E-08 -5.732E-06 -6.825E-12 -1.425E-09 -6.619E-12  9.697E+01 -1.743E-09 3.204E-09
   277 1.000000E+01 2.145015E+03     1 1.000E+00 1.815000E+01 1.815000E+01 -2.06364E-13  3.17977E-10 2.102E-08 5.751E-06 -2.103E-08 -5.753E-06 -6.803E-12 -1.432E-09 -6.597E-12  9.697E+01 -1.750E-09 3.211E-09
   278 1.000000E+01 2.155015E+03     1 1.000E+00 1.815000E+01 1.815000E+01 -2.06135E-13  3.17771E-10 2.098E-08 5.772E-06 -2.098E-08 -5.774E-06 -6.782E-12 -1.439E-09 -6.576E-12  9.696E+01 -1.757E-09 3.217E-09
   279 1.000000E+01 2.165015E+03     1 1.000E+00 1.815000E+01 1.815000E+01 -2.05907E-13  3.17565E-10 2.093E-08 5.793E-06 -2.094E-08 -5.795E-06 -6.760E-12 -1.446E-09 -6.554E-12  9.695E+01 -1.763E-09 3.224E-09
   280 1.000000E+01 2.175015E+03     1 1.000E+00 1.815000E+01 1.815000E+01 -2.05680E-13  3.17360E-10 2.089E-08 5.814E-06 -2.089E-08 -5.816E-06 -6.739E-12 -1.452E-09 -6.533E-12  9.695E+01 -1.770E-09 3.230E-09
   281 1.000000E+01 2.185015E+03     1 1.000E+00 1.815000E+01 1.815000E+01 -2.05453E-13  3.17154E-10 2.084E-08 5.835E-06 -2.085E-08 -5.837E-06 -6.717E-12 -1.459E-09 -6.512E-12  9.694E+01 -1.776E-09 3.237E-09
   282 1.000000E+01 2.195015E+03     1 1.000E+00 1.815000E+01 1.815000E+01 -2.05226E-13  3.16949E-10 2.080E-08 5.856E-06 -2.081E-08 -5.857E-06 -6.696E-12 -1.466E-09 -6.491E-12  9.694E+01 -1.783E-09 3.243E-09
   283 1.000000E+01 2.205015E+03     1 1.000E+00 1.815000E+01 1.815000E+01 -2.05000E-13  3.16744E-10 2.076E-08 5.877E-06 -2.077E-08 -5.878E-06 -6.674E-12 -1.472E-09 -6.469E-12  9.693E+01 -1.789E-09 3.250E-09
   284 1.000000E+01 2.215015E+03     1 1.000E+00 1.815000E+01 1.815000E+01 -2.04774E-13  3.16539E-10 2.072E-08 5.897E-06 -2.072E-08 -5.899E-06 -6.653E-12 -1.479E-09 -6.448E-12  9.692E+01 -1.796E-09 3.256E-09
   285 1.000000E+01 2.225015E+03     1 1.000E+00 1.815000E+01 1.815000E+01 -2.04549E-13  3.16335E-10 2.067E-08 5.918E-06 -2.068E-08 -5.920E-06 -6.632E-12 -1.486E-09 -6.427E-12  9.692E+01 -1.802E-09 3.263E-09
   286 1.000000E+01 2.235015E+03     1 1.000E+00 1.815000E+01 1.815000E+01 -2.04324E-13  3.16130E-10 2.063E-08 5.939E-06 -2.064E-08 -5.940E-06 -6.611E-12 -1.492E-09 -6.406E-12  9.691E+01 -1.808E-09 3.269E-09
   287 1.000000E+01 2.245015E+03     1 1.000E+00 1.815000E+01 1.815000E+01 -2.04099E-13  3.15926E-10 2.059E-08 5.959E-06 -2.059E-08 -5.961E-06 -6.589E-12 -1.499E-09 -6.385E-12  9.690E+01 -1.815E-09 3.276E-09
   288 1.000000E+01 2.255015E+03     1 1.000E+00 1.815000E+01 1.815000E+01 -2.03874E-13  3.15722E-10 2.054E-08 5.980E-06 -2.055E-08 -5.981E-06 -6.568E-12 -1.505E-09 -6.364E-12  9.690E+01 -1.821E-09 3.282E-09
   289 1.000000E+01 2.265015E+03     1 1.000E+00 1.815000E+01 1.815000E+01 -2.03650E-13  3.15519E-10 2.050E-08 6.000E-06 -2.051E-08 -6.002E-06 -6.547E-12 -1.512E-09 -6.343E-12  9.689E+01 -1.828E-09 3.288E-09
   290 1.000000E+01 2.275015E+03     1 1.000E+00 1.815000E+01 1.815000E+01 -2.03427E-13  3.15315E-10 2.046E-08 6.021E-06 -2.047E-08 -6.022E-06 -6.526E-12 -1.519E-09 -6.323E-12  9.688E+01 -1.834E-09 3.295E-09
   291 1.000000E+01 2.285015E+03     1 1.000E+00 1.815000E+01 1.815000E+01 -2.03204E-13  3.15112E-10 2.042E-08 6.041E-06 -2.042E-08 -6.043E-06 -6.505E-12 -1.525E-09 -6.302E-12  9.688E+01 -1.840E-09 3.301E-09
   292 1.000000E+01 2.295015E+03     1 1.000E+00 1.815000E+01 1.815000E+01 -2.02981E-13  3.14909E-10 2.037E-08 6.062E-06 -2.038E-08 -6.063E-06 -6.484E-12 -1.532E-09 -6.281E-12  9.687E+01 -1.846E-09 3.307E-09
   293 1.000000E+01 2.305015E+03     1 1.000E+00 1.815000E+01 1.815000E+01 -2.02758E-13  3.14706E-10 2.033E-08 6.082E-06 -2.034E-08 -6.083E-06 -6.463E-12 -1.538E-09 -6.261E-12  9.686E+01 -1.853E-09 3.314E-09
   294 1.000000E+01 2.315015E+03     1 1.000E+00 1.815000E+01 1.815000E+01 -2.02536E-13  3.14504E-10 2.029E-08 6.102E-06 -2.030E-08 -6.104E-06 -6.442E-12 -1.544E-09 -6.240E-12  9.686E+01 -1.859E-09 3.320E-09
   295 1.000000E+01 2.325015E+03     1 1.000E+00 1.815000E+01 1.815000E+01 -2.02315E-13  3.14301E-10 2.025E-08 6.122E-06 -2.025E-08 -6.124E-06 -6.422E-12 -1.551E-09 -6.219E-12  9.685E+01 -1.865E-09 3.326E-09
   296 1.000000E+01 2.335015E+03     1 1.000E+00 1.815000E+01 1.815000E+01 -2.02093E-13  3.14099E-10 2.021E-08 6.143E-06 -2.021E-08 -6.144E-06 -6.401E-12 -1.557E-09 -6.199E-12  9.684E+01 -1.871E-09 3.332E-09
   297 1.000000E+01 2.345015E+03     1 1.000E+00 1.815000E+01 1.815000E+01 -2.01872E-13  3.13897E-10 2.016E-08 6.163E-06 -2.017E-08 -6.164E-06 -6.380E-12 -1.564E-09 -6.178E-12  9.684E+01 -1.878E-09 3.338E-09
   298 1.000000E+01 2.355015E+03     1 1.000E+00 1.815000E+01 1.815000E+01 -2.01652E-13  3.13696E-10 2.012E-08 6.183E-06 -2.013E-08 -6.185E-06 -6.359E-12 -1.570E-09 -6.158E-12  9.683E+01 -1.884E-09 3.344E-09
   299 1.000000E+01 2.365015E+03     1 1.000E+00 1.815000E+01 1.815000E+01 -2.01432E-13  3.13494E-10 2.008E-08 6.203E-06 -2.009E-08 -6.205E-06 -6.339E-12 -1.576E-09 -6.137E-12  9.682E+01 -1.890E-09 3.351E-09
   300 1.000000E+01 2.375015E+03     1 1.000E+00 1.815000E+01 1.815000E+01 -2.01212E-13  3.13293E-10 2.004E-08 6.223E-06 -2.005E-08 -6.225E-06 -6.318E-12 -1.583E-09 -6.117E-12  9.682E+01 -1.896E-09 3.357E-09
   301 1.000000E+01 2.385015E+03     1 1.000E+00 1.815000E+01 1.815000E+01 -2.00992E-13  3.13092E-10 2.000E-08 6.243E-06 -2.001E-08 -6.245E-06 -6.298E-12 -1.589E-09 -6.097E-12  9.681E+01 -1.902E-09 3.363E-09
   302 1.000000E+01 2.395015E+03     1 1.000E+00 1.815000E+01 1.815000E+01 -2.00773E-13  3.12891E-10 1.996E-08 6.263E-06 -1.996E-08 -6.265E-06 -6.277E-12 -1.595E-09 -6.077E-12  9.680E+01 -1.908E-09 3.369E-09
   303 1.000000E+01 2.405015E+03     1 1.000E+00 1.815000E+01 1.815000E+01 -2.00555E-13  3.12691E-10 1.992E-08 6.283E-06 -1.992E-08 -6.285E-06 -6.257E-12 -1.601E-09 -6.056E-12  9.679E+01 -1.914E-09 3.375E-09
   304 1.000000E+01 2.415015E+03     1 1.000E+00 1.815000E+01 1.815000E+01 -2.00336E-13  3.12491E-10 1.988E-08 6.303E-06 -1.988E-08 -6.304E-06 -6.237E-12 -1.608E-09 -6.036E-12  9.679E+01 -1.920E-09 3.381E-09
   305 1.000000E+01 2.425015E+03     1 1.000E+00 1.815000E+01 1.815000E+01 -2.00118E-13  3.12290E-10 1.983E-08 6.323E-06 -1.984E-08 -6.324E-06 -6.216E-12 -1.614E-09 -6.016E-12  9.678E+01 -1.926E-09 3.387E-09
   306 1.000000E+01 2.435015E+03     1 1.000E+00 1.815000E+01 1.815000E+01 -1.99901E-13  3.12090E-10 1.979E-08 6.342E-06 -1.980E-08 -6.344E-06 -6.196E-12 -1.620E-09 -5.996E-12  9.677E+01 -1.932E-09 3.393E-09
   307 1.000000E+01 2.445015E+03     1 1.000E+00 1.815000E+01 1.815000E+01 -1.99684E-13  3.11891E-10 1.975E-08 6.362E-06 -1.976E-08 -6.364E-06 -6.176E-12 -1.626E-09 -5.976E-12  9.677E+01 -1.938E-09 3.399E-09
   308 1.000000E+01 2.455015E+03     1 1.000E+00 1.815000E+01 1.815000E+01 -1.99467E-13  3.11691E-10 1.971E-08 6.382E-06 -1.972E-08 -6.384E-06 -6.155E-12 -1.632E-09 -5.956E-12  9.676E+01 -1.944E-09 3.405E-09
   309 1.000000E+01 2.465015E+03     1 1.000E+00 1.815000E+01 1.815000E+01 -1.99250E-13  3.11492E-10 1.967E-08 6.402E-06 -1.968E-08 -6.403E-06 -6.135E-12 -1.639E-09 -5.936E-12  9.675E+01 -1.950E-09 3.411E-09
   310 1.000000E+01 2.475015E+03     1 1.000E+00 1.815000E+01 1.815000E+01 -1.99034E-13  3.11293E-10 1.963E-08 6.421E-06 -1.964E-08 -6.423E-06 -6.115E-12 -1.645E-09 -5.916E-12  9.675E+01 -1.956E-09 3.417E-09
   311 1.000000E+01 2.485015E+03     1 1.000E+00 1.815000E+01 1.815000E+01 -1.98819E-13  3.11094E-10 1.959E-08 6.441E-06 -1.960E-08 -6.442E-06 -6.095E-12 -1.651E-09 -5.896E-12  9.674E+01 -1.962E-09 3.423E-09
   312 1.000000E+01 2.495015E+03     1 1.000E+00 1.815000E+01 1.815000E+01 -1.98603E-13  3.10896E-10 1.955E-08 6.460E-06 -1.956E-08 -6.462E-06 -6.075E-12 -1.657E-09 -5.877E-12  9.673E+01 -1.968E-09 3.429E-09
   313 1.000000E+01 2.505015E+03     1 1.000E+00 1.815000E+01 1.815000E+01 -1.98388E-13  3.10697E-10 1.951E-08 6.480E-06 -1.952E-08 -6.482E-06 -6.055E-12 -1.663E-09 -5.857E-12  9.672E+01 -1.974E-09 3.434E-09
   314 1.000000E+01 2.515015E+03     1 1.000E+00 1.815000E+01 1.815000E+01 -1.98173E-13  3.10499E-10 1.947E-08 6.499E-06 -1.948E-08 -6.501E-06 -6.035E-12 -1.669E-09 -5.837E-12  9.672E+01 -1.979E-09 3.440E-09
   315 1.000000E+01 2.525015E+03     1 1.000E+00 1.815000E+01 1.815000E+01 -1.97959E-13  3.10301E-10 1.943E-08 6.519E-06 -1.944E-08 -6.520E-06 -6.015E-12 -1.675E-09 -5.817E-12  9.671E+01 -1.985E-09 3.446E-09
   316 1.000000E+01 2.535015E+03     1 1.000E+00 1.815000E+01 1.815000E+01 -1.97745E-13  3.10103E-10 1.939E-08 6.538E-06 -1.940E-08 -6.540E-06 -5.996E-12 -1.681E-09 -5.798E-12  9.670E+01 -1.991E-09 3.452E-09
   317 1.000000E+01 2.545015E+03     1 1.000E+00 1.815000E+01 1.815000E+01 -1.97531E-13  3.09906E-10 1.935E-08 6.558E-06 -1.936E-08 -6.559E-06 -5.976E-12 -1.687E-09 -5.778E-12  9.669E+01 -1.997E-09 3.458E-09
   318 1.000000E+01 2.555015E+03     1 1.000E+00 1.815000E+01 1.815000E+01 -1.97318E-13  3.09709E-10 1.931E-08 6.577E-06 -1.932E-08 -6.579E-06 -5.956E-12 -1.693E-09 -5.759E-12  9.669E+01 -2.003E-09 3.463E-09
   319 1.000000E+01 2.565015E+03     1 1.000E+00 1.815000E+01 1.815000E+01 -1.97106E-13  3.09511E-10 1.927E-08 6.596E-06 -1.928E-08 -6.598E-06 -5.936E-12 -1.699E-09 -5.739E-12  9.668E+01 -2.008E-09 3.469E-09
   320 1.000000E+01 2.575015E+03     1 1.000E+00 1.815000E+01 1.815000E+01 -1.96893E-13  3.09315E-10 1.923E-08 6.615E-06 -1.924E-08 -6.617E-06 -5.917E-12 -1.705E-09 -5.720E-12  9.667E+01 -2.014E-09 3.475E-09
   321 1.000000E+01 2.585015E+03     1 1.000E+00 1.815000E+01 1.815000E+01 -1.96681E-13  3.09118E-10 1.919E-08 6.635E-06 -1.920E-08 -6.636E-06 -5.897E-12 -1.711E-09 -5.700E-12  9.666E+01 -2.020E-09 3.481E-09
   322 1.000000E+01 2.595015E+03     1 1.000E+00 1.815000E+01 1.815000E+01 -1.96469E-13  3.08921E-10 1.915E-08 6.654E-06 -1.916E-08 -6.655E-06 -5.878E-12 -1.717E-09 -5.681E-12  9.666E+01 -2.025E-09 3.486E-09
   323 1.000000E+01 2.605015E+03     1 1.000E+00 1.815000E+01 1.815000E+01 -1.96258E-13  3.08725E-10 1.911E-08 6.673E-06 -1.912E-08 -6.675E-06 -5.858E-12 -1.722E-09 -5.662E-12  9.665E+01 -2.031E-09 3.492E-09
   324 1.000000E+01 2.615015E+03     1 1.000E+00 1.815000E+01 1.815000E+01 -1.96047E-13  3.08529E-10 1.908E-08 6.692E-06 -1.908E-08 -6.694E-06 -5.839E-12 -1.728E-09 -5.643E-12  9.664E+01 -2.037E-09 3.498E-09
   325 1.000000E+01 2.625015E+03     1 1.000E+00 1.815000E+01 1.815000E+01 -1.95836E-13  3.08333E-10 1.904E-08 6.711E-06 -1.904E-08 -6.713E-06 -5.819E-12 -1.734E-09 -5.623E-12  9.663E+01 -2.042E-09 3.503E-09
   326 1.000000E+01 2.635015E+03     1 1.000E+00 1.815000E+01 1.815000E+01 -1.95626E-13  3.08138E-10 1.900E-08 6.730E-06 -1.900E-08 -6.732E-06 -5.800E-12 -1.740E-09 -5.604E-12  9.663E+01 -2.048E-09 3.509E-09
   327 1.000000E+01 2.645015E+03     1 1.000E+00 1.815000E+01 1.815000E+01 -1.95416E-13  3.07942E-10 1.896E-08 6.749E-06 -1.897E-08 -6.751E-06 -5.780E-12 -1.746E-09 -5.585E-12  9.662E+01 -2.054E-09 3.514E-09
   328 1.000000E+01 2.655015E+03     1 1.000E+00 1.815000E+01 1.815000E+01 -1.95206E-13  3.07747E-10 1.892E-08 6.768E-06 -1.893E-08 -6.770E-06 -5.761E-12 -1.751E-09 -5.566E-12  9.661E+01 -2.059E-09 3.520E-09
   329 1.000000E+01 2.665015E+03     1 1.000E+00 1.815000E+01 1.815000E+01 -1.94996E-13  3.07552E-10 1.888E-08 6.787E-06 -1.889E-08 -6.788E-06 -5.742E-12 -1.757E-09 -5.547E-12  9.660E+01 -2.065E-09 3.526E-09
   330 1.000000E+01 2.675015E+03     1 1.000E+00 1.815000E+01 1.815000E+01 -1.94787E-13  3.07357E-10 1.884E-08 6.805E-06 -1.885E-08 -6.807E-06 -5.723E-12 -1.763E-09 -5.528E-12  9.660E+01 -2.070E-09 3.531E-09
   331 1.000000E+01 2.685015E+03     1 1.000E+00 1.815000E+01 1.815000E+01 -1.94579E-13  3.07163E-10 1.881E-08 6.824E-06 -1.881E-08 -6.826E-06 -5.704E-12 -1.769E-09 -5.509E-12  9.659E+01 -2.076E-09 3.537E-09
   332 1.000000E+01 2.695015E+03     1 1.000E+00 1.815000E+01 1.815000E+01 -1.94371E-13  3.06968E-10 1.877E-08 6.843E-06 -1.877E-08 -6.845E-06 -5.684E-12 -1.774E-09 -5.490E-12  9.658E+01 -2.081E-09 3.542E-09
   333 1.000000E+01 2.705015E+03     1 1.000E+00 1.815000E+01 1.815000E+01 -1.94163E-13  3.06774E-10 1.873E-08 6.862E-06 -1.873E-08 -6.864E-06 -5.665E-12 -1.780E-09 -5.471E-12  9.657E+01 -2.087E-09 3.548E-09
   334 1.000000E+01 2.715015E+03     1 1.000E+00 1.815000E+01 1.815000E+01 -1.93955E-13  3.06580E-10 1.869E-08 6.880E-06 -1.870E-08 -6.882E-06 -5.646E-12 -1.786E-09 -5.452E-12  9.656E+01 -2.092E-09 3.553E-09
   335 1.000000E+01 2.725015E+03     1 1.000E+00 1.815000E+01 1.815000E+01 -1.93748E-13  3.06386E-10 1.865E-08 6.899E-06 -1.866E-08 -6.901E-06 -5.627E-12 -1.791E-09 -5.434E-12  9.656E+01 -2.098E-09 3.558E-09
   336 1.000000E+01 2.735015E+03     1 1.000E+00 1.815000E+01 1.815000E+01 -1.93541E-13  3.06193E-10 1.861E-08 6.918E-06 -1.862E-08 -6.920E-06 -5.608E-12 -1.797E-09 -5.415E-12  9.655E+01 -2.103E-09 3.564E-09
   337 1.000000E+01 2.745015E+03     1 1.000E+00 1.815000E+01 1.815000E+01 -1.93334E-13  3.06000E-10 1.858E-08 6.936E-06 -1.858E-08 -6.938E-06 -5.590E-12 -1.802E-09 -5.396E-12  9.654E+01 -2.108E-09 3.569E-09
   338 1.000000E+01 2.755015E+03     1 1.000E+00 1.815000E+01 1.815000E+01 -1.93128E-13  3.05806E-10 1.854E-08 6.955E-06 -1.854E-08 -6.957E-06 -5.571E-12 -1.808E-09 -5.378E-12  9.653E+01 -2.114E-09 3.575E-09
   339 1.000000E+01 2.765015E+03     1 1.000E+00 1.815000E+01 1.815000E+01 -1.92923E-13  3.05613E-10 1.850E-08 6.973E-06 -1.851E-08 -6.975E-06 -5.552E-12 -1.814E-09 -5.359E-12  9.653E+01 -2.119E-09 3.580E-09
   340 1.000000E+01 2.775015E+03     1 1.000E+00 1.815000E+01 1.815000E+01 -1.92717E-13  3.05421E-10 1.846E-08 6.992E-06 -1.847E-08 -6.994E-06 -5.533E-12 -1.819E-09 -5.340E-12  9.652E+01 -2.124E-09 3.585E-09
   341 1.000000E+01 2.785015E+03     1 1.000E+00 1.815000E+01 1.815000E+01 -1.92512E-13  3.05228E-10 1.843E-08 7.010E-06 -1.843E-08 -7.012E-06 -5.514E-12 -1.825E-09 -5.322E-12  9.651E+01 -2.130E-09 3.591E-09
   342 1.000000E+01 2.795015E+03     1 1.000E+00 1.815000E+01 1.815000E+01 -1.92307E-13  3.05036E-10 1.839E-08 7.029E-06 -1.839E-08 -7.030E-06 -5.496E-12 -1.830E-09 -5.303E-12  9.650E+01 -2.135E-09 3.596E-09
   343 1.000000E+01 2.805015E+03     1 1.000E+00 1.815000E+01 1.815000E+01 -1.92103E-13  3.04844E-10 1.835E-08 7.047E-06 -1.836E-08 -7.049E-06 -5.477E-12 -1.836E-09 -5.285E-12  9.649E+01 -2.140E-09 3.601E-09
   344 1.000000E+01 2.815015E+03     1 1.000E+00 1.815000E+01 1.815000E+01 -1.91898E-13  3.04652E-10 1.831E-08 7.065E-06 -1.832E-08 -7.067E-06 -5.459E-12 -1.841E-09 -5.267E-12  9.648E+01 -2.146E-09 3.606E-09
   345 1.000000E+01 2.825015E+03     1 1.000E+00 1.815000E+01 1.815000E+01 -1.91695E-13  3.04460E-10 1.828E-08 7.084E-06 -1.828E-08 -7.085E-06 -5.440E-12 -1.846E-09 -5.248E-12  9.648E+01 -2.151E-09 3.612E-09
   346 1.000000E+01 2.835015E+03     1 1.000E+00 1.815000E+01 1.815000E+01 -1.91491E-13  3.04269E-10 1.824E-08 7.102E-06 -1.825E-08 -7.104E-06 -5.422E-12 -1.852E-09 -5.230E-12  9.647E+01 -2.156E-09 3.617E-09
   347 1.000000E+01 2.845015E+03     1 1.000E+00 1.815000E+01 1.815000E+01 -1.91288E-13  3.04077E-10 1.820E-08 7.120E-06 -1.821E-08 -7.122E-06 -5.403E-12 -1.857E-09 -5.212E-12  9.646E+01 -2.161E-09 3.622E-09
   348 1.000000E+01 2.855015E+03     1 1.000E+00 1.815000E+01 1.815000E+01 -1.91086E-13  3.03886E-10 1.817E-08 7.138E-06 -1.817E-08 -7.140E-06 -5.385E-12 -1.863E-09 -5.194E-12  9.645E+01 -2.167E-09 3.627E-09
   349 1.000000E+01 2.865015E+03     1 1.000E+00 1.815000E+01 1.815000E+01 -1.90883E-13  3.03695E-10 1.813E-08 7.156E-06 -1.813E-08 -7.158E-06 -5.366E-12 -1.868E-09 -5.175E-12  9.644E+01 -2.172E-09 3.633E-09
   350 1.000000E+01 2.875015E+03     1 1.000E+00 1.815000E+01 1.815000E+01 -1.90681E-13  3.03505E-10 1.809E-08 7.174E-06 -1.810E-08 -7.176E-06 -5.348E-12 -1.873E-09 -5.157E-12  9.643E+01 -2.177E-09 3.638E-09
   351 1.000000E+01 2.885015E+03     1 1.000E+00 1.815000E+01 1.815000E+01 -1.90479E-13  3.03314E-10 1.806E-08 7.192E-06 -1.806E-08 -7.194E-06 -5.330E-12 -1.879E-09 -5.139E-12  9.643E+01 -2.182E-09 3.643E-09
   352 1.000000E+01 2.895015E+03     1 1.000E+00 1.815000E+01 1.815000E+01 -1.90277E-13  3.03124E-10 1.802E-08 7.210E-06 -1.802E-08 -7.212E-06 -5.311E-12 -1.884E-09 -5.121E-12  9.642E+01 -2.187E-09 3.648E-09
   353 1.000000E+01 2.905015E+03     1 1.000E+00 1.815000E+01 1.815000E+01 -1.90077E-13  3.02934E-10 1.798E-08 7.228E-06 -1.799E-08 -7.230E-06 -5.293E-12 -1.889E-09 -5.103E-12  9.641E+01 -2.192E-09 3.653E-09
   354 1.000000E+01 2.915015E+03     1 1.000E+00 1.815000E+01 1.815000E+01 -1.89876E-13  3.02744E-10 1.795E-08 7.246E-06 -1.795E-08 -7.248E-06 -5.275E-12 -1.895E-09 -5.085E-12  9.640E+01 -2.197E-09 3.658E-09
   355 1.000000E+01 2.925015E+03     1 1.000E+00 1.815000E+01 1.815000E+01 -1.89675E-13  3.02554E-10 1.791E-08 7.264E-06 -1.792E-08 -7.266E-06 -5.257E-12 -1.900E-09 -5.067E-12  9.639E+01 -2.202E-09 3.663E-09
   356 1.000000E+01 2.935015E+03     1 1.000E+00 1.815000E+01 1.815000E+01 -1.89475E-13  3.02365E-10 1.788E-08 7.282E-06 -1.788E-08 -7.284E-06 -5.239E-12 -1.905E-09 -5.049E-12  9.638E+01 -2.207E-09 3.668E-09
   357 1.000000E+01 2.945015E+03     1 1.000E+00 1.815000E+01 1.815000E+01 -1.89275E-13  3.02176E-10 1.784E-08 7.300E-06 -1.785E-08 -7.302E-06 -5.221E-12 -1.910E-09 -5.032E-12  9.637E+01 -2.212E-09 3.673E-09
   358 1.000000E+01 2.955015E+03     1 1.000E+00 1.815000E+01 1.815000E+01 -1.89076E-13  3.01987E-10 1.781E-08 7.318E-06 -1.781E-08 -7.320E-06 -5.203E-12 -1.915E-09 -5.014E-12  9.637E+01 -2.217E-09 3.678E-09
   359 1.000000E+01 2.965015E+03     1 1.000E+00 1.815000E+01 1.815000E+01 -1.88877E-13  3.01798E-10 1.777E-08 7.336E-06 -1.778E-08 -7.338E-06 -5.185E-12 -1.921E-09 -4.996E-12  9.636E+01 -2.222E-09 3.683E-09
   360 1.000000E+01 2.975015E+03     1 1.000E+00 1.815000E+01 1.815000E+01 -1.88678E-13  3.01609E-10 1.774E-08 7.353E-06 -1.775E-08 -7.355E-06 -5.167E-12 -1.926E-09 -4.978E-12  9.635E+01 -2.227E-09 3.688E-09
   361 1.000000E+01 2.985015E+03     1 1.000E+00 1.815000E+01 1.815000E+01 -1.88480E-13  3.01421E-10 1.771E-08 7.371E-06 -1.771E-08 -7.373E-06 -5.149E-12 -1.931E-09 -4.961E-12  9.634E+01 -2.232E-09 3.693E-09
   362 1.000000E+01 2.995015E+03     1 1.000E+00 1.815000E+01 1.815000E+01 -1.88282E-13  3.01232E-10 1.767E-08 7.389E-06 -1.768E-08 -7.391E-06 -5.131E-12 -1.936E-09 -4.943E-12  9.633E+01 -2.237E-09 3.698E-09
   363 1.000000E+01 3.005015E+03     1 1.000E+00 1.815000E+01 1.815000E+01 -1.88084E-13  3.01044E-10 1.764E-08 7.406E-06 -1.764E-08 -7.408E-06 -5.113E-12 -1.941E-09 -4.925E-12  9.632E+01 -2.242E-09 3.703E-09
   364 1.000000E+01 3.015015E+03     1 1.000E+00 1.815000E+01 1.815000E+01 -1.87886E-13  3.00856E-10 1.760E-08 7.424E-06 -1.761E-08 -7.426E-06 -5.096E-12 -1.946E-09 -4.908E-12  9.631E+01 -2.247E-09 3.708E-09
   365 1.000000E+01 3.025015E+03     1 1.000E+00 1.815000E+01 1.815000E+01 -1.87689E-13  3.00669E-10 1.757E-08 7.442E-06 -1.758E-08 -7.444E-06 -5.078E-12 -1.951E-09 -4.890E-12  9.630E+01 -2.252E-09 3.713E-09
   366 1.000000E+01 3.035015E+03     1 1.000E+00 1.815000E+01 1.815000E+01 -1.87492E-13  3.00481E-10 1.754E-08 7.459E-06 -1.754E-08 -7.461E-06 -5.060E-12 -1.956E-09 -4.873E-12  9.629E+01 -2.257E-09 3.718E-09
   367 1.000000E+01 3.045015E+03     1 1.000E+00 1.815000E+01 1.815000E+01 -1.87296E-13  3.00294E-10 1.750E-08 7.477E-06 -1.751E-08 -7.479E-06 -5.043E-12 -1.961E-09 -4.855E-12  9.629E+01 -2.262E-09 3.723E-09
   368 1.000000E+01 3.055015E+03     1 1.000E+00 1.815000E+01 1.815000E+01 -1.87100E-13  3.00107E-10 1.747E-08 7.494E-06 -1.748E-08 -7.496E-06 -5.025E-12 -1.967E-09 -4.838E-12  9.628E+01 -2.267E-09 3.727E-09
   369 1.000000E+01 3.065015E+03     1 1.000E+00 1.815000E+01 1.815000E+01 -1.86904E-13  2.99920E-10 1.744E-08 7.512E-06 -1.744E-08 -7.513E-06 -5.008E-12 -1.972E-09 -4.821E-12  9.627E+01 -2.271E-09 3.732E-09
   370 1.000000E+01 3.075015E+03     1 1.000E+00 1.815000E+01 1.815000E+01 -1.86708E-13  2.99733E-10 1.740E-08 7.529E-06 -1.741E-08 -7.531E-06 -4.990E-12 -1.977E-09 -4.803E-12  9.626E+01 -2.276E-09 3.737E-09
   371 1.000000E+01 3.085015E+03     1 1.000E+00 1.815000E+01 1.815000E+01 -1.86513E-13  2.99547E-10 1.737E-08 7.546E-06 -1.738E-08 -7.548E-06 -4.973E-12 -1.981E-09 -4.786E-12  9.625E+01 -2.281E-09 3.742E-09
   372 1.000000E+01 3.095015E+03     1 1.000E+00 1.815000E+01 1.815000E+01 -1.86318E-13  2.99360E-10 1.734E-08 7.564E-06 -1.734E-08 -7.566E-06 -4.955E-12 -1.986E-09 -4.769E-12  9.624E+01 -2.286E-09 3.747E-09
   373 1.000000E+01 3.105015E+03     1 1.000E+00 1.815000E+01 1.815000E+01 -1.86124E-13  2.99174E-10 1.731E-08 7.581E-06 -1.731E-08 -7.583E-06 -4.938E-12 -1.991E-09 -4.752E-12  9.623E+01 -2.291E-09 3.751E-09
   374 1.000000E+01 3.115015E+03     1 1.000E+00 1.815000E+01 1.815000E+01 -1.85930E-13  2.98988E-10 1.727E-08 7.598E-06 -1.728E-08 -7.600E-06 -4.921E-12 -1.996E-09 -4.735E-12  9.622E+01 -2.295E-09 3.756E-09
   375 1.000000E+01 3.125015E+03     1 1.000E+00 1.815000E+01 1.815000E+01 -1.85735E-13  2.98803E-10 1.724E-08 7.615E-06 -1.724E-08 -7.617E-06 -4.903E-12 -2.001E-09 -4.718E-12  9.621E+01 -2.300E-09 3.761E-09
   376 1.000000E+01 3.135015E+03     1 1.000E+00 1.815000E+01 1.815000E+01 -1.85542E-13  2.98617E-10 1.721E-08 7.633E-06 -1.721E-08 -7.635E-06 -4.886E-12 -2.006E-09 -4.701E-12  9.620E+01 -2.305E-09 3.766E-09
   377 1.000000E+01 3.145015E+03     1 1.000E+00 1.815000E+01 1.815000E+01 -1.85349E-13  2.98432E-10 1.717E-08 7.650E-06 -1.718E-08 -7.652E-06 -4.869E-12 -2.011E-09 -4.684E-12  9.619E+01 -2.309E-09 3.770E-09
   378 1.000000E+01 3.155015E+03     1 1.000E+00 1.815000E+01 1.815000E+01 -1.85156E-13  2.98246E-10 1.714E-08 7.667E-06 -1.715E-08 -7.669E-06 -4.852E-12 -2.016E-09 -4.667E-12  9.618E+01 -2.314E-09 3.775E-09
   379 1.000000E+01 3.165015E+03     1 1.000E+00 1.815000E+01 1.815000E+01 -1.84963E-13  2.98061E-10 1.711E-08 7.684E-06 -1.711E-08 -7.686E-06 -4.835E-12 -2.021E-09 -4.650E-12  9.617E+01 -2.319E-09 3.780E-09
   380 1.000000E+01 3.175015E+03     1 1.000E+00 1.815000E+01 1.815000E+01 -1.84770E-13  2.97877E-10 1.708E-08 7.701E-06 -1.708E-08 -7.703E-06 -4.817E-12 -2.025E-09 -4.633E-12  9.616E+01 -2.323E-09 3.784E-09
   381 1.000000E+01 3.185015E+03     1 1.000E+00 1.815000E+01 1.815000E+01 -1.84579E-13  2.97692E-10 1.704E-08 7.718E-06 -1.705E-08 -7.720E-06 -4.800E-12 -2.030E-09 -4.616E-12  9.615E+01 -2.328E-09 3.789E-09
   382 1.000000E+01 3.195015E+03     1 1.000E+00 1.815000E+01 1.815000E+01 -1.84387E-13  2.97508E-10 1.701E-08 7.735E-06 -1.702E-08 -7.737E-06 -4.783E-12 -2.035E-09 -4.599E-12  9.615E+01 -2.333E-09 3.793E-09
   383 1.000000E+01 3.205015E+03     1 1.000E+00 1.815000E+01 1.815000E+01 -1.84195E-13  2.97324E-10 1.698E-08 7.752E-06 -1.698E-08 -7.754E-06 -4.766E-12 -2.040E-09 -4.582E-12  9.614E+01 -2.337E-09 3.798E-09
   384 1.000000E+01 3.215015E+03     1 1.000E+00 1.815000E+01 1.815000E+01 -1.84004E-13  2.97140E-10 1.695E-08 7.769E-06 -1.695E-08 -7.771E-06 -4.750E-12 -2.045E-09 -4.566E-12  9.613E+01 -2.342E-09 3.803E-09
   385 1.000000E+01 3.225015E+03     1 1.000E+00 1.815000E+01 1.815000E+01 -1.83814E-13  2.96956E-10 1.692E-08 7.786E-06 -1.692E-08 -7.788E-06 -4.733E-12 -2.049E-09 -4.549E-12  9.612E+01 -2.346E-09 3.807E-09
   386 1.000000E+01 3.235015E+03     1 1.000E+00 1.815000E+01 1.815000E+01 -1.83623E-13  2.96772E-10 1.688E-08 7.803E-06 -1.689E-08 -7.805E-06 -4.716E-12 -2.054E-09 -4.532E-12  9.611E+01 -2.351E-09 3.812E-09
   387 1.000000E+01 3.245015E+03     1 1.000E+00 1.815000E+01 1.815000E+01 -1.83433E-13  2.96589E-10 1.685E-08 7.820E-06 -1.686E-08 -7.822E-06 -4.699E-12 -2.059E-09 -4.516E-12  9.610E+01 -2.355E-09 3.816E-09
   388 1.000000E+01 3.255015E+03     1 1.000E+00 1.815000E+01 1.815000E+01 -1.83243E-13  2.96405E-10 1.682E-08 7.837E-06 -1.682E-08 -7.839E-06 -4.682E-12 -2.063E-09 -4.499E-12  9.609E+01 -2.360E-09 3.821E-09
   389 1.000000E+01 3.265015E+03     1 1.000E+00 1.815000E+01 1.815000E+01 -1.83054E-13  2.96222E-10 1.679E-08 7.853E-06 -1.679E-08 -7.855E-06 -4.665E-12 -2.068E-09 -4.482E-12  9.608E+01 -2.364E-09 3.825E-09
   390 1.000000E+01 3.275015E+03     1 1.000E+00 1.815000E+01 1.815000E+01 -1.82864E-13  2.96040E-10 1.676E-08 7.870E-06 -1.676E-08 -7.872E-06 -4.649E-12 -2.073E-09 -4.466E-12  9.607E+01 -2.369E-09 3.830E-09
   391 1.000000E+01 3.285015E+03     1 1.000E+00 1.815000E+01 1.815000E+01 -1.82675E-13  2.95857E-10 1.673E-08 7.887E-06 -1.673E-08 -7.889E-06 -4.632E-12 -2.077E-09 -4.449E-12  9.606E+01 -2.373E-09 3.834E-09
   392 1.000000E+01 3.295015E+03     1 1.000E+00 1.815000E+01 1.815000E+01 -1.82487E-13  2.95674E-10 1.669E-08 7.904E-06 -1.670E-08 -7.906E-06 -4.615E-12 -2.082E-09 -4.433E-12  9.605E+01 -2.378E-09 3.838E-09
   393 1.000000E+01 3.305015E+03     1 1.000E+00 1.815000E+01 1.815000E+01 -1.82298E-13  2.95492E-10 1.666E-08 7.920E-06 -1.667E-08 -7.922E-06 -4.599E-12 -2.087E-09 -4.417E-12  9.604E+01 -2.382E-09 3.843E-09
   394 1.000000E+01 3.315015E+03     1 1.000E+00 1.815000E+01 1.815000E+01 -1.82110E-13  2.95310E-10 1.663E-08 7.937E-06 -1.664E-08 -7.939E-06 -4.582E-12 -2.091E-09 -4.400E-12  9.603E+01 -2.386E-09 3.847E-09
   395 1.000000E+01 3.325015E+03     1 1.000E+00 1.815000E+01 1.815000E+01 -1.81923E-13  2.95128E-10 1.660E-08 7.953E-06 -1.660E-08 -7.956E-06 -4.566E-12 -2.096E-09 -4.384E-12  9.602E+01 -2.391E-09 3.852E-09
   396 1.000000E+01 3.335015E+03     1 1.000E+00 1.815000E+01 1.815000E+01 -1.81735E-13  2.94946E-10 1.657E-08 7.970E-06 -1.657E-08 -7.972E-06 -4.549E-12 -2.100E-09 -4.368E-12  9.601E+01 -2.395E-09 3.856E-09
   397 1.000000E+01 3.345015E+03     1 1.000E+00 1.815000E+01 1.815000E+01 -1.81548E-13  2.94765E-10 1.654E-08 7.987E-06 -1.654E-08 -7.989E-06 -4.533E-12 -2.105E-09 -4.351E-12  9.599E+01 -2.400E-09 3.860E-09
   398 1.000000E+01 3.355015E+03     1 1.000E+00 1.815000E+01 1.815000E+01 -1.81362E-13  2.94583E-10 1.651E-08 8.003E-06 -1.651E-08 -8.005E-06 -4.517E-12 -2.109E-09 -4.335E-12  9.598E+01 -2.404E-09 3.865E-09
   399 1.000000E+01 3.365015E+03     1 1.000E+00 1.815000E+01 1.815000E+01 -1.81175E-13  2.94402E-10 1.647E-08 8.020E-06 -1.648E-08 -8.022E-06 -4.500E-12 -2.114E-09 -4.319E-12  9.597E+01 -2.408E-09 3.869E-09
   400 1.000000E+01 3.375015E+03     1 1.000E+00 1.815000E+01 1.815000E+01 -1.80988E-13  2.94221E-10 1.644E-08 8.036E-06 -1.645E-08 -8.038E-06 -4.484E-12 -2.118E-09 -4.303E-12  9.596E+01 -2.413E-09 3.873E-09
   401 1.000000E+01 3.385015E+03     1 1.000E+00 1.815000E+01 1.815000E+01 -1.80802E-13  2.94040E-10 1.641E-08 8.052E-06 -1.642E-08 -8.055E-06 -4.468E-12 -2.123E-09 -4.287E-12  9.595E+01 -2.417E-09 3.878E-09
   402 1.000000E+01 3.395015E+03     1 1.000E+00 1.815000E+01 1.815000E+01 -1.80617E-13  2.93860E-10 1.639E-08 8.069E-06 -1.639E-08 -8.071E-06 -4.452E-12 -2.127E-09 -4.271E-12  9.594E+01 -2.421E-09 3.882E-09
   403 1.000000E+01 3.405015E+03     1 1.000E+00 1.815000E+01 1.815000E+01 -1.80432E-13  2.93679E-10 1.636E-08 8.085E-06 -1.636E-08 -8.087E-06 -4.435E-12 -2.132E-09 -4.255E-12  9.593E+01 -2.425E-09 3.886E-09
   404 1.000000E+01 3.415015E+03     1 1.000E+00 1.815000E+01 1.815000E+01 -1.80247E-13  2.93499E-10 1.633E-08 8.101E-06 -1.633E-08 -8.104E-06 -4.419E-12 -2.136E-09 -4.239E-12  9.592E+01 -2.430E-09 3.890E-09
   405 1.000000E+01 3.425015E+03     1 1.000E+00 1.815000E+01 1.815000E+01 -1.80062E-13  2.93319E-10 1.630E-08 8.118E-06 -1.631E-08 -8.120E-06 -4.403E-12 -2.140E-09 -4.223E-12  9.591E+01 -2.434E-09 3.895E-09
   406 1.000000E+01 3.435015E+03     1 1.000E+00 1.815000E+01 1.815000E+01 -1.79878E-13  2.93139E-10 1.627E-08 8.134E-06 -1.628E-08 -8.136E-06 -4.387E-12 -2.145E-09 -4.207E-12  9.590E+01 -2.438E-09 3.899E-09
   407 1.000000E+01 3.445015E+03     1 1.000E+00 1.815000E+01 1.815000E+01 -1.79694E-13  2.92959E-10 1.625E-08 8.150E-06 -1.625E-08 -8.152E-06 -4.371E-12 -2.149E-09 -4.191E-12  9.589E+01 -2.442E-09 3.903E-09
   408 1.000000E+01 3.455015E+03     1 1.000E+00 1.815000E+01 1.815000E+01 -1.79510E-13  2.92780E-10 1.622E-08 8.167E-06 -1.622E-08 -8.169E-06 -4.355E-12 -2.154E-09 -4.176E-12  9.588E+01 -2.446E-09 3.907E-09
   409 1.000000E+01 3.465015E+03     1 1.000E+00 1.815000E+01 1.815000E+01 -1.79326E-13  2.92601E-10 1.619E-08 8.183E-06 -1.620E-08 -8.185E-06 -4.339E-12 -2.158E-09 -4.160E-12  9.587E+01 -2.451E-09 3.911E-09
   410 1.000000E+01 3.475015E+03     1 1.000E+00 1.815000E+01 1.815000E+01 -1.79143E-13  2.92422E-10 1.616E-08 8.199E-06 -1.617E-08 -8.201E-06 -4.323E-12 -2.162E-09 -4.144E-12  9.586E+01 -2.455E-09 3.915E-09
   411 1.000000E+01 3.485015E+03     1 1.000E+00 1.815000E+01 1.815000E+01 -1.78960E-13  2.92243E-10 1.614E-08 8.215E-06 -1.614E-08 -8.217E-06 -4.307E-12 -2.167E-09 -4.128E-12  9.585E+01 -2.459E-09 3.920E-09
   412 1.000000E+01 3.495015E+03     1 1.000E+00 1.815000E+01 1.815000E+01 -1.78778E-13  2.92064E-10 1.611E-08 8.231E-06 -1.611E-08 -8.233E-06 -4.291E-12 -2.171E-09 -4.113E-12  9.583E+01 -2.463E-09 3.924E-09
   413 1.000000E+01 3.505015E+03     1 1.000E+00 1.815000E+01 1.815000E+01 -1.78595E-13  2.91885E-10 1.608E-08 8.247E-06 -1.608E-08 -8.249E-06 -4.276E-12 -2.175E-09 -4.097E-12  9.582E+01 -2.467E-09 3.928E-09
   414 1.000000E+01 3.515015E+03     1 1.000E+00 1.815000E+01 1.815000E+01 -1.78414E-13  2.91707E-10 1.605E-08 8.263E-06 -1.606E-08 -8.265E-06 -4.260E-12 -2.179E-09 -4.081E-12  9.581E+01 -2.471E-09 3.932E-09
   415 1.000000E+01 3.525015E+03     1 1.000E+00 1.815000E+01 1.815000E+01 -1.78232E-13  2.91529E-10 1.603E-08 8.279E-06 -1.603E-08 -8.281E-06 -4.244E-12 -2.184E-09 -4.066E-12  9.580E+01 -2.475E-09 3.936E-09
   416 1.000000E+01 3.535015E+03     1 1.000E+00 1.815000E+01 1.815000E+01 -1.78050E-13  2.91350E-10 1.600E-08 8.295E-06 -1.600E-08 -8.297E-06 -4.228E-12 -2.188E-09 -4.050E-12  9.579E+01 -2.479E-09 3.940E-09
   417 1.000000E+01 3.545015E+03     1 1.000E+00 1.815000E+01 1.815000E+01 -1.77869E-13  2.91173E-10 1.597E-08 8.311E-06 -1.598E-08 -8.313E-06 -4.213E-12 -2.192E-09 -4.035E-12  9.578E+01 -2.483E-09 3.944E-09
   418 1.000000E+01 3.555015E+03     1 1.000E+00 1.815000E+01 1.815000E+01 -1.77688E-13  2.90995E-10 1.594E-08 8.327E-06 -1.595E-08 -8.329E-06 -4.197E-12 -2.196E-09 -4.019E-12  9.577E+01 -2.487E-09 3.948E-09
   419 1.000000E+01 3.565015E+03     1 1.000E+00 1.815000E+01 1.815000E+01 -1.77508E-13  2.90817E-10 1.592E-08 8.343E-06 -1.592E-08 -8.345E-06 -4.182E-12 -2.200E-09 -4.004E-12  9.576E+01 -2.491E-09 3.952E-09
   420 1.000000E+01 3.575015E+03     1 1.000E+00 1.815000E+01 1.815000E+01 -1.77327E-13  2.90640E-10 1.589E-08 8.359E-06 -1.589E-08 -8.361E-06 -4.166E-12 -2.205E-09 -3.989E-12  9.574E+01 -2.495E-09 3.956E-09
   421 1.000000E+01 3.585015E+03     1 1.000E+00 1.815000E+01 1.815000E+01 -1.77148E-13  2.90463E-10 1.586E-08 8.375E-06 -1.587E-08 -8.377E-06 -4.151E-12 -2.209E-09 -3.973E-12  9.573E+01 -2.499E-09 3.960E-09
   422 7.492340E+00 3.592508E+03     1 1.000E+00 1.815000E+01 1.815000E+01 -1.76514E-13  2.90286E-10 1.186E-08 8.387E-06 -1.187E-08 -8.389E-06 -3.117E-12 -2.212E-09 -2.940E-12  9.434E+01 -2.502E-09 3.963E-09
   423 7.492340E+00 3.600000E+03     1 1.000E+00 1.815000E+01 1.815000E+01 -2.10000E-13  2.90076E-10 1.186E-08 8.399E-06 -1.186E-08 -8.401E-06 -1.034E-12 -2.213E-09 -8.244E-13  7.970E+01 -2.503E-09 3.964E-09
