      0  0.00000000E+00     NSTEP   TIME
   0.000000E+00   0.000000E+00   0.000000E+00   0.000000E+00   0.000000E+00
   0.000000E+00   0.000000E+00   0.000000E+00   0.000000E+00   0.000000E+00
   0.000000E+00   0.000000E+00   0.000000E+00   0.000000E+00   0.000000E+00
   0.000000E+00   0.000000E+00   0.000000E+00   0.000000E+00   0.000000E+00
   0.000000E+00   0.000000E+00   0.000000E+00   0.000000E+00   0.000000E+00
   0.000000E+00   0.000000E+00   0.000000E+00   0.000000E+00   0.000000E+00
   0.000000E+00   0.000000E+00   0.000000E+00   0.000000E+00   0.000000E+00
   0.000000E+00   0.000000E+00   0.000000E+00   0.000000E+00   0.000000E+00
   0.000000E+00   0.000000E+00   0.000000E+00   0.000000E+00   0.000000E+00
   0.000000E+00   0.000000E+00   0.000000E+00   0.000000E+00   0.000000E+00
   0.000000E+00   0.000000E+00   0.000000E+00   0.000000E+00   0.000000E+00
   0.000000E+00   0.000000E+00   0.000000E+00   0.000000E+00   0.000000E+00
   0.000000E+00   0.000000E+00   0.000000E+00   6.000000E-03   6.000000E-03
   6.000000E-03   6.000000E-03   6.000000E-03   6.000000E-03   6.000000E-03
   6.000000E-03   6.000000E-03   6.000000E-03   6.000000E-03   6.000000E-03
   6.000000E-03   6.000000E-03   6.000000E-03   6.000000E-03   6.000000E-03
   6.000000E-03   6.000000E-03   6.000000E-03   6.000000E-03   6.000000E-03
   6.000000E-03   6.000000E-03   6.000000E-03   6.000000E-03   6.000000E-03
   6.000000E-03   6.000000E-03   6.000000E-03   6.000000E-03   6.000000E-03
   6.000000E-03   6.000000E-03   6.000000E-03   6.000000E-03   6.000000E-03
   6.000000E-03   6.000000E-03   6.000000E-03   6.000000E-03   6.000000E-03
   6.000000E-03   6.000000E-03   6.000000E-03   6.000000E-03   6.000000E-03
   6.000000E-03   6.000000E-03   6.000000E-03   6.000000E-03   6.000000E-03
   6.000000E-03   6.000000E-03   6.000000E-03   6.000000E-03   6.000000E-03
   6.000000E-03   6.000000E-03   6.000000E-03   6.000000E-03   6.000000E-03
   6.000000E-03   1.800000E-02   1.800000E-02   1.800000E-02   1.800000E-02
   1.800000E-02   1.800000E-02   1.800000E-02   1.800000E-02   1.800000E-02
   1.800000E-02   1.800000E-02   1.800000E-02   1.800000E-02   1.800000E-02
   1.800000E-02   1.800000E-02   1.800000E-02   1.800000E-02   1.800000E-02
   1.800000E-02   1.800000E-02   1.800000E-02   1.800000E-02   1.800000E-02
   1.800000E-02   1.800000E-02   1.800000E-02   1.800000E-02   1.800000E-02
   1.800000E-02   1.800000E-02   1.800000E-02   1.800000E-02   1.800000E-02
   1.800000E-02   1.800000E-02   1.800000E-02   1.800000E-02   1.800000E-02
   1.800000E-02   1.800000E-02   1.800000E-02   1.800000E-02   1.800000E-02
   1.800000E-02   1.800000E-02   1.800000E-02   1.800000E-02   1.800000E-02
   1.800000E-02   1.800000E-02   1.800000E-02   1.800000E-02   1.800000E-02
   1.800000E-02   1.800000E-02   1.800000E-02   1.800000E-02   1.800000E-02
   1.800000E-02   1.800000E-02   1.800000E-02   1.800000E-02   3.600000E-02
   3.600000E-02   3.600000E-02   3.600000E-02   3.600000E-02   3.600000E-02
   3.600000E-02   3.600000E-02   3.600000E-02   3.600000E-02   3.600000E-02
   3.600000E-02   3.600000E-02   3.600000E-02   3.600000E-02   3.600000E-02
   3.600000E-02   3.600000E-02   3.600000E-02   3.600000E-02   3.600000E-02
   3.600000E-02   3.600000E-02   3.600000E-02   3.600000E-02   3.600000E-02
   3.600000E-02   3.600000E-02   3.600000E-02   3.600000E-02   3.600000E-02
   3.600000E-02   3.600000E-02   3.600000E-02   3.600000E-02   3.600000E-02
   3.600000E-02   3.600000E-02   3.600000E-02   3.600000E-02   3.600000E-02
   3.600000E-02   3.600000E-02   3.600000E-02   3.600000E-02   3.600000E-02
   3.600000E-02   3.600000E-02   3.600000E-02   3.600000E-02   3.600000E-02
   3.600000E-02   3.600000E-02   3.600000E-02   3.600000E-02   3.600000E-02
   3.600000E-02   3.600000E-02   3.600000E-02   3.600000E-02   3.600000E-02
   3.600000E-02   3.600000E-02   6.000000E-02   6.000000E-02   6.000000E-02
   6.000000E-02   6.000000E-02   6.000000E-02   6.000000E-02   6.000000E-02
   6.000000E-02   6.000000E-02   6.000000E-02   6.000000E-02   6.000000E-02
   6.000000E-02   6.000000E-02   6.000000E-02   6.000000E-02   6.000000E-02
   6.000000E-02   6.000000E-02   6.000000E-02   6.000000E-02   6.000000E-02
   6.000000E-02   6.000000E-02   6.000000E-02   6.000000E-02   6.000000E-02
   6.000000E-02   6.000000E-02   6.000000E-02   6.000000E-02   6.000000E-02
   6.000000E-02   6.000000E-02   6.000000E-02   6.000000E-02   6.000000E-02
   6.000000E-02   6.000000E-02   6.000000E-02   6.000000E-02   6.000000E-02
   6.000000E-02   6.000000E-02   6.000000E-02   6.000000E-02   6.000000E-02
   6.000000E-02   6.000000E-02   6.000000E-02   6.000000E-02   6.000000E-02
   6.000000E-02   6.000000E-02   6.000000E-02   6.000000E-02   6.000000E-02
   6.000000E-02   6.000000E-02   6.000000E-02   6.000000E-02   6.000000E-02
   9.000000E-02   9.000000E-02   9.000000E-02   9.000000E-02   9.000000E-02
   9.000000E-02   9.000000E-02   9.000000E-02   9.000000E-02   9.000000E-02
   9.000000E-02   9.000000E-02   9.000000E-02   9.000000E-02   9.000000E-02
   9.000000E-02   9.000000E-02   9.000000E-02   9.000000E-02   9.000000E-02
   9.000000E-02   9.000000E-02   9.000000E-02   9.000000E-02   9.000000E-02
   9.000000E-02   9.000000E-02   9.000000E-02   9.000000E-02   9.000000E-02
   9.000000E-02   9.000000E-02   9.000000E-02   9.000000E-02   9.000000E-02
   9.000000E-02   9.000000E-02   9.000000E-02   9.000000E-02   9.000000E-02
   9.000000E-02   9.000000E-02   9.000000E-02   9.000000E-02   9.000000E-02
   9.000000E-02   9.000000E-02   9.000000E-02   9.000000E-02   9.000000E-02
   9.000000E-02   9.000000E-02   9.000000E-02   9.000000E-02   9.000000E-02
   9.000000E-02   9.000000E-02   9.000000E-02   9.000000E-02   9.000000E-02
   9.000000E-02   9.000000E-02   9.000000E-02   1.200000E-01   1.200000E-01
   1.200000E-01   1.200000E-01   1.200000E-01   1.200000E-01   1.200000E-01
   1.200000E-01   1.200000E-01   1.200000E-01   1.200000E-01   1.200000E-01
   1.200000E-01   1.200000E-01   1.200000E-01   1.200000E-01   1.200000E-01
   1.200000E-01   1.200000E-01   1.200000E-01   1.200000E-01   1.200000E-01
   1.200000E-01   1.200000E-01   1.200000E-01   1.200000E-01   1.200000E-01
   1.200000E-01   1.200000E-01   1.200000E-01   1.200000E-01   1.200000E-01
   1.200000E-01   1.200000E-01   1.200000E-01   1.200000E-01   1.200000E-01
   1.200000E-01   1.200000E-01   1.200000E-01   1.200000E-01   1.200000E-01
   1.200000E-01   1.200000E-01   1.200000E-01   1.200000E-01   1.200000E-01
   1.200000E-01   1.200000E-01   1.200000E-01   1.200000E-01   1.200000E-01
   1.200000E-01   1.200000E-01   1.200000E-01   1.200000E-01   1.200000E-01
   1.200000E-01   1.200000E-01   1.200000E-01   1.200000E-01   1.200000E-01
   1.200000E-01   1.800000E-01   1.800000E-01   1.800000E-01   1.800000E-01
   1.800000E-01   1.800000E-01   1.800000E-01   1.800000E-01   1.800000E-01
   1.800000E-01   1.800000E-01   1.800000E-01   1.800000E-01   1.800000E-01
   1.800000E-01   1.800000E-01   1.800000E-01   1.800000E-01   1.800000E-01
   1.800000E-01   1.800000E-01   1.800000E-01   1.800000E-01   1.800000E-01
   1.800000E-01   1.800000E-01   1.800000E-01   1.800000E-01   1.800000E-01
   1.800000E-01   1.800000E-01   1.800000E-01   1.800000E-01   1.800000E-01
   1.800000E-01   1.800000E-01   1.800000E-01   1.800000E-01   1.800000E-01
   1.800000E-01   1.800000E-01   1.800000E-01   1.800000E-01   1.800000E-01
   1.800000E-01   1.800000E-01   1.800000E-01   1.800000E-01   1.800000E-01
   1.800000E-01   1.800000E-01   1.800000E-01   1.800000E-01   1.800000E-01
   1.800000E-01   1.800000E-01   1.800000E-01   1.800000E-01   1.800000E-01
   1.800000E-01   1.800000E-01   1.800000E-01   1.800000E-01   2.400000E-01
   2.400000E-01   2.400000E-01   2.400000E-01   2.400000E-01   2.400000E-01
   2.400000E-01   2.400000E-01   2.400000E-01   2.400000E-01   2.400000E-01
   2.400000E-01   2.400000E-01   2.400000E-01   2.400000E-01   2.400000E-01
   2.400000E-01   2.400000E-01   2.400000E-01   2.400000E-01   2.400000E-01
   2.400000E-01   2.400000E-01   2.400000E-01   2.400000E-01   2.400000E-01
   2.400000E-01   2.400000E-01   2.400000E-01   2.400000E-01   2.400000E-01
   2.400000E-01   2.400000E-01   2.400000E-01   2.400000E-01   2.400000E-01
   2.400000E-01   2.400000E-01   2.400000E-01   2.400000E-01   2.400000E-01
   2.400000E-01   2.400000E-01   2.400000E-01   2.400000E-01   2.400000E-01
   2.400000E-01   2.400000E-01   2.400000E-01   2.400000E-01   2.400000E-01
   2.400000E-01   2.400000E-01   2.400000E-01   2.400000E-01   2.400000E-01
   2.400000E-01   2.400000E-01   2.400000E-01   2.400000E-01   2.400000E-01
   2.400000E-01   2.400000E-01   3.900000E-01   3.900000E-01   3.900000E-01
   3.900000E-01   3.900000E-01   3.900000E-01   3.900000E-01   3.900000E-01
   3.900000E-01   3.900000E-01   3.900000E-01   3.900000E-01   3.900000E-01
   3.900000E-01   3.900000E-01   3.900000E-01   3.900000E-01   3.900000E-01
   3.900000E-01   3.900000E-01   3.900000E-01   3.900000E-01   3.900000E-01
   3.900000E-01   3.900000E-01   3.900000E-01   3.900000E-01   3.900000E-01
   3.900000E-01   3.900000E-01   3.900000E-01   3.900000E-01   3.900000E-01
   3.900000E-01   3.900000E-01   3.900000E-01   3.900000E-01   3.900000E-01
   3.900000E-01   3.900000E-01   3.900000E-01   3.900000E-01   3.900000E-01
   3.900000E-01   3.900000E-01   3.900000E-01   3.900000E-01   3.900000E-01
   3.900000E-01   3.900000E-01   3.900000E-01   3.900000E-01   3.900000E-01
   3.900000E-01   3.900000E-01   3.900000E-01   3.900000E-01   3.900000E-01
   3.900000E-01   3.900000E-01   3.900000E-01   3.900000E-01   3.900000E-01
   5.400000E-01   5.400000E-01   5.400000E-01   5.400000E-01   5.400000E-01
   5.400000E-01   5.400000E-01   5.400000E-01   5.400000E-01   5.400000E-01
   5.400000E-01   5.400000E-01   5.400000E-01   5.400000E-01   5.400000E-01
   5.400000E-01   5.400000E-01   5.400000E-01   5.400000E-01   5.400000E-01
   5.400000E-01   5.400000E-01   5.400000E-01   5.400000E-01   5.400000E-01
   5.400000E-01   5.400000E-01   5.400000E-01   5.400000E-01   5.400000E-01
   5.400000E-01   5.400000E-01   5.400000E-01   5.400000E-01   5.400000E-01
   5.400000E-01   5.400000E-01   5.400000E-01   5.400000E-01   5.400000E-01
   5.400000E-01   5.400000E-01   5.400000E-01   5.400000E-01   5.400000E-01
   5.400000E-01   5.400000E-01   5.400000E-01   5.400000E-01   5.400000E-01
   5.400000E-01   5.400000E-01   5.400000E-01   5.400000E-01   5.400000E-01
   5.400000E-01   5.400000E-01   5.400000E-01   5.400000E-01   5.400000E-01
   5.400000E-01   5.400000E-01   5.400000E-01   8.400000E-01   8.400000E-01
   8.400000E-01   8.400000E-01   8.400000E-01   8.400000E-01   8.400000E-01
   8.400000E-01   8.400000E-01   8.400000E-01   8.400000E-01   8.400000E-01
   8.400000E-01   8.400000E-01   8.400000E-01   8.400000E-01   8.400000E-01
   8.400000E-01   8.400000E-01   8.400000E-01   8.400000E-01   8.400000E-01
   8.400000E-01   8.400000E-01   8.400000E-01   8.400000E-01   8.400000E-01
   8.400000E-01   8.400000E-01   8.400000E-01   8.400000E-01   8.400000E-01
   8.400000E-01   8.400000E-01   8.400000E-01   8.400000E-01   8.400000E-01
   8.400000E-01   8.400000E-01   8.400000E-01   8.400000E-01   8.400000E-01
   8.400000E-01   8.400000E-01   8.400000E-01   8.400000E-01   8.400000E-01
   8.400000E-01   8.400000E-01   8.400000E-01   8.400000E-01   8.400000E-01
   8.400000E-01   8.400000E-01   8.400000E-01   8.400000E-01   8.400000E-01
   8.400000E-01   8.400000E-01   8.400000E-01   8.400000E-01   8.400000E-01
   8.400000E-01   1.140000E+00   1.140000E+00   1.140000E+00   1.140000E+00
   1.140000E+00   1.140000E+00   1.140000E+00   1.140000E+00   1.140000E+00
   1.140000E+00   1.140000E+00   1.140000E+00   1.140000E+00   1.140000E+00
   1.140000E+00   1.140000E+00   1.140000E+00   1.140000E+00   1.140000E+00
   1.140000E+00   1.140000E+00   1.140000E+00   1.140000E+00   1.140000E+00
   1.140000E+00   1.140000E+00   1.140000E+00   1.140000E+00   1.140000E+00
   1.140000E+00   1.140000E+00   1.140000E+00   1.140000E+00   1.140000E+00
   1.140000E+00   1.140000E+00   1.140000E+00   1.140000E+00   1.140000E+00
   1.140000E+00   1.140000E+00   1.140000E+00   1.140000E+00   1.140000E+00
   1.140000E+00   1.140000E+00   1.140000E+00   1.140000E+00   1.140000E+00
   1.140000E+00   1.140000E+00   1.140000E+00   1.140000E+00   1.140000E+00
   1.140000E+00   1.140000E+00   1.140000E+00   1.140000E+00   1.140000E+00
   1.140000E+00   1.140000E+00   1.140000E+00   1.140000E+00   1.740000E+00
   1.740000E+00   1.740000E+00   1.740000E+00   1.740000E+00   1.740000E+00
   1.740000E+00   1.740000E+00   1.740000E+00   1.740000E+00   1.740000E+00
   1.740000E+00   1.740000E+00   1.740000E+00   1.740000E+00   1.740000E+00
   1.740000E+00   1.740000E+00   1.740000E+00   1.740000E+00   1.740000E+00
   1.740000E+00   1.740000E+00   1.740000E+00   1.740000E+00   1.740000E+00
   1.740000E+00   1.740000E+00   1.740000E+00   1.740000E+00   1.740000E+00
   1.740000E+00   1.740000E+00   1.740000E+00   1.740000E+00   1.740000E+00
   1.740000E+00   1.740000E+00   1.740000E+00   1.740000E+00   1.740000E+00
   1.740000E+00   1.740000E+00   1.740000E+00   1.740000E+00   1.740000E+00
   1.740000E+00   1.740000E+00   1.740000E+00   1.740000E+00   1.740000E+00
   1.740000E+00   1.740000E+00   1.740000E+00   1.740000E+00   1.740000E+00
   1.740000E+00   1.740000E+00   1.740000E+00   1.740000E+00   1.740000E+00
   1.740000E+00   1.740000E+00   2.340000E+00   2.340000E+00   2.340000E+00
   2.340000E+00   2.340000E+00   2.340000E+00   2.340000E+00   2.340000E+00
   2.340000E+00   2.340000E+00   2.340000E+00   2.340000E+00   2.340000E+00
   2.340000E+00   2.340000E+00   2.340000E+00   2.340000E+00   2.340000E+00
   2.340000E+00   2.340000E+00   2.340000E+00   2.340000E+00   2.340000E+00
   2.340000E+00   2.340000E+00   2.340000E+00   2.340000E+00   2.340000E+00
   2.340000E+00   2.340000E+00   2.340000E+00   2.340000E+00   2.340000E+00
   2.340000E+00   2.340000E+00   2.340000E+00   2.340000E+00   2.340000E+00
   2.340000E+00   2.340000E+00   2.340000E+00   2.340000E+00   2.340000E+00
   2.340000E+00   2.340000E+00   2.340000E+00   2.340000E+00   2.340000E+00
   2.340000E+00   2.340000E+00   2.340000E+00   2.340000E+00   2.340000E+00
   2.340000E+00   2.340000E+00   2.340000E+00   2.340000E+00   2.340000E+00
   2.340000E+00   2.340000E+00   2.340000E+00   2.340000E+00   2.340000E+00
   3.000000E+00   3.000000E+00   3.000000E+00   3.000000E+00   3.000000E+00
   3.000000E+00   3.000000E+00   3.000000E+00   3.000000E+00   3.000000E+00
   3.000000E+00   3.000000E+00   3.000000E+00   3.000000E+00   3.000000E+00
   3.000000E+00   3.000000E+00   3.000000E+00   3.000000E+00   3.000000E+00
   3.000000E+00   3.000000E+00   3.000000E+00   3.000000E+00   3.000000E+00
   3.000000E+00   3.000000E+00   3.000000E+00   3.000000E+00   3.000000E+00
   3.000000E+00   3.000000E+00   3.000000E+00   3.000000E+00   3.000000E+00
   3.000000E+00   3.000000E+00   3.000000E+00   3.000000E+00   3.000000E+00
   3.000000E+00   3.000000E+00   3.000000E+00   3.000000E+00   3.000000E+00
   3.000000E+00   3.000000E+00   3.000000E+00   3.000000E+00   3.000000E+00
   3.000000E+00   3.000000E+00   3.000000E+00   3.000000E+00   3.000000E+00
   3.000000E+00   3.000000E+00   3.000000E+00   3.000000E+00   3.000000E+00
   3.000000E+00   3.000000E+00   3.000000E+00
    243  1.80501532E+03     NSTEP   TIME
   4.811967E-09   2.022446E-07   1.780794E-06   2.676909E-06   1.383770E-06
   3.355675E-07   3.594235E-06   5.473937E-06   2.037084E-06   5.919406E-07
   4.825546E-07   2.361538E-07   1.344695E-07   8.516286E-08   7.182394E-08
   3.652679E-07   3.777769E-07   3.785051E-07   7.615469E-07   1.413326E-06
   1.257414E-06   7.008822E-07   1.128548E-06   4.156771E-06   4.290580E-06
   1.224449E-06   5.418223E-07   2.815341E-07   1.483070E-07   9.309966E-08
   7.220106E-08   2.647335E-06   2.137657E-06   1.003916E-06   5.632666E-07
   4.502235E-07   2.406012E-07   3.715005E-07   3.548906E-07   7.467510E-07
   2.289047E-06   1.758314E-06   2.478006E-07   1.792174E-07   8.152257E-08
   5.152043E-08   4.879002E-08   3.789755E-06   3.814755E-06   2.628960E-06
   3.498172E-07   6.640138E-07   3.578615E-07   4.089626E-09   4.216551E-09
   5.901530E-09   8.738271E-09   6.875439E-09   3.023648E-09   1.878044E-09
   1.188443E-09   7.733209E-10   5.018875E-10   6.000020E-03   6.000216E-03
   6.001766E-03   6.002648E-03   6.001381E-03   6.000360E-03   6.003559E-03
   6.005419E-03   6.002057E-03   6.000607E-03   6.000485E-03   6.000239E-03
   6.000136E-03   6.000086E-03   6.000072E-03   6.000387E-03   6.000395E-03
   6.000389E-03   6.000768E-03   6.001409E-03   6.001252E-03   6.000706E-03
   6.001146E-03   6.004121E-03   6.004244E-03   6.001232E-03   6.000544E-03
   6.000283E-03   6.000150E-03   6.000094E-03   6.000073E-03   6.002634E-03
   6.002131E-03   6.001012E-03   6.000569E-03   6.000458E-03   6.000252E-03
   6.000376E-03   6.000366E-03   6.000766E-03   6.002274E-03   6.001742E-03
   6.000257E-03   6.000181E-03   6.000084E-03   6.000053E-03   6.000049E-03
   6.003762E-03   6.003781E-03   6.002604E-03   6.000367E-03   6.000662E-03
   6.000361E-03   6.000017E-03   6.000018E-03   6.000025E-03   6.000036E-03
   6.000029E-03   6.000013E-03   6.000008E-03   6.000005E-03   6.000003E-03
   6.000002E-03   1.800005E-02   1.800025E-02   1.800174E-02   1.800259E-02
   1.800138E-02   1.800041E-02   1.800348E-02   1.800529E-02   1.800208E-02
   1.800064E-02   1.800049E-02   1.800025E-02   1.800014E-02   1.800009E-02
   1.800007E-02   1.800043E-02   1.800043E-02   1.800041E-02   1.800078E-02
   1.800140E-02   1.800124E-02   1.800072E-02   1.800118E-02   1.800403E-02
   1.800414E-02   1.800124E-02   1.800055E-02   1.800029E-02   1.800015E-02
   1.800010E-02   1.800007E-02   1.800260E-02   1.800211E-02   1.800103E-02
   1.800058E-02   1.800048E-02   1.800028E-02   1.800039E-02   1.800039E-02
   1.800080E-02   1.800224E-02   1.800171E-02   1.800028E-02   1.800019E-02
   1.800009E-02   1.800006E-02   1.800005E-02   1.800369E-02   1.800370E-02
   1.800255E-02   1.800040E-02   1.800066E-02   1.800037E-02   1.800004E-02
   1.800004E-02   1.800006E-02   1.800009E-02   1.800007E-02   1.800003E-02
   1.800002E-02   1.800001E-02   1.800001E-02   1.800001E-02   3.600009E-02
   3.600029E-02   3.600169E-02   3.600250E-02   3.600137E-02   3.600048E-02
   3.600336E-02   3.600510E-02   3.600212E-02   3.600068E-02   3.600050E-02
   3.600026E-02   3.600015E-02   3.600009E-02   3.600008E-02   3.600050E-02
   3.600048E-02   3.600045E-02   3.600080E-02   3.600138E-02   3.600122E-02
   3.600074E-02   3.600122E-02   3.600391E-02   3.600399E-02   3.600126E-02
   3.600056E-02   3.600029E-02   3.600016E-02   3.600010E-02   3.600008E-02
   3.600254E-02   3.600208E-02   3.600105E-02   3.600061E-02   3.600050E-02
   3.600031E-02   3.600041E-02   3.600042E-02   3.600085E-02   3.600219E-02
   3.600166E-02   3.600030E-02   3.600020E-02   3.600010E-02   3.600006E-02
   3.600005E-02   3.600359E-02   3.600359E-02   3.600247E-02   3.600045E-02
   3.600067E-02   3.600039E-02   3.600008E-02   3.600008E-02   3.600012E-02
   3.600016E-02   3.600013E-02   3.600006E-02   3.600004E-02   3.600002E-02
   3.600002E-02   3.600001E-02   6.000015E-02   6.000034E-02   6.000164E-02
   6.000239E-02   6.000136E-02   6.000056E-02   6.000322E-02   6.000487E-02
   6.000216E-02   6.000074E-02   6.000052E-02   6.000027E-02   6.000015E-02
   6.000010E-02   6.000008E-02   6.000057E-02   6.000055E-02   6.000049E-02
   6.000083E-02   6.000136E-02   6.000121E-02   6.000077E-02   6.000127E-02
   6.000375E-02   6.000380E-02   6.000128E-02   6.000057E-02   6.000030E-02
   6.000017E-02   6.000010E-02   6.000008E-02   6.000248E-02   6.000205E-02
   6.000108E-02   6.000064E-02   6.000054E-02   6.000035E-02   6.000043E-02
   6.000047E-02   6.000091E-02   6.000212E-02   6.000160E-02   6.000033E-02
   6.000021E-02   6.000011E-02   6.000007E-02   6.000006E-02   6.000346E-02
   6.000344E-02   6.000238E-02   6.000052E-02   6.000067E-02   6.000041E-02
   6.000013E-02   6.000013E-02   6.000018E-02   6.000026E-02   6.000020E-02
   6.000010E-02   6.000006E-02   6.000004E-02   6.000002E-02   6.000002E-02
   9.000022E-02   9.000040E-02   9.000157E-02   9.000226E-02   9.000134E-02
   9.000065E-02   9.000305E-02   9.000460E-02   9.000219E-02   9.000080E-02
   9.000053E-02   9.000028E-02   9.000016E-02   9.000010E-02   9.000009E-02
   9.000066E-02   9.000062E-02   9.000055E-02   9.000085E-02   9.000134E-02
   9.000119E-02   9.000080E-02   9.000132E-02   9.000357E-02   9.000359E-02
   9.000129E-02   9.000059E-02   9.000031E-02   9.000018E-02   9.000011E-02
   9.000009E-02   9.000240E-02   9.000201E-02   9.000111E-02   9.000067E-02
   9.000058E-02   9.000040E-02   9.000046E-02   9.000052E-02   9.000097E-02
   9.000204E-02   9.000153E-02   9.000037E-02   9.000022E-02   9.000012E-02
   9.000007E-02   9.000006E-02   9.000331E-02   9.000328E-02   9.000227E-02
   9.000058E-02   9.000068E-02   9.000043E-02   9.000018E-02   9.000019E-02
   9.000026E-02   9.000036E-02   9.000028E-02   9.000014E-02   9.000009E-02
   9.000006E-02   9.000004E-02   9.000002E-02   1.200003E-01   1.200005E-01
   1.200015E-01   1.200021E-01   1.200013E-01   1.200007E-01   1.200029E-01
   1.200044E-01   1.200022E-01   1.200009E-01   1.200005E-01   1.200003E-01
   1.200002E-01   1.200001E-01   1.200001E-01   1.200007E-01   1.200007E-01
   1.200006E-01   1.200009E-01   1.200013E-01   1.200012E-01   1.200008E-01
   1.200014E-01   1.200034E-01   1.200034E-01   1.200013E-01   1.200006E-01
   1.200003E-01   1.200002E-01   1.200001E-01   1.200001E-01   1.200023E-01
   1.200020E-01   1.200011E-01   1.200007E-01   1.200006E-01   1.200004E-01
   1.200005E-01   1.200006E-01   1.200010E-01   1.200020E-01   1.200015E-01
   1.200004E-01   1.200002E-01   1.200001E-01   1.200001E-01   1.200001E-01
   1.200032E-01   1.200031E-01   1.200022E-01   1.200006E-01   1.200007E-01
   1.200005E-01   1.200002E-01   1.200003E-01   1.200003E-01   1.200005E-01
   1.200004E-01   1.200002E-01   1.200001E-01   1.200001E-01   1.200000E-01
   1.200000E-01   1.800004E-01   1.800006E-01   1.800014E-01   1.800020E-01
   1.800013E-01   1.800009E-01   1.800026E-01   1.800039E-01   1.800022E-01
   1.800010E-01   1.800006E-01   1.800003E-01   1.800002E-01   1.800001E-01
   1.800001E-01   1.800009E-01   1.800008E-01   1.800007E-01   1.800009E-01
   1.800013E-01   1.800011E-01   1.800009E-01   1.800014E-01   1.800031E-01
   1.800031E-01   1.800013E-01   1.800006E-01   1.800003E-01   1.800002E-01
   1.800001E-01   1.800001E-01   1.800022E-01   1.800019E-01   1.800012E-01
   1.800008E-01   1.800007E-01   1.800005E-01   1.800006E-01   1.800007E-01
   1.800011E-01   1.800019E-01   1.800014E-01   1.800005E-01   1.800003E-01
   1.800002E-01   1.800001E-01   1.800001E-01   1.800029E-01   1.800028E-01
   1.800020E-01   1.800008E-01   1.800007E-01   1.800005E-01   1.800003E-01
   1.800004E-01   1.800005E-01   1.800006E-01   1.800005E-01   1.800003E-01
   1.800002E-01   1.800001E-01   1.800001E-01   1.800000E-01   2.400005E-01
   2.400007E-01   2.400014E-01   2.400018E-01   2.400013E-01   2.400010E-01
   2.400024E-01   2.400035E-01   2.400022E-01   2.400010E-01   2.400006E-01
   2.400004E-01   2.400002E-01   2.400001E-01   2.400001E-01   2.400010E-01
   2.400009E-01   2.400008E-01   2.400010E-01   2.400013E-01   2.400011E-01
   2.400009E-01   2.400014E-01   2.400028E-01   2.400028E-01   2.400013E-01
   2.400007E-01   2.400004E-01   2.400002E-01   2.400001E-01   2.400001E-01
   2.400021E-01   2.400018E-01   2.400012E-01   2.400008E-01   2.400007E-01
   2.400006E-01   2.400006E-01   2.400007E-01   2.400012E-01   2.400017E-01
   2.400013E-01   2.400005E-01   2.400003E-01   2.400002E-01   2.400001E-01
   2.400001E-01   2.400027E-01   2.400026E-01   2.400019E-01   2.400008E-01
   2.400007E-01   2.400006E-01   2.400004E-01   2.400005E-01   2.400006E-01
   2.400007E-01   2.400006E-01   2.400003E-01   2.400002E-01   2.400001E-01
   2.400001E-01   2.400001E-01   3.900007E-01   3.900008E-01   3.900013E-01
   3.900015E-01   3.900012E-01   3.900011E-01   3.900020E-01   3.900028E-01
   3.900020E-01   3.900011E-01   3.900007E-01   3.900004E-01   3.900003E-01
   3.900002E-01   3.900001E-01   3.900012E-01   3.900011E-01   3.900009E-01
   3.900010E-01   3.900012E-01   3.900011E-01   3.900010E-01   3.900015E-01
   3.900023E-01   3.900023E-01   3.900013E-01   3.900007E-01   3.900004E-01
   3.900003E-01   3.900002E-01   3.900001E-01   3.900019E-01   3.900017E-01
   3.900013E-01   3.900009E-01   3.900008E-01   3.900007E-01   3.900007E-01
   3.900009E-01   3.900012E-01   3.900016E-01   3.900012E-01   3.900006E-01
   3.900004E-01   3.900002E-01   3.900001E-01   3.900001E-01   3.900023E-01
   3.900022E-01   3.900017E-01   3.900010E-01   3.900008E-01   3.900007E-01
   3.900006E-01   3.900007E-01   3.900008E-01   3.900009E-01   3.900007E-01
   3.900005E-01   3.900003E-01   3.900002E-01   3.900001E-01   3.900001E-01
   5.400009E-01   5.400010E-01   5.400012E-01   5.400014E-01   5.400012E-01
   5.400012E-01   5.400018E-01   5.400023E-01   5.400018E-01   5.400011E-01
   5.400007E-01   5.400005E-01   5.400003E-01   5.400002E-01   5.400002E-01
   5.400013E-01   5.400012E-01   5.400010E-01   5.400011E-01   5.400012E-01
   5.400011E-01   5.400011E-01   5.400014E-01   5.400020E-01   5.400019E-01
   5.400012E-01   5.400007E-01   5.400005E-01   5.400003E-01   5.400002E-01
   5.400002E-01   5.400017E-01   5.400016E-01   5.400013E-01   5.400010E-01
   5.400009E-01   5.400008E-01   5.400008E-01   5.400010E-01   5.400013E-01
   5.400014E-01   5.400011E-01   5.400006E-01   5.400004E-01   5.400003E-01
   5.400002E-01   5.400002E-01   5.400020E-01   5.400019E-01   5.400015E-01
   5.400011E-01   5.400009E-01   5.400008E-01   5.400007E-01   5.400008E-01
   5.400009E-01   5.400010E-01   5.400008E-01   5.400006E-01   5.400004E-01
   5.400003E-01   5.400002E-01   5.400001E-01   8.400011E-01   8.400011E-01
   8.400012E-01   8.400012E-01   8.400012E-01   8.400012E-01   8.400015E-01
   8.400017E-01   8.400015E-01   8.400011E-01   8.400008E-01   8.400005E-01
   8.400004E-01   8.400003E-01   8.400002E-01   8.400014E-01   8.400013E-01
   8.400012E-01   8.400011E-01   8.400012E-01   8.400011E-01   8.400011E-01
   8.400013E-01   8.400016E-01   8.400015E-01   8.400011E-01   8.400008E-01
   8.400005E-01   8.400004E-01   8.400003E-01   8.400002E-01   8.400015E-01
   8.400015E-01   8.400013E-01   8.400011E-01   8.400010E-01   8.400010E-01
   8.400010E-01   8.400011E-01   8.400012E-01   8.400012E-01   8.400010E-01
   8.400007E-01   8.400005E-01   8.400004E-01   8.400003E-01   8.400002E-01
   8.400016E-01   8.400016E-01   8.400014E-01   8.400012E-01   8.400010E-01
   8.400009E-01   8.400009E-01   8.400010E-01   8.400011E-01   8.400011E-01
   8.400009E-01   8.400007E-01   8.400005E-01   8.400003E-01   8.400003E-01
   8.400002E-01   1.140001E+00   1.140001E+00   1.140001E+00   1.140001E+00
   1.140001E+00   1.140001E+00   1.140001E+00   1.140001E+00   1.140001E+00
   1.140001E+00   1.140001E+00   1.140001E+00   1.140000E+00   1.140000E+00
   1.140000E+00   1.140001E+00   1.140001E+00   1.140001E+00   1.140001E+00
   1.140001E+00   1.140001E+00   1.140001E+00   1.140001E+00   1.140001E+00
   1.140001E+00   1.140001E+00   1.140001E+00   1.140001E+00   1.140000E+00
   1.140000E+00   1.140000E+00   1.140001E+00   1.140001E+00   1.140001E+00
   1.140001E+00   1.140001E+00   1.140001E+00   1.140001E+00   1.140001E+00
   1.140001E+00   1.140001E+00   1.140001E+00   1.140001E+00   1.140001E+00
   1.140000E+00   1.140000E+00   1.140000E+00   1.140001E+00   1.140001E+00
   1.140001E+00   1.140001E+00   1.140001E+00   1.140001E+00   1.140001E+00
   1.140001E+00   1.140001E+00   1.140001E+00   1.140001E+00   1.140001E+00
   1.140001E+00   1.140000E+00   1.140000E+00   1.140000E+00   1.740001E+00
   1.740001E+00   1.740001E+00   1.740001E+00   1.740001E+00   1.740001E+00
   1.740001E+00   1.740001E+00   1.740001E+00   1.740001E+00   1.740001E+00
   1.740001E+00   1.740000E+00   1.740000E+00   1.740000E+00   1.740001E+00
   1.740001E+00   1.740001E+00   1.740001E+00   1.740001E+00   1.740001E+00
   1.740001E+00   1.740001E+00   1.740001E+00   1.740001E+00   1.740001E+00
   1.740001E+00   1.740001E+00   1.740000E+00   1.740000E+00   1.740000E+00
   1.740001E+00   1.740001E+00   1.740001E+00   1.740001E+00   1.740001E+00
   1.740001E+00   1.740001E+00   1.740001E+00   1.740001E+00   1.740001E+00
   1.740001E+00   1.740001E+00   1.740001E+00   1.740000E+00   1.740000E+00
   1.740000E+00   1.740001E+00   1.740001E+00   1.740001E+00   1.740001E+00
   1.740001E+00   1.740001E+00   1.740001E+00   1.740001E+00   1.740001E+00
   1.740001E+00   1.740001E+00   1.740001E+00   1.740001E+00   1.740000E+00
   1.740000E+00   1.740000E+00   2.340001E+00   2.340001E+00   2.340001E+00
   2.340001E+00   2.340001E+00   2.340001E+00   2.340001E+00   2.340001E+00
   2.340001E+00   2.340001E+00   2.340001E+00   2.340001E+00   2.340001E+00
   2.340000E+00   2.340000E+00   2.340001E+00   2.340001E+00   2.340001E+00
   2.340001E+00   2.340001E+00   2.340001E+00   2.340001E+00   2.340001E+00
   2.340001E+00   2.340001E+00   2.340001E+00   2.340001E+00   2.340001E+00
   2.340001E+00   2.340000E+00   2.340000E+00   2.340001E+00   2.340001E+00
   2.340001E+00   2.340001E+00   2.340001E+00   2.340001E+00   2.340001E+00
   2.340001E+00   2.340001E+00   2.340001E+00   2.340001E+00   2.340001E+00
   2.340001E+00   2.340001E+00   2.340000E+00   2.340000E+00   2.340001E+00
   2.340001E+00   2.340001E+00   2.340001E+00   2.340001E+00   2.340001E+00
   2.340001E+00   2.340001E+00   2.340001E+00   2.340001E+00   2.340001E+00
   2.340001E+00   2.340001E+00   2.340001E+00   2.340000E+00   2.340000E+00
   3.000001E+00   3.000001E+00   3.000001E+00   3.000001E+00   3.000001E+00
   3.000001E+00   3.000001E+00   3.000001E+00   3.000001E+00   3.000001E+00
   3.000001E+00   3.000001E+00   3.000001E+00   3.000000E+00   3.000000E+00
   3.000001E+00   3.000001E+00   3.000001E+00   3.000001E+00   3.000001E+00
   3.000001E+00   3.000001E+00   3.000001E+00   3.000001E+00   3.000001E+00
   3.000001E+00   3.000001E+00   3.000001E+00   3.000001E+00   3.000000E+00
   3.000000E+00   3.000001E+00   3.000001E+00   3.000001E+00   3.000001E+00
   3.000001E+00   3.000001E+00   3.000001E+00   3.000001E+00   3.000001E+00
   3.000001E+00   3.000001E+00   3.000001E+00   3.000001E+00   3.000001E+00
   3.000000E+00   3.000000E+00   3.000001E+00   3.000001E+00   3.000001E+00
   3.000001E+00   3.000001E+00   3.000001E+00   3.000001E+00   3.000001E+00
   3.000001E+00   3.000001E+00   3.000001E+00   3.000001E+00   3.000001E+00
   3.000001E+00   3.000000E+00   3.000000E+00
    423  3.60000000E+03     NSTEP   TIME
   3.831990E-09   3.472553E-07   1.499002E-06   2.129906E-06   1.344645E-06
   4.499409E-07   2.577026E-06   3.820752E-06   1.347134E-06   7.179887E-07
   6.384777E-07   3.353286E-07   2.147188E-07   1.401392E-07   1.196152E-07
   5.238842E-07   5.776940E-07   5.945120E-07   8.743432E-07   1.221944E-06
   1.195620E-06   9.573039E-07   9.699393E-07   2.974068E-06   3.161892E-06
   1.033873E-06   7.066260E-07   3.910866E-07   2.361256E-07   1.535020E-07
   1.202495E-07   1.931931E-06   1.780043E-06   1.060345E-06   8.570516E-07
   6.924678E-07   3.637380E-07   5.053843E-07   5.006788E-07   5.629553E-07
   1.732766E-06   1.414787E-06   2.700617E-07   2.539506E-07   1.264700E-07
   8.584982E-08   8.113171E-08   2.636574E-06   2.774722E-06   2.108810E-06
   5.174045E-07   1.002770E-06   5.416072E-07   3.333487E-09   3.045268E-09
   3.551361E-09   5.117383E-09   4.208063E-09   2.066759E-09   1.447203E-09
   9.499562E-10   6.357068E-10   4.203010E-10   6.000020E-03   6.000358E-03
   6.001489E-03   6.002110E-03   6.001340E-03   6.000469E-03   6.002553E-03
   6.003782E-03   6.001365E-03   6.000726E-03   6.000639E-03   6.000337E-03
   6.000216E-03   6.000141E-03   6.000120E-03   6.000539E-03   6.000589E-03
   6.000602E-03   6.000878E-03   6.001221E-03   6.001191E-03   6.000956E-03
   6.000982E-03   6.002948E-03   6.003127E-03   6.001039E-03   6.000705E-03
   6.000392E-03   6.000237E-03   6.000154E-03   6.000121E-03   6.001924E-03
   6.001774E-03   6.001065E-03   6.000858E-03   6.000697E-03   6.000374E-03
   6.000509E-03   6.000506E-03   6.000578E-03   6.001721E-03   6.001402E-03
   6.000278E-03   6.000255E-03   6.000128E-03   6.000087E-03   6.000082E-03
   6.002621E-03   6.002753E-03   6.002091E-03   6.000532E-03   6.000997E-03
   6.000544E-03   6.000017E-03   6.000016E-03   6.000019E-03   6.000027E-03
   6.000022E-03   6.000011E-03   6.000008E-03   6.000005E-03   6.000003E-03
   6.000002E-03   1.800005E-02   1.800038E-02   1.800147E-02   1.800207E-02
   1.800133E-02   1.800051E-02   1.800250E-02   1.800370E-02   1.800139E-02
   1.800074E-02   1.800064E-02   1.800034E-02   1.800022E-02   1.800014E-02
   1.800012E-02   1.800057E-02   1.800061E-02   1.800062E-02   1.800089E-02
   1.800122E-02   1.800118E-02   1.800095E-02   1.800100E-02   1.800289E-02
   1.800305E-02   1.800105E-02   1.800070E-02   1.800039E-02   1.800024E-02
   1.800015E-02   1.800012E-02   1.800191E-02   1.800176E-02   1.800107E-02
   1.800086E-02   1.800071E-02   1.800039E-02   1.800052E-02   1.800052E-02
   1.800061E-02   1.800169E-02   1.800137E-02   1.800029E-02   1.800026E-02
   1.800013E-02   1.800009E-02   1.800008E-02   1.800258E-02   1.800270E-02
   1.800205E-02   1.800056E-02   1.800099E-02   1.800055E-02   1.800004E-02
   1.800004E-02   1.800005E-02   1.800007E-02   1.800006E-02   1.800003E-02
   1.800002E-02   1.800001E-02   1.800001E-02   1.800001E-02   3.600010E-02
   3.600041E-02   3.600144E-02   3.600201E-02   3.600132E-02   3.600056E-02
   3.600243E-02   3.600357E-02   3.600143E-02   3.600076E-02   3.600064E-02
   3.600035E-02   3.600022E-02   3.600015E-02   3.600012E-02   3.600061E-02
   3.600064E-02   3.600064E-02   3.600090E-02   3.600121E-02   3.600117E-02
   3.600095E-02   3.600103E-02   3.600281E-02   3.600294E-02   3.600106E-02
   3.600070E-02   3.600040E-02   3.600024E-02   3.600016E-02   3.600012E-02
   3.600188E-02   3.600174E-02   3.600109E-02   3.600087E-02   3.600072E-02
   3.600042E-02   3.600053E-02   3.600054E-02   3.600065E-02   3.600166E-02
   3.600134E-02   3.600031E-02   3.600026E-02   3.600014E-02   3.600009E-02
   3.600008E-02   3.600253E-02   3.600263E-02   3.600200E-02   3.600060E-02
   3.600097E-02   3.600056E-02   3.600008E-02   3.600008E-02   3.600009E-02
   3.600013E-02   3.600010E-02   3.600005E-02   3.600004E-02   3.600002E-02
   3.600002E-02   3.600001E-02   6.000016E-02   6.000046E-02   6.000140E-02
   6.000193E-02   6.000130E-02   6.000062E-02   6.000233E-02   6.000342E-02
   6.000148E-02   6.000079E-02   6.000064E-02   6.000036E-02   6.000023E-02
   6.000015E-02   6.000013E-02   6.000067E-02   6.000069E-02   6.000067E-02
   6.000091E-02   6.000120E-02   6.000115E-02   6.000095E-02   6.000107E-02
   6.000270E-02   6.000281E-02   6.000107E-02   6.000069E-02   6.000040E-02
   6.000024E-02   6.000016E-02   6.000013E-02   6.000184E-02   6.000171E-02
   6.000110E-02   6.000088E-02   6.000074E-02   6.000046E-02   6.000054E-02
   6.000056E-02   6.000069E-02   6.000161E-02   6.000129E-02   6.000034E-02
   6.000027E-02   6.000015E-02   6.000010E-02   6.000009E-02   6.000245E-02
   6.000254E-02   6.000194E-02   6.000065E-02   6.000096E-02   6.000057E-02
   6.000013E-02   6.000013E-02   6.000015E-02   6.000020E-02   6.000016E-02
   6.000009E-02   6.000006E-02   6.000004E-02   6.000003E-02   6.000002E-02
   9.000023E-02   9.000050E-02   9.000136E-02   9.000184E-02   9.000128E-02
   9.000069E-02   9.000223E-02   9.000324E-02   9.000152E-02   9.000082E-02
   9.000065E-02   9.000037E-02   9.000023E-02   9.000015E-02   9.000013E-02
   9.000073E-02   9.000073E-02   9.000070E-02   9.000093E-02   9.000119E-02
   9.000114E-02   9.000095E-02   9.000111E-02   9.000258E-02   9.000266E-02
   9.000108E-02   9.000069E-02   9.000040E-02   9.000025E-02   9.000016E-02
   9.000013E-02   9.000180E-02   9.000168E-02   9.000112E-02   9.000089E-02
   9.000076E-02   9.000050E-02   9.000056E-02   9.000059E-02   9.000074E-02
   9.000155E-02   9.000124E-02   9.000037E-02   9.000028E-02   9.000015E-02
   9.000010E-02   9.000009E-02   9.000237E-02   9.000244E-02   9.000186E-02
   9.000071E-02   9.000095E-02   9.000058E-02   9.000019E-02   9.000018E-02
   9.000021E-02   9.000028E-02   9.000023E-02   9.000012E-02   9.000009E-02
   9.000006E-02   9.000004E-02   9.000003E-02   1.200003E-01   1.200006E-01
   1.200013E-01   1.200018E-01   1.200013E-01   1.200007E-01   1.200021E-01
   1.200031E-01   1.200015E-01   1.200008E-01   1.200006E-01   1.200004E-01
   1.200002E-01   1.200002E-01   1.200001E-01   1.200008E-01   1.200008E-01
   1.200007E-01   1.200009E-01   1.200012E-01   1.200011E-01   1.200010E-01
   1.200011E-01   1.200025E-01   1.200025E-01   1.200011E-01   1.200007E-01
   1.200004E-01   1.200003E-01   1.200002E-01   1.200001E-01   1.200018E-01
   1.200016E-01   1.200011E-01   1.200009E-01   1.200008E-01   1.200005E-01
   1.200006E-01   1.200006E-01   1.200008E-01   1.200015E-01   1.200012E-01
   1.200004E-01   1.200003E-01   1.200002E-01   1.200001E-01   1.200001E-01
   1.200023E-01   1.200023E-01   1.200018E-01   1.200008E-01   1.200009E-01
   1.200006E-01   1.200002E-01   1.200002E-01   1.200003E-01   1.200004E-01
   1.200003E-01   1.200002E-01   1.200001E-01   1.200001E-01   1.200001E-01
   1.200000E-01   1.800004E-01   1.800006E-01   1.800013E-01   1.800016E-01
   1.800012E-01   1.800008E-01   1.800020E-01   1.800028E-01   1.800016E-01
   1.800009E-01   1.800007E-01   1.800004E-01   1.800003E-01   1.800002E-01
   1.800001E-01   1.800009E-01   1.800009E-01   1.800008E-01   1.800010E-01
   1.800012E-01   1.800011E-01   1.800010E-01   1.800012E-01   1.800023E-01
   1.800023E-01   1.800011E-01   1.800007E-01   1.800004E-01   1.800003E-01
   1.800002E-01   1.800001E-01   1.800017E-01   1.800016E-01   1.800012E-01
   1.800009E-01   1.800008E-01   1.800006E-01   1.800006E-01   1.800007E-01
   1.800009E-01   1.800014E-01   1.800011E-01   1.800004E-01   1.800003E-01
   1.800002E-01   1.800001E-01   1.800001E-01   1.800021E-01   1.800022E-01
   1.800017E-01   1.800008E-01   1.800009E-01   1.800006E-01   1.800003E-01
   1.800003E-01   1.800004E-01   1.800005E-01   1.800004E-01   1.800002E-01
   1.800002E-01   1.800001E-01   1.800001E-01   1.800001E-01   2.400005E-01
   2.400007E-01   2.400012E-01   2.400015E-01   2.400012E-01   2.400009E-01
   2.400018E-01   2.400025E-01   2.400016E-01   2.400009E-01   2.400007E-01
   2.400004E-01   2.400003E-01   2.400002E-01   2.400001E-01   2.400010E-01
   2.400009E-01   2.400009E-01   2.400010E-01   2.400011E-01   2.400011E-01
   2.400010E-01   2.400012E-01   2.400021E-01   2.400021E-01   2.400011E-01
   2.400007E-01   2.400004E-01   2.400003E-01   2.400002E-01   2.400001E-01
   2.400016E-01   2.400015E-01   2.400012E-01   2.400010E-01   2.400009E-01
   2.400007E-01   2.400007E-01   2.400007E-01   2.400009E-01   2.400013E-01
   2.400011E-01   2.400005E-01   2.400003E-01   2.400002E-01   2.400001E-01
   2.400001E-01   2.400020E-01   2.400020E-01   2.400016E-01   2.400009E-01
   2.400009E-01   2.400007E-01   2.400004E-01   2.400004E-01   2.400005E-01
   2.400006E-01   2.400005E-01   2.400003E-01   2.400002E-01   2.400001E-01
   2.400001E-01   2.400001E-01   3.900007E-01   3.900008E-01   3.900012E-01
   3.900013E-01   3.900012E-01   3.900010E-01   3.900016E-01   3.900021E-01
   3.900015E-01   3.900010E-01   3.900007E-01   3.900004E-01   3.900003E-01
   3.900002E-01   3.900002E-01   3.900011E-01   3.900010E-01   3.900010E-01
   3.900010E-01   3.900011E-01   3.900011E-01   3.900010E-01   3.900012E-01
   3.900018E-01   3.900017E-01   3.900011E-01   3.900007E-01   3.900004E-01
   3.900003E-01   3.900002E-01   3.900002E-01   3.900015E-01   3.900015E-01
   3.900012E-01   3.900010E-01   3.900009E-01   3.900008E-01   3.900007E-01
   3.900008E-01   3.900010E-01   3.900012E-01   3.900010E-01   3.900005E-01
   3.900004E-01   3.900002E-01   3.900002E-01   3.900001E-01   3.900018E-01
   3.900017E-01   3.900014E-01   3.900010E-01   3.900009E-01   3.900007E-01
   3.900006E-01   3.900006E-01   3.900007E-01   3.900007E-01   3.900006E-01
   3.900004E-01   3.900003E-01   3.900002E-01   3.900001E-01   3.900001E-01
   5.400009E-01   5.400009E-01   5.400011E-01   5.400012E-01   5.400011E-01
   5.400011E-01   5.400014E-01   5.400017E-01   5.400014E-01   5.400010E-01
   5.400007E-01   5.400005E-01   5.400003E-01   5.400002E-01   5.400002E-01
   5.400012E-01   5.400011E-01   5.400010E-01   5.400011E-01   5.400011E-01
   5.400010E-01   5.400010E-01   5.400012E-01   5.400015E-01   5.400015E-01
   5.400010E-01   5.400007E-01   5.400005E-01   5.400003E-01   5.400002E-01
   5.400002E-01   5.400014E-01   5.400014E-01   5.400012E-01   5.400010E-01
   5.400010E-01   5.400009E-01   5.400008E-01   5.400009E-01   5.400010E-01
   5.400011E-01   5.400009E-01   5.400006E-01   5.400004E-01   5.400003E-01
   5.400002E-01   5.400002E-01   5.400016E-01   5.400016E-01   5.400013E-01
   5.400011E-01   5.400010E-01   5.400008E-01   5.400007E-01   5.400007E-01
   5.400008E-01   5.400008E-01   5.400007E-01   5.400005E-01   5.400003E-01
   5.400002E-01   5.400002E-01   5.400001E-01   8.400011E-01   8.400011E-01
   8.400011E-01   8.400011E-01   8.400011E-01   8.400011E-01   8.400012E-01
   8.400013E-01   8.400012E-01   8.400009E-01   8.400007E-01   8.400005E-01
   8.400004E-01   8.400003E-01   8.400002E-01   8.400012E-01   8.400012E-01
   8.400011E-01   8.400011E-01   8.400011E-01   8.400010E-01   8.400010E-01
   8.400011E-01   8.400013E-01   8.400012E-01   8.400009E-01   8.400007E-01
   8.400005E-01   8.400004E-01   8.400003E-01   8.400002E-01   8.400013E-01
   8.400013E-01   8.400012E-01   8.400011E-01   8.400010E-01   8.400009E-01
   8.400009E-01   8.400009E-01   8.400010E-01   8.400010E-01   8.400008E-01
   8.400006E-01   8.400005E-01   8.400003E-01   8.400002E-01   8.400002E-01
   8.400014E-01   8.400014E-01   8.400013E-01   8.400011E-01   8.400010E-01
   8.400009E-01   8.400009E-01   8.400009E-01   8.400009E-01   8.400009E-01
   8.400008E-01   8.400006E-01   8.400004E-01   8.400003E-01   8.400002E-01
   8.400002E-01   1.140001E+00   1.140001E+00   1.140001E+00   1.140001E+00
   1.140001E+00   1.140001E+00   1.140001E+00   1.140001E+00   1.140001E+00
   1.140001E+00   1.140001E+00   1.140001E+00   1.140000E+00   1.140000E+00
   1.140000E+00   1.140001E+00   1.140001E+00   1.140001E+00   1.140001E+00
   1.140001E+00   1.140001E+00   1.140001E+00   1.140001E+00   1.140001E+00
   1.140001E+00   1.140001E+00   1.140001E+00   1.140001E+00   1.140000E+00
   1.140000E+00   1.140000E+00   1.140001E+00   1.140001E+00   1.140001E+00
   1.140001E+00   1.140001E+00   1.140001E+00   1.140001E+00   1.140001E+00
   1.140001E+00   1.140001E+00   1.140001E+00   1.140001E+00   1.140000E+00
   1.140000E+00   1.140000E+00   1.140000E+00   1.140001E+00   1.140001E+00
   1.140001E+00   1.140001E+00   1.140001E+00   1.140001E+00   1.140001E+00
   1.140001E+00   1.140001E+00   1.140001E+00   1.140001E+00   1.140001E+00
   1.140000E+00   1.140000E+00   1.140000E+00   1.140000E+00   1.740001E+00
   1.740001E+00   1.740001E+00   1.740001E+00   1.740001E+00   1.740001E+00
   1.740001E+00   1.740001E+00   1.740001E+00   1.740001E+00   1.740001E+00
   1.740001E+00   1.740000E+00   1.740000E+00   1.740000E+00   1.740001E+00
   1.740001E+00   1.740001E+00   1.740001E+00   1.740001E+00   1.740001E+00
   1.740001E+00   1.740001E+00   1.740001E+00   1.740001E+00   1.740001E+00
   1.740001E+00   1.740001E+00   1.740000E+00   1.740000E+00   1.740000E+00
   1.740001E+00   1.740001E+00   1.740001E+00   1.740001E+00   1.740001E+00
   1.740001E+00   1.740001E+00   1.740001E+00   1.740001E+00   1.740001E+00
   1.740001E+00   1.740001E+00   1.740001E+00   1.740000E+00   1.740000E+00
   1.740000E+00   1.740001E+00   1.740001E+00   1.740001E+00   1.740001E+00
   1.740001E+00   1.740001E+00   1.740001E+00   1.740001E+00   1.740001E+00
   1.740001E+00   1.740001E+00   1.740001E+00   1.740001E+00   1.740000E+00
   1.740000E+00   1.740000E+00   2.340001E+00   2.340001E+00   2.340001E+00
   2.340001E+00   2.340001E+00   2.340001E+00   2.340001E+00   2.340001E+00
   2.340001E+00   2.340001E+00   2.340001E+00   2.340001E+00   2.340000E+00
   2.340000E+00   2.340000E+00   2.340001E+00   2.340001E+00   2.340001E+00
   2.340001E+00   2.340001E+00   2.340001E+00   2.340001E+00   2.340001E+00
   2.340001E+00   2.340001E+00   2.340001E+00   2.340001E+00   2.340001E+00
   2.340000E+00   2.340000E+00   2.340000E+00   2.340001E+00   2.340001E+00
   2.340001E+00   2.340001E+00   2.340001E+00   2.340001E+00   2.340001E+00
   2.340001E+00   2.340001E+00   2.340001E+00   2.340001E+00   2.340001E+00
   2.340001E+00   2.340000E+00   2.340000E+00   2.340000E+00   2.340001E+00
   2.340001E+00   2.340001E+00   2.340001E+00   2.340001E+00   2.340001E+00
   2.340001E+00   2.340001E+00   2.340001E+00   2.340001E+00   2.340001E+00
   2.340001E+00   2.340001E+00   2.340000E+00   2.340000E+00   2.340000E+00
   3.000001E+00   3.000001E+00   3.000001E+00   3.000001E+00   3.000001E+00
   3.000001E+00   3.000001E+00   3.000001E+00   3.000001E+00   3.000001E+00
   3.000001E+00   3.000001E+00   3.000000E+00   3.000000E+00   3.000000E+00
   3.000001E+00   3.000001E+00   3.000001E+00   3.000001E+00   3.000001E+00
   3.000001E+00   3.000001E+00   3.000001E+00   3.000001E+00   3.000001E+00
   3.000001E+00   3.000001E+00   3.000001E+00   3.000000E+00   3.000000E+00
   3.000000E+00   3.000001E+00   3.000001E+00   3.000001E+00   3.000001E+00
   3.000001E+00   3.000001E+00   3.000001E+00   3.000001E+00   3.000001E+00
   3.000001E+00   3.000001E+00   3.000001E+00   3.000001E+00   3.000000E+00
   3.000000E+00   3.000000E+00   3.000001E+00   3.000001E+00   3.000001E+00
   3.000001E+00   3.000001E+00   3.000001E+00   3.000001E+00   3.000001E+00
   3.000001E+00   3.000001E+00   3.000001E+00   3.000001E+00   3.000001E+00
   3.000000E+00   3.000000E+00   3.000000E+00
    423  3.60000000E+03     NSTEP   TIME
   3.831990E-09   3.472553E-07   1.499002E-06   2.129906E-06   1.344645E-06
   4.499409E-07   2.577026E-06   3.820752E-06   1.347134E-06   7.179887E-07
   6.384777E-07   3.353286E-07   2.147188E-07   1.401392E-07   1.196152E-07
   5.238842E-07   5.776940E-07   5.945120E-07   8.743432E-07   1.221944E-06
   1.195620E-06   9.573039E-07   9.699393E-07   2.974068E-06   3.161892E-06
   1.033873E-06   7.066260E-07   3.910866E-07   2.361256E-07   1.535020E-07
   1.202495E-07   1.931931E-06   1.780043E-06   1.060345E-06   8.570516E-07
   6.924678E-07   3.637380E-07   5.053843E-07   5.006788E-07   5.629553E-07
   1.732766E-06   1.414787E-06   2.700617E-07   2.539506E-07   1.264700E-07
   8.584982E-08   8.113171E-08   2.636574E-06   2.774722E-06   2.108810E-06
   5.174045E-07   1.002770E-06   5.416072E-07   3.333487E-09   3.045268E-09
   3.551361E-09   5.117383E-09   4.208063E-09   2.066759E-09   1.447203E-09
   9.499562E-10   6.357068E-10   4.203010E-10   6.000020E-03   6.000358E-03
   6.001489E-03   6.002110E-03   6.001340E-03   6.000469E-03   6.002553E-03
   6.003782E-03   6.001365E-03   6.000726E-03   6.000639E-03   6.000337E-03
   6.000216E-03   6.000141E-03   6.000120E-03   6.000539E-03   6.000589E-03
   6.000602E-03   6.000878E-03   6.001221E-03   6.001191E-03   6.000956E-03
   6.000982E-03   6.002948E-03   6.003127E-03   6.001039E-03   6.000705E-03
   6.000392E-03   6.000237E-03   6.000154E-03   6.000121E-03   6.001924E-03
   6.001774E-03   6.001065E-03   6.000858E-03   6.000697E-03   6.000374E-03
   6.000509E-03   6.000506E-03   6.000578E-03   6.001721E-03   6.001402E-03
   6.000278E-03   6.000255E-03   6.000128E-03   6.000087E-03   6.000082E-03
   6.002621E-03   6.002753E-03   6.002091E-03   6.000532E-03   6.000997E-03
   6.000544E-03   6.000017E-03   6.000016E-03   6.000019E-03   6.000027E-03
   6.000022E-03   6.000011E-03   6.000008E-03   6.000005E-03   6.000003E-03
   6.000002E-03   1.800005E-02   1.800038E-02   1.800147E-02   1.800207E-02
   1.800133E-02   1.800051E-02   1.800250E-02   1.800370E-02   1.800139E-02
   1.800074E-02   1.800064E-02   1.800034E-02   1.800022E-02   1.800014E-02
   1.800012E-02   1.800057E-02   1.800061E-02   1.800062E-02   1.800089E-02
   1.800122E-02   1.800118E-02   1.800095E-02   1.800100E-02   1.800289E-02
   1.800305E-02   1.800105E-02   1.800070E-02   1.800039E-02   1.800024E-02
   1.800015E-02   1.800012E-02   1.800191E-02   1.800176E-02   1.800107E-02
   1.800086E-02   1.800071E-02   1.800039E-02   1.800052E-02   1.800052E-02
   1.800061E-02   1.800169E-02   1.800137E-02   1.800029E-02   1.800026E-02
   1.800013E-02   1.800009E-02   1.800008E-02   1.800258E-02   1.800270E-02
   1.800205E-02   1.800056E-02   1.800099E-02   1.800055E-02   1.800004E-02
   1.800004E-02   1.800005E-02   1.800007E-02   1.800006E-02   1.800003E-02
   1.800002E-02   1.800001E-02   1.800001E-02   1.800001E-02   3.600010E-02
   3.600041E-02   3.600144E-02   3.600201E-02   3.600132E-02   3.600056E-02
   3.600243E-02   3.600357E-02   3.600143E-02   3.600076E-02   3.600064E-02
   3.600035E-02   3.600022E-02   3.600015E-02   3.600012E-02   3.600061E-02
   3.600064E-02   3.600064E-02   3.600090E-02   3.600121E-02   3.600117E-02
   3.600095E-02   3.600103E-02   3.600281E-02   3.600294E-02   3.600106E-02
   3.600070E-02   3.600040E-02   3.600024E-02   3.600016E-02   3.600012E-02
   3.600188E-02   3.600174E-02   3.600109E-02   3.600087E-02   3.600072E-02
   3.600042E-02   3.600053E-02   3.600054E-02   3.600065E-02   3.600166E-02
   3.600134E-02   3.600031E-02   3.600026E-02   3.600014E-02   3.600009E-02
   3.600008E-02   3.600253E-02   3.600263E-02   3.600200E-02   3.600060E-02
   3.600097E-02   3.600056E-02   3.600008E-02   3.600008E-02   3.600009E-02
   3.600013E-02   3.600010E-02   3.600005E-02   3.600004E-02   3.600002E-02
   3.600002E-02   3.600001E-02   6.000016E-02   6.000046E-02   6.000140E-02
   6.000193E-02   6.000130E-02   6.000062E-02   6.000233E-02   6.000342E-02
   6.000148E-02   6.000079E-02   6.000064E-02   6.000036E-02   6.000023E-02
   6.000015E-02   6.000013E-02   6.000067E-02   6.000069E-02   6.000067E-02
   6.000091E-02   6.000120E-02   6.000115E-02   6.000095E-02   6.000107E-02
   6.000270E-02   6.000281E-02   6.000107E-02   6.000069E-02   6.000040E-02
   6.000024E-02   6.000016E-02   6.000013E-02   6.000184E-02   6.000171E-02
   6.000110E-02   6.000088E-02   6.000074E-02   6.000046E-02   6.000054E-02
   6.000056E-02   6.000069E-02   6.000161E-02   6.000129E-02   6.000034E-02
   6.000027E-02   6.000015E-02   6.000010E-02   6.000009E-02   6.000245E-02
   6.000254E-02   6.000194E-02   6.000065E-02   6.000096E-02   6.000057E-02
   6.000013E-02   6.000013E-02   6.000015E-02   6.000020E-02   6.000016E-02
   6.000009E-02   6.000006E-02   6.000004E-02   6.000003E-02   6.000002E-02
   9.000023E-02   9.000050E-02   9.000136E-02   9.000184E-02   9.000128E-02
   9.000069E-02   9.000223E-02   9.000324E-02   9.000152E-02   9.000082E-02
   9.000065E-02   9.000037E-02   9.000023E-02   9.000015E-02   9.000013E-02
   9.000073E-02   9.000073E-02   9.000070E-02   9.000093E-02   9.000119E-02
   9.000114E-02   9.000095E-02   9.000111E-02   9.000258E-02   9.000266E-02
   9.000108E-02   9.000069E-02   9.000040E-02   9.000025E-02   9.000016E-02
   9.000013E-02   9.000180E-02   9.000168E-02   9.000112E-02   9.000089E-02
   9.000076E-02   9.000050E-02   9.000056E-02   9.000059E-02   9.000074E-02
   9.000155E-02   9.000124E-02   9.000037E-02   9.000028E-02   9.000015E-02
   9.000010E-02   9.000009E-02   9.000237E-02   9.000244E-02   9.000186E-02
   9.000071E-02   9.000095E-02   9.000058E-02   9.000019E-02   9.000018E-02
   9.000021E-02   9.000028E-02   9.000023E-02   9.000012E-02   9.000009E-02
   9.000006E-02   9.000004E-02   9.000003E-02   1.200003E-01   1.200006E-01
   1.200013E-01   1.200018E-01   1.200013E-01   1.200007E-01   1.200021E-01
   1.200031E-01   1.200015E-01   1.200008E-01   1.200006E-01   1.200004E-01
   1.200002E-01   1.200002E-01   1.200001E-01   1.200008E-01   1.200008E-01
   1.200007E-01   1.200009E-01   1.200012E-01   1.200011E-01   1.200010E-01
   1.200011E-01   1.200025E-01   1.200025E-01   1.200011E-01   1.200007E-01
   1.200004E-01   1.200003E-01   1.200002E-01   1.200001E-01   1.200018E-01
   1.200016E-01   1.200011E-01   1.200009E-01   1.200008E-01   1.200005E-01
   1.200006E-01   1.200006E-01   1.200008E-01   1.200015E-01   1.200012E-01
   1.200004E-01   1.200003E-01   1.200002E-01   1.200001E-01   1.200001E-01
   1.200023E-01   1.200023E-01   1.200018E-01   1.200008E-01   1.200009E-01
   1.200006E-01   1.200002E-01   1.200002E-01   1.200003E-01   1.200004E-01
   1.200003E-01   1.200002E-01   1.200001E-01   1.200001E-01   1.200001E-01
   1.200000E-01   1.800004E-01   1.800006E-01   1.800013E-01   1.800016E-01
   1.800012E-01   1.800008E-01   1.800020E-01   1.800028E-01   1.800016E-01
   1.800009E-01   1.800007E-01   1.800004E-01   1.800003E-01   1.800002E-01
   1.800001E-01   1.800009E-01   1.800009E-01   1.800008E-01   1.800010E-01
   1.800012E-01   1.800011E-01   1.800010E-01   1.800012E-01   1.800023E-01
   1.800023E-01   1.800011E-01   1.800007E-01   1.800004E-01   1.800003E-01
   1.800002E-01   1.800001E-01   1.800017E-01   1.800016E-01   1.800012E-01
   1.800009E-01   1.800008E-01   1.800006E-01   1.800006E-01   1.800007E-01
   1.800009E-01   1.800014E-01   1.800011E-01   1.800004E-01   1.800003E-01
   1.800002E-01   1.800001E-01   1.800001E-01   1.800021E-01   1.800022E-01
   1.800017E-01   1.800008E-01   1.800009E-01   1.800006E-01   1.800003E-01
   1.800003E-01   1.800004E-01   1.800005E-01   1.800004E-01   1.800002E-01
   1.800002E-01   1.800001E-01   1.800001E-01   1.800001E-01   2.400005E-01
   2.400007E-01   2.400012E-01   2.400015E-01   2.400012E-01   2.400009E-01
   2.400018E-01   2.400025E-01   2.400016E-01   2.400009E-01   2.400007E-01
   2.400004E-01   2.400003E-01   2.400002E-01   2.400001E-01   2.400010E-01
   2.400009E-01   2.400009E-01   2.400010E-01   2.400011E-01   2.400011E-01
   2.400010E-01   2.400012E-01   2.400021E-01   2.400021E-01   2.400011E-01
   2.400007E-01   2.400004E-01   2.400003E-01   2.400002E-01   2.400001E-01
   2.400016E-01   2.400015E-01   2.400012E-01   2.400010E-01   2.400009E-01
   2.400007E-01   2.400007E-01   2.400007E-01   2.400009E-01   2.400013E-01
   2.400011E-01   2.400005E-01   2.400003E-01   2.400002E-01   2.400001E-01
   2.400001E-01   2.400020E-01   2.400020E-01   2.400016E-01   2.400009E-01
   2.400009E-01   2.400007E-01   2.400004E-01   2.400004E-01   2.400005E-01
   2.400006E-01   2.400005E-01   2.400003E-01   2.400002E-01   2.400001E-01
   2.400001E-01   2.400001E-01   3.900007E-01   3.900008E-01   3.900012E-01
   3.900013E-01   3.900012E-01   3.900010E-01   3.900016E-01   3.900021E-01
   3.900015E-01   3.900010E-01   3.900007E-01   3.900004E-01   3.900003E-01
   3.900002E-01   3.900002E-01   3.900011E-01   3.900010E-01   3.900010E-01
   3.900010E-01   3.900011E-01   3.900011E-01   3.900010E-01   3.900012E-01
   3.900018E-01   3.900017E-01   3.900011E-01   3.900007E-01   3.900004E-01
   3.900003E-01   3.900002E-01   3.900002E-01   3.900015E-01   3.900015E-01
   3.900012E-01   3.900010E-01   3.900009E-01   3.900008E-01   3.900007E-01
   3.900008E-01   3.900010E-01   3.900012E-01   3.900010E-01   3.900005E-01
   3.900004E-01   3.900002E-01   3.900002E-01   3.900001E-01   3.900018E-01
   3.900017E-01   3.900014E-01   3.900010E-01   3.900009E-01   3.900007E-01
   3.900006E-01   3.900006E-01   3.900007E-01   3.900007E-01   3.900006E-01
   3.900004E-01   3.900003E-01   3.900002E-01   3.900001E-01   3.900001E-01
   5.400009E-01   5.400009E-01   5.400011E-01   5.400012E-01   5.400011E-01
   5.400011E-01   5.400014E-01   5.400017E-01   5.400014E-01   5.400010E-01
   5.400007E-01   5.400005E-01   5.400003E-01   5.400002E-01   5.400002E-01
   5.400012E-01   5.400011E-01   5.400010E-01   5.400011E-01   5.400011E-01
   5.400010E-01   5.400010E-01   5.400012E-01   5.400015E-01   5.400015E-01
   5.400010E-01   5.400007E-01   5.400005E-01   5.400003E-01   5.400002E-01
   5.400002E-01   5.400014E-01   5.400014E-01   5.400012E-01   5.400010E-01
   5.400010E-01   5.400009E-01   5.400008E-01   5.400009E-01   5.400010E-01
   5.400011E-01   5.400009E-01   5.400006E-01   5.400004E-01   5.400003E-01
   5.400002E-01   5.400002E-01   5.400016E-01   5.400016E-01   5.400013E-01
   5.400011E-01   5.400010E-01   5.400008E-01   5.400007E-01   5.400007E-01
   5.400008E-01   5.400008E-01   5.400007E-01   5.400005E-01   5.400003E-01
   5.400002E-01   5.400002E-01   5.400001E-01   8.400011E-01   8.400011E-01
   8.400011E-01   8.400011E-01   8.400011E-01   8.400011E-01   8.400012E-01
   8.400013E-01   8.400012E-01   8.400009E-01   8.400007E-01   8.400005E-01
   8.400004E-01   8.400003E-01   8.400002E-01   8.400012E-01   8.400012E-01
   8.400011E-01   8.400011E-01   8.400011E-01   8.400010E-01   8.400010E-01
   8.400011E-01   8.400013E-01   8.400012E-01   8.400009E-01   8.400007E-01
   8.400005E-01   8.400004E-01   8.400003E-01   8.400002E-01   8.400013E-01
   8.400013E-01   8.400012E-01   8.400011E-01   8.400010E-01   8.400009E-01
   8.400009E-01   8.400009E-01   8.400010E-01   8.400010E-01   8.400008E-01
   8.400006E-01   8.400005E-01   8.400003E-01   8.400002E-01   8.400002E-01
   8.400014E-01   8.400014E-01   8.400013E-01   8.400011E-01   8.400010E-01
   8.400009E-01   8.400009E-01   8.400009E-01   8.400009E-01   8.400009E-01
   8.400008E-01   8.400006E-01   8.400004E-01   8.400003E-01   8.400002E-01
   8.400002E-01   1.140001E+00   1.140001E+00   1.140001E+00   1.140001E+00
   1.140001E+00   1.140001E+00   1.140001E+00   1.140001E+00   1.140001E+00
   1.140001E+00   1.140001E+00   1.140001E+00   1.140000E+00   1.140000E+00
   1.140000E+00   1.140001E+00   1.140001E+00   1.140001E+00   1.140001E+00
   1.140001E+00   1.140001E+00   1.140001E+00   1.140001E+00   1.140001E+00
   1.140001E+00   1.140001E+00   1.140001E+00   1.140001E+00   1.140000E+00
   1.140000E+00   1.140000E+00   1.140001E+00   1.140001E+00   1.140001E+00
   1.140001E+00   1.140001E+00   1.140001E+00   1.140001E+00   1.140001E+00
   1.140001E+00   1.140001E+00   1.140001E+00   1.140001E+00   1.140000E+00
   1.140000E+00   1.140000E+00   1.140000E+00   1.140001E+00   1.140001E+00
   1.140001E+00   1.140001E+00   1.140001E+00   1.140001E+00   1.140001E+00
   1.140001E+00   1.140001E+00   1.140001E+00   1.140001E+00   1.140001E+00
   1.140000E+00   1.140000E+00   1.140000E+00   1.140000E+00   1.740001E+00
   1.740001E+00   1.740001E+00   1.740001E+00   1.740001E+00   1.740001E+00
   1.740001E+00   1.740001E+00   1.740001E+00   1.740001E+00   1.740001E+00
   1.740001E+00   1.740000E+00   1.740000E+00   1.740000E+00   1.740001E+00
   1.740001E+00   1.740001E+00   1.740001E+00   1.740001E+00   1.740001E+00
   1.740001E+00   1.740001E+00   1.740001E+00   1.740001E+00   1.740001E+00
   1.740001E+00   1.740001E+00   1.740000E+00   1.740000E+00   1.740000E+00
   1.740001E+00   1.740001E+00   1.740001E+00   1.740001E+00   1.740001E+00
   1.740001E+00   1.740001E+00   1.740001E+00   1.740001E+00   1.740001E+00
   1.740001E+00   1.740001E+00   1.740001E+00   1.740000E+00   1.740000E+00
   1.740000E+00   1.740001E+00   1.740001E+00   1.740001E+00   1.740001E+00
   1.740001E+00   1.740001E+00   1.740001E+00   1.740001E+00   1.740001E+00
   1.740001E+00   1.740001E+00   1.740001E+00   1.740001E+00   1.740000E+00
   1.740000E+00   1.740000E+00   2.340001E+00   2.340001E+00   2.340001E+00
   2.340001E+00   2.340001E+00   2.340001E+00   2.340001E+00   2.340001E+00
   2.340001E+00   2.340001E+00   2.340001E+00   2.340001E+00   2.340000E+00
   2.340000E+00   2.340000E+00   2.340001E+00   2.340001E+00   2.340001E+00
   2.340001E+00   2.340001E+00   2.340001E+00   2.340001E+00   2.340001E+00
   2.340001E+00   2.340001E+00   2.340001E+00   2.340001E+00   2.340001E+00
   2.340000E+00   2.340000E+00   2.340000E+00   2.340001E+00   2.340001E+00
   2.340001E+00   2.340001E+00   2.340001E+00   2.340001E+00   2.340001E+00
   2.340001E+00   2.340001E+00   2.340001E+00   2.340001E+00   2.340001E+00
   2.340001E+00   2.340000E+00   2.340000E+00   2.340000E+00   2.340001E+00
   2.340001E+00   2.340001E+00   2.340001E+00   2.340001E+00   2.340001E+00
   2.340001E+00   2.340001E+00   2.340001E+00   2.340001E+00   2.340001E+00
   2.340001E+00   2.340001E+00   2.340000E+00   2.340000E+00   2.340000E+00
   3.000001E+00   3.000001E+00   3.000001E+00   3.000001E+00   3.000001E+00
   3.000001E+00   3.000001E+00   3.000001E+00   3.000001E+00   3.000001E+00
   3.000001E+00   3.000001E+00   3.000000E+00   3.000000E+00   3.000000E+00
   3.000001E+00   3.000001E+00   3.000001E+00   3.000001E+00   3.000001E+00
   3.000001E+00   3.000001E+00   3.000001E+00   3.000001E+00   3.000001E+00
   3.000001E+00   3.000001E+00   3.000001E+00   3.000000E+00   3.000000E+00
   3.000000E+00   3.000001E+00   3.000001E+00   3.000001E+00   3.000001E+00
   3.000001E+00   3.000001E+00   3.000001E+00   3.000001E+00   3.000001E+00
   3.000001E+00   3.000001E+00   3.000001E+00   3.000001E+00   3.000000E+00
   3.000000E+00   3.000000E+00   3.000001E+00   3.000001E+00   3.000001E+00
   3.000001E+00   3.000001E+00   3.000001E+00   3.000001E+00   3.000001E+00
   3.000001E+00   3.000001E+00   3.000001E+00   3.000001E+00   3.000001E+00
   3.000000E+00   3.000000E+00   3.000000E+00
