      0  0.00000000E+00     NSTEP   TIME
  -1.710806E-11  -6.110001E-12  -1.876723E-16
  -2.444002E-11  -1.222000E-11  -1.459540E-16
  -2.932798E-11  -1.222000E-11   4.192180E-17
  -2.932800E-11  -1.222000E-11   8.371837E-17
  -2.932800E-11  -1.222000E-11   1.565414E-19
  -2.932800E-11  -1.222001E-11  -1.251027E-16
  -2.932802E-11  -1.222002E-11  -2.920385E-16
  -2.932802E-11  -1.222002E-11  -1.667375E-16
  -2.932800E-11  -1.221998E-11  -4.276921E-16
  -2.932800E-11  -1.222002E-11   2.619460E-17
  -2.932798E-11  -1.222004E-11  -4.695878E-16
  -2.932800E-11  -1.222004E-11  -7.461809E-16
  -2.932800E-11  -1.222000E-11  -2.608085E-16
  -2.932800E-11  -1.221996E-11   5.846197E-16
  -2.932802E-11  -1.222000E-11  -3.128376E-16
  -2.932800E-11  -1.221996E-11  -6.473354E-16
  -2.932798E-11  -1.221996E-11   7.099155E-16
  -2.077395E-11  -9.164980E-12   2.922211E-16
  -9.775951E-12   0.000000E+00  -8.348877E-20
   2.444050E-12   4.277000E-11  -2.038170E-17
  -8.146681E-12   2.036667E-11   7.555734E-18
  -2.036665E-11  -2.036666E-12   3.843962E-19
  -2.932800E-11  -8.146669E-12  -1.331298E-17
  -2.932799E-11  -8.146666E-12   2.760695E-17
  -2.932799E-11  -8.146664E-12   3.494005E-17
  -2.932800E-11  -8.146671E-12  -1.381043E-17
  -2.932801E-11  -8.146674E-12  -1.676402E-16
  -2.932801E-11  -8.146667E-12   1.072309E-17
  -2.932801E-11  -8.146633E-12   6.721542E-17
  -2.932801E-11  -8.146646E-12   2.275417E-17
  -2.932798E-11  -8.146702E-12   1.396002E-17
  -2.932798E-11  -8.146695E-12   1.049871E-17
  -2.932801E-11  -8.146633E-12  -7.281091E-17
  -2.932801E-11  -8.146639E-12   1.949167E-16
  -2.932802E-11  -8.146681E-12  -2.883702E-16
  -2.932798E-11  -8.146681E-12   1.164703E-16
  -2.932799E-11  -8.146639E-12   8.700748E-17
  -2.443997E-11  -8.146626E-12   4.697878E-16
  -1.283097E-11  -4.582553E-12   1.565936E-16
   4.887996E-12   6.110000E-11   2.086176E-17
   8.146347E-13   5.091666E-11   2.130355E-17
  -1.221998E-11   3.055000E-11   5.647146E-17
  -2.688398E-11   6.109995E-12   2.148444E-17
  -2.932798E-11  -1.732130E-18   6.978792E-17
  -2.932800E-11   3.478699E-18   4.146087E-17
  -2.932799E-11  -3.485918E-18   8.356008E-17
  -2.932799E-11  -1.391225E-17   6.278182E-17
  -2.932799E-11  -6.962069E-18   1.159346E-16
  -2.932800E-11   1.391310E-17   2.193737E-16
  -2.932802E-11   2.782959E-17   2.384909E-16
  -2.932801E-11   6.957398E-18   9.566944E-17
  -2.932801E-11  -1.391012E-17  -1.634293E-16
  -2.932801E-11   5.566215E-17  -6.757025E-17
  -2.932803E-11   2.087814E-17   2.449526E-17
  -2.932800E-11   2.972521E-21   9.947687E-17
  -2.932801E-11   2.972521E-21  -9.405880E-17
  -2.932799E-11  -1.391480E-17  -3.879149E-16
  -2.444002E-11   4.174736E-17  -3.564153E-16
  -1.466400E-11   2.087665E-17   2.113701E-16
   3.666023E-12   5.193500E-11  -4.191658E-17
   3.258640E-12   6.110000E-11  -3.339551E-19
  -2.444009E-12   5.498999E-11   2.059216E-17
  -1.507133E-11   2.545833E-11  -1.071961E-17
  -2.729135E-11  -1.018337E-12  -6.325840E-17
  -2.932799E-11  -4.073330E-12  -3.202838E-17
  -2.932798E-11  -4.073337E-12  -2.773219E-17
  -2.932800E-11  -4.073348E-12  -3.811784E-17
  -2.932799E-11  -4.073348E-12   1.081162E-16
  -2.932800E-11  -4.073313E-12   6.194519E-17
  -2.932801E-11  -4.073334E-12   2.141574E-16
  -2.932801E-11  -4.073334E-12   1.393915E-17
  -2.932799E-11  -4.073348E-12  -1.043679E-16
  -2.932801E-11  -4.073292E-12  -3.564327E-16
  -2.932800E-11  -4.073327E-12   5.058724E-17
  -2.932801E-11  -4.073348E-12  -4.779976E-16
  -2.932803E-11  -4.073334E-12  -8.693442E-17
  -2.932802E-11  -4.073361E-12   1.410282E-16
  -2.484734E-11  -3.054965E-12  -1.268734E-16
  -1.466398E-11   2.087665E-17   4.826512E-16
  -2.087219E-17   2.444000E-11  -4.157741E-17
   1.832996E-12   3.207750E-11  -1.027173E-17
   5.216774E-18   3.666000E-11   2.624156E-17
  -4.276978E-12   2.902250E-11   3.143613E-17
  -2.016301E-11   1.527500E-12  -6.761808E-17
  -2.932801E-11  -1.222000E-11   2.623896E-17
  -2.932799E-11  -1.222000E-11   5.285883E-18
  -2.932797E-11  -1.222001E-11   2.107048E-17
  -2.932799E-11  -1.222001E-11   4.197398E-17
  -2.932800E-11  -1.221998E-11  -2.501898E-16
  -2.932800E-11  -1.221997E-11   9.932033E-17
  -2.932802E-11  -1.221999E-11  -5.218570E-17
  -2.932801E-11  -1.221998E-11   6.270268E-17
  -2.932800E-11  -1.222002E-11  -1.407073E-16
  -2.932801E-11  -1.222002E-11  -4.167916E-17
  -2.932801E-11  -1.221998E-11  -7.542689E-18
  -2.932802E-11  -1.222002E-11  -3.131325E-16
  -2.932802E-11  -1.222002E-11   1.827387E-16
  -2.688398E-11  -1.221998E-11  -2.058520E-17
  -1.710800E-11  -6.110014E-12  -5.078552E-16
  -1.710799E-11  -6.110001E-12  -2.069478E-17
  -2.606933E-11  -1.222000E-11  -2.072261E-17
  -2.932800E-11  -1.222001E-11   1.412004E-17
  -2.932800E-11  -1.222000E-11   7.675053E-17
  -2.932801E-11  -1.221999E-11  -1.374608E-17
  -2.932800E-11  -1.222001E-11  -1.746498E-16
  -2.932799E-11  -1.221999E-11  -4.148696E-17
  -2.932800E-11  -1.222003E-11  -6.726064E-18
  -2.932801E-11  -1.222001E-11  -7.983266E-17
  -2.932800E-11  -1.222002E-11  -1.730131E-17
  -2.932796E-11  -1.222005E-11  -2.365480E-16
  -2.932801E-11  -1.221997E-11  -1.719869E-16
  -2.932799E-11  -1.221998E-11   9.924206E-17
  -2.932801E-11  -1.222008E-11   1.418092E-17
  -2.932799E-11  -1.222007E-11   7.197428E-18
  -2.932799E-11  -1.222006E-11   3.409212E-16
  -2.932799E-11  -1.222000E-11  -1.356693E-17
  -1.792265E-11  -8.146723E-12   8.356878E-17
  -9.776055E-12  -4.175330E-17  -3.965299E-16
   2.443977E-12   4.277000E-11  -9.786449E-18
  -8.554014E-12   2.138501E-11   1.688691E-17
  -2.199601E-11   4.035267E-21   1.788225E-17
  -2.932799E-11  -6.110002E-12   3.236842E-17
  -2.932801E-11  -6.109996E-12  -1.066830E-17
  -2.932799E-11  -6.109997E-12   1.149388E-16
  -2.932798E-11  -6.110002E-12   2.795221E-17
  -2.932801E-11  -6.109995E-12  -2.802614E-17
  -2.932799E-11  -6.110007E-12   6.373324E-17
  -2.932800E-11  -6.110004E-12   1.076309E-16
  -2.932803E-11  -6.109987E-12   5.492518E-17
  -2.932799E-11  -6.110014E-12   5.219179E-17
  -2.932799E-11  -6.109990E-12   8.627521E-17
  -2.932802E-11  -6.109976E-12  -1.372199E-16
  -2.932801E-11  -6.110039E-12   7.147856E-18
  -2.932801E-11  -6.110049E-12  -1.388957E-16
  -2.932799E-11  -6.110070E-12   2.826834E-16
  -2.932799E-11  -6.109994E-12  -1.389314E-16
  -2.199599E-11  -6.110000E-12   1.689187E-16
  -1.303465E-11  -4.073306E-12  -4.871918E-17
   4.887954E-12   6.517333E-11  -2.869927E-19
  -1.740082E-17   5.499000E-11   3.861356E-18
  -1.303466E-11   3.258666E-11   2.465702E-17
  -2.688399E-11   6.109997E-12  -3.198664E-18
  -2.932802E-11  -1.738500E-18   1.673515E-17
  -2.932802E-11   3.468295E-18   9.015918E-17
  -2.932802E-11  -1.735315E-18  -3.121784E-17
  -2.932801E-11   1.739349E-18   1.119611E-16
  -2.932802E-11   0.000000E+00  -1.888151E-17
  -2.932801E-11   3.477000E-18   5.456861E-17
  -2.932803E-11   6.957398E-18  -5.025763E-17
  -2.932799E-11  -6.956761E-18   1.356762E-16
  -2.932800E-11   1.739986E-17   9.931685E-19
  -2.932800E-11   1.391628E-17   5.672366E-17
  -2.932801E-11  -2.434877E-17   1.673080E-17
  -2.932801E-11  -2.782810E-17   5.504519E-17
  -2.932800E-11  -1.391649E-17   1.861147E-16
  -2.932800E-11  -6.960370E-18  -5.975535E-17
  -2.199600E-11   1.391458E-17  -6.849558E-18
  -1.466401E-11   1.391734E-17  -2.540285E-16
   3.258664E-12   4.480667E-11   3.421300E-18
   2.443982E-12   5.499000E-11   5.052810E-18
  -2.443996E-12   4.888000E-11   5.025850E-18
  -1.547865E-11   2.036667E-11  -6.907826E-18
  -2.769867E-11  -4.073335E-12  -1.280770E-17
  -2.932800E-11  -6.109997E-12   2.904453E-17
  -2.932800E-11  -6.110002E-12   6.056154E-17
  -2.932801E-11  -6.109999E-12  -3.634979E-17
  -2.932801E-11  -6.110007E-12  -4.149044E-17
  -2.932801E-11  -6.109990E-12   8.514985E-18
  -2.932799E-11  -6.110004E-12   8.062058E-17
  -2.932801E-11  -6.109994E-12  -9.822715E-17
  -2.932799E-11  -6.109997E-12   5.407115E-17
  -2.932800E-11  -6.109987E-12  -3.894403E-17
  -2.932800E-11  -6.109976E-12   2.625896E-17
  -2.932798E-11  -6.109987E-12  -1.163120E-16
  -2.932800E-11  -6.110028E-12  -5.561222E-17
  -2.932800E-11  -6.110007E-12   1.097930E-16
  -2.281065E-11  -4.073320E-12  -1.372390E-16
  -1.466397E-11   1.391734E-17   6.432810E-17
   1.043355E-17   2.444000E-11   1.060307E-17
   1.629325E-12   3.258667E-11  -6.785202E-18
  -6.960582E-18   3.666000E-11  -2.071739E-17
  -4.888003E-12   2.851334E-11  -1.724391E-17
  -2.118132E-11  -5.200641E-18   7.186992E-18
  -2.932802E-11  -1.221999E-11  -3.463219E-17
  -2.932799E-11  -1.221999E-11   8.010748E-17
  -2.932798E-11  -1.221999E-11   8.278781E-17
  -2.932800E-11  -1.222000E-11   1.758308E-17
  -2.932802E-11  -1.221999E-11  -1.110557E-16
  -2.932802E-11  -1.221999E-11   6.977748E-17
  -2.932800E-11  -1.222001E-11  -2.429175E-17
  -2.932801E-11  -1.221997E-11  -1.771910E-16
  -2.932798E-11  -1.222002E-11   6.476815E-17
  -2.932801E-11  -1.221994E-11  -9.032789E-17
  -2.932800E-11  -1.221995E-11  -6.587960E-17
  -2.932799E-11  -1.222006E-11  -1.182427E-16
  -2.932802E-11  -1.222003E-11  -1.770971E-16
  -2.606933E-11  -1.222004E-11   6.996707E-17
  -1.710797E-11  -6.110021E-12   4.800944E-16
  -1.710800E-11  -6.110002E-12  -4.696243E-20
  -2.606930E-11  -1.222000E-11   4.162263E-17
  -2.932807E-11  -1.222001E-11  -9.053314E-17
  -2.932803E-11  -1.222000E-11  -7.131333E-20
  -2.932797E-11  -1.222000E-11   8.334093E-17
  -2.932799E-11  -1.221998E-11  -6.366541E-17
  -2.932803E-11  -1.222000E-11  -8.352878E-17
  -2.932801E-11  -1.222004E-11   1.720217E-18
  -2.932802E-11  -1.222003E-11  -2.094872E-17
  -2.932803E-11  -1.221999E-11  -5.756029E-17
  -2.932794E-11  -1.221992E-11   1.736827E-16
  -2.932803E-11  -1.221991E-11  -8.177725E-17
  -2.932797E-11  -1.222002E-11   2.728813E-16
  -2.932801E-11  -1.221999E-11  -1.391306E-17
  -2.932803E-11  -1.222003E-11  -1.948176E-16
  -2.932804E-11  -1.221999E-11  -9.768882E-17
  -2.932802E-11  -1.222004E-11  -1.356484E-16
  -1.792266E-11  -8.146681E-12  -2.801222E-17
  -9.776097E-12   1.670132E-16  -8.563756E-16
   2.443925E-12   4.277000E-11  -9.843848E-18
  -8.554009E-12   2.138500E-11  -9.371615E-18
  -2.199600E-11  -1.290712E-18   6.898260E-18
  -2.932800E-11  -6.109996E-12  -2.329859E-17
  -2.932804E-11  -6.109994E-12  -4.610667E-17
  -2.932803E-11  -6.110006E-12   3.171704E-18
  -2.932801E-11  -6.110004E-12  -1.033521E-17
  -2.932800E-11  -6.110016E-12  -4.155306E-18
  -2.932800E-11  -6.110000E-12  -2.758608E-17
  -2.932802E-11  -6.110011E-12  -1.006170E-16
  -2.932804E-11  -6.110042E-12  -8.202163E-17
  -2.932800E-11  -6.109997E-12   3.093346E-17
  -2.932801E-11  -6.109962E-12   8.468892E-18
  -2.932802E-11  -6.109973E-12  -3.587669E-17
  -2.932801E-11  -6.109987E-12  -7.202646E-18
  -2.932802E-11  -6.109973E-12  -3.320505E-17
  -2.932802E-11  -6.110056E-12  -4.725030E-17
  -2.932800E-11  -6.109952E-12   2.389170E-16
  -2.199599E-11  -6.110007E-12  -2.290462E-17
  -1.303464E-11  -4.073348E-12   6.899303E-17
   4.887934E-12   6.517333E-11   2.030516E-17
   5.217942E-18   5.499000E-11   3.136569E-17
  -1.303467E-11   3.258667E-11   1.186845E-17
  -2.688397E-11   6.110005E-12   3.799522E-17
  -2.932803E-11   8.698658E-18  -6.434897E-17
  -2.932805E-11   1.739349E-18  -4.425079E-17
  -2.932802E-11  -3.477637E-18  -6.293314E-17
  -2.932800E-11  -1.743384E-18   1.799792E-17
  -2.932797E-11  -4.246458E-21   6.630139E-17
  -2.932798E-11  -3.478699E-18   1.135795E-18
  -2.932798E-11  -3.472117E-18   7.804461E-17
  -2.932800E-11   4.523752E-17   1.161781E-16
  -2.932799E-11  -1.042293E-17   1.267847E-16
  -2.932800E-11  -3.485068E-18   6.757633E-17
  -2.932799E-11  -8.068271E-21   5.892481E-17
  -2.932801E-11   1.390694E-17   1.398533E-16
  -2.932801E-11  -4.175054E-17  -8.733795E-17
  -2.932797E-11   2.087049E-17   3.338064E-16
  -2.199601E-11  -2.087410E-17  -4.200964E-17
  -1.466393E-11  -4.174099E-17   5.717050E-16
   3.258668E-12   4.480667E-11  -7.293092E-18
   2.443996E-12   5.499000E-11  -4.057032E-18
  -2.443984E-12   4.888000E-11   4.701461E-18
  -1.547865E-11   2.036667E-11   7.022623E-18
  -2.769867E-11  -4.073328E-12  -3.238234E-17
  -2.932801E-11  -6.109999E-12  -1.663688E-17
  -2.932800E-11  -6.110004E-12  -2.946458E-18
  -2.932800E-11  -6.110002E-12  -5.416508E-17
  -2.932801E-11  -6.109980E-12  -4.023115E-17
  -2.932801E-11  -6.109994E-12  -5.888480E-17
  -2.932800E-11  -6.109997E-12   4.190615E-17
  -2.932799E-11  -6.109931E-12   8.570557E-17
  -2.932800E-11  -6.109994E-12   3.027859E-17
  -2.932799E-11  -6.109980E-12   7.114983E-17
  -2.932801E-11  -6.109969E-12  -3.502963E-17
  -2.932798E-11  -6.110028E-12   1.232738E-16
  -2.932800E-11  -6.109994E-12  -4.900704E-17
  -2.932802E-11  -6.110014E-12  -1.653608E-16
  -2.281066E-11  -4.073348E-12   1.250644E-16
  -1.466397E-11  -4.174099E-17   1.943671E-16
   7.304248E-17   2.444000E-11  -2.713385E-19
   1.629346E-12   3.258668E-11  -1.085354E-17
   1.043525E-17   3.666000E-11   3.047340E-18
  -4.887989E-12   2.851333E-11   3.784129E-17
  -2.118131E-11   1.810690E-18   3.136047E-18
  -2.932800E-11  -1.221999E-11  -1.085006E-17
  -2.932802E-11  -1.222003E-11  -6.663795E-17
  -2.932801E-11  -1.222004E-11  -7.174121E-17
  -2.932798E-11  -1.221995E-11   4.835217E-17
  -2.932803E-11  -1.222005E-11  -1.498571E-16
  -2.932802E-11  -1.221999E-11  -8.385230E-17
  -2.932798E-11  -1.221993E-11   1.177400E-16
  -2.932802E-11  -1.221999E-11  -1.290128E-16
  -2.932798E-11  -1.222008E-11   8.510637E-17
  -2.932804E-11  -1.222001E-11  -2.334468E-16
  -2.932802E-11  -1.222013E-11  -5.595487E-17
  -2.932797E-11  -1.222001E-11   2.384126E-17
  -2.932801E-11  -1.221993E-11  -2.508072E-16
  -2.606934E-11  -1.221993E-11   1.354710E-16
  -1.710798E-11  -6.109917E-12   1.717103E-16
  -1.710797E-11  -6.110004E-12   2.037648E-17
  -2.606933E-11  -1.222001E-11  -7.388756E-18
  -2.932806E-11  -1.222000E-11  -7.694360E-17
  -2.932807E-11  -1.221998E-11  -8.388708E-17
  -2.932799E-11  -1.222000E-11  -4.222271E-17
  -2.932801E-11  -1.222002E-11  -9.180982E-17
  -2.932800E-11  -1.222003E-11   2.053824E-17
  -2.932797E-11  -1.222004E-11   5.878305E-17
  -2.932800E-11  -1.222004E-11  -1.777615E-17
  -2.932798E-11  -1.222013E-11   7.611741E-17
  -2.932805E-11  -1.221993E-11  -1.396732E-16
  -2.932801E-11  -1.221999E-11  -8.207120E-17
  -2.932796E-11  -1.221997E-11   1.752742E-16
  -2.932801E-11  -1.221983E-11  -1.324758E-16
  -2.932812E-11  -1.221999E-11  -3.968900E-16
  -2.932802E-11  -1.221982E-11  -1.048949E-16
  -2.932798E-11  -1.222010E-11   6.736500E-18
  -1.792269E-11  -8.146639E-12  -1.435137E-17
  -9.776076E-12   1.670158E-16  -3.970465E-16
   2.443977E-12   4.277000E-11   1.074657E-17
  -8.554019E-12   2.138500E-11  -1.465750E-17
  -2.199601E-11   3.491014E-18   1.719956E-17
  -2.932797E-11  -6.109998E-12   3.624891E-17
  -2.932803E-11  -6.109999E-12  -6.373411E-17
  -2.932802E-11  -6.110016E-12  -1.772745E-17
  -2.932798E-11  -6.110035E-12  -3.427910E-17
  -2.932800E-11  -6.110004E-12   5.147865E-17
  -2.932797E-11  -6.110044E-12   7.631743E-17
  -2.932800E-11  -6.109990E-12  -4.413338E-17
  -2.932803E-11  -6.110039E-12  -1.142144E-16
  -2.932801E-11  -6.110011E-12   2.402302E-17
  -2.932804E-11  -6.110032E-12  -8.292087E-17
  -2.932804E-11  -6.110028E-12  -1.394080E-16
  -2.932799E-11  -6.109983E-12   4.499175E-17
  -2.932798E-11  -6.110000E-12   1.528862E-16
  -2.932801E-11  -6.109938E-12  -1.513408E-17
  -2.932803E-11  -6.109973E-12  -1.132177E-16
  -2.199598E-11  -6.109973E-12   2.415635E-16
  -1.303473E-11  -4.073375E-12  -1.393793E-16
   4.887989E-12   6.517333E-11  -7.781849E-18
  -1.746993E-18   5.499000E-11  -3.310852E-18
  -1.303461E-11   3.258667E-11   4.300889E-17
  -2.688397E-11   6.110003E-12   3.960064E-17
  -2.932801E-11  -2.547875E-21  -1.805532E-17
  -2.932800E-11  -1.218182E-17   1.662731E-17
  -2.932795E-11  -3.477850E-17   3.966934E-17
  -2.932803E-11   1.046030E-17  -5.950314E-18
  -2.932799E-11  -2.262004E-17   3.366163E-17
  -2.932799E-11   1.043695E-17   2.459353E-17
  -2.932802E-11   2.088493E-17  -3.154136E-17
  -2.932802E-11   3.478189E-17  -1.952420E-17
  -2.932796E-11   4.176349E-17   2.459457E-16
  -2.932799E-11   3.499082E-18   6.673101E-17
  -2.932800E-11   2.434028E-17  -4.980018E-17
  -2.932801E-11  -1.392881E-17   9.361178E-18
  -2.932799E-11   4.173887E-17  -1.047236E-16
  -2.932806E-11  -3.481544E-17  -2.375247E-16
  -2.199602E-11   4.176604E-17  -6.626486E-17
  -1.466402E-11   5.568381E-17   1.371999E-17
   3.258695E-12   4.480667E-11  -4.110083E-18
   2.443991E-12   5.499000E-11  -2.333337E-18
  -2.444012E-12   4.888000E-11  -9.111582E-18
  -1.547867E-11   2.036666E-11  -8.199293E-18
  -2.769865E-11  -4.073344E-12   2.155054E-17
  -2.932800E-11  -6.110013E-12   4.220531E-18
  -2.932797E-11  -6.110035E-12   8.763712E-18
  -2.932796E-11  -6.109987E-12   9.887593E-17
  -2.932799E-11  -6.109999E-12   2.067130E-17
  -2.932798E-11  -6.110001E-12   4.113996E-17
  -2.932803E-11  -6.109941E-12  -8.160245E-17
  -2.932801E-11  -6.109962E-12  -1.698823E-17
  -2.932800E-11  -6.109980E-12  -1.583852E-17
  -2.932802E-11  -6.110004E-12  -8.975043E-17
  -2.932802E-11  -6.110081E-12  -8.894685E-17
  -2.932799E-11  -6.110014E-12  -1.590374E-17
  -2.932800E-11  -6.110021E-12  -6.651533E-17
  -2.932799E-11  -6.110049E-12  -3.639589E-18
  -2.281068E-11  -4.073299E-12  -3.851180E-17
  -1.466397E-11   5.568381E-17   1.372608E-16
   1.044374E-17   2.444000E-11  -1.072831E-17
   1.629346E-12   3.258667E-11  -1.443660E-19
  -2.547875E-21   3.666000E-11   6.795638E-18
  -4.888017E-12   2.851334E-11  -3.645676E-18
  -2.118132E-11   1.722357E-18   2.080262E-17
  -2.932800E-11  -1.222001E-11   1.029173E-17
  -2.932803E-11  -1.222005E-11  -9.765751E-17
  -2.932794E-11  -1.222000E-11   1.120611E-16
  -2.932801E-11  -1.221998E-11  -2.446569E-17
  -2.932802E-11  -1.221999E-11  -9.746270E-17
  -2.932802E-11  -1.221993E-11  -3.141787E-17
  -2.932803E-11  -1.221986E-11  -7.343359E-17
  -2.932800E-11  -1.221991E-11  -4.181918E-17
  -2.932799E-11  -1.222000E-11   8.882857E-18
  -2.932804E-11  -1.222001E-11  -1.914345E-16
  -2.932793E-11  -1.222003E-11   2.574515E-16
  -2.932792E-11  -1.222004E-11   2.501967E-16
  -2.932797E-11  -1.222004E-11   4.519004E-17
  -2.606934E-11  -1.221996E-11  -1.043784E-17
  -1.710799E-11  -6.110000E-12   8.840939E-17
  -1.710793E-11  -6.110001E-12   1.058220E-17
  -2.606938E-11  -1.221998E-11  -3.465480E-17
  -2.932803E-11  -1.221999E-11  -4.156523E-17
  -2.932803E-11  -1.222001E-11  -4.154958E-17
  -2.932791E-11  -1.222001E-11   1.044566E-16
  -2.932792E-11  -1.221996E-11   7.576606E-17
  -2.932805E-11  -1.222007E-11  -2.759478E-17
  -2.932801E-11  -1.222009E-11   1.935896E-17
  -2.932796E-11  -1.222006E-11   2.104613E-17
  -2.932799E-11  -1.222003E-11   9.230032E-17
  -2.932797E-11  -1.222020E-11   8.350790E-17
  -2.932794E-11  -1.221994E-11   2.975331E-17
  -2.932801E-11  -1.221984E-11  -5.024980E-18
  -2.932807E-11  -1.221998E-11  -2.014897E-16
  -2.932803E-11  -1.221978E-11   1.413917E-17
  -2.932803E-11  -1.221999E-11  -1.182723E-16
  -2.932798E-11  -1.222011E-11   1.638258E-16
  -1.792267E-11  -8.146681E-12  -2.768175E-17
  -9.776201E-12  -4.173419E-17  -7.721407E-16
   2.444055E-12   4.277000E-11  -4.072687E-18
  -8.554030E-12   2.138500E-11   9.538592E-18
  -2.199602E-11   2.616667E-18   1.232068E-17
  -2.932797E-11  -6.110012E-12   3.888055E-17
  -2.932797E-11  -6.110007E-12   8.827198E-19
  -2.932800E-11  -6.110023E-12   8.835895E-18
  -2.932796E-11  -6.109969E-12   3.793695E-17
  -2.932805E-11  -6.110034E-12  -4.374377E-17
  -2.932801E-11  -6.110041E-12   3.110652E-17
  -2.932795E-11  -6.110032E-12   9.978039E-17
  -2.932801E-11  -6.109980E-12  -5.027589E-17
  -2.932803E-11  -6.110063E-12   1.918415E-17
  -2.932803E-11  -6.110032E-12  -7.111591E-17
  -2.932801E-11  -6.110056E-12   2.818616E-18
  -2.932801E-11  -6.110007E-12   3.848311E-17
  -2.932794E-11  -6.109994E-12   2.802701E-16
  -2.932801E-11  -6.110007E-12  -1.060455E-16
  -2.932806E-11  -6.109973E-12  -2.023698E-16
  -2.199599E-11  -6.109966E-12   2.281418E-17
  -1.303476E-11  -4.073250E-12  -3.234581E-16
   4.887979E-12   6.517333E-11  -1.766657E-17
  -1.061592E-20   5.499000E-11   1.115010E-17
  -1.303469E-11   3.258666E-11  -3.670027E-18
  -2.688407E-11   6.110000E-12  -4.353592E-17
  -2.932800E-11   1.729158E-18  -1.302512E-17
  -2.932802E-11  -1.218309E-17  -3.681507E-17
  -2.932802E-11   3.131339E-17  -1.379043E-17
  -2.932802E-11  -3.304254E-17  -1.892673E-17
  -2.932799E-11  -3.652804E-17   3.284935E-17
  -2.932801E-11  -2.783214E-17  -2.975940E-17
  -2.932802E-11   2.087134E-17  -6.770678E-17
  -2.932802E-11  -7.304333E-17  -4.352983E-17
  -2.932801E-11   4.523667E-17   7.193079E-18
  -2.932802E-11   1.393263E-17  -9.365701E-17
  -2.932802E-11  -3.479548E-17  -6.415242E-17
  -2.932802E-11   3.464261E-18  -7.198471E-17
  -2.932797E-11  -9.046570E-17   7.057410E-18
  -2.932799E-11  -4.871028E-17   3.849006E-17
  -2.199596E-11  -7.653562E-17   1.098182E-16
  -1.466394E-11   9.741885E-17   3.289110E-16
   3.258664E-12   4.480667E-11  -6.783463E-20
   2.444015E-12   5.499000E-11   1.548108E-17
  -2.444035E-12   4.888000E-11  -5.076291E-18
  -1.547865E-11   2.036667E-11   2.051215E-17
  -2.769869E-11  -4.073335E-12  -1.453661E-17
  -2.932801E-11  -6.110013E-12  -1.098225E-17
  -2.932798E-11  -6.109969E-12   5.578267E-17
  -2.932798E-11  -6.110037E-12   4.020506E-17
  -2.932803E-11  -6.109999E-12  -2.759913E-17
  -2.932799E-11  -6.110014E-12   7.700969E-18
  -2.932801E-11  -6.109924E-12  -2.205669E-17
  -2.932801E-11  -6.110001E-12   9.509023E-18
  -2.932797E-11  -6.109980E-12   8.982609E-17
  -2.932801E-11  -6.109976E-12  -4.845914E-17
  -2.932800E-11  -6.110049E-12   3.670897E-17
  -2.932799E-11  -6.110018E-12   7.847423E-17
  -2.932794E-11  -6.110084E-12   2.349148E-16
  -2.932800E-11  -6.110014E-12   3.335724E-17
  -2.281070E-11  -4.073410E-12  -1.006379E-16
  -1.466405E-11   9.741885E-17  -1.250001E-16
  -1.043355E-17   2.444000E-11   1.617595E-19
   1.629374E-12   3.258668E-11   7.136551E-18
   3.826823E-17   3.666001E-11   1.060829E-17
  -4.888003E-12   2.851332E-11   1.634988E-19
  -2.118134E-11  -1.392329E-17  -3.221275E-18
  -2.932801E-11  -1.222004E-11  -2.418044E-17
  -2.932806E-11  -1.221998E-11  -6.946788E-17
  -2.932800E-11  -1.221999E-11   4.545442E-17
  -2.932805E-11  -1.221998E-11  -8.673962E-17
  -2.932797E-11  -1.222004E-11   6.988358E-17
  -2.932798E-11  -1.222004E-11   3.849180E-17
  -2.932802E-11  -1.221996E-11  -3.476959E-17
  -2.932798E-11  -1.222007E-11   5.583138E-17
  -2.932797E-11  -1.221999E-11   1.481874E-16
  -2.932802E-11  -1.221993E-11  -4.160872E-17
  -2.932805E-11  -1.222006E-11  -4.141217E-17
  -2.932800E-11  -1.221993E-11   7.311529E-17
  -2.932794E-11  -1.222003E-11   2.992916E-16
  -2.606934E-11  -1.221997E-11  -1.360171E-17
  -1.710801E-11  -6.110001E-12  -1.041105E-16
  -1.710805E-11  -6.110001E-12  -1.021694E-17
  -2.606931E-11  -1.222002E-11   2.106526E-17
  -2.932797E-11  -1.222000E-11   2.295941E-19
  -2.932803E-11  -1.222004E-11  -3.452261E-17
  -2.932809E-11  -1.221998E-11  -4.854872E-17
  -2.932801E-11  -1.222003E-11   2.018167E-17
  -2.932803E-11  -1.221995E-11  -2.754782E-17
  -2.932794E-11  -1.222001E-11   1.394158E-16
  -2.932794E-11  -1.221991E-11   7.330662E-17
  -2.932812E-11  -1.221997E-11  -2.607685E-16
  -2.932792E-11  -1.221992E-11   1.530906E-16
  -2.932807E-11  -1.221987E-11  -1.789112E-16
  -2.932797E-11  -1.221990E-11   8.538988E-17
  -2.932804E-11  -1.222006E-11  -7.623568E-17
  -2.932795E-11  -1.221994E-11   2.298950E-16
  -2.932802E-11  -1.221991E-11  -1.320218E-16
  -2.932805E-11  -1.222007E-11  -8.309394E-17
  -1.792269E-11  -8.146765E-12  -1.460514E-16
  -9.775888E-12   1.670132E-16   3.755899E-16
   2.443868E-12   4.277000E-11   1.333211E-18
  -8.554051E-12   2.138500E-11  -1.111836E-17
  -2.199609E-11  -6.488591E-18  -4.339851E-17
  -2.932799E-11  -6.109990E-12  -6.592134E-19
  -2.932788E-11  -6.109999E-12   6.158688E-17
  -2.932801E-11  -6.109992E-12  -2.068521E-17
  -2.932801E-11  -6.110016E-12   5.389374E-18
  -2.932803E-11  -6.109995E-12  -2.628331E-17
  -2.932795E-11  -6.109976E-12   8.808065E-17
  -2.932798E-11  -6.109994E-12   6.592482E-17
  -2.932796E-11  -6.110091E-12   2.537450E-17
  -2.932794E-11  -6.109987E-12   1.304573E-16
  -2.932799E-11  -6.110060E-12   1.678733E-17
  -2.932801E-11  -6.110042E-12  -2.061912E-17
  -2.932804E-11  -6.109973E-12  -9.021831E-17
  -2.932798E-11  -6.110049E-12   1.099199E-16
  -2.932792E-11  -6.109882E-12   2.323371E-16
  -2.932801E-11  -6.109917E-12  -6.744849E-17
  -2.199600E-11  -6.110112E-12  -4.978888E-18
  -1.303458E-11  -4.073292E-12   3.199585E-16
   4.887874E-12   6.517333E-11  -3.784824E-18
   5.216817E-17   5.499000E-11   2.344991E-17
  -1.303462E-11   3.258666E-11   1.357736E-17
  -2.688401E-11   6.110012E-12  -2.621808E-17
  -2.932800E-11  -1.736802E-18   1.983728E-18
  -2.932798E-11   2.083992E-17  -1.243461E-17
  -2.932803E-11  -1.565839E-17  -3.985197E-17
  -2.932804E-11   5.230788E-18  -6.370019E-17
  -2.932802E-11   2.960036E-17  -3.451304E-17
  -2.932797E-11   3.824785E-17   3.026381E-17
  -2.932803E-11  -5.916081E-17  -7.985788E-17
  -2.932802E-11   2.085351E-17  -5.745941E-17
  -2.932802E-11   1.390291E-17  -4.764078E-17
  -2.932798E-11  -6.986274E-18   5.686455E-17
  -2.932799E-11  -2.432966E-17  -2.325858E-17
  -2.932800E-11   3.129810E-17   4.639367E-17
  -2.932799E-11  -1.740199E-17  -1.031869E-17
  -2.932801E-11   2.083482E-17   4.578837E-18
  -2.199604E-11  -1.113413E-16  -2.015262E-16
  -1.466406E-11   1.670030E-16  -1.079301E-16
   3.258598E-12   4.480667E-11   3.424779E-18
   2.443977E-12   5.499000E-11   3.331724E-18
  -2.443979E-12   4.887999E-11   1.766570E-17
  -1.547865E-11   2.036666E-11   3.564797E-18
  -2.769869E-11  -4.073337E-12  -1.626379E-17
  -2.932801E-11  -6.109980E-12  -2.834705E-17
  -2.932805E-11  -6.110016E-12  -6.985923E-17
  -2.932800E-11  -6.109999E-12  -1.366955E-17
  -2.932803E-11  -6.109974E-12  -5.190566E-17
  -2.932804E-11  -6.109987E-12  -5.756116E-17
  -2.932803E-11  -6.110021E-12  -3.417735E-17
  -2.932798E-11  -6.109983E-12   4.260188E-17
  -2.932802E-11  -6.110053E-12  -4.673806E-17
  -2.932802E-11  -6.110074E-12  -6.325231E-17
  -2.932800E-11  -6.110049E-12  -3.112131E-17
  -2.932801E-11  -6.109983E-12  -2.750433E-17
  -2.932801E-11  -6.110039E-12  -1.388349E-17
  -2.932801E-11  -6.109938E-12  -2.764435E-17
  -2.281070E-11  -4.073417E-12  -9.537809E-17
  -1.466404E-11   1.670030E-16  -6.079374E-17
  -6.261658E-17   2.444000E-11   1.930678E-19
   1.629273E-12   3.258666E-11  -6.750415E-18
  -4.174439E-17   3.666000E-11  -3.297806E-18
  -4.888000E-12   2.851334E-11   1.617595E-19
  -2.118138E-11  -1.730860E-18  -2.407781E-17
  -2.932803E-11  -1.222002E-11  -3.112218E-17
  -2.932806E-11  -1.222000E-11  -9.037138E-17
  -2.932807E-11  -1.222000E-11  -1.015102E-16
  -2.932796E-11  -1.221997E-11   1.414091E-17
  -2.932805E-11  -1.222004E-11  -8.667874E-17
  -2.932801E-11  -1.222001E-11  -3.256062E-18
  -2.932807E-11  -1.222000E-11  -1.984111E-16
  -2.932792E-11  -1.221999E-11   1.671306E-16
  -2.932800E-11  -1.222008E-11  -3.618369E-17
  -2.932799E-11  -1.222013E-11  -3.814393E-17
  -2.932798E-11  -1.221988E-11   5.602792E-17
  -2.932803E-11  -1.222009E-11  -5.555134E-17
  -2.932797E-11  -1.222006E-11   5.579659E-17
  -2.606927E-11  -1.222007E-11   1.221597E-16
  -1.710795E-11  -6.109771E-12   1.879228E-16
  -1.710813E-11  -6.110001E-12  -1.547151E-17
  -2.606937E-11  -1.221999E-11  -2.073131E-17
  -2.932796E-11  -1.222000E-11   1.060133E-17
  -2.932796E-11  -1.222001E-11  -3.259541E-18
  -2.932795E-11  -1.221998E-11   2.794439E-17
  -2.932803E-11  -1.221999E-11  -1.117880E-17
  -2.932798E-11  -1.222007E-11   3.843093E-17
  -2.932806E-11  -1.222006E-11  -5.022197E-17
  -2.932803E-11  -1.221999E-11  -7.284743E-17
  -2.932796E-11  -1.221999E-11   1.409934E-16
  -2.932796E-11  -1.221995E-11   1.356866E-16
  -2.932801E-11  -1.221986E-11  -3.279891E-17
  -2.932805E-11  -1.221999E-11  -5.378416E-17
  -2.932803E-11  -1.222011E-11  -9.017657E-17
  -2.932797E-11  -1.222009E-11   1.115253E-16
  -2.932791E-11  -1.221988E-11   2.122998E-16
  -2.932797E-11  -1.222018E-11   7.000533E-17
  -1.792256E-11  -8.146890E-12   2.958025E-16
  -9.775732E-12   7.512766E-16   7.513207E-16
   2.443946E-12   4.277000E-11  -3.741341E-18
  -8.553975E-12   2.138500E-11   2.811484E-17
  -2.199598E-11   1.303493E-17   1.382174E-17
  -2.932800E-11  -6.109998E-12  -3.792651E-18
  -2.932795E-11  -6.109994E-12   3.173182E-17
  -2.932793E-11  -6.110021E-12   1.403568E-17
  -2.932802E-11  -6.109976E-12  -2.728865E-17
  -2.932804E-11  -6.110023E-12  -5.068725E-17
  -2.932801E-11  -6.110013E-12  -3.070039E-17
  -2.932803E-11  -6.109955E-12  -5.850215E-17
  -2.932795E-11  -6.109959E-12   8.187900E-17
  -2.932802E-11  -6.109920E-12  -1.571937E-17
  -2.932797E-11  -6.109980E-12   5.410507E-17
  -2.932801E-11  -6.110001E-12  -5.918136E-18
  -2.932803E-11  -6.110126E-12  -8.159549E-17
  -2.932794E-11  -6.110091E-12   1.776241E-16
  -2.932796E-11  -6.109948E-12   1.182810E-16
  -2.932801E-11  -6.109882E-12  -7.890733E-17
  -2.199602E-11  -6.109980E-12  -6.592134E-17
  -1.303453E-11  -4.073125E-12   4.417113E-16
   4.888010E-12   6.517333E-11  -7.239172E-18
   1.216016E-17   5.499000E-11  -6.037282E-18
  -1.303472E-11   3.258667E-11  -1.099965E-17
  -2.688396E-11   6.110002E-12   1.883541E-17
  -2.932793E-11  -1.393603E-17   4.826521E-17
  -2.932799E-11  -2.608515E-17  -2.292984E-17
  -2.932801E-11   2.431862E-17  -2.599632E-17
  -2.932803E-11  -2.249179E-17  -4.240969E-17
  -2.932796E-11  -5.223144E-18   4.412034E-17
  -2.932796E-11   3.475047E-17   3.632457E-17
  -2.932795E-11   4.173250E-17   7.492943E-17
  -2.932802E-11   2.086115E-17  -4.354287E-17
  -2.932798E-11   5.911325E-17   6.104421E-17
  -2.932797E-11   5.218133E-17   1.358962E-16
  -2.932805E-11  -4.172995E-17  -8.506114E-17
  -2.932802E-11  -2.434410E-17  -1.633858E-17
  -2.932801E-11   1.390460E-17  -3.133612E-17
  -2.932802E-11   6.973534E-18  -5.720633E-17
  -2.199602E-11   1.392032E-16  -6.933829E-17
  -1.466399E-11  -6.953661E-17   7.477637E-17
   3.258629E-12   4.480667E-11  -3.520443E-18
   2.443988E-12   5.499000E-11   1.584547E-18
  -2.443967E-12   4.888000E-11   1.772658E-17
  -1.547865E-11   2.036668E-11  -4.736248E-18
  -2.769862E-11  -4.073361E-12   2.893669E-17
  -2.932796E-11  -6.110027E-12   4.117823E-17
  -2.932798E-11  -6.109976E-12   1.660557E-17
  -2.932798E-11  -6.110023E-12   3.672984E-17
  -2.932799E-11  -6.110006E-12  -2.414304E-17
  -2.932803E-11  -6.109966E-12  -5.674193E-17
  -2.932795E-11  -6.109927E-12   6.486991E-17
  -2.932800E-11  -6.110018E-12   1.997121E-17
  -2.932806E-11  -6.110067E-12  -1.293946E-16
  -2.932801E-11  -6.109966E-12  -2.587804E-17
  -2.932797E-11  -6.109969E-12   1.149527E-16
  -2.932801E-11  -6.109927E-12  -2.933848E-17
  -2.932799E-11  -6.110014E-12  -1.051785E-17
  -2.932798E-11  -6.109938E-12   3.495570E-17
  -2.281066E-11  -4.073222E-12   2.970635E-17
  -1.466402E-11  -6.953661E-17  -7.300745E-17
   1.043355E-17   2.444000E-11   1.057698E-17
   1.629318E-12   3.258668E-11   7.079152E-18
   1.389951E-17   3.666001E-11   1.399307E-17
  -4.888031E-12   2.851334E-11  -3.402167E-18
  -2.118137E-11  -2.264551E-17  -3.297806E-18
  -2.932797E-11  -1.222004E-11   5.573397E-17
  -2.932801E-11  -1.221997E-11   3.494353E-18
  -2.932805E-11  -1.222001E-11  -3.634545E-17
  -2.932790E-11  -1.222000E-11   1.463141E-16
  -2.932797E-11  -1.221999E-11   1.765961E-17
  -2.932805E-11  -1.221987E-11  -7.291701E-17
  -2.932786E-11  -1.222001E-11   2.294689E-16
  -2.932800E-11  -1.222001E-11  -1.725609E-17
  -2.932799E-11  -1.222011E-11  -1.539672E-17
  -2.932790E-11  -1.221997E-11   2.748729E-16
  -2.932800E-11  -1.221986E-11   7.232215E-18
  -2.932797E-11  -1.222027E-11   6.262354E-17
  -2.932796E-11  -1.222017E-11   1.184045E-16
  -2.606926E-11  -1.221985E-11   1.916085E-16
  -1.710788E-11  -6.110126E-12   2.867552E-16
  -1.710799E-11  -6.110005E-12  -1.174061E-19
  -2.606924E-11  -1.222001E-11   3.108391E-17
  -2.932810E-11  -1.221995E-11  -3.498527E-17
  -2.932791E-11  -1.222002E-11   5.902134E-17
  -2.932795E-11  -1.222004E-11   2.757217E-17
  -2.932794E-11  -1.221999E-11   1.980945E-17
  -2.932794E-11  -1.222013E-11   3.808132E-17
  -2.932801E-11  -1.221996E-11  -2.452483E-17
  -2.932806E-11  -1.222001E-11  -8.356704E-17
  -2.932801E-11  -1.221988E-11   1.377565E-17
  -2.932807E-11  -1.222006E-11  -1.116819E-16
  -2.932795E-11  -1.221981E-11   5.727156E-17
  -2.932807E-11  -1.222007E-11  -1.515895E-16
  -2.932791E-11  -1.222006E-11   2.260267E-16
  -2.932801E-11  -1.222014E-11   4.498827E-17
  -2.932798E-11  -1.221988E-11   6.576828E-17
  -2.932795E-11  -1.222043E-11   1.287745E-16
  -1.792269E-11  -8.146570E-12  -1.753960E-17
  -9.775982E-12   2.504052E-16   1.875106E-16
   2.443998E-12   4.277000E-11  -3.827438E-18
  -8.554051E-12   2.138500E-11  -6.007278E-18
  -2.199601E-11  -4.536916E-18   1.078397E-18
  -2.932801E-11  -6.110021E-12  -3.805696E-18
  -2.932800E-11  -6.110023E-12   1.716651E-17
  -2.932802E-11  -6.110002E-12  -1.079527E-17
  -2.932797E-11  -6.109945E-12   2.255936E-18
  -2.932802E-11  -6.110009E-12  -2.507533E-17
  -2.932802E-11  -6.109981E-12  -2.459701E-17
  -2.932797E-11  -6.109945E-12   6.372976E-17
  -2.932797E-11  -6.109924E-12   5.279969E-17
  -2.932800E-11  -6.110025E-12   9.983866E-18
  -2.932799E-11  -6.109994E-12   4.413773E-17
  -2.932804E-11  -6.110035E-12  -8.026054E-17
  -2.932797E-11  -6.110067E-12   7.796634E-17
  -2.932800E-11  -6.110035E-12   1.712129E-17
  -2.932802E-11  -6.109955E-12  -4.302455E-17
  -2.932794E-11  -6.109799E-12   1.407264E-16
  -2.199604E-11  -6.109806E-12  -6.459248E-17
  -1.303477E-11  -4.073125E-12  -2.022637E-16
   4.887972E-12   6.517333E-11  -1.793617E-17
  -1.148013E-16   5.499000E-11  -9.862111E-18
  -1.303464E-11   3.258666E-11   2.494749E-17
  -2.688398E-11   6.109985E-12   1.479838E-17
  -2.932806E-11   1.476748E-17  -1.370955E-17
  -2.932808E-11   1.479466E-17  -4.776862E-17
  -2.932800E-11   5.569995E-17  -1.428528E-17
  -2.932800E-11  -8.652584E-18   1.322601E-17
  -2.932795E-11   1.915662E-17   5.453643E-17
  -2.932801E-11   2.784827E-17  -4.991063E-18
  -2.932804E-11   7.306626E-17  -1.939722E-17
  -2.932800E-11  -1.298950E-28   8.238428E-18
  -2.932806E-11   1.046497E-17  -6.199911E-17
  -2.932803E-11   2.782959E-17  -3.066908E-17
  -2.932796E-11  -2.784488E-17   7.708797E-17
  -2.932802E-11  -2.787206E-17  -5.857259E-17
  -2.932799E-11  -2.780921E-17  -1.610116E-17
  -2.932805E-11   8.353124E-17  -7.069586E-17
  -2.199597E-11   1.391666E-16   9.035311E-17
  -1.466412E-11   7.813484E-20  -2.475738E-16
   3.258716E-12   4.480667E-11  -3.652634E-19
   2.443981E-12   5.498999E-11   4.599710E-18
  -2.444012E-12   4.888001E-11  -3.479568E-18
  -1.547869E-11   2.036665E-11  -3.009074E-18
  -2.769873E-11  -4.073314E-12  -1.848059E-17
  -2.932802E-11  -6.109986E-12  -1.490362E-17
  -2.932809E-11  -6.109945E-12  -7.996746E-17
  -2.932801E-11  -6.110009E-12   4.985845E-18
  -2.932794E-11  -6.109957E-12   7.631569E-17
  -2.932796E-11  -6.109997E-12   4.979236E-17
  -2.932807E-11  -6.109973E-12  -7.643310E-17
  -2.932800E-11  -6.109983E-12   1.083789E-17
  -2.932801E-11  -6.110046E-12  -4.894964E-17
  -2.932806E-11  -6.109945E-12  -7.063150E-17
  -2.932797E-11  -6.110007E-12   8.493852E-17
  -2.932801E-11  -6.109955E-12  -6.805639E-17
  -2.932800E-11  -6.110115E-12  -4.912010E-17
  -2.932799E-11  -6.109910E-12   8.514985E-18
  -2.281064E-11  -4.073271E-12   6.062154E-17
  -1.466408E-11   7.813484E-20  -2.631705E-16
  -7.303484E-17   2.444000E-11  -1.075962E-17
   1.629308E-12   3.258666E-11   3.028207E-18
  -2.783638E-17   3.665999E-11   6.487773E-18
  -4.888034E-12   2.851330E-11  -4.713637E-19
  -2.118137E-11   2.246206E-17  -7.347012E-18
  -2.932809E-11  -1.221994E-11  -8.393404E-17
  -2.932815E-11  -1.221990E-11  -1.222641E-16
  -2.932805E-11  -1.221998E-11  -3.431215E-17
  -2.932796E-11  -1.222000E-11   5.877088E-17
  -2.932802E-11  -1.222000E-11  -3.509485E-17
  -2.932801E-11  -1.222031E-11  -3.889185E-18
  -2.932806E-11  -1.222017E-11  -5.627143E-17
  -2.932799E-11  -1.222004E-11  -7.409628E-18
  -2.932798E-11  -1.222001E-11   7.114113E-17
  -2.932803E-11  -1.221993E-11  -7.465288E-18
  -2.932794E-11  -1.222031E-11   9.011047E-17
  -2.932797E-11  -1.221997E-11  -1.443834E-17
  -2.932802E-11  -1.222022E-11  -6.996359E-17
  -2.606937E-11  -1.221979E-11  -5.252487E-17
  -1.710811E-11  -6.110168E-12  -2.878588E-16
  -1.710809E-11  -6.109995E-12  -2.656508E-17
  -2.606936E-11  -1.221998E-11  -4.278800E-19
  -2.932810E-11  -1.222004E-11  -4.212182E-17
  -2.932806E-11  -1.222004E-11  -3.165964E-17
  -2.932797E-11  -1.221992E-11   3.425823E-17
  -2.932793E-11  -1.222001E-11   3.347030E-17
  -2.932799E-11  -1.222007E-11  -1.079614E-17
  -2.932806E-11  -1.222007E-11  -2.988724E-17
  -2.932809E-11  -1.222001E-11  -1.255445E-16
  -2.932797E-11  -1.221988E-11   3.611411E-17
  -2.932809E-11  -1.221996E-11  -1.153276E-16
  -2.932804E-11  -1.222006E-11  -8.892424E-17
  -2.932807E-11  -1.222004E-11  -7.524773E-17
  -2.932803E-11  -1.222008E-11   2.059564E-17
  -2.932803E-11  -1.222003E-11  -5.604880E-17
  -2.932791E-11  -1.222019E-11   1.700318E-16
  -2.932799E-11  -1.222003E-11   1.712389E-17
  -1.792272E-11  -8.146709E-12  -1.673846E-16
  -9.776034E-12  -8.356011E-17  -4.539702E-19
   2.444024E-12   4.277001E-11  -1.452705E-17
  -8.554053E-12   2.138501E-11   7.063933E-18
  -2.199598E-11  -1.340182E-18   2.192363E-17
  -2.932791E-11  -6.110016E-12   3.149179E-17
  -2.932799E-11  -6.110003E-12  -3.877010E-18
  -2.932792E-11  -6.109995E-12   5.014544E-17
  -2.932798E-11  -6.110011E-12   1.141622E-17
  -2.932796E-11  -6.110014E-12   3.760213E-17
  -2.932807E-11  -6.110002E-12  -5.624882E-17
  -2.932801E-11  -6.110051E-12   8.951562E-18
  -2.932801E-11  -6.109976E-12  -1.422614E-17
  -2.932799E-11  -6.109941E-12   4.128868E-17
  -2.932803E-11  -6.110067E-12  -3.847267E-17
  -2.932802E-11  -6.109966E-12  -6.241655E-18
  -2.932800E-11  -6.110014E-12  -1.999382E-18
  -2.932799E-11  -6.110032E-12   5.375111E-17
  -2.932799E-11  -6.109987E-12   3.961803E-17
  -2.932802E-11  -6.109879E-12  -3.228493E-17
  -2.199604E-11  -6.110140E-12  -9.758446E-17
  -1.303477E-11  -4.073278E-12  -2.090715E-16
   4.888062E-12   6.517333E-11  -7.814897E-18
  -2.436660E-17   5.499000E-11  -7.981005E-18
  -1.303465E-11   3.258667E-11   1.269638E-17
  -2.688402E-11   6.110009E-12  -7.844466E-18
  -2.932799E-11  -9.557929E-18   1.356693E-18
  -2.932797E-11  -5.204460E-18   2.716864E-18
  -2.932794E-11  -1.041911E-17   2.230281E-17
  -2.932806E-11  -1.388762E-17  -3.848398E-17
  -2.932797E-11  -5.737135E-17   6.023802E-17
  -2.932802E-11   2.258946E-17  -1.633771E-17
  -2.932798E-11  -7.032135E-18   2.581803E-17
  -2.932798E-11  -5.218048E-17   1.864583E-17
  -2.932801E-11  -5.912259E-17  -2.978549E-17
  -2.932795E-11  -4.870688E-17   8.154679E-17
  -2.932789E-11   3.481247E-17   1.754230E-16
  -2.932798E-11  -7.010054E-18  -6.320796E-18
  -2.932800E-11  -1.217579E-16  -2.126703E-17
  -2.932802E-11   2.084671E-17  -3.665679E-18
  -2.199590E-11  -1.322483E-16   1.998712E-16
  -1.466408E-11  -1.391140E-17  -2.073148E-16
   3.258647E-12   4.480666E-11   9.778622E-18
   2.444012E-12   5.499000E-11   9.809931E-18
  -2.443955E-12   4.888000E-11   1.928765E-17
  -1.547868E-11   2.036666E-11  -2.522057E-18
  -2.769859E-11  -4.073338E-12   3.548186E-17
  -2.932795E-11  -6.110006E-12   2.164707E-17
  -2.932803E-11  -6.110011E-12  -2.986463E-17
  -2.932798E-11  -6.110014E-12   1.544455E-17
  -2.932801E-11  -6.110086E-12  -1.410264E-17
  -2.932802E-11  -6.109967E-12   2.261154E-19
  -2.932807E-11  -6.110032E-12  -1.128838E-16
  -2.932795E-11  -6.110046E-12   6.128859E-17
  -2.932798E-11  -6.110074E-12   1.467054E-17
  -2.932799E-11  -6.109973E-12   1.902761E-17
  -2.932795E-11  -6.110108E-12   1.058211E-16
  -2.932794E-11  -6.110001E-12   6.058241E-17
  -2.932791E-11  -6.110087E-12   1.439172E-16
  -2.932804E-11  -6.110077E-12  -5.754116E-17
  -2.281069E-11  -4.073292E-12  -1.080684E-16
  -1.466401E-11  -1.391140E-17  -3.701336E-18
  -9.392232E-17   2.444000E-11   1.018563E-17
   1.629172E-12   3.258668E-11   3.388253E-18
  -5.565918E-17   3.666000E-11   6.842601E-18
  -4.887934E-12   2.851332E-11   2.772175E-17
  -2.118130E-11  -1.800496E-18   6.936525E-18
  -2.932809E-11  -1.222003E-11  -5.227093E-17
  -2.932801E-11  -1.222001E-11   1.374086E-17
  -2.932797E-11  -1.222004E-11   2.080262E-17
  -2.932800E-11  -1.222011E-11  -7.131333E-20
  -2.932790E-11  -1.222011E-11   8.698312E-17
  -2.932810E-11  -1.222022E-11  -1.461575E-16
  -2.932812E-11  -1.222016E-11  -1.706911E-16
  -2.932798E-11  -1.222022E-11   5.904395E-17
  -2.932800E-11  -1.222034E-11   2.276287E-17
  -2.932801E-11  -1.221994E-11   2.067739E-17
  -2.932799E-11  -1.221993E-11  -2.442394E-17
  -2.932788E-11  -1.221969E-11   2.154254E-16
  -2.932803E-11  -1.221997E-11  -6.618572E-17
  -2.606941E-11  -1.221981E-11  -1.913337E-16
  -1.710789E-11  -6.110168E-12   2.031778E-16
  -1.710798E-11  -6.110001E-12   5.426770E-18
  -2.606928E-11  -1.221998E-11   2.801570E-17
  -2.932787E-11  -1.222001E-11   6.633531E-17
  -2.932795E-11  -1.221998E-11   3.508616E-17
  -2.932803E-11  -1.222004E-11  -1.730131E-17
  -2.932788E-11  -1.222001E-11   8.623868E-17
  -2.932800E-11  -1.221989E-11  -1.714477E-17
  -2.932807E-11  -1.222009E-11  -3.453826E-17
  -2.932797E-11  -1.221987E-11  -5.191610E-17
  -2.932797E-11  -1.222015E-11   6.971138E-17
  -2.932801E-11  -1.221995E-11   2.079914E-17
  -2.932798E-11  -1.221986E-11  -8.345398E-18
  -2.932807E-11  -1.222006E-11  -7.811070E-17
  -2.932802E-11  -1.222020E-11  -4.143130E-17
  -2.932814E-11  -1.222018E-11  -2.085080E-16
  -2.932802E-11  -1.221998E-11   1.057524E-17
  -2.932796E-11  -1.222005E-11   1.013136E-16
  -1.792263E-11  -8.146855E-12   1.080814E-16
  -9.776128E-12   7.096342E-16  -1.981189E-16
   2.444129E-12   4.277000E-11  -8.474110E-18
  -8.554022E-12   2.138500E-11   2.593370E-18
  -2.199602E-11   3.057518E-20   1.390610E-18
  -2.932799E-11  -6.109998E-12   1.674298E-17
  -2.932802E-11  -6.109986E-12  -3.660461E-18
  -2.932797E-11  -6.110030E-12   3.145179E-17
  -2.932796E-11  -6.109997E-12   4.012418E-17
  -2.932800E-11  -6.110007E-12  -7.186122E-18
  -2.932815E-11  -6.110044E-12  -1.276526E-16
  -2.932801E-11  -6.109987E-12  -1.405220E-17
  -2.932805E-11  -6.110032E-12  -5.292058E-17
  -2.932798E-11  -6.109889E-12   6.958963E-17
  -2.932800E-11  -6.109980E-12  -4.099647E-18
  -2.932797E-11  -6.109907E-12   5.592617E-17
  -2.932797E-11  -6.109917E-12   4.372985E-17
  -2.932804E-11  -6.110025E-12  -7.105938E-17
  -2.932805E-11  -6.109847E-12  -1.016885E-16
  -2.932803E-11  -6.110067E-12  -6.931829E-17
  -2.199597E-11  -6.110147E-12   5.248139E-17
  -1.303483E-11  -4.073306E-12  -3.510216E-16
   4.888125E-12   6.517333E-11  -3.461305E-19
   2.259116E-17   5.498999E-11  -7.416586E-18
  -1.303473E-11   3.258668E-11  -1.839014E-17
  -2.688403E-11   6.109984E-12   1.185367E-18
  -2.932800E-11   2.521547E-17  -1.455314E-17
  -2.932806E-11  -2.869077E-17  -2.463180E-17
  -2.932796E-11   3.454919E-18   2.796613E-17
  -2.932793E-11  -6.918330E-18   7.895690E-17
  -2.932802E-11  -1.739519E-17  -1.540194E-17
  -2.932792E-11  -3.829626E-17   7.028189E-17
  -2.932793E-11  -3.137114E-17   9.404140E-17
  -2.932804E-11   1.392669E-17  -3.655939E-17
  -2.932797E-11   9.392996E-17   5.153866E-17
  -2.932803E-11  -3.477170E-17   4.537963E-18
  -2.932793E-11   5.223823E-17   1.402281E-16
  -2.932805E-11   1.113744E-16  -7.377016E-17
  -2.932797E-11   1.426742E-16   2.784003E-17
  -2.932807E-11   3.476321E-17  -1.432293E-16
  -2.199606E-11   6.958926E-17  -1.423649E-16
  -1.466383E-11  -2.366127E-16   2.993003E-16
   3.258612E-12   4.480667E-11  -1.047610E-17
   2.443993E-12   5.498999E-11   6.846079E-18
  -2.444007E-12   4.888001E-11   1.809967E-17
  -1.547866E-11   2.036665E-11   1.922068E-17
  -2.769865E-11  -4.073307E-12   1.157015E-17
  -2.932805E-11  -6.110029E-12  -2.659900E-17
  -2.932808E-11  -6.109997E-12  -6.288705E-17
  -2.932795E-11  -6.110007E-12   4.374377E-17
  -2.932795E-11  -6.110021E-12   3.678898E-17
  -2.932805E-11  -6.109917E-12  -4.534919E-17
  -2.932800E-11  -6.110015E-12  -6.356452E-18
  -2.932795E-11  -6.110035E-12   9.482672E-17
  -2.932802E-11  -6.109976E-12  -2.226802E-17
  -2.932805E-11  -6.110011E-12  -5.973882E-17
  -2.932803E-11  -6.110004E-12  -4.503350E-17
  -2.932798E-11  -6.109927E-12   1.065265E-17
  -2.932798E-11  -6.109973E-12   4.358114E-17
  -2.932801E-11  -6.109921E-12   7.232215E-18
  -2.281067E-11  -4.073052E-12   2.010688E-18
  -1.466397E-11  -2.366127E-16   5.039069E-17
  -9.394016E-17   2.444000E-11   1.982858E-19
   1.629336E-12   3.258666E-11   1.760569E-17
   6.262167E-17   3.666000E-11   3.151005E-17
  -4.887944E-12   2.851333E-11   2.453178E-17
  -2.118141E-11   1.820883E-18  -4.843740E-17
  -2.932802E-11  -1.222000E-11  -2.065651E-17
  -2.932802E-11  -1.221998E-11  -2.773567E-17
  -2.932802E-11  -1.222004E-11  -3.538880E-17
  -2.932801E-11  -1.222010E-11   3.746559E-18
  -2.932800E-11  -1.222005E-11  -2.048954E-17
  -2.932801E-11  -1.221992E-11  -1.716564E-17
  -2.932788E-11  -1.222011E-11   1.600723E-16
  -2.932807E-11  -1.222004E-11  -8.322265E-17
  -2.932799E-11  -1.221999E-11   1.609246E-17
  -2.932795E-11  -1.221981E-11   4.538484E-17
  -2.932799E-11  -1.221990E-11  -6.593874E-18
  -2.932788E-11  -1.222012E-11   2.297420E-16
  -2.932797E-11  -1.222002E-11   4.551530E-17
  -2.606943E-11  -1.221983E-11  -1.944627E-16
  -1.710810E-11  -6.110585E-12  -1.824986E-16
  -1.710807E-11  -6.110000E-12  -2.090872E-17
  -2.606934E-11  -1.222000E-11  -1.252332E-19
  -2.932807E-11  -1.221998E-11  -2.095568E-17
  -2.932810E-11  -1.221999E-11  -4.175656E-17
  -2.932805E-11  -1.222000E-11  -3.643937E-18
  -2.932791E-11  -1.221997E-11   6.510037E-17
  -2.932789E-11  -1.221993E-11   7.993354E-17
  -2.932788E-11  -1.222000E-11   8.173029E-17
  -2.932806E-11  -1.222001E-11  -1.113079E-16
  -2.932810E-11  -1.221998E-11  -8.186074E-17
  -2.932794E-11  -1.221986E-11   7.635570E-17
  -2.932791E-11  -1.221985E-11   1.201056E-16
  -2.932789E-11  -1.221982E-11   1.164094E-16
  -2.932799E-11  -1.222024E-11  -2.777741E-17
  -2.932815E-11  -1.222031E-11  -2.713872E-16
  -2.932808E-11  -1.222030E-11  -1.011536E-16
  -2.932798E-11  -1.222022E-11   1.078814E-16
  -1.792289E-11  -8.146619E-12  -4.067973E-16
  -9.776222E-12  -4.174948E-16  -4.174908E-16
   2.444103E-12   4.277000E-11   7.151335E-18
  -8.553931E-12   2.138500E-11  -1.589417E-17
  -2.199609E-11  -8.739213E-18  -3.572363E-17
  -2.932800E-11  -6.109994E-12  -2.435959E-18
  -2.932802E-11  -6.110021E-12  -2.169751E-17
  -2.932808E-11  -6.110023E-12  -5.072378E-17
  -2.932804E-11  -6.110037E-12  -1.898152E-17
  -2.932805E-11  -6.109976E-12  -1.458271E-17
  -2.932792E-11  -6.109961E-12   5.942052E-17
  -2.932796E-11  -6.110030E-12   5.593226E-17
  -2.932808E-11  -6.109990E-12  -9.944556E-17
  -2.932797E-11  -6.110067E-12   5.343629E-17
  -2.932806E-11  -6.109945E-12  -8.022227E-17
  -2.932795E-11  -6.109973E-12   7.727582E-17
  -2.932800E-11  -6.110067E-12  -7.131333E-18
  -2.932801E-11  -6.109997E-12  -3.703945E-18
  -2.932794E-11  -6.110279E-12   5.539219E-17
  -2.932809E-11  -6.110063E-12  -1.609855E-16
  -2.199587E-11  -6.109910E-12   2.017697E-16
  -1.303459E-11  -4.073139E-12   7.990223E-17
   4.887948E-12   6.517333E-11   2.982984E-18
  -1.738755E-17   5.499000E-11   2.707297E-18
  -1.303461E-11   3.258666E-11   8.858507E-18
  -2.688401E-11   6.110043E-12  -6.326014E-18
  -2.932797E-11   1.301794E-17  -8.663699E-18
  -2.932795E-11  -3.823511E-17   1.145014E-17
  -2.932794E-11  -3.650426E-17   4.840783E-17
  -2.932796E-11   2.440015E-17   3.891794E-17
  -2.932805E-11   3.126243E-17  -4.496131E-17
  -2.932799E-11  -4.354319E-17   4.617973E-18
  -2.932803E-11   1.808821E-16  -3.511659E-17
  -2.932799E-11  -3.477850E-17   2.733735E-17
  -2.932803E-11  -2.782280E-17  -3.679507E-17
  -2.932799E-11  -3.126243E-17   4.683111E-17
  -2.932799E-11   2.088408E-17   3.804392E-17
  -2.932799E-11  -2.782959E-17   2.154184E-17
  -2.932791E-11  -1.078431E-16   1.474151E-16
  -2.932799E-11  -1.078617E-16   6.880866E-18
  -2.199590E-11   2.191767E-16   1.703101E-16
  -1.466387E-11   1.113252E-16   1.648312E-16
   3.258622E-12   4.480667E-11   1.709780E-17
   2.444031E-12   5.499000E-11   6.410372E-18
  -2.444069E-12   4.887999E-11  -8.309742E-18
  -1.547864E-11   2.036670E-11   1.574459E-17
  -2.769869E-11  -4.073339E-12  -8.006225E-18
  -2.932800E-11  -6.110039E-12  -9.470758E-19
  -2.932804E-11  -6.110037E-12  -4.114257E-17
  -2.932800E-11  -6.109976E-12   8.486286E-18
  -2.932800E-11  -6.110004E-12  -3.633501E-18
  -2.932801E-11  -6.110058E-12  -1.187106E-17
  -2.932805E-11  -6.109830E-12  -2.768783E-17
  -2.932795E-11  -6.109997E-12   5.787946E-17
  -2.932796E-11  -6.109927E-12   2.158272E-17
  -2.932799E-11  -6.110039E-12   2.763391E-17
  -2.932798E-11  -6.109927E-12   1.717347E-17
  -2.932808E-11  -6.110067E-12  -1.497562E-16
  -2.932806E-11  -6.110007E-12  -9.604513E-17
  -2.932795E-11  -6.110028E-12   8.153374E-17
  -2.281074E-11  -4.073389E-12  -1.601810E-16
  -1.466397E-11   1.113252E-16  -2.497358E-17
  -2.295941E-16   2.444000E-11   2.061651E-17
   1.629242E-12   3.258668E-11   1.351648E-17
  -1.078448E-16   3.666000E-11  -3.899621E-18
  -4.888003E-12   2.851335E-11   1.000996E-17
  -2.118125E-11   1.736293E-17  -3.600453E-19
  -2.932799E-11  -1.222007E-11  -1.083267E-17
  -2.932799E-11  -1.222011E-11  -7.454852E-18
  -2.932796E-11  -1.221996E-11   1.878671E-17
  -2.932793E-11  -1.221994E-11   5.885263E-17
  -2.932807E-11  -1.222003E-11  -6.285139E-17
  -2.932795E-11  -1.222008E-11   7.960133E-17
  -2.932815E-11  -1.222007E-11  -1.536785E-16
  -2.932807E-11  -1.222007E-11  -7.339185E-17
  -2.932783E-11  -1.221993E-11   2.241987E-16
  -2.932789E-11  -1.221978E-11   1.456218E-16
  -2.932807E-11  -1.222006E-11  -1.150058E-16
  -2.932804E-11  -1.221966E-11  -4.923750E-17
  -2.932814E-11  -1.221972E-11  -2.509603E-16
  -2.606940E-11  -1.221987E-11  -1.254749E-16
  -1.710805E-11  -6.109854E-12  -8.929385E-17
  -1.710802E-11  -6.110001E-12  -5.455469E-18
  -2.606930E-11  -1.221996E-11   3.353466E-18
  -2.932798E-11  -1.222005E-11  -7.020014E-18
  -2.932803E-11  -1.222007E-11  -2.435785E-17
  -2.932796E-11  -1.222000E-11   2.419261E-17
  -2.932823E-11  -1.221996E-11  -1.401272E-16
  -2.932802E-11  -1.222004E-11   1.038739E-17
  -2.932797E-11  -1.222012E-11   4.866874E-17
  -2.932803E-11  -1.222013E-11  -1.008353E-16
  -2.932801E-11  -1.222013E-11  -3.501832E-17
  -2.932794E-11  -1.221999E-11   7.275525E-17
  -2.932803E-11  -1.222000E-11  -1.563327E-17
  -2.932808E-11  -1.222009E-11  -9.926815E-17
  -2.932806E-11  -1.222016E-11  -1.078501E-16
  -2.932794E-11  -1.222027E-11   4.155828E-17
  -2.932806E-11  -1.222004E-11  -1.219823E-16
  -2.932804E-11  -1.222038E-11  -1.736740E-17
  -1.792267E-11  -8.147001E-12  -1.740741E-17
  -9.775679E-12  -4.155075E-17   5.531235E-16
   2.443826E-12   4.277000E-11   7.070455E-18
  -8.553920E-12   2.138500E-11   2.691208E-18
  -2.199605E-11  -1.912605E-17  -7.508771E-18
  -2.932796E-11  -6.110008E-12   1.933635E-17
  -2.932795E-11  -6.109984E-12   4.630148E-18
  -2.932796E-11  -6.110049E-12   1.408612E-17
  -2.932799E-11  -6.109983E-12   1.148666E-17
  -2.932806E-11  -6.109999E-12  -4.545616E-17
  -2.932811E-11  -6.110034E-12  -9.368223E-17
  -2.932796E-11  -6.110074E-12   3.465915E-17
  -2.932797E-11  -6.110020E-12   1.004474E-18
  -2.932802E-11  -6.109948E-12   1.662818E-18
  -2.932805E-11  -6.109914E-12  -3.189706E-17
  -2.932798E-11  -6.110004E-12   2.989768E-17
  -2.932797E-11  -6.110046E-12   6.286183E-17
  -2.932786E-11  -6.110261E-12   2.072339E-16
  -2.932791E-11  -6.110018E-12   7.399714E-17
  -2.932801E-11  -6.109785E-12  -1.195368E-17
  -2.199610E-11  -6.110331E-12  -1.597897E-16
  -1.303467E-11  -4.073153E-12  -6.644315E-18
   4.888021E-12   6.517333E-11   1.336516E-17
  -8.688254E-18   5.498998E-11  -1.937374E-17
  -1.303467E-11   3.258666E-11   4.087471E-19
  -2.688405E-11   6.109957E-12  -7.737496E-18
  -2.932796E-11  -1.045818E-17   1.201108E-17
  -2.932794E-11  -2.084162E-17   2.756869E-17
  -2.932800E-11   1.732555E-17  -8.534988E-18
  -2.932801E-11   1.654420E-18  -1.237808E-17
  -2.932796E-11  -1.742916E-17   1.678124E-17
  -2.932805E-11  -3.640404E-17  -8.457934E-17
  -2.932805E-11   8.695048E-18  -5.549307E-17
  -2.932797E-11  -3.414153E-18   2.960721E-17
  -2.932814E-11   8.001347E-17  -1.188993E-16
  -2.932791E-11  -3.465110E-18   9.858980E-17
  -2.932805E-11  -1.736292E-17  -4.065120E-17
  -2.932799E-11  -1.635702E-16   4.989237E-17
  -2.932796E-11  -4.859307E-17   1.744133E-17
  -2.932804E-11   6.945508E-18  -3.880836E-17
  -2.199592E-11  -4.871537E-17   1.097695E-16
  -1.466408E-11  -9.745113E-17  -1.423170E-16
   3.258626E-12   4.480667E-11   1.008997E-17
   2.444000E-12   5.498999E-11  -1.906327E-18
  -2.444071E-12   4.887999E-11  -1.300251E-17
  -1.547858E-11   2.036663E-11   3.225015E-17
  -2.769868E-11  -4.073355E-12  -1.451226E-17
  -2.932798E-11  -6.110021E-12   8.194945E-18
  -2.932792E-11  -6.109983E-12   3.364945E-17
  -2.932797E-11  -6.109999E-12   2.461179E-17
  -2.932801E-11  -6.110018E-12  -1.710650E-17
  -2.932798E-11  -6.109992E-12   1.203804E-17
  -2.932804E-11  -6.109926E-12  -3.593583E-17
  -2.932803E-11  -6.110084E-12  -4.428905E-17
  -2.932796E-11  -6.109959E-12   3.156919E-17
  -2.932798E-11  -6.109962E-12   2.029647E-17
  -2.932799E-11  -6.109903E-12  -4.998021E-18
  -2.932800E-11  -6.110161E-12  -8.446281E-18
  -2.932802E-11  -6.110056E-12  -4.863221E-17
  -2.932802E-11  -6.109921E-12  -3.267107E-17
  -2.281063E-11  -4.073139E-12   6.639445E-17
  -1.466393E-11  -9.745113E-17   1.099878E-16
  -1.147971E-16   2.444000E-11   1.063960E-17
   1.629339E-12   3.258666E-11  -6.444290E-18
  -1.078634E-16   3.665998E-11  -3.081084E-17
  -4.888090E-12   2.851332E-11  -2.037996E-17
  -2.118125E-11  -1.901734E-17   1.449052E-17
  -2.932796E-11  -1.222004E-11   1.096138E-17
  -2.932796E-11  -1.222000E-11   1.783355E-17
  -2.932799E-11  -1.221992E-11  -1.595505E-17
  -2.932807E-11  -1.222015E-11  -6.205651E-17
  -2.932807E-11  -1.221993E-11  -5.850997E-17
  -2.932807E-11  -1.222005E-11  -7.258479E-17
  -2.932815E-11  -1.221974E-11  -1.528123E-16
  -2.932793E-11  -1.222000E-11   9.095928E-17
  -2.932805E-11  -1.222000E-11  -3.929364E-17
  -2.932807E-11  -1.221962E-11  -9.345350E-17
  -2.932800E-11  -1.221999E-11   6.331232E-19
  -2.932816E-11  -1.222008E-11  -2.188241E-16
  -2.932803E-11  -1.222011E-11  -6.912522E-17
  -2.606938E-11  -1.221947E-11  -5.500692E-17
  -1.710799E-11  -6.109771E-12  -9.752532E-18
  -1.710817E-11  -6.110008E-12  -3.584277E-17
  -2.606946E-11  -1.222002E-11  -2.039213E-17
  -2.932804E-11  -1.221993E-11  -6.423417E-18
  -2.932805E-11  -1.221999E-11  -9.855154E-18
  -2.932808E-11  -1.221998E-11  -2.741041E-17
  -2.932794E-11  -1.221997E-11   2.045127E-17
  -2.932782E-11  -1.222000E-11   1.014267E-16
  -2.932788E-11  -1.222007E-11   9.626429E-17
  -2.932812E-11  -1.221971E-11  -1.524940E-16
  -2.932796E-11  -1.221981E-11   7.510859E-17
  -2.932806E-11  -1.222025E-11  -2.408651E-17
  -2.932806E-11  -1.221990E-11  -4.984801E-17
  -2.932800E-11  -1.222001E-11   2.195059E-18
  -2.932811E-11  -1.221980E-11  -6.549172E-17
  -2.932790E-11  -1.221982E-11   1.639598E-16
  -2.932797E-11  -1.221965E-11   6.992359E-17
  -2.932815E-11  -1.221987E-11  -2.080871E-16
  -1.792256E-11  -8.146751E-12   1.255949E-16
  -9.775982E-12   2.094353E-17  -4.192180E-17
   2.444129E-12   4.277000E-11   1.336603E-17
  -8.553996E-12   2.138501E-11  -4.591882E-18
  -2.199608E-11  -5.336950E-18  -1.286771E-17
  -2.932801E-11  -6.109986E-12   9.337697E-18
  -2.932795E-11  -6.110022E-12   1.136578E-17
  -2.932809E-11  -6.109999E-12  -3.113435E-17
  -2.932802E-11  -6.109985E-12  -2.028951E-18
  -2.932794E-11  -6.109928E-12   2.587021E-17
  -2.932815E-11  -6.110046E-12  -1.150232E-16
  -2.932793E-11  -6.110039E-12   5.461731E-17
  -2.932794E-11  -6.109943E-12   5.058550E-17
  -2.932805E-11  -6.109893E-12  -4.349417E-17
  -2.932803E-11  -6.109875E-12  -2.062607E-17
  -2.932797E-11  -6.109997E-12   4.464823E-17
  -2.932809E-11  -6.110035E-12  -9.542506E-17
  -2.932793E-11  -6.109987E-12   1.394028E-16
  -2.932806E-11  -6.109973E-12  -8.348268E-17
  -2.932803E-11  -6.109889E-12  -7.023841E-17
  -2.199607E-11  -6.110133E-12  -1.353423E-16
  -1.303464E-11  -4.073334E-12  -2.115745E-17
   4.888007E-12   6.517333E-11   1.039783E-17
   2.608005E-17   5.499000E-11   5.065855E-18
  -1.303469E-11   3.258665E-11   7.147856E-18
  -2.688399E-11   6.110022E-12   8.574993E-19
  -2.932793E-11  -1.044629E-17   7.868817E-18
  -2.932801E-11  -1.133804E-17  -1.244591E-17
  -2.932791E-11   1.554204E-17   3.839788E-17
  -2.932794E-11   7.301361E-17   4.200268E-17
  -2.932801E-11   4.017999E-17  -5.355457E-18
  -2.932802E-11  -1.911076E-17  -3.320592E-17
  -2.932802E-11  -3.658409E-17  -1.202673E-17
  -2.932797E-11  -6.959096E-18   1.911893E-17
  -2.932793E-11   3.479378E-17   9.235337E-17
  -2.932798E-11  -4.174439E-17   2.988289E-17
  -2.932800E-11   3.821813E-17   2.281418E-17
  -2.932796E-11  -3.825040E-17   7.418586E-17
  -2.932797E-11   5.215500E-17   2.094872E-17
  -2.932800E-11  -1.398783E-17   2.634680E-17
  -2.199607E-11   6.261998E-17  -1.162538E-16
  -1.466425E-11  -8.348877E-17  -4.019167E-16
   3.258828E-12   4.480667E-11   1.417570E-17
   2.444043E-12   5.499000E-11   1.621943E-18
  -2.443976E-12   4.887999E-11  -2.433350E-18
  -1.547873E-11   2.036669E-11  -5.538089E-18
  -2.769866E-11  -4.073323E-12  -7.524426E-18
  -2.932806E-11  -6.110012E-12  -3.525487E-17
  -2.932806E-11  -6.109985E-12  -4.334546E-17
  -2.932804E-11  -6.109927E-12  -2.934804E-17
  -2.932795E-11  -6.109960E-12   2.287592E-17
  -2.932806E-11  -6.110013E-12  -3.748733E-17
  -2.932794E-11  -6.110204E-12   4.756251E-17
  -2.932799E-11  -6.110119E-12   2.351687E-17
  -2.932809E-11  -6.109917E-12  -9.627473E-17
  -2.932799E-11  -6.109962E-12  -1.421918E-18
  -2.932799E-11  -6.109802E-12   2.978201E-17
  -2.932806E-11  -6.110081E-12  -9.373702E-17
  -2.932795E-11  -6.110053E-12   3.660722E-17
  -2.932796E-11  -6.109882E-12   5.944401E-17
  -2.281068E-11  -4.073268E-12  -3.617238E-17
  -1.466399E-11  -8.348877E-17  -1.404351E-17
  -2.504001E-16   2.444000E-11   2.035039E-19
   1.629374E-12   3.258668E-11   3.386513E-18
  -6.967589E-18   3.666000E-11  -3.579581E-18
  -4.888128E-12   2.851334E-11  -3.142830E-17
  -2.118133E-11  -1.222980E-19   1.040479E-17
  -2.932791E-11  -1.222002E-11   2.775306E-17
  -2.932803E-11  -1.222000E-11  -3.148744E-17
  -2.932783E-11  -1.221993E-11   7.296571E-17
  -2.932800E-11  -1.222004E-11  -3.550012E-18
  -2.932807E-11  -1.221996E-11  -5.910831E-17
  -2.932808E-11  -1.222009E-11  -7.663400E-17
  -2.932804E-11  -1.222006E-11  -3.159006E-17
  -2.932792E-11  -1.222015E-11   7.646354E-17
  -2.932791E-11  -1.222034E-11   9.224640E-17
  -2.932799E-11  -1.221942E-11   1.030912E-17
  -2.932800E-11  -1.221991E-11  -3.459566E-18
  -2.932811E-11  -1.221982E-11  -1.777459E-16
  -2.932804E-11  -1.221992E-11  -4.188527E-17
  -2.606937E-11  -1.221999E-11  -6.598396E-17
  -1.710805E-11  -6.109875E-12  -9.427709E-17
  -1.710791E-11  -6.109992E-12  -3.235190E-19
  -2.606934E-11  -1.221999E-11   2.064260E-17
  -2.932795E-11  -1.222008E-11   1.027608E-17
  -2.932813E-11  -1.221993E-11  -3.836483E-17
  -2.932801E-11  -1.222007E-11   1.015606E-17
  -2.932788E-11  -1.222010E-11   6.848340E-17
  -2.932795E-11  -1.221978E-11   1.024129E-17
  -2.932817E-11  -1.222008E-11  -9.059401E-17
  -2.932799E-11  -1.221996E-11  -4.538658E-17
  -2.932791E-11  -1.222003E-11   1.076275E-16
  -2.932800E-11  -1.222020E-11   1.009518E-17
  -2.932779E-11  -1.222010E-11   2.000217E-16
  -2.932826E-11  -1.221985E-11  -3.150971E-16
  -2.932817E-11  -1.221965E-11  -1.949585E-16
  -2.932814E-11  -1.221979E-11  -1.532749E-16
  -2.932799E-11  -1.221975E-11  -3.530879E-19
  -2.932787E-11  -1.222001E-11   2.296376E-16
  -1.792266E-11  -8.146751E-12  -1.758830E-17
  -9.776233E-12  -5.637123E-16  -4.072843E-16
   2.444050E-12   4.277001E-11   1.778050E-17
  -8.554051E-12   2.138501E-11   2.361167E-19
  -2.199595E-11  -1.132615E-17   4.282278E-18
  -2.932788E-11  -6.110026E-12   3.048906E-17
  -2.932806E-11  -6.110009E-12  -1.854581E-17
  -2.932797E-11  -6.110001E-12   1.565762E-17
  -2.932798E-11  -6.110141E-12   8.715010E-18
  -2.932805E-11  -6.109964E-12  -3.340942E-17
  -2.932803E-11  -6.109964E-12  -4.077557E-17
  -2.932791E-11  -6.110027E-12   7.452416E-17
  -2.932797E-11  -6.110007E-12   1.310165E-17
  -2.932794E-11  -6.110004E-12   5.376677E-17
  -2.932805E-11  -6.109987E-12  -4.767035E-17
  -2.932800E-11  -6.110049E-12   1.882846E-18
  -2.932795E-11  -6.110053E-12   5.397636E-17
  -2.932804E-11  -6.109906E-12   1.835883E-18
  -2.932804E-11  -6.110140E-12  -8.790150E-17
  -2.932804E-11  -6.110150E-12  -3.635153E-17
  -2.199603E-11  -6.110080E-12  -7.104199E-17
  -1.303469E-11  -4.073877E-12  -7.981874E-17
   4.888031E-12   6.517334E-11   9.922988E-18
   2.256653E-17   5.499000E-11   3.389992E-18
  -1.303469E-11   3.258665E-11  -1.755004E-18
  -2.688390E-11   6.110002E-12   3.541141E-17
  -2.932795E-11   1.304512E-17  -5.023241E-18
  -2.932787E-11   1.358867E-20   2.568236E-17
  -2.932802E-11  -1.409926E-16  -1.392610E-17
  -2.932793E-11   3.656371E-17   4.226358E-17
  -2.932803E-11   1.759732E-18  -1.202064E-17
  -2.932804E-11  -5.042075E-17  -4.804431E-17
  -2.932793E-11   4.513476E-17   4.697809E-17
  -2.932797E-11  -4.528763E-17   1.903805E-17
  -2.932798E-11  -7.662649E-17   3.409908E-17
  -2.932803E-11   3.465110E-18  -2.433350E-18
  -2.932800E-11  -3.441330E-18   1.140231E-17
  -2.932805E-11  -6.253844E-17  -2.330989E-17
  -2.932794E-11  -3.305307E-16   5.223353E-17
  -2.932805E-11   9.398941E-17  -3.368772E-17
  -2.199598E-11   4.182592E-17   8.967216E-18
  -1.466408E-11  -3.757538E-16  -1.456027E-16
   3.258615E-12   4.480667E-11   1.705606E-17
   2.444019E-12   5.498999E-11   3.277804E-18
  -2.444029E-12   4.887999E-11  -6.974791E-19
  -1.547865E-11   2.036666E-11   1.913110E-17
  -2.769857E-11  -4.073311E-12   2.193841E-17
  -2.932797E-11  -6.110001E-12  -6.192084E-19
  -2.932797E-11  -6.110141E-12  -2.197668E-18
  -2.932795E-11  -6.109964E-12   2.441264E-17
  -2.932798E-11  -6.109999E-12   1.926242E-17
  -2.932798E-11  -6.110006E-12   2.069130E-17
  -2.932807E-11  -6.109854E-12  -5.171521E-17
  -2.932802E-11  -6.109952E-12  -2.013210E-17
  -2.932802E-11  -6.110108E-12  -4.156958E-17
  -2.932805E-11  -6.110056E-12  -4.589360E-17
  -2.932805E-11  -6.110199E-12  -4.507350E-17
  -2.932795E-11  -6.110094E-12   3.835439E-17
  -2.932807E-11  -6.110195E-12  -1.026947E-16
  -2.932797E-11  -6.109875E-12   2.283940E-17
  -2.281062E-11  -4.073247E-12   6.630226E-17
  -1.466382E-11  -3.757538E-16   2.351722E-16
  -4.173725E-16   2.444000E-11   1.049349E-17
   1.629322E-12   3.258666E-11   1.423484E-17
  -9.041050E-17   3.665998E-11  -1.014563E-17
  -4.888041E-12   2.851333E-11  -1.364172E-17
  -2.118124E-11   4.893959E-17   2.474225E-17
  -2.932805E-11  -1.221996E-11  -2.402563E-17
  -2.932791E-11  -1.222018E-11   4.545442E-17
  -2.932800E-11  -1.222005E-11  -2.487096E-17
  -2.932819E-11  -1.222005E-11  -1.040322E-16
  -2.932799E-11  -1.222006E-11  -6.487773E-18
  -2.932808E-11  -1.221992E-11  -6.928872E-17
  -2.932800E-11  -1.222011E-11   7.084370E-18
  -2.932786E-11  -1.221999E-11   1.289936E-16
  -2.932794E-11  -1.222008E-11   5.450077E-17
  -2.932809E-11  -1.221985E-11  -9.346916E-17
  -2.932801E-11  -1.221983E-11   5.270229E-19
  -2.932799E-11  -1.222008E-11  -6.783463E-18
  -2.932795E-11  -1.222010E-11   5.253183E-17
  -2.606947E-11  -1.221954E-11  -1.909736E-16
  -1.710793E-11  -6.110022E-12   1.046088E-16
  -1.710799E-11  -6.110009E-12  -1.001083E-17
  -2.606945E-11  -1.222001E-11   3.767431E-18
  -2.932798E-11  -1.221990E-11  -3.134308E-18
  -2.932803E-11  -1.222001E-11  -1.002561E-17
  -2.932795E-11  -1.221999E-11   1.764048E-17
  -2.932795E-11  -1.221995E-11   9.891680E-18
  -2.932795E-11  -1.221981E-11   1.768744E-17
  -2.932810E-11  -1.222019E-11  -3.614716E-17
  -2.932805E-11  -1.221997E-11  -9.345872E-17
  -2.932795E-11  -1.222000E-11   4.739901E-17
  -2.932789E-11  -1.222015E-11   6.295401E-17
  -2.932786E-11  -1.222018E-11   1.170460E-16
  -2.932792E-11  -1.222021E-11   3.329463E-17
  -2.932790E-11  -1.221990E-11   9.435623E-17
  -2.932795E-11  -1.221967E-11   4.888615E-17
  -2.932810E-11  -1.222009E-11  -1.181540E-16
  -2.932810E-11  -1.221960E-11  -6.906956E-17
  -1.792265E-11  -8.146814E-12  -1.703693E-17
  -9.776316E-12  -8.560045E-16  -3.859842E-16
   2.444071E-12   4.277000E-11   1.359823E-17
  -8.554027E-12   2.138501E-11  -6.959572E-18
  -2.199598E-11  -1.295340E-17   1.636728E-17
  -2.932799E-11  -6.109971E-12   1.179801E-17
  -2.932798E-11  -6.110002E-12   3.847441E-18
  -2.932812E-11  -6.109988E-12  -4.866961E-17
  -2.932801E-11  -6.109995E-12   1.089876E-17
  -2.932798E-11  -6.109955E-12   8.317569E-18
  -2.932800E-11  -6.109922E-12  -2.029212E-17
  -2.932799E-11  -6.110105E-12   3.715424E-17
  -2.932805E-11  -6.109953E-12  -4.856003E-17
  -2.932805E-11  -6.109980E-12  -1.902935E-17
  -2.932800E-11  -6.110084E-12   2.374212E-19
  -2.932794E-11  -6.110004E-12   7.754715E-17
  -2.932800E-11  -6.109948E-12   9.914292E-20
  -2.932795E-11  -6.109973E-12   8.364096E-17
  -2.932798E-11  -6.110028E-12  -1.220067E-17
  -2.932805E-11  -6.110007E-12  -7.546689E-17
  -2.199589E-11  -6.109934E-12   1.081406E-16
  -1.303466E-11  -4.073737E-12  -2.097308E-17
   4.888142E-12   6.517333E-11   7.006099E-18
   2.782619E-17   5.499000E-11  -6.961746E-18
  -1.303479E-11   3.258663E-11  -8.856767E-18
  -2.688401E-11   6.110012E-12   9.203767E-18
  -2.932802E-11   3.393430E-17  -1.440268E-17
  -2.932794E-11   2.598833E-18   3.055167E-18
  -2.932805E-11   5.197665E-18  -1.392436E-17
  -2.932820E-11   4.524347E-17  -7.902299E-17
  -2.932801E-11  -1.718966E-18   9.339437E-18
  -2.932803E-11  -2.782959E-17  -2.978462E-17
  -2.932803E-11   4.344297E-17  -1.386870E-17
  -2.932793E-11   3.478699E-18   5.566266E-17
  -2.932800E-11  -3.832004E-17   2.113049E-17
  -2.932791E-11   5.095750E-20   1.080580E-16
  -2.932795E-11  -3.816717E-17   7.317617E-17
  -2.932799E-11  -1.217239E-16   1.493231E-17
  -2.932796E-11   6.617681E-17   1.748307E-17
  -2.932795E-11   4.518572E-17   8.894076E-17
  -2.199600E-11  -9.030689E-17  -2.575194E-17
  -1.466376E-11  -1.948343E-16   3.008901E-16
   3.258706E-12   4.480667E-11   1.756743E-17
   2.444024E-12   5.499000E-11   1.508886E-18
  -2.444049E-12   4.887998E-11  -5.965968E-19
  -1.547860E-11   2.036668E-11   2.650508E-17
  -2.769869E-11  -4.073351E-12  -1.811706E-17
  -2.932802E-11  -6.109998E-12  -1.281553E-17
  -2.932802E-11  -6.109995E-12  -1.653339E-17
  -2.932805E-11  -6.109955E-12  -2.425784E-17
  -2.932794E-11  -6.110002E-12   2.623809E-17
  -2.932797E-11  -6.110028E-12   2.327597E-17
  -2.932796E-11  -6.110047E-12   3.873096E-17
  -2.932796E-11  -6.110018E-12   4.254449E-17
  -2.932810E-11  -6.110001E-12  -9.981604E-17
  -2.932797E-11  -6.110108E-12   1.774136E-17
  -2.932808E-11  -6.110143E-12  -7.110460E-17
  -2.932797E-11  -6.110185E-12   1.225633E-17
  -2.932803E-11  -6.109844E-12  -4.871918E-17
  -2.932795E-11  -6.109865E-12   5.936747E-17
  -2.281079E-11  -4.073438E-12  -1.562918E-16
  -1.466388E-11  -1.948343E-16   1.110853E-16
  -3.130065E-16   2.444000E-11   2.092959E-17
   1.629322E-12   3.258668E-11   2.068086E-17
  -5.565918E-17   3.666000E-11   1.717781E-17
  -4.888062E-12   2.851336E-11   1.022042E-17
  -2.118119E-11   2.443243E-17   3.469480E-17
  -2.932809E-11  -1.222008E-11  -4.539354E-17
  -2.932789E-11  -1.222005E-11   3.796130E-17
  -2.932799E-11  -1.222011E-11  -1.232851E-17
  -2.932789E-11  -1.222005E-11   6.251396E-17
  -2.932815E-11  -1.222005E-11  -9.746792E-17
  -2.932802E-11  -1.222015E-11   1.020650E-17
  -2.932806E-11  -1.221983E-11  -3.166833E-17
  -2.932790E-11  -1.222023E-11   7.982570E-17
  -2.932780E-11  -1.222022E-11   1.827969E-16
  -2.932791E-11  -1.222013E-11   9.737226E-17
  -2.932812E-11  -1.222022E-11  -9.743835E-17
  -2.932800E-11  -1.222020E-11  -4.157045E-19
  -2.932806E-11  -1.222022E-11  -5.245008E-17
  -2.606944E-11  -1.221992E-11  -1.148979E-16
  -1.710800E-11  -6.109688E-12   9.922119E-18
  -1.710785E-11  -6.109990E-12   3.628892E-17
  -2.606924E-11  -1.221992E-11   2.423436E-17
  -2.932811E-11  -1.222005E-11  -3.486874E-17
  -2.932809E-11  -1.222013E-11  -3.133786E-17
  -2.932799E-11  -1.221995E-11   1.024999E-17
  -2.932785E-11  -1.222006E-11   5.812384E-17
  -2.932804E-11  -1.222005E-11  -3.834570E-17
  -2.932789E-11  -1.222003E-11   8.349225E-17
  -2.932799E-11  -1.221994E-11  -7.643223E-17
  -2.932800E-11  -1.221993E-11   3.470176E-17
  -2.932799E-11  -1.221998E-11   1.021520E-17
  -2.932798E-11  -1.221967E-11   4.008331E-17
  -2.932801E-11  -1.221990E-11  -8.794151E-18
  -2.932794E-11  -1.221999E-11   4.522482E-17
  -2.932809E-11  -1.221969E-11  -1.079823E-16
  -2.932794E-11  -1.221970E-11   3.464958E-17
  -2.932816E-11  -1.221956E-11  -1.389618E-16
  -1.792292E-11  -8.146681E-12  -3.304625E-16
  -9.776170E-12   9.392487E-16  -1.984006E-16
   2.444149E-12   4.277001E-11   1.294598E-17
  -8.553881E-12   2.138501E-11   2.683120E-17
  -2.199595E-11  -1.630640E-19   7.704448E-18
  -2.932813E-11  -6.110006E-12  -1.892412E-17
  -2.932797E-11  -6.109996E-12   1.245374E-17
  -2.932794E-11  -6.109988E-12   1.753351E-17
  -2.932800E-11  -6.110031E-12   9.718615E-18
  -2.932795E-11  -6.110030E-12   1.542542E-17
  -2.932803E-11  -6.109943E-12  -3.103695E-17
  -2.932797E-11  -6.109962E-12   2.598501E-17
  -2.932792E-11  -6.110072E-12   4.284105E-17
  -2.932802E-11  -6.110047E-12   5.246747E-18
  -2.932801E-11  -6.110004E-12   1.124489E-18
  -2.932811E-11  -6.109948E-12  -7.274742E-17
  -2.932788E-11  -6.109924E-12   1.289180E-16
  -2.932797E-11  -6.110150E-12   5.071856E-17
  -2.932801E-11  -6.110108E-12  -7.555908E-17
  -2.932808E-11  -6.109934E-12  -1.039122E-16
  -2.199616E-11  -6.109844E-12  -1.960908E-16
  -1.303482E-11  -4.073897E-12  -2.013749E-16
   4.887941E-12   6.517334E-11  -5.426770E-19
  -1.707076E-18   5.499000E-11   1.955898E-18
  -1.303456E-11   3.258666E-11   2.237412E-17
  -2.688391E-11   6.109956E-12  -2.961242E-18
  -2.932795E-11  -1.304512E-17   9.420316E-18
  -2.932798E-11   4.958165E-17   3.200403E-18
  -2.932802E-11  -3.042842E-17  -1.373477E-17
  -2.932792E-11  -2.956894E-17   4.678502E-17
  -2.932793E-11   2.609024E-17   3.593148E-17
  -2.932802E-11  -2.435089E-17  -3.235364E-17
  -2.932798E-11  -7.132691E-17   1.931374E-17
  -2.932787E-11   2.956215E-17   1.044331E-16
  -2.932800E-11   1.600066E-16   2.208104E-17
  -2.932805E-11  -1.358867E-20  -2.659378E-17
  -2.932801E-11   6.951962E-17   2.198016E-17
  -2.932807E-11   1.147699E-16  -5.797686E-17
  -2.932805E-11  -5.218048E-17  -1.042192E-16
  -2.932805E-11   5.922960E-17  -2.305334E-17
  -2.199595E-11  -3.817736E-17   4.565879E-17
  -1.466389E-11   1.043610E-16   1.221876E-16
   3.258609E-12   4.480667E-11   1.699692E-17
   2.443972E-12   5.498999E-11   1.026738E-17
  -2.444031E-12   4.887999E-11   3.082127E-18
  -1.547860E-11   2.036662E-11   2.703819E-17
  -2.769855E-11  -4.073375E-12   1.508451E-17
  -2.932797E-11  -6.109951E-12   4.712767E-18
  -2.932797E-11  -6.110031E-12   5.835517E-19
  -2.932797E-11  -6.110030E-12   1.764657E-17
  -2.932797E-11  -6.109974E-12   1.595244E-17
  -2.932801E-11  -6.110025E-12   1.201369E-17
  -2.932816E-11  -6.110049E-12  -1.073022E-16
  -2.932802E-11  -6.109898E-12  -1.302686E-17
  -2.932799E-11  -6.109788E-12  -2.399172E-17
  -2.932803E-11  -6.110108E-12  -2.308725E-17
  -2.932810E-11  -6.109945E-12  -9.017831E-17
  -2.932798E-11  -6.109886E-12   2.113483E-17
  -2.932805E-11  -6.109987E-12  -7.989962E-17
  -2.932807E-11  -6.110094E-12  -9.352308E-17
  -2.281066E-11  -4.073368E-12   5.579833E-18
  -1.466385E-11   1.043610E-16   1.726983E-16
  -1.565414E-16   2.444000E-11   1.063960E-17
   1.629339E-12   3.258666E-11  -6.444290E-18
  -1.495976E-16   3.665996E-11  -3.081084E-17
  -4.888170E-12   2.851331E-11  -3.081953E-17
  -2.118133E-11  -2.249604E-17  -6.357322E-18
  -2.932799E-11  -1.222000E-11  -1.339473E-17
  -2.932795E-11  -1.222000E-11   1.783355E-17
  -2.932799E-11  -1.222000E-11  -1.944593E-17
  -2.932810E-11  -1.221990E-11  -6.208434E-17
  -2.932810E-11  -1.222005E-11  -5.504519E-17
  -2.932805E-11  -1.222009E-11  -4.127302E-17
  -2.932815E-11  -1.222016E-11  -1.145466E-16
  -2.932785E-11  -1.221978E-11   1.327037E-16
  -2.932796E-11  -1.222010E-11   5.470080E-17
  -2.932810E-11  -1.222010E-11  -8.644740E-17
  -2.932800E-11  -1.221967E-11   7.096546E-19
  -2.932811E-11  -1.222039E-11  -1.074674E-16
  -2.932804E-11  -1.222006E-11  -6.212086E-17
  -2.606928E-11  -1.221985E-11   5.980057E-17
  -1.710808E-11  -6.109187E-12  -1.140900E-16
  -1.710808E-11  -6.110001E-12  -1.499667E-17
  -2.606954E-11  -1.222001E-11  -3.429301E-17
  -2.932814E-11  -1.221991E-11  -1.338951E-17
  -2.932800E-11  -1.222002E-11   7.526165E-18
  -2.932799E-11  -1.221998E-11   7.371363E-18
  -2.932789E-11  -1.222007E-11   4.481434E-17
  -2.932795E-11  -1.221995E-11   2.489357E-17
  -2.932801E-11  -1.221996E-11   1.625422E-17
  -2.932822E-11  -1.221995E-11  -1.941131E-16
  -2.932795E-11  -1.221982E-11   7.519903E-17
  -2.932801E-11  -1.222016E-11   1.423484E-17
  -2.932811E-11  -1.222011E-11  -1.019050E-16
  -2.932823E-11  -1.222000E-11  -1.751803E-16
  -2.932796E-11  -1.222008E-11   5.275273E-17
  -2.932790E-11  -1.221988E-11   1.118071E-16
  -2.932810E-11  -1.221979E-11  -1.351422E-16
  -2.932817E-11  -1.221971E-11  -1.105878E-16
  -1.792264E-11  -8.146451E-12  -3.417648E-17
  -9.776337E-12  -6.258397E-16  -4.175221E-16
   2.444071E-12   4.277000E-11   8.789802E-18
  -8.554040E-12   2.138500E-11  -3.948758E-18
  -2.199597E-11  -8.683158E-18   4.086601E-18
  -2.932803E-11  -6.109974E-12   1.455401E-17
  -2.932801E-11  -6.109987E-12   1.807184E-18
  -2.932814E-11  -6.110005E-12  -4.158610E-17
  -2.932797E-11  -6.109983E-12   2.407086E-17
  -2.932793E-11  -6.109874E-12   3.455913E-17
  -2.932800E-11  -6.109980E-12  -1.583417E-17
  -2.932784E-11  -6.109917E-12   1.120367E-16
  -2.932807E-11  -6.109964E-12  -4.332198E-17
  -2.932800E-11  -6.110105E-12   2.951502E-17
  -2.932797E-11  -6.110011E-12   1.073961E-17
  -2.932800E-11  -6.110112E-12   1.163103E-17
  -2.932795E-11  -6.109994E-12   4.717029E-17
  -2.932794E-11  -6.110213E-12   7.496857E-17
  -2.932790E-11  -6.110004E-12   3.139004E-17
  -2.932806E-11  -6.109945E-12  -7.010448E-17
  -2.199591E-11  -6.110136E-12   8.737100E-17
  -1.303472E-11  -4.073417E-12  -9.396661E-17
   4.888000E-12   6.517334E-11   3.440433E-18
   3.468507E-18   5.499000E-11  -8.401058E-18
  -1.303475E-11   3.258663E-11  -1.785442E-17
  -2.688406E-11   6.110005E-12  -3.065603E-18
  -2.932800E-11   2.695652E-17  -8.645436E-18
  -2.932799E-11  -1.825637E-17  -5.500692E-18
  -2.932803E-11   1.736632E-17  -1.031086E-17
  -2.932806E-11   1.269385E-16  -1.365389E-17
  -2.932806E-11   6.956718E-17  -2.447960E-17
  -2.932806E-11   5.913109E-17  -4.369854E-17
  -2.932806E-11   3.652634E-17  -3.290588E-17
  -2.932795E-11  -6.083646E-17   4.178613E-17
  -2.932795E-11   5.564559E-17   6.812075E-17
  -2.932795E-11  -5.567277E-17   5.946401E-17
  -2.932795E-11   1.043474E-16   7.326140E-17
  -2.932797E-11  -5.917525E-17   4.458648E-17
  -2.932795E-11   1.669402E-16   1.225546E-17
  -2.932798E-11   5.912769E-17   6.645445E-17
  -2.199596E-11   5.218048E-17   4.213052E-17
  -1.466390E-11   3.059964E-16   9.898985E-17
   3.258883E-12   4.480666E-11   1.412700E-17
   2.444055E-12   5.499000E-11  -3.597844E-18
  -2.444026E-12   4.887998E-11  -7.218300E-18
  -1.547870E-11   2.036668E-11   6.645184E-18
  -2.769866E-11  -4.073336E-12  -5.784206E-18
  -2.932805E-11  -6.110019E-12  -2.656074E-17
  -2.932811E-11  -6.109983E-12  -5.029938E-17
  -2.932803E-11  -6.109874E-12  -1.544194E-17
  -2.932794E-11  -6.109931E-12   2.807919E-17
  -2.932808E-11  -6.109941E-12  -3.231363E-17
  -2.932791E-11  -6.110016E-12   4.754425E-17
  -2.932801E-11  -6.109914E-12   2.633375E-18
  -2.932814E-11  -6.109882E-12  -1.188541E-16
  -2.932800E-11  -6.110108E-12  -3.175182E-18
  -2.932798E-11  -6.109834E-12   3.503572E-17
  -2.932801E-11  -6.110004E-12  -8.414972E-18
  -2.932800E-11  -6.109663E-12  -2.251327E-17
  -2.932792E-11  -6.109941E-12   8.900860E-17
  -2.281078E-11  -4.073285E-12  -1.283570E-16
  -1.466393E-11   3.059964E-16   4.500393E-17
  -3.339551E-16   2.444000E-11   2.035039E-19
   1.629388E-12   3.258668E-11   3.386513E-18
  -6.970986E-18   3.666001E-11  -3.579581E-18
  -4.888170E-12   2.851340E-11  -3.142830E-17
  -2.118133E-11   5.571354E-17   1.040479E-17
  -2.932788E-11  -1.222003E-11   2.775306E-17
  -2.932805E-11  -1.221990E-11  -3.148744E-17
  -2.932777E-11  -1.221980E-11   6.949744E-17
  -2.932789E-11  -1.222002E-11   5.209178E-17
  -2.932805E-11  -1.221995E-11  -3.478003E-17
  -2.932806E-11  -1.222000E-11  -3.838222E-17
  -2.932806E-11  -1.222022E-11  -3.159006E-17
  -2.932789E-11  -1.221991E-11   7.646354E-17
  -2.932788E-11  -1.222012E-11   9.224292E-17
  -2.932799E-11  -1.222001E-11   1.030912E-17
  -2.932801E-11  -1.222047E-11   3.574363E-18
  -2.932805E-11  -1.222000E-11  -5.585573E-17
  -2.932806E-11  -1.222037E-11  -4.193397E-17
  -2.606939E-11  -1.222001E-11  -6.948005E-17
  -1.710815E-11  -6.109500E-12  -1.882254E-16
  -1.710773E-11  -6.110001E-12   2.584499E-17
  -2.606932E-11  -1.222003E-11  -1.269725E-19
  -2.932789E-11  -1.222008E-11   3.119697E-17
  -2.932817E-11  -1.221995E-11  -5.219614E-17
  -2.932800E-11  -1.222012E-11   1.719695E-17
  -2.932806E-11  -1.222010E-11  -1.489405E-17
  -2.932800E-11  -1.221989E-11  -3.551751E-18
  -2.932794E-11  -1.222005E-11   6.256788E-17
  -2.932812E-11  -1.221983E-11  -1.252610E-16
  -2.932801E-11  -1.221992E-11   3.792651E-17
  -2.932806E-11  -1.221974E-11  -2.474572E-17
  -2.932789E-11  -1.222019E-11   7.130985E-17
  -2.932812E-11  -1.221987E-11  -1.027590E-16
  -2.932818E-11  -1.221974E-11  -1.634849E-16
  -2.932806E-11  -1.222031E-11  -4.879049E-17
  -2.932800E-11  -1.222013E-11  -3.689160E-18
  -2.932799E-11  -1.222049E-11   6.250352E-17
  -1.792294E-11  -8.146932E-12  -3.549629E-16
  -9.776504E-12  -2.072951E-17  -6.055701E-16
   2.444092E-12   4.277000E-11   2.807310E-18
  -8.553960E-12   2.138500E-11   8.826329E-18
  -2.199605E-11   6.060545E-18  -1.338951E-17
  -2.932799E-11  -6.110053E-12   4.549268E-18
  -2.932791E-11  -6.109983E-12   1.724565E-17
  -2.932793E-11  -6.110044E-12   1.405046E-17
  -2.932802E-11  -6.110156E-12  -5.056289E-18
  -2.932798E-11  -6.110072E-12   1.720390E-17
  -2.932809E-11  -6.110002E-12  -6.153644E-17
  -2.932800E-11  -6.109974E-12   2.065825E-17
  -2.932794E-11  -6.110032E-12   2.005731E-17
  -2.932806E-11  -6.109874E-12  -1.751090E-17
  -2.932798E-11  -6.109985E-12   1.673167E-17
  -2.932791E-11  -6.110046E-12   7.681141E-17
  -2.932792E-11  -6.110001E-12   7.329966E-17
  -2.932800E-11  -6.109983E-12   3.327984E-17
  -2.932798E-11  -6.110060E-12  -9.509893E-18
  -2.932812E-11  -6.110070E-12  -1.372147E-16
  -2.199596E-11  -6.110376E-12   1.234155E-17
  -1.303482E-11  -4.073146E-12  -2.121484E-16
   4.888000E-12   6.517333E-11  -5.461557E-19
  -3.138642E-17   5.499000E-11  -1.357562E-18
  -1.303465E-11   3.258669E-11   8.103629E-18
  -2.688389E-11   6.109987E-12   1.946419E-17
  -2.932790E-11  -1.564395E-17  -2.288114E-18
  -2.932787E-11  -5.913788E-17   1.712737E-17
  -2.932808E-11  -1.556208E-16  -3.638893E-17
  -2.932797E-11  -7.131333E-17   2.502489E-17
  -2.932806E-11  -3.649916E-17  -2.755651E-17
  -2.932802E-11  -3.451521E-18  -3.071604E-17
  -2.932794E-11  -3.128791E-17   3.489744E-17
  -2.932791E-11   6.434913E-17   6.077809E-17
  -2.932798E-11  -9.222289E-17   4.288888E-17
  -2.932803E-11  -6.261658E-17  -5.592008E-19
  -2.932804E-11  -6.614623E-17  -4.141391E-18
  -2.932815E-11  -1.183505E-16  -9.974386E-17
  -2.932791E-11  -1.287458E-16   3.833874E-17
  -2.932815E-11   2.295228E-16  -1.154284E-16
  -2.199601E-11  -2.608684E-16  -2.072783E-17
  -1.466399E-11   1.182282E-16  -2.402042E-17
   3.258602E-12   4.480666E-11   1.710476E-17
   2.443998E-12   5.498999E-11   3.314330E-18
  -2.444038E-12   4.887999E-11   3.316939E-18
  -1.547867E-11   2.036666E-11   1.400437E-17
  -2.769854E-11  -4.073351E-12   2.206800E-17
  -2.932799E-11  -6.110060E-12  -9.186374E-18
  -2.932797E-11  -6.110156E-12  -2.029821E-18
  -2.932794E-11  -6.110072E-12   2.630679E-17
  -2.932792E-11  -6.110037E-12   4.896964E-17
  -2.932800E-11  -6.110004E-12   1.385653E-17
  -2.932809E-11  -6.110006E-12  -4.634496E-17
  -2.932799E-11  -6.109903E-12   8.879379E-19
  -2.932806E-11  -6.110093E-12  -6.411590E-17
  -2.932806E-11  -6.110129E-12  -4.756338E-17
  -2.932809E-11  -6.110244E-12  -6.416373E-17
  -2.932795E-11  -6.110126E-12   5.236920E-17
  -2.932809E-11  -6.110126E-12  -1.130586E-16
  -2.932799E-11  -6.109764E-12   3.374338E-19
  -2.281064E-11  -4.073219E-12   3.677680E-17
  -1.466377E-11   1.182282E-16   2.317857E-16
  -5.425955E-16   2.444000E-11   1.063960E-17
   1.629322E-12   3.258667E-11   1.443138E-17
  -1.182588E-16   3.666001E-11  -9.940382E-18
  -4.888055E-12   2.851330E-11  -1.343126E-17
  -2.118122E-11  -2.955535E-17   2.494923E-17
  -2.932807E-11  -1.222000E-11  -2.381865E-17
  -2.932788E-11  -1.222021E-11   4.565792E-17
  -2.932801E-11  -1.222030E-11  -2.812180E-17
  -2.932825E-11  -1.222024E-11  -1.038566E-16
  -2.932793E-11  -1.222006E-11   2.849054E-17
  -2.932811E-11  -1.222012E-11  -6.907652E-17
  -2.932800E-11  -1.222005E-11   3.776128E-18
  -2.932782E-11  -1.221999E-11   1.291937E-16
  -2.932793E-11  -1.222002E-11   5.459992E-17
  -2.932811E-11  -1.222075E-11  -9.341872E-17
  -2.932802E-11  -1.222038E-11   4.038769E-18
  -2.932800E-11  -1.222024E-11  -3.016032E-18
  -2.932806E-11  -1.222010E-11  -5.509563E-17
  -2.606939E-11  -1.221939E-11  -5.840040E-17
  -1.710783E-11  -6.109426E-12   1.936339E-16
  -1.710799E-11  -6.110001E-12  -2.022255E-17
  -2.606945E-11  -1.221999E-11  -1.691343E-17
  -2.932813E-11  -1.221989E-11  -9.919510E-18
  -2.932813E-11  -1.222001E-11  -2.724691E-17
  -2.932788E-11  -1.221996E-11   5.259967E-17
  -2.932794E-11  -1.221997E-11   1.009692E-17
  -2.932800E-11  -1.221999E-11  -9.905595E-18
  -2.932812E-11  -1.221987E-11  -2.551452E-17
  -2.932800E-11  -1.222000E-11  -6.908000E-17
  -2.932805E-11  -1.221987E-11  -4.922359E-18
  -2.932793E-11  -1.222000E-11   4.884267E-17
  -2.932802E-11  -1.221930E-11  -4.685807E-18
  -2.932799E-11  -1.221986E-11  -1.518104E-17
  -2.932806E-11  -1.221948E-11  -7.588086E-17
  -2.932819E-11  -1.221988E-11  -1.490170E-16
  -2.932804E-11  -1.221998E-11  -6.908348E-17
  -2.932799E-11  -1.222024E-11   6.309142E-17
  -1.792253E-11  -8.146897E-12   1.115758E-16
  -9.776013E-12   1.106430E-15  -2.108091E-17
   2.443998E-12   4.277000E-11   9.095058E-18
  -8.553946E-12   2.138500E-11  -3.565231E-18
  -2.199593E-11  -9.158763E-18  -3.042992E-18
  -2.932801E-11  -6.109970E-12   1.192063E-17
  -2.932791E-11  -6.110007E-12   1.875367E-17
  -2.932822E-11  -6.109967E-12  -5.897264E-17
  -2.932791E-11  -6.110002E-12   4.584316E-17
  -2.932801E-11  -6.110015E-12   1.523670E-18
  -2.932800E-11  -6.110028E-12  -1.502972E-17
  -2.932791E-11  -6.110030E-12   6.678232E-17
  -2.932807E-11  -6.109936E-12  -4.863569E-17
  -2.932800E-11  -6.110094E-12   2.429436E-17
  -2.932803E-11  -6.109851E-12  -2.756521E-17
  -2.932794E-11  -6.110000E-12   5.506780E-17
  -2.932800E-11  -6.109997E-12  -1.020215E-17
  -2.932803E-11  -6.110202E-12   1.413743E-17
  -2.932787E-11  -6.109952E-12   6.437593E-17
  -2.932799E-11  -6.109990E-12  -2.684077E-17
  -2.199584E-11  -6.109990E-12   1.498110E-16
  -1.303454E-11  -4.073320E-12   1.042270E-16
   4.888062E-12   6.517334E-11   3.445651E-18
  -2.785167E-17   5.499000E-11  -9.908204E-18
  -1.303479E-11   3.258664E-11  -1.464619E-17
  -2.688404E-11   6.110015E-12   5.382417E-18
  -2.932806E-11  -6.950603E-18  -2.219062E-17
  -2.932793E-11  -1.303153E-17   3.181270E-18
  -2.932804E-11  -1.752938E-18  -3.326506E-18
  -2.932826E-11  -1.389441E-17  -8.061189E-17
  -2.932804E-11  -2.952817E-17  -6.212956E-18
  -2.932800E-11  -3.128791E-17  -1.758482E-17
  -2.932804E-11   6.432875E-17  -1.384348E-17
  -2.932794E-11  -2.954856E-17   3.469915E-17
  -2.932800E-11   1.564124E-16   2.459614E-17
  -2.932788E-11   3.137963E-17   1.116280E-16
  -2.932798E-11   1.287288E-16   5.410159E-17
  -2.932797E-11  -1.217782E-16   5.144474E-17
  -2.932797E-11  -7.302889E-17  -2.431089E-17
  -2.932791E-11  -6.909837E-18   1.288910E-16
  -2.199600E-11   1.843948E-16  -3.274673E-17
  -1.466369E-11   1.252332E-16   2.937970E-16
   3.258720E-12   4.480667E-11   1.771527E-17
   2.444031E-12   5.498999E-11   1.621074E-18
  -2.444063E-12   4.887998E-11  -3.391731E-20
  -1.547855E-11   2.036667E-11   3.708380E-17
  -2.769866E-11  -4.073333E-12  -9.310737E-18
  -2.932802E-11  -6.110014E-12  -1.270769E-17
  -2.932803E-11  -6.110002E-12  -1.811011E-17
  -2.932806E-11  -6.110014E-12  -2.410825E-17
  -2.932793E-11  -6.110030E-12   3.159789E-17
  -2.932799E-11  -6.110032E-12   9.506414E-18
  -2.932791E-11  -6.109971E-12   5.103599E-17
  -2.932797E-11  -6.110030E-12   1.825969E-17
  -2.932812E-11  -6.109844E-12  -1.032330E-16
  -2.932796E-11  -6.109973E-12   1.424179E-17
  -2.932810E-11  -6.110129E-12  -6.941222E-17
  -2.932801E-11  -6.110178E-12  -3.279543E-18
  -2.932800E-11  -6.109820E-12  -2.942805E-17
  -2.932800E-11  -6.109938E-12   2.600327E-19
  -2.281077E-11  -4.073097E-12  -9.706352E-17
  -1.466385E-11   1.252332E-16   1.041018E-16
  -3.964188E-16   2.444000E-11   2.107570E-17
   1.629322E-12   3.258667E-11   2.077827E-17
  -6.957398E-17   3.666000E-11   1.728565E-17
  -4.888076E-12   2.851337E-11   1.032652E-17
  -2.118115E-11   6.608169E-17   3.479742E-17
  -2.932811E-11  -1.222003E-11  -4.529440E-17
  -2.932787E-11  -1.222004E-11   3.457305E-17
  -2.932799E-11  -1.222003E-11  -1.569415E-17
  -2.932787E-11  -1.222006E-11   6.261310E-17
  -2.932819E-11  -1.222006E-11  -9.736704E-17
  -2.932802E-11  -1.222006E-11   1.380174E-17
  -2.932813E-11  -1.222018E-11  -6.983488E-17
  -2.932787E-11  -1.221968E-11   7.992658E-17
  -2.932774E-11  -1.221996E-11   1.827221E-16
  -2.932788E-11  -1.222012E-11   9.727138E-17
  -2.932815E-11  -1.221949E-11  -9.038355E-17
  -2.932788E-11  -1.221988E-11   1.181088E-16
  -2.932813E-11  -1.221988E-11  -1.183662E-16
  -2.606941E-11  -1.221976E-11  -5.907874E-17
  -1.710810E-11  -6.110011E-12  -8.920775E-17
  -1.710761E-11  -6.110000E-12   4.120432E-17
  -2.606926E-11  -1.222007E-11  -3.998764E-18
  -2.932800E-11  -1.222003E-11   6.473858E-18
  -2.932812E-11  -1.222000E-11  -2.477181E-17
  -2.932799E-11  -1.222003E-11   6.341668E-18
  -2.932807E-11  -1.222007E-11  -1.879715E-17
  -2.932781E-11  -1.221991E-11   8.305219E-17
  -2.932793E-11  -1.221993E-11   5.181870E-17
  -2.932799E-11  -1.222000E-11  -8.386099E-17
  -2.932788E-11  -1.222012E-11   1.106783E-16
  -2.932806E-11  -1.222019E-11  -4.252535E-17
  -2.932801E-11  -1.221973E-11  -1.597245E-17
  -2.932794E-11  -1.222005E-11   2.562062E-17
  -2.932813E-11  -1.222052E-11  -1.082345E-16
  -2.932806E-11  -1.222015E-11  -6.320448E-17
  -2.932800E-11  -1.221988E-11  -7.658355E-18
  -2.932794E-11  -1.222025E-11   1.248557E-16
  -1.792274E-11  -8.146403E-12  -8.720924E-17
  -9.776420E-12   3.965513E-16  -4.073730E-16
   2.443904E-12   4.277000E-11  -2.335077E-18
  -8.554056E-12   2.138500E-11   1.148492E-17
  -2.199596E-11  -9.546040E-18   6.675623E-18
  -2.932806E-11  -6.109968E-12  -5.658104E-18
  -2.932784E-11  -6.109967E-12   4.225662E-17
  -2.932795E-11  -6.109982E-12   1.280161E-18
  -2.932806E-11  -6.110084E-12  -1.176670E-17
  -2.932804E-11  -6.109957E-12  -4.306629E-18
  -2.932810E-11  -6.109960E-12  -5.945270E-17
  -2.932799E-11  -6.110000E-12   1.841362E-17
  -2.932797E-11  -6.110000E-12   3.876140E-18
  -2.932813E-11  -6.110107E-12  -6.163385E-17
  -2.932797E-11  -6.110027E-12   9.195071E-18
  -2.932805E-11  -6.109825E-12  -5.492865E-18
  -2.932795E-11  -6.110195E-12   5.526957E-17
  -2.932803E-11  -6.110320E-12   4.813649E-18
  -2.932820E-11  -6.110129E-12  -2.188754E-16
  -2.932807E-11  -6.109934E-12  -7.506771E-17
  -2.199604E-11  -6.109938E-12  -3.330854E-17
  -1.303454E-11  -4.073055E-12   1.109531E-16
   4.888003E-12   6.517333E-11  -4.386639E-18
  -3.509273E-18   5.499000E-11   5.324149E-18
  -1.303460E-11   3.258669E-11   8.925471E-18
  -2.688396E-11   6.109985E-12  -9.225509E-18
  -2.932797E-11  -2.632804E-18   9.731660E-19
  -2.932796E-11   1.824958E-17  -8.627173E-19
  -2.932802E-11  -8.343102E-17  -1.610898E-17
  -2.932800E-11   4.346675E-17   2.183492E-17
  -2.932787E-11   6.959436E-17   6.494992E-17
  -2.932800E-11   3.519465E-18  -3.115088E-17
  -2.932807E-11  -2.378017E-20  -2.830008E-17
  -2.932783E-11  -1.227396E-17   1.002370E-16
  -2.932798E-11  -3.480737E-17   4.921924E-17
  -2.932803E-11   1.382307E-17  -2.882972E-18
  -2.932808E-11   4.871537E-17  -2.906453E-17
  -2.932803E-11  -1.286677E-16   9.288995E-18
  -2.932806E-11  -1.287051E-16  -1.240000E-16
  -2.932813E-11  -6.604092E-17  -7.238476E-17
  -2.199590E-11   1.878294E-16   6.583264E-17
  -1.466388E-11  -1.391480E-16   1.074796E-16
   3.258727E-12   4.480666E-11   1.321036E-17
   2.444023E-12   5.498999E-11   1.321123E-17
  -2.444103E-12   4.887998E-11  -3.970065E-18
  -1.547878E-11   2.036661E-11   2.132442E-18
  -2.769846E-11  -4.073370E-12   3.014379E-17
  -2.932803E-11  -6.109982E-12  -2.543625E-17
  -2.932806E-11  -6.110084E-12  -3.307547E-17
  -2.932800E-11  -6.109957E-12   1.008388E-17
  -2.932799E-11  -6.109931E-12  -3.763082E-18
  -2.932810E-11  -6.109997E-12  -2.680337E-17
  -2.932807E-11  -6.110001E-12  -3.305894E-17
  -2.932803E-11  -6.109915E-12  -1.885281E-17
  -2.932803E-11  -6.110105E-12  -3.862747E-17
  -2.932801E-11  -6.109917E-12  -1.185367E-18
  -2.932803E-11  -6.110080E-12  -2.124963E-17
  -2.932811E-11  -6.110066E-12  -7.506162E-17
  -2.932800E-11  -6.110067E-12  -3.004291E-17
  -2.932812E-11  -6.110004E-12  -1.238243E-16
  -2.281066E-11  -4.073473E-12   1.472359E-18
  -1.466402E-11  -1.391480E-16  -2.641202E-17
   9.920407E-17   2.444000E-11   1.003431E-17
   1.629256E-12   3.258666E-11   1.438442E-18
  -1.735952E-18   3.666005E-11   1.011780E-17
  -4.887934E-12   2.851347E-11   1.706998E-17
  -2.118130E-11   1.882030E-18  -7.192210E-18
  -2.932799E-11  -1.221993E-11  -1.421396E-17
  -2.932786E-11  -1.222010E-11   4.132172E-17
  -2.932797E-11  -1.221994E-11  -9.813409E-18
  -2.932806E-11  -1.221987E-11  -3.158659E-17
  -2.932805E-11  -1.222000E-11  -3.846049E-17
  -2.932806E-11  -1.222000E-11  -4.556574E-17
  -2.932796E-11  -1.222014E-11   1.513060E-17
  -2.932788E-11  -1.222013E-11   8.665091E-17
  -2.932805E-11  -1.221991E-11  -1.403655E-17
  -2.932808E-11  -1.221974E-11  -2.644333E-17
  -2.932790E-11  -1.221973E-11   7.817506E-17
  -2.932807E-11  -1.222027E-11  -5.258401E-17
  -2.932799E-11  -1.221960E-11  -1.586461E-17
  -2.606953E-11  -1.221987E-11  -1.914867E-16
  -1.710808E-11  -6.110428E-12  -1.021694E-16
  -1.710800E-11  -6.110000E-12   1.383479E-17
  -2.688400E-11  -1.222002E-11   5.108469E-18
  -2.932790E-11  -1.221993E-11   2.603806E-17
  -2.932759E-11  -1.222000E-11   8.349138E-17
  -2.932790E-11  -1.222005E-11   1.542977E-17
  -2.932801E-11  -1.222026E-11   9.008960E-18
  -2.932790E-11  -1.221990E-11   3.125089E-17
  -2.932820E-11  -1.222011E-11  -8.087192E-17
  -2.932781E-11  -1.222001E-11   3.135786E-17
  -2.932810E-11  -1.222009E-11  -1.077005E-17
  -2.932799E-11  -1.222040E-11   4.842349E-18
  -2.932811E-11  -1.221938E-11  -6.768330E-17
  -2.932791E-11  -1.222029E-11   8.074669E-17
  -2.932780E-11  -1.222017E-11   1.460871E-16
  -2.932798E-11  -1.222019E-11  -1.069178E-17
  -2.932790E-11  -1.222000E-11   7.817680E-17
  -2.932810E-11  -1.222020E-11  -1.040792E-16
  -1.649721E-11  -7.637093E-12  -2.035795E-16
  -9.776410E-12   0.000000E+00  -3.972918E-16
   2.443876E-12   4.277000E-11   4.588404E-18
  -8.798485E-12   2.199600E-11   2.030864E-18
  -2.362520E-11   2.036631E-12   1.007605E-17
  -2.932801E-11  -4.073436E-12   9.088101E-18
  -2.932788E-11  -4.073367E-12   3.483047E-17
  -2.932792E-11  -4.073334E-12   1.715520E-17
  -2.932793E-11  -4.073574E-12   1.984250E-17
  -2.932800E-11  -4.073337E-12  -7.479202E-20
  -2.932800E-11  -4.073334E-12  -8.592386E-19
  -2.932793E-11  -4.073337E-12   5.218570E-17
  -2.932813E-11  -4.073257E-12  -9.936555E-17
  -2.932821E-11  -4.073615E-12  -9.427100E-17
  -2.932807E-11  -4.072976E-12  -3.473307E-17
  -2.932807E-11  -4.073337E-12  -1.911545E-17
  -2.932800E-11  -4.073048E-12   1.390262E-17
  -2.932798E-11  -4.073313E-12   3.117436E-17
  -2.932805E-11  -4.073062E-12  -1.027347E-16
  -2.932794E-11  -4.073201E-12   5.757768E-17
  -1.955208E-11  -4.073347E-12  -6.954789E-17
  -1.344222E-11  -3.054562E-12  -2.088576E-16
   4.888195E-12   6.721000E-11   1.502276E-17
  -8.146035E-13   5.906333E-11   1.115271E-17
  -1.384953E-11   3.462335E-11  -3.150136E-17
  -2.688407E-11   6.109846E-12  -1.565241E-17
  -2.932780E-11  -3.125393E-17   5.541393E-17
  -2.932772E-11  -6.114900E-20   7.422848E-17
  -2.932779E-11  -2.399759E-16   5.548872E-17
  -2.932794E-11  -3.478699E-18   4.523004E-17
  -2.932807E-11   1.539922E-29  -1.912241E-17
  -2.932806E-11  -3.478699E-18  -3.564623E-17
  -2.932801E-11   7.647022E-17   1.194759E-17
  -2.932787E-11  -1.496452E-16   7.796982E-17
  -2.932821E-11   8.343442E-17  -8.342615E-17
  -2.932786E-11  -2.123229E-16   9.213334E-17
  -2.932807E-11   7.100079E-18  -5.215091E-17
  -2.932800E-11   2.096052E-17  -7.009578E-18
  -2.932813E-11   1.391480E-16  -1.810767E-16
  -2.932799E-11   1.322857E-16   4.020680E-17
  -1.955208E-11  -3.062206E-16  -1.129447E-16
  -1.466506E-11  -3.963475E-16  -1.168806E-15
   3.055040E-12   4.124250E-11  -2.859490E-18
   1.629252E-12   4.888000E-11   1.488883E-18
  -2.444026E-12   4.276999E-11   9.058532E-18
  -1.588586E-11   1.527500E-11   2.888190E-17
  -2.810573E-11  -7.128297E-12   4.787211E-17
  -2.932793E-11  -8.146667E-12   2.546581E-17
  -2.932769E-11  -8.146907E-12   8.510985E-17
  -2.932794E-11  -8.146671E-12   2.251240E-17
  -2.932778E-11  -8.146667E-12   8.520029E-17
  -2.932765E-11  -8.146671E-12   1.827187E-16
  -2.932779E-11  -8.146733E-12   1.033261E-16
  -2.932813E-11  -8.146667E-12  -1.237408E-16
  -2.932814E-11  -8.146584E-12  -1.198760E-16
  -2.932817E-11  -8.146880E-12  -1.357145E-16
  -2.932808E-11  -8.147071E-12  -8.522638E-17
  -2.932817E-11  -8.146653E-12  -2.035769E-16
  -2.932769E-11  -8.146667E-12   2.520491E-16
  -2.932806E-11  -8.146535E-12  -9.210377E-17
  -2.077385E-11  -5.092377E-12   1.495614E-16
  -1.466460E-11  -3.963475E-16  -5.898638E-16
  -4.069466E-16   2.444000E-11  -1.055089E-17
   1.221796E-12   3.360500E-11   5.113687E-18
   2.036262E-16   3.666006E-11   3.641676E-17
  -6.109593E-12   2.749510E-11   5.727852E-17
  -2.321800E-11  -3.055105E-12   5.202394E-18
  -2.932790E-11  -1.221990E-11   4.159828E-17
  -2.932760E-11  -1.222020E-11   1.250714E-16
  -2.932791E-11  -1.222000E-11   2.598066E-17
  -2.932831E-11  -1.222000E-11  -1.254732E-16
  -2.932769E-11  -1.222000E-11   1.409134E-16
  -2.932760E-11  -1.222042E-11   1.981606E-16
  -2.932810E-11  -1.222039E-11  -7.332401E-17
  -2.932831E-11  -1.221977E-11  -2.034256E-16
  -2.932831E-11  -1.221939E-11  -1.877923E-16
  -2.932810E-11  -1.222038E-11  -5.744549E-17
  -2.932831E-11  -1.221998E-11  -2.451283E-16
  -2.932800E-11  -1.222040E-11   1.032130E-17
  -2.932811E-11  -1.221958E-11  -8.843548E-17
  -2.444010E-11  -1.222127E-11  -9.366918E-17
  -1.710777E-11  -6.111670E-12   1.979206E-16
