#TIME      <--- WTDEPTH(NODVP(I)), I=1,2,...,NUMVP --->
   1.000000E-02   1.000001E+00
   2.100000E-02   1.000001E+00
   3.310000E-02   1.000001E+00
   4.641000E-02   1.000001E+00
   6.105100E-02   1.000002E+00
   7.715610E-02   1.000001E+00
   9.487171E-02   1.000001E+00
   1.143589E-01   1.000001E+00
   1.357948E-01   1.000001E+00
   1.593742E-01   1.000001E+00
   1.853117E-01   1.000001E+00
   2.138428E-01   1.000001E+00
   2.452271E-01   1.000001E+00
   2.797498E-01   1.000001E+00
   3.177248E-01   1.000001E+00
   3.594973E-01   1.000001E+00
   4.054470E-01   1.000001E+00
   4.559917E-01   1.000001E+00
   5.115909E-01   1.000001E+00
   5.727500E-01   1.000001E+00
   6.400250E-01   1.000001E+00
   7.140275E-01   1.000001E+00
   7.954302E-01   1.000001E+00
   8.849733E-01   1.000001E+00
   9.834706E-01   1.000001E+00
   1.091818E+00   1.000001E+00
   1.210999E+00   1.000001E+00
   1.342099E+00   1.000001E+00
   1.486309E+00   1.000001E+00
   1.644940E+00   1.000001E+00
   1.819434E+00   1.000001E+00
   2.011378E+00   1.000001E+00
   2.222515E+00   1.000001E+00
   2.454767E+00   1.000001E+00
   2.710244E+00   1.000001E+00
   2.991268E+00   1.000001E+00
   3.300395E+00   1.000001E+00
   3.640434E+00   1.000001E+00
   4.014478E+00   1.000001E+00
   4.425926E+00   1.000001E+00
   4.878518E+00   1.000001E+00
   5.376370E+00   1.000001E+00
   5.924007E+00   1.000001E+00
   6.526408E+00   1.000001E+00
   7.189048E+00   1.000001E+00
   7.917953E+00   1.000001E+00
   8.719749E+00   1.000001E+00
   9.601723E+00   1.000001E+00
   1.057190E+01   1.000001E+00
   1.163909E+01   1.000001E+00
   1.281299E+01   1.000001E+00
   1.410429E+01   1.000001E+00
   1.552472E+01   1.000001E+00
   1.708719E+01   1.000001E+00
   1.880591E+01   1.000001E+00
   2.069651E+01   1.000001E+00
   2.277616E+01   1.000001E+00
   2.506377E+01   1.000001E+00
   2.758015E+01   1.000001E+00
   3.034816E+01   1.000001E+00
   3.339298E+01   1.000001E+00
   3.674228E+01   1.000001E+00
   4.042651E+01   1.000001E+00
   4.447916E+01   1.000001E+00
   4.893707E+01   1.000001E+00
   5.384078E+01   1.000001E+00
   5.923486E+01   1.000001E+00
   6.516834E+01   1.000001E+00
   7.169518E+01   1.000001E+00
   7.887470E+01   1.000001E+00
   8.677217E+01   1.000001E+00
   9.545938E+01   1.000001E+00
   1.050153E+02   1.000001E+00
   1.150153E+02   1.000001E+00
   1.250153E+02   1.000001E+00
   1.350153E+02   1.000001E+00
   1.450153E+02   1.000001E+00
   1.550153E+02   1.000001E+00
   1.650153E+02   1.000001E+00
   1.750153E+02   1.000001E+00
   1.850153E+02   1.000001E+00
   1.950153E+02   1.000001E+00
   2.050153E+02   1.000001E+00
   2.150153E+02   1.000001E+00
   2.250153E+02   1.000001E+00
   2.350153E+02   1.000001E+00
   2.450153E+02   1.000001E+00
   2.550153E+02   1.000001E+00
   2.650153E+02   1.000001E+00
   2.750153E+02   1.000001E+00
   2.850153E+02   1.000001E+00
   2.950153E+02   1.000001E+00
   3.050153E+02   1.000001E+00
   3.150153E+02   1.000001E+00
   3.250153E+02   1.000001E+00
   3.350153E+02   1.000001E+00
   3.450153E+02   1.000001E+00
   3.550153E+02   1.000001E+00
   3.650153E+02   1.000001E+00
   3.750153E+02   1.000001E+00
   3.850153E+02   1.000001E+00
   3.950153E+02   1.000001E+00
   4.050153E+02   1.000001E+00
   4.150153E+02   1.000001E+00
   4.250153E+02   1.000001E+00
   4.350153E+02   1.000001E+00
   4.450153E+02   1.000001E+00
   4.550153E+02   1.000001E+00
   4.650153E+02   1.000001E+00
   4.750153E+02   1.000001E+00
   4.850153E+02   1.000001E+00
   4.950153E+02   1.000001E+00
   5.050153E+02   1.000001E+00
   5.150153E+02   1.000001E+00
   5.250153E+02   1.000001E+00
   5.350153E+02   1.000001E+00
   5.450153E+02   1.000001E+00
   5.550153E+02   1.000001E+00
   5.650153E+02   1.000001E+00
   5.750153E+02   1.000001E+00
   5.850153E+02   1.000001E+00
   5.950153E+02   1.000001E+00
   6.050153E+02   1.000001E+00
   6.150153E+02   1.000001E+00
   6.250153E+02   1.000001E+00
   6.350153E+02   1.000001E+00
   6.450153E+02   1.000001E+00
   6.550153E+02   1.000001E+00
   6.650153E+02   1.000001E+00
   6.750153E+02   1.000001E+00
   6.850153E+02   1.000001E+00
   6.950153E+02   1.000001E+00
   7.050153E+02   1.000001E+00
   7.150153E+02   1.000001E+00
   7.250153E+02   1.000001E+00
   7.350153E+02   1.000001E+00
   7.450153E+02   1.000001E+00
   7.550153E+02   1.000001E+00
   7.650153E+02   1.000001E+00
   7.750153E+02   1.000001E+00
   7.850153E+02   1.000001E+00
   7.950153E+02   1.000001E+00
   8.050153E+02   1.000001E+00
   8.150153E+02   1.000001E+00
   8.250153E+02   1.000001E+00
   8.350153E+02   1.000001E+00
   8.450153E+02   1.000001E+00
   8.550153E+02   1.000001E+00
   8.650153E+02   1.000001E+00
   8.750153E+02   1.000001E+00
   8.850153E+02   1.000001E+00
   8.950153E+02   1.000001E+00
   9.050153E+02   1.000001E+00
   9.150153E+02   1.000001E+00
   9.250153E+02   1.000001E+00
   9.350153E+02   1.000001E+00
   9.450153E+02   1.000001E+00
   9.550153E+02   1.000001E+00
   9.650153E+02   1.000001E+00
   9.750153E+02   1.000001E+00
   9.850153E+02   1.000001E+00
   9.950153E+02   1.000001E+00
   1.005015E+03   1.000001E+00
   1.015015E+03   1.000001E+00
   1.025015E+03   1.000001E+00
   1.035015E+03   1.000001E+00
   1.045015E+03   1.000001E+00
   1.055015E+03   1.000001E+00
   1.065015E+03   1.000001E+00
   1.075015E+03   1.000001E+00
   1.085015E+03   1.000001E+00
   1.095015E+03   1.000001E+00
   1.105015E+03   1.000001E+00
   1.115015E+03   1.000001E+00
   1.125015E+03   1.000001E+00
   1.135015E+03   1.000001E+00
   1.145015E+03   1.000001E+00
   1.155015E+03   1.000001E+00
   1.165015E+03   1.000001E+00
   1.175015E+03   1.000001E+00
   1.185015E+03   1.000001E+00
   1.195015E+03   1.000001E+00
   1.205015E+03   1.000001E+00
   1.215015E+03   1.000001E+00
   1.225015E+03   1.000001E+00
   1.235015E+03   1.000001E+00
   1.245015E+03   1.000001E+00
   1.255015E+03   1.000001E+00
   1.265015E+03   1.000001E+00
   1.275015E+03   1.000001E+00
   1.285015E+03   1.000001E+00
   1.295015E+03   1.000001E+00
   1.305015E+03   1.000001E+00
   1.315015E+03   1.000001E+00
   1.325015E+03   1.000001E+00
   1.335015E+03   1.000001E+00
   1.345015E+03   1.000001E+00
   1.355015E+03   1.000001E+00
   1.365015E+03   1.000001E+00
   1.375015E+03   1.000001E+00
   1.385015E+03   1.000001E+00
   1.395015E+03   1.000001E+00
   1.405015E+03   1.000001E+00
   1.415015E+03   1.000001E+00
   1.425015E+03   1.000001E+00
   1.435015E+03   1.000001E+00
   1.445015E+03   1.000001E+00
   1.455015E+03   1.000001E+00
   1.465015E+03   1.000001E+00
   1.475015E+03   1.000001E+00
   1.485015E+03   1.000001E+00
   1.495015E+03   1.000001E+00
   1.505015E+03   1.000001E+00
   1.515015E+03   1.000001E+00
   1.525015E+03   1.000001E+00
   1.535015E+03   1.000001E+00
   1.545015E+03   1.000001E+00
   1.555015E+03   1.000001E+00
   1.565015E+03   1.000001E+00
   1.575015E+03   1.000001E+00
   1.585015E+03   1.000001E+00
   1.595015E+03   1.000001E+00
   1.605015E+03   1.000001E+00
   1.615015E+03   1.000001E+00
   1.625015E+03   1.000001E+00
   1.635015E+03   1.000001E+00
   1.645015E+03   1.000001E+00
   1.655015E+03   1.000001E+00
   1.665015E+03   1.000001E+00
   1.675015E+03   1.000001E+00
   1.685015E+03   1.000001E+00
   1.695015E+03   1.000001E+00
   1.705015E+03   1.000001E+00
   1.715015E+03   1.000001E+00
   1.725015E+03   1.000001E+00
   1.735015E+03   1.000001E+00
   1.745015E+03   1.000001E+00
   1.755015E+03   1.000001E+00
   1.765015E+03   1.000001E+00
   1.775015E+03   1.000001E+00
   1.785015E+03   1.000001E+00
   1.795015E+03   1.000001E+00
   1.805015E+03   1.000001E+00
   1.815015E+03   1.000001E+00
   1.825015E+03   1.000001E+00
   1.835015E+03   1.000001E+00
   1.845015E+03   1.000001E+00
   1.855015E+03   1.000001E+00
   1.865015E+03   1.000001E+00
   1.875015E+03   1.000001E+00
   1.885015E+03   1.000001E+00
   1.895015E+03   1.000001E+00
   1.905015E+03   1.000001E+00
   1.915015E+03   1.000001E+00
   1.925015E+03   1.000001E+00
   1.935015E+03   1.000001E+00
   1.945015E+03   1.000001E+00
   1.955015E+03   1.000001E+00
   1.965015E+03   1.000001E+00
   1.975015E+03   1.000001E+00
   1.985015E+03   1.000001E+00
   1.995015E+03   1.000001E+00
   2.005015E+03   1.000001E+00
   2.015015E+03   1.000001E+00
   2.025015E+03   1.000001E+00
   2.035015E+03   1.000001E+00
   2.045015E+03   1.000001E+00
   2.055015E+03   1.000001E+00
   2.065015E+03   1.000001E+00
   2.075015E+03   1.000001E+00
   2.085015E+03   1.000001E+00
   2.095015E+03   1.000001E+00
   2.105015E+03   1.000001E+00
   2.115015E+03   1.000001E+00
   2.125015E+03   1.000001E+00
   2.135015E+03   1.000001E+00
   2.145015E+03   1.000001E+00
   2.155015E+03   1.000001E+00
   2.165015E+03   1.000001E+00
   2.175015E+03   1.000001E+00
   2.185015E+03   1.000001E+00
   2.195015E+03   1.000001E+00
   2.205015E+03   1.000001E+00
   2.215015E+03   1.000001E+00
   2.225015E+03   1.000001E+00
   2.235015E+03   1.000001E+00
   2.245015E+03   1.000001E+00
   2.255015E+03   1.000001E+00
   2.265015E+03   1.000001E+00
   2.275015E+03   1.000001E+00
   2.285015E+03   1.000001E+00
   2.295015E+03   1.000001E+00
   2.305015E+03   1.000001E+00
   2.315015E+03   1.000001E+00
   2.325015E+03   1.000001E+00
   2.335015E+03   1.000001E+00
   2.345015E+03   1.000001E+00
   2.355015E+03   1.000001E+00
   2.365015E+03   1.000001E+00
   2.375015E+03   1.000001E+00
   2.385015E+03   1.000001E+00
   2.395015E+03   1.000001E+00
   2.405015E+03   1.000001E+00
   2.415015E+03   1.000001E+00
   2.425015E+03   1.000001E+00
   2.435015E+03   1.000001E+00
   2.445015E+03   1.000001E+00
   2.455015E+03   1.000001E+00
   2.465015E+03   1.000001E+00
   2.475015E+03   1.000001E+00
   2.485015E+03   1.000001E+00
   2.495015E+03   1.000001E+00
   2.505015E+03   1.000001E+00
   2.515015E+03   1.000001E+00
   2.525015E+03   1.000001E+00
   2.535015E+03   1.000001E+00
   2.545015E+03   1.000001E+00
   2.555015E+03   1.000001E+00
   2.565015E+03   1.000001E+00
   2.575015E+03   1.000001E+00
   2.585015E+03   1.000001E+00
   2.595015E+03   1.000001E+00
   2.605015E+03   1.000001E+00
   2.615015E+03   1.000001E+00
   2.625015E+03   1.000001E+00
   2.635015E+03   1.000001E+00
   2.645015E+03   1.000001E+00
   2.655015E+03   1.000001E+00
   2.665015E+03   1.000001E+00
   2.675015E+03   1.000001E+00
   2.685015E+03   1.000001E+00
   2.695015E+03   1.000001E+00
   2.705015E+03   1.000001E+00
   2.715015E+03   1.000001E+00
   2.725015E+03   1.000001E+00
   2.735015E+03   1.000001E+00
   2.745015E+03   1.000001E+00
   2.755015E+03   1.000001E+00
   2.765015E+03   1.000001E+00
   2.775015E+03   1.000001E+00
   2.785015E+03   1.000001E+00
   2.795015E+03   1.000001E+00
   2.805015E+03   1.000001E+00
   2.815015E+03   1.000001E+00
   2.825015E+03   1.000001E+00
   2.835015E+03   1.000001E+00
   2.845015E+03   1.000001E+00
   2.855015E+03   1.000001E+00
   2.865015E+03   1.000001E+00
   2.875015E+03   1.000001E+00
   2.885015E+03   1.000001E+00
   2.895015E+03   1.000001E+00
   2.905015E+03   1.000001E+00
   2.915015E+03   1.000001E+00
   2.925015E+03   1.000001E+00
   2.935015E+03   1.000001E+00
   2.945015E+03   1.000001E+00
   2.955015E+03   1.000001E+00
   2.965015E+03   1.000001E+00
   2.975015E+03   1.000001E+00
   2.985015E+03   1.000001E+00
   2.995015E+03   1.000001E+00
   3.005015E+03   1.000001E+00
   3.015015E+03   1.000001E+00
   3.025015E+03   1.000001E+00
   3.035015E+03   1.000001E+00
   3.045015E+03   1.000001E+00
   3.055015E+03   1.000001E+00
   3.065015E+03   1.000001E+00
   3.075015E+03   1.000001E+00
   3.085015E+03   1.000001E+00
   3.095015E+03   1.000001E+00
   3.105015E+03   1.000001E+00
   3.115015E+03   1.000001E+00
   3.125015E+03   1.000001E+00
   3.135015E+03   1.000001E+00
   3.145015E+03   1.000001E+00
   3.155015E+03   1.000001E+00
   3.165015E+03   1.000001E+00
   3.175015E+03   1.000001E+00
   3.185015E+03   1.000001E+00
   3.195015E+03   1.000001E+00
   3.205015E+03   1.000001E+00
   3.215015E+03   1.000001E+00
   3.225015E+03   1.000001E+00
   3.235015E+03   1.000001E+00
   3.245015E+03   1.000001E+00
   3.255015E+03   1.000001E+00
   3.265015E+03   1.000001E+00
   3.275015E+03   1.000001E+00
   3.285015E+03   1.000001E+00
   3.295015E+03   1.000001E+00
   3.305015E+03   1.000001E+00
   3.315015E+03   1.000001E+00
   3.325015E+03   1.000001E+00
   3.335015E+03   1.000001E+00
   3.345015E+03   1.000001E+00
   3.355015E+03   1.000001E+00
   3.365015E+03   1.000001E+00
   3.375015E+03   1.000001E+00
   3.385015E+03   1.000001E+00
   3.395015E+03   1.000001E+00
   3.405015E+03   1.000001E+00
   3.415015E+03   1.000001E+00
   3.425015E+03   1.000001E+00
   3.435015E+03   1.000001E+00
   3.445015E+03   1.000001E+00
   3.455015E+03   1.000001E+00
   3.465015E+03   1.000001E+00
   3.475015E+03   1.000001E+00
   3.485015E+03   1.000001E+00
   3.495015E+03   1.000001E+00
   3.505015E+03   1.000001E+00
   3.515015E+03   1.000001E+00
   3.525015E+03   1.000001E+00
   3.535015E+03   1.000001E+00
   3.545015E+03   1.000001E+00
   3.555015E+03   1.000001E+00
   3.565015E+03   1.000001E+00
   3.575015E+03   1.000001E+00
   3.585015E+03   1.000001E+00
   3.592508E+03   1.000001E+00
   3.600000E+03   1.000001E+00
