          76
          76
          75
          74
          73
          69
          70
          71
          72
          66
          65
          68
          67
          61
          64
          63
          62
          57
          59
          58
          60
          56
          55
          54
          53
          49
          50
          52
          51
          45
          46
          48
          47
          44
          43
          42
          41
          37
          39
          38
          40
          36
          35
          34
          33
          29
          30
          32
          31
          25
          26
          28
          27
          24
          23
          22
          21
          17
          18
          19
          20
           5
          13
          14
           1
          15
          16
           9
           2
          12
          10
          11
           6
           7
           3
           8
           4
