      0  0.00000000E+00     NSTEP   TIME
 SURFACE NODE              X              Y      ACT. ETRA
            1   2.500000E-02   2.000000E-01   0.000000E+00
            2   5.000000E-02   2.000000E-01   0.000000E+00
            3   7.500000E-02   2.000000E-01   0.000000E+00
            4   1.000000E-01   2.000000E-01   0.000000E+00
            5   1.250000E-01   2.000000E-01   0.000000E+00
            6   1.500000E-01   2.000000E-01   0.000000E+00
            7   1.750000E-01   2.000000E-01   0.000000E+00
            8   2.000000E-01   2.000000E-01   0.000000E+00
            9   2.250000E-01   2.000000E-01   0.000000E+00
           10   2.500000E-01   2.000000E-01   0.000000E+00
           11   2.750000E-01   2.000000E-01   0.000000E+00
           12   3.000000E-01   2.000000E-01   0.000000E+00
           13   3.250000E-01   2.000000E-01   0.000000E+00
           14   3.500000E-01   2.000000E-01   0.000000E+00
           15   3.750000E-01   2.000000E-01   0.000000E+00
           16   4.000000E-01   2.000000E-01   0.000000E+00
           17   4.250000E-01   2.000000E-01   0.000000E+00
           18   4.500000E-01   2.000000E-01   0.000000E+00
           19   4.750000E-01   2.000000E-01   0.000000E+00
           20   0.000000E+00   1.900000E-01   0.000000E+00
           21   2.500000E-02   1.900000E-01   0.000000E+00
           22   5.000000E-02   1.900000E-01   0.000000E+00
           23   7.500000E-02   1.900000E-01   0.000000E+00
           24   1.000000E-01   1.900000E-01   0.000000E+00
           25   1.250000E-01   1.900000E-01   0.000000E+00
           26   1.500000E-01   1.900000E-01   0.000000E+00
           27   1.750000E-01   1.900000E-01   0.000000E+00
           28   2.000000E-01   1.900000E-01   0.000000E+00
           29   2.250000E-01   1.900000E-01   0.000000E+00
           30   2.500000E-01   1.900000E-01   0.000000E+00
           31   2.750000E-01   1.900000E-01   0.000000E+00
           32   3.000000E-01   1.900000E-01   0.000000E+00
           33   3.250000E-01   1.900000E-01   0.000000E+00
           34   3.500000E-01   1.900000E-01   0.000000E+00
           35   3.750000E-01   1.900000E-01   0.000000E+00
           36   4.000000E-01   1.900000E-01   0.000000E+00
           37   4.250000E-01   1.900000E-01   0.000000E+00
           38   4.500000E-01   1.900000E-01   0.000000E+00
           39   4.750000E-01   1.900000E-01   0.000000E+00
           40   0.000000E+00   1.800000E-01   0.000000E+00
           41   2.500000E-02   1.800000E-01   0.000000E+00
           42   5.000000E-02   1.800000E-01   0.000000E+00
           43   7.500000E-02   1.800000E-01   0.000000E+00
           44   1.000000E-01   1.800000E-01   0.000000E+00
           45   1.250000E-01   1.800000E-01   0.000000E+00
           46   1.500000E-01   1.800000E-01   0.000000E+00
           47   1.750000E-01   1.800000E-01   0.000000E+00
           48   2.000000E-01   1.800000E-01   0.000000E+00
           49   2.250000E-01   1.800000E-01   0.000000E+00
           50   2.500000E-01   1.800000E-01   0.000000E+00
           51   2.750000E-01   1.800000E-01   0.000000E+00
           52   3.000000E-01   1.800000E-01   0.000000E+00
           53   3.250000E-01   1.800000E-01   0.000000E+00
           54   3.500000E-01   1.800000E-01   0.000000E+00
           55   3.750000E-01   1.800000E-01   0.000000E+00
           56   4.000000E-01   1.800000E-01   0.000000E+00
           57   4.250000E-01   1.800000E-01   0.000000E+00
           58   4.500000E-01   1.800000E-01   0.000000E+00
           59   4.750000E-01   1.800000E-01   0.000000E+00
           60   0.000000E+00   1.700000E-01   0.000000E+00
           61   2.500000E-02   1.700000E-01   0.000000E+00
           62   5.000000E-02   1.700000E-01   0.000000E+00
           63   7.500000E-02   1.700000E-01   0.000000E+00
           64   1.000000E-01   1.700000E-01   0.000000E+00
           65   1.250000E-01   1.700000E-01   0.000000E+00
           66   1.500000E-01   1.700000E-01   0.000000E+00
           67   1.750000E-01   1.700000E-01   0.000000E+00
           68   2.000000E-01   1.700000E-01   0.000000E+00
           69   2.250000E-01   1.700000E-01   0.000000E+00
           70   2.500000E-01   1.700000E-01   0.000000E+00
           71   2.750000E-01   1.700000E-01   0.000000E+00
           72   3.000000E-01   1.700000E-01   0.000000E+00
           73   3.250000E-01   1.700000E-01   0.000000E+00
           74   3.500000E-01   1.700000E-01   0.000000E+00
           75   3.750000E-01   1.700000E-01   0.000000E+00
           76   4.000000E-01   1.700000E-01   0.000000E+00
           77   4.250000E-01   1.700000E-01   0.000000E+00
           78   4.500000E-01   1.700000E-01   0.000000E+00
           79   4.750000E-01   1.700000E-01   0.000000E+00
           80   0.000000E+00   1.600000E-01   0.000000E+00
           81   2.500000E-02   1.600000E-01   0.000000E+00
           82   5.000000E-02   1.600000E-01   0.000000E+00
           83   7.500000E-02   1.600000E-01   0.000000E+00
           84   1.000000E-01   1.600000E-01   0.000000E+00
           85   1.250000E-01   1.600000E-01   0.000000E+00
           86   1.500000E-01   1.600000E-01   0.000000E+00
           87   1.750000E-01   1.600000E-01   0.000000E+00
           88   2.000000E-01   1.600000E-01   0.000000E+00
           89   2.250000E-01   1.600000E-01   0.000000E+00
           90   2.500000E-01   1.600000E-01   0.000000E+00
           91   2.750000E-01   1.600000E-01   0.000000E+00
           92   3.000000E-01   1.600000E-01   0.000000E+00
           93   3.250000E-01   1.600000E-01   0.000000E+00
           94   3.500000E-01   1.600000E-01   0.000000E+00
           95   3.750000E-01   1.600000E-01   0.000000E+00
           96   4.000000E-01   1.600000E-01   0.000000E+00
           97   4.250000E-01   1.600000E-01   0.000000E+00
           98   4.500000E-01   1.600000E-01   0.000000E+00
           99   4.750000E-01   1.600000E-01   0.000000E+00
