   1.0000000000000000E-002   0.0000000000000000     
   1.4999999999999999E-002   0.0000000000000000     
   2.0500000000000001E-002   0.0000000000000000     
   2.6550000000000001E-002   0.0000000000000000     
   3.2600000000000004E-002   0.0000000000000000     
   3.8650000000000004E-002   0.0000000000000000     
   4.4700000000000004E-002   0.0000000000000000     
   4.7725000000000004E-002   0.0000000000000000     
   5.1052500000000001E-002   0.0000000000000000     
   5.4712750000000004E-002   0.0000000000000000     
   5.8373000000000008E-002   0.0000000000000000     
   6.2399275000000011E-002   0.0000000000000000     
   6.6425550000000014E-002   0.0000000000000000     
   7.0451825000000010E-002   0.0000000000000000     
   7.4478100000000005E-002   0.0000000000000000     
   7.8504375000000001E-002   0.0000000000000000     
   8.2530649999999997E-002   0.0000000000000000     
   8.6556924999999993E-002   0.0000000000000000     
   9.0583199999999989E-002   0.0000000000000000     
   9.4609474999999985E-002   0.0000000000000000     
   9.8635749999999980E-002   0.0000000000000000     
  0.10306465249999998        0.0000000000000000     
  0.10749355499999998        0.0000000000000000     
  0.11192245749999997        0.0000000000000000     
  0.11635135999999997        0.0000000000000000     
  0.12078026249999997        0.0000000000000000     
  0.12520916499999998        0.0000000000000000     
  0.12963806749999998        0.0000000000000000     
  0.13406696999999998        0.0000000000000000     
  0.13849587249999998        0.0000000000000000     
  0.14292477499999998        0.0000000000000000     
  0.14735367749999997        0.0000000000000000     
  0.15178257999999997        0.0000000000000000     
  0.15621148249999997        0.0000000000000000     
  0.16064038499999997        0.0000000000000000     
  0.16551217774999996        0.0000000000000000     
  0.17038397049999995        0.0000000000000000     
  0.17525576324999995        0.0000000000000000     
  0.18012755599999994        0.0000000000000000     
  0.18548652802499993        0.0000000000000000     
  0.19084550004999992        0.0000000000000000     
  0.19674036927749994        0.0000000000000000     
  0.20263523850499995        0.0000000000000000     
  0.20853010773249997        0.0000000000000000     
  0.21442497695999999        0.0000000000000000     
  0.22031984618750000        0.0000000000000000     
  0.22621471541500002        0.0000000000000000     
  0.23210958464250003        0.0000000000000000     
  0.23800445387000005        0.0000000000000000     
  0.24389932309750006        0.0000000000000000     
  0.24979419232500008        0.0000000000000000     
  0.25568906155250010        0.0000000000000000     
  0.26217341770275010        0.0000000000000000     
  0.26865777385300010        0.0000000000000000     
  0.27514213000325011        0.0000000000000000     
  0.28227492176852509        0.0000000000000000     
  0.28940771353380007        0.0000000000000000     
  0.29654050529907505        0.0000000000000000     
  0.30438657624087756        0.0000000000000000     
  0.31223264718268007        0.0000000000000000     
  0.32007871812448258        0.0000000000000000     
  0.32870939616046535        0.0000000000000000     
  0.33734007419644813        0.0000000000000000     
  0.34683382003602914        0.0000000000000000     
  0.35632756587561015        0.0000000000000000     
  0.36582131171519117        0.0000000000000000     
  0.37531505755477218        0.0000000000000000     
  0.38575817797831130        0.0000000000000000     
  0.39620129840185042        0.0000000000000000     
  0.40768873086774349        0.0000000000000000     
  0.42032490658022587        0.0000000000000000     
  0.43422469986395645        0.0000000000000000     
  0.44812449314768704        0.0000000000000000     
  0.46341426575979072        0.0000000000000000     
  0.48023301563310472        0.0000000000000000     
  0.49873364049375013        0.0000000000000000     
  0.51723426535439554        0.0000000000000000     
  0.53758495270110551        0.0000000000000000     
  0.55997070878248645        0.0000000000000000     
  0.58235646486386738        0.0000000000000000     
  0.60474222094524832        0.0000000000000000     
  0.62936655263476737        0.0000000000000000     
  0.65399088432428643        0.0000000000000000     
  0.68107764918275737        0.0000000000000000     
  0.71087309052707548        0.0000000000000000     
  0.74066853187139359        0.0000000000000000     
  0.77344351735014349        0.0000000000000000     
  0.80949600137676836        0.0000000000000000     
  0.84915373380605574        0.0000000000000000     
  0.89277723947827181        0.0000000000000000     
  0.94076309571770955        0.0000000000000000     
  0.99354753758109104        0.0000000000000000     
   1.0463319794444725        0.0000000000000000     
   1.1043948654941922        0.0000000000000000     
   1.1624577515439118        0.0000000000000000     
   1.2263269261986034        0.0000000000000000     
   1.2901961008532949        0.0000000000000000     
   1.3604521929734557        0.0000000000000000     
   1.4377338943056326        0.0000000000000000     
   1.5150155956378095        0.0000000000000000     
   1.6000254671032041        0.0000000000000000     
   1.6850353385685988        0.0000000000000000     
   1.7785461971805328        0.0000000000000000     
   1.8720570557924667        0.0000000000000000     
   1.9749190002655941        0.0000000000000000     
   2.0880671391860344        0.0000000000000000     
   2.2125300919985187        0.0000000000000000     
   2.3494393400922515        0.0000000000000000     
   2.4863485881859844        0.0000000000000000     
   2.6369487610890903        0.0000000000000000     
   2.8026089512825068        0.0000000000000000     
   2.9848351604952650        0.0000000000000000     
   3.1670613697080232        0.0000000000000000     
   3.3675101998420574        0.0000000000000000     
   3.5679590299760915        0.0000000000000000     
   3.7884527431235289        0.0000000000000000     
   4.0309958275857101        0.0000000000000000     
   4.2735389120478917        0.0000000000000000     
   4.5403363049562913        0.0000000000000000     
   4.8338134371555306        0.0000000000000000     
   5.1272905693547699        0.0000000000000000     
   5.4501154147739328        0.0000000000000000     
   5.7729402601930957        0.0000000000000000     
   6.1280475901541758        0.0000000000000000     
   6.4831549201152558        0.0000000000000000     
   6.8737729830724437        0.0000000000000000     
   7.3034528523253499        0.0000000000000000     
   7.7331327215782562        0.0000000000000000     
   8.2057805777564532        0.0000000000000000     
   8.7256932195524701        0.0000000000000000     
   9.2975971255280889        0.0000000000000000     
   9.8695010315037077        0.0000000000000000     
   10.498595328076888        0.0000000000000000     
   11.190599054307388        0.0000000000000000     
   11.951803153160936        0.0000000000000000     
   12.789127661899840        0.0000000000000000     
   13.710184621512635        0.0000000000000000     
   14.723347277086710        0.0000000000000000     
   15.736509932660784        0.0000000000000000     
   16.850988853792266        0.0000000000000000     
   18.076915667036896        0.0000000000000000     
   19.425435161605989        0.0000000000000000     
   20.773954656175082        0.0000000000000000     
   22.257326100201084        0.0000000000000000     
   23.740697544227086        0.0000000000000000     
   25.224068988253087        0.0000000000000000     
   26.855777576681689        0.0000000000000000     
   28.650657023953151        0.0000000000000000     
   30.445536471224614        0.0000000000000000     
   32.419903863223226        0.0000000000000000     
   34.591707994421697        0.0000000000000000     
   36.980692538740016        0.0000000000000000     
   39.608575537490168        0.0000000000000000     
   42.499246836115333        0.0000000000000000     
   45.678985264603014        0.0000000000000000     
   49.176697535939461        0.0000000000000000     
   52.674409807275907        0.0000000000000000     
   56.172122078612354        0.0000000000000000     
   60.019605577082444        0.0000000000000000     
   64.251837425399543        0.0000000000000000     
   68.484069273716642        0.0000000000000000     
   72.716301122033741        0.0000000000000000     
   77.371756155182553        0.0000000000000000     
   82.492756691646250        0.0000000000000000     
   87.613757228109947        0.0000000000000000     
   93.246857818220008        0.0000000000000000     
   99.443268467341085        0.0000000000000000     
   106.25932018137426        0.0000000000000000     
   113.75697706681076        0.0000000000000000     
   122.00439964079092        0.0000000000000000     
   130.25182221477107        0.0000000000000000     
   139.32398704614923        0.0000000000000000     
   148.39615187752739        0.0000000000000000     
   158.37553319204338        0.0000000000000000     
   168.35491450655937        0.0000000000000000     
   178.35491450655937        0.0000000000000000     
   188.35491450655937        0.0000000000000000     
   198.35491450655937        0.0000000000000000     
   208.35491450655937        0.0000000000000000     
   218.35491450655937        0.0000000000000000     
   228.35491450655937        0.0000000000000000     
   238.35491450655937        0.0000000000000000     
   248.35491450655937        0.0000000000000000     
   258.35491450655934        0.0000000000000000     
   268.35491450655934        0.0000000000000000     
   278.35491450655934        0.0000000000000000     
   288.35491450655934        0.0000000000000000     
   298.35491450655934        0.0000000000000000     
   308.35491450655934        0.0000000000000000     
   318.35491450655934        0.0000000000000000     
   328.35491450655934        0.0000000000000000     
   338.35491450655934        0.0000000000000000     
   348.35491450655934        0.0000000000000000     
   358.35491450655934        0.0000000000000000     
   368.35491450655934        0.0000000000000000     
   378.35491450655934        0.0000000000000000     
   388.35491450655934        0.0000000000000000     
   398.35491450655934        0.0000000000000000     
   408.35491450655934        0.0000000000000000     
   418.35491450655934        0.0000000000000000     
   428.35491450655934        0.0000000000000000     
   438.35491450655934        0.0000000000000000     
   448.35491450655934        0.0000000000000000     
   458.35491450655934        0.0000000000000000     
   468.35491450655934        0.0000000000000000     
   478.35491450655934        0.0000000000000000     
   488.35491450655934        0.0000000000000000     
   498.35491450655934        0.0000000000000000     
   508.35491450655934        0.0000000000000000     
   518.35491450655934        0.0000000000000000     
   528.35491450655934        0.0000000000000000     
   538.35491450655934        0.0000000000000000     
   548.35491450655934        0.0000000000000000     
   558.35491450655934        0.0000000000000000     
   568.35491450655934        0.0000000000000000     
   578.35491450655934        0.0000000000000000     
   588.35491450655934        0.0000000000000000     
   598.35491450655934        0.0000000000000000     
   608.35491450655934        0.0000000000000000     
   618.35491450655934        0.0000000000000000     
   628.35491450655934        0.0000000000000000     
   638.35491450655934        0.0000000000000000     
   648.35491450655934        0.0000000000000000     
   658.35491450655934        0.0000000000000000     
   668.35491450655934        0.0000000000000000     
   678.35491450655934        0.0000000000000000     
   688.35491450655934        0.0000000000000000     
   698.35491450655934        0.0000000000000000     
   708.35491450655934        0.0000000000000000     
   718.35491450655934        0.0000000000000000     
   728.35491450655934        0.0000000000000000     
   738.35491450655934        0.0000000000000000     
   748.35491450655934        0.0000000000000000     
   758.35491450655934        0.0000000000000000     
   768.35491450655934        0.0000000000000000     
   778.35491450655934        0.0000000000000000     
   788.35491450655934        0.0000000000000000     
   798.35491450655934        0.0000000000000000     
   808.35491450655934        0.0000000000000000     
   818.35491450655934        0.0000000000000000     
   828.35491450655934        0.0000000000000000     
   838.35491450655934        0.0000000000000000     
   848.35491450655934        0.0000000000000000     
   858.35491450655934        0.0000000000000000     
   868.35491450655934        0.0000000000000000     
   878.35491450655934        0.0000000000000000     
   888.35491450655934        0.0000000000000000     
   898.35491450655934        0.0000000000000000     
   908.35491450655934        0.0000000000000000     
   918.35491450655934        0.0000000000000000     
   928.35491450655934        0.0000000000000000     
   938.35491450655934        0.0000000000000000     
   948.35491450655934        0.0000000000000000     
   958.35491450655934        0.0000000000000000     
   968.35491450655934        0.0000000000000000     
   978.35491450655934        0.0000000000000000     
   988.35491450655934        0.0000000000000000     
   998.35491450655934        0.0000000000000000     
   1008.3549145065593        0.0000000000000000     
   1018.3549145065593        0.0000000000000000     
   1028.3549145065595        0.0000000000000000     
   1038.3549145065595        0.0000000000000000     
   1048.3549145065595        0.0000000000000000     
   1058.3549145065595        0.0000000000000000     
   1068.3549145065595        0.0000000000000000     
   1078.3549145065595        0.0000000000000000     
   1088.3549145065595        0.0000000000000000     
   1098.3549145065595        0.0000000000000000     
   1108.3549145065595        0.0000000000000000     
   1118.3549145065595        0.0000000000000000     
   1128.3549145065595        0.0000000000000000     
   1138.3549145065595        0.0000000000000000     
   1148.3549145065595        0.0000000000000000     
   1158.3549145065595        0.0000000000000000     
   1168.3549145065595        0.0000000000000000     
   1178.3549145065595        0.0000000000000000     
   1188.3549145065595        0.0000000000000000     
   1198.3549145065595        0.0000000000000000     
   1208.3549145065595        0.0000000000000000     
   1218.3549145065595        0.0000000000000000     
   1228.3549145065595        0.0000000000000000     
   1238.3549145065595        0.0000000000000000     
   1248.3549145065595        0.0000000000000000     
   1258.3549145065595        0.0000000000000000     
   1268.3549145065595        0.0000000000000000     
   1278.3549145065595        0.0000000000000000     
   1288.3549145065595        0.0000000000000000     
   1298.3549145065595        0.0000000000000000     
   1308.3549145065595        0.0000000000000000     
   1318.3549145065595        0.0000000000000000     
   1328.3549145065595        0.0000000000000000     
   1338.3549145065595        0.0000000000000000     
   1348.3549145065595        0.0000000000000000     
   1358.3549145065595        0.0000000000000000     
   1368.3549145065595        0.0000000000000000     
   1378.3549145065595        0.0000000000000000     
   1388.3549145065595        0.0000000000000000     
   1398.3549145065595        0.0000000000000000     
   1408.3549145065595        0.0000000000000000     
   1418.3549145065595        0.0000000000000000     
   1428.3549145065595        0.0000000000000000     
   1438.3549145065595        0.0000000000000000     
   1448.3549145065595        0.0000000000000000     
   1458.3549145065595        0.0000000000000000     
   1468.3549145065595        0.0000000000000000     
   1478.3549145065595        0.0000000000000000     
   1488.3549145065595        0.0000000000000000     
   1498.3549145065595        0.0000000000000000     
   1508.3549145065595        0.0000000000000000     
   1518.3549145065595        0.0000000000000000     
   1528.3549145065595        0.0000000000000000     
   1538.3549145065595        0.0000000000000000     
   1548.3549145065595        0.0000000000000000     
   1558.3549145065595        0.0000000000000000     
   1568.3549145065595        0.0000000000000000     
   1578.3549145065595        0.0000000000000000     
   1588.3549145065595        0.0000000000000000     
   1598.3549145065595        0.0000000000000000     
   1608.3549145065595        0.0000000000000000     
   1618.3549145065595        0.0000000000000000     
   1628.3549145065595        0.0000000000000000     
   1638.3549145065595        0.0000000000000000     
   1648.3549145065595        0.0000000000000000     
   1658.3549145065595        0.0000000000000000     
   1668.3549145065595        0.0000000000000000     
   1678.3549145065595        0.0000000000000000     
   1688.3549145065595        0.0000000000000000     
   1698.3549145065595        0.0000000000000000     
   1708.3549145065595        0.0000000000000000     
   1718.3549145065595        0.0000000000000000     
   1728.3549145065595        0.0000000000000000     
   1738.3549145065595        0.0000000000000000     
   1748.3549145065595        0.0000000000000000     
   1758.3549145065595        0.0000000000000000     
   1768.3549145065595        0.0000000000000000     
   1778.3549145065595        0.0000000000000000     
   1788.3549145065595        0.0000000000000000     
   1798.3549145065595        0.0000000000000000     
   1808.3549145065595        0.0000000000000000     
   1818.3549145065595        0.0000000000000000     
   1828.3549145065595        0.0000000000000000     
   1838.3549145065595        0.0000000000000000     
   1848.3549145065595        0.0000000000000000     
   1858.3549145065595        0.0000000000000000     
   1868.3549145065595        0.0000000000000000     
   1878.3549145065595        0.0000000000000000     
   1888.3549145065595        0.0000000000000000     
   1898.3549145065595        0.0000000000000000     
   1908.3549145065595        0.0000000000000000     
   1918.3549145065595        0.0000000000000000     
   1928.3549145065595        0.0000000000000000     
   1938.3549145065595        0.0000000000000000     
   1948.3549145065595        0.0000000000000000     
   1958.3549145065595        0.0000000000000000     
   1968.3549145065595        0.0000000000000000     
   1978.3549145065595        0.0000000000000000     
   1988.3549145065595        0.0000000000000000     
   1998.3549145065595        0.0000000000000000     
   2008.3549145065595        0.0000000000000000     
   2018.3549145065595        0.0000000000000000     
   2028.3549145065595        0.0000000000000000     
   2038.3549145065595        0.0000000000000000     
   2048.3549145065595        0.0000000000000000     
   2058.3549145065595        0.0000000000000000     
   2068.3549145065595        0.0000000000000000     
   2078.3549145065595        0.0000000000000000     
   2088.3549145065595        0.0000000000000000     
   2098.3549145065595        0.0000000000000000     
   2108.3549145065595        0.0000000000000000     
   2118.3549145065595        0.0000000000000000     
   2128.3549145065595        0.0000000000000000     
   2138.3549145065595        0.0000000000000000     
   2148.3549145065595        0.0000000000000000     
   2158.3549145065595        0.0000000000000000     
   2168.3549145065595        0.0000000000000000     
   2178.3549145065595        0.0000000000000000     
   2188.3549145065595        0.0000000000000000     
   2198.3549145065595        0.0000000000000000     
   2208.3549145065595        0.0000000000000000     
   2218.3549145065595        0.0000000000000000     
   2228.3549145065595        0.0000000000000000     
   2238.3549145065595        0.0000000000000000     
   2248.3549145065595        0.0000000000000000     
   2258.3549145065595        0.0000000000000000     
   2268.3549145065595        0.0000000000000000     
   2278.3549145065595        0.0000000000000000     
   2288.3549145065595        0.0000000000000000     
   2298.3549145065595        0.0000000000000000     
   2308.3549145065595        0.0000000000000000     
   2318.3549145065595        0.0000000000000000     
   2328.3549145065595        0.0000000000000000     
   2338.3549145065595        0.0000000000000000     
   2348.3549145065595        0.0000000000000000     
   2358.3549145065595        0.0000000000000000     
   2368.3549145065595        0.0000000000000000     
   2378.3549145065595        0.0000000000000000     
   2388.3549145065595        0.0000000000000000     
   2398.3549145065595        0.0000000000000000     
   2408.3549145065595        0.0000000000000000     
   2418.3549145065595        0.0000000000000000     
   2428.3549145065595        0.0000000000000000     
   2438.3549145065595        0.0000000000000000     
   2448.3549145065595        0.0000000000000000     
   2458.3549145065595        0.0000000000000000     
   2468.3549145065595        0.0000000000000000     
   2478.3549145065595        0.0000000000000000     
   2488.3549145065595        0.0000000000000000     
   2498.3549145065595        0.0000000000000000     
   2508.3549145065595        0.0000000000000000     
   2518.3549145065595        0.0000000000000000     
   2528.3549145065595        0.0000000000000000     
   2538.3549145065595        0.0000000000000000     
   2548.3549145065595        0.0000000000000000     
   2558.3549145065595        0.0000000000000000     
   2568.3549145065595        0.0000000000000000     
   2578.3549145065595        0.0000000000000000     
   2588.3549145065595        0.0000000000000000     
   2598.3549145065595        0.0000000000000000     
   2608.3549145065595        0.0000000000000000     
   2618.3549145065595        0.0000000000000000     
   2628.3549145065595        0.0000000000000000     
   2638.3549145065595        0.0000000000000000     
   2648.3549145065595        0.0000000000000000     
   2658.3549145065595        0.0000000000000000     
   2668.3549145065595        0.0000000000000000     
   2678.3549145065595        0.0000000000000000     
   2688.3549145065595        0.0000000000000000     
   2698.3549145065595        0.0000000000000000     
   2708.3549145065595        0.0000000000000000     
   2718.3549145065595        0.0000000000000000     
   2728.3549145065595        0.0000000000000000     
   2738.3549145065595        0.0000000000000000     
   2748.3549145065595        0.0000000000000000     
   2758.3549145065595        0.0000000000000000     
   2768.3549145065595        0.0000000000000000     
   2778.3549145065595        0.0000000000000000     
   2788.3549145065595        0.0000000000000000     
   2798.3549145065595        0.0000000000000000     
   2808.3549145065595        0.0000000000000000     
   2818.3549145065595        0.0000000000000000     
   2828.3549145065595        0.0000000000000000     
   2838.3549145065595        0.0000000000000000     
   2848.3549145065595        0.0000000000000000     
   2858.3549145065595        0.0000000000000000     
   2868.3549145065595        0.0000000000000000     
   2878.3549145065595        0.0000000000000000     
   2888.3549145065595        0.0000000000000000     
   2898.3549145065595        0.0000000000000000     
   2908.3549145065595        0.0000000000000000     
   2918.3549145065595        0.0000000000000000     
   2928.3549145065595        0.0000000000000000     
   2938.3549145065595        0.0000000000000000     
   2948.3549145065595        0.0000000000000000     
   2958.3549145065595        0.0000000000000000     
   2968.3549145065595        0.0000000000000000     
   2978.3549145065595        0.0000000000000000     
   2988.3549145065595        0.0000000000000000     
   2998.3549145065595        0.0000000000000000     
   3008.3549145065595        0.0000000000000000     
   3018.3549145065595        0.0000000000000000     
   3028.3549145065595        0.0000000000000000     
   3038.3549145065595        0.0000000000000000     
   3048.3549145065595        0.0000000000000000     
   3058.3549145065595        0.0000000000000000     
   3068.3549145065595        0.0000000000000000     
   3078.3549145065595        0.0000000000000000     
   3088.3549145065595        0.0000000000000000     
   3098.3549145065595        0.0000000000000000     
   3108.3549145065595        0.0000000000000000     
   3118.3549145065595        0.0000000000000000     
   3128.3549145065595        0.0000000000000000     
   3138.3549145065595        0.0000000000000000     
   3148.3549145065595        0.0000000000000000     
   3158.3549145065595        0.0000000000000000     
   3168.3549145065595        0.0000000000000000     
   3178.3549145065595        0.0000000000000000     
   3188.3549145065595        0.0000000000000000     
   3198.3549145065595        0.0000000000000000     
   3208.3549145065595        0.0000000000000000     
   3218.3549145065595        0.0000000000000000     
   3228.3549145065595        0.0000000000000000     
   3238.3549145065595        0.0000000000000000     
   3248.3549145065595        0.0000000000000000     
   3258.3549145065595        0.0000000000000000     
   3268.3549145065595        0.0000000000000000     
   3278.3549145065595        0.0000000000000000     
   3288.3549145065595        0.0000000000000000     
   3298.3549145065595        0.0000000000000000     
   3308.3549145065595        0.0000000000000000     
   3318.3549145065595        0.0000000000000000     
   3328.3549145065595        0.0000000000000000     
   3338.3549145065595        0.0000000000000000     
   3348.3549145065595        0.0000000000000000     
   3358.3549145065595        0.0000000000000000     
   3368.3549145065595        0.0000000000000000     
   3378.3549145065595        0.0000000000000000     
   3388.3549145065595        0.0000000000000000     
   3398.3549145065595        0.0000000000000000     
   3408.3549145065595        0.0000000000000000     
   3418.3549145065595        0.0000000000000000     
   3428.3549145065595        0.0000000000000000     
   3438.3549145065595        0.0000000000000000     
   3448.3549145065595        0.0000000000000000     
   3458.3549145065595        0.0000000000000000     
   3468.3549145065595        0.0000000000000000     
   3478.3549145065595        0.0000000000000000     
   3488.3549145065595        0.0000000000000000     
   3498.3549145065595        0.0000000000000000     
   3508.3549145065595        0.0000000000000000     
   3518.3549145065595        0.0000000000000000     
   3528.3549145065595        0.0000000000000000     
   3538.3549145065595        0.0000000000000000     
   3548.3549145065595        0.0000000000000000     
   3558.3549145065595        0.0000000000000000     
   3568.3549145065595        0.0000000000000000     
   3578.3549145065595        0.0000000000000000     
   3588.3549145065595        0.0000000000000000     
   3594.1774572532795        0.0000000000000000     
   3600.0000000000000        0.0000000000000000     
