                     #***** Cumulative flow volumes ***** 
# Nstep    Deltat      Time  SeepageF  nansfDir  nansfNeu   Nudging  net (VTOT)
      1  1.95E-02  1.95E-02  0.00E+00  0.00E+00  0.00E+00  0.00E+00 -1.0355E-06
      2  1.00E-02  2.95E-02  0.00E+00  0.00E+00  0.00E+00  0.00E+00 -2.1813E-06
      3  1.10E-02  4.05E-02  0.00E+00  0.00E+00  0.00E+00  0.00E+00 -3.6096E-06
      4  1.10E-02  5.15E-02  0.00E+00  0.00E+00  0.00E+00  0.00E+00 -5.1747E-06
      5  1.10E-02  6.25E-02  0.00E+00  0.00E+00  0.00E+00  0.00E+00 -6.8560E-06
      6  1.00E-02  7.25E-02  0.00E+00  0.00E+00  0.00E+00  0.00E+00 -8.4731E-06
      7  1.00E-02  8.25E-02  0.00E+00  0.00E+00  0.00E+00  0.00E+00 -1.0162E-05
      8  1.00E-02  9.25E-02  0.00E+00  0.00E+00  0.00E+00  0.00E+00 -1.1915E-05
      9  1.00E-02  1.03E-01  0.00E+00  0.00E+00  0.00E+00  0.00E+00 -1.3726E-05
     10  1.00E-02  1.13E-01  0.00E+00  0.00E+00  0.00E+00  0.00E+00 -1.5594E-05
     11  1.00E-02  1.23E-01  0.00E+00  0.00E+00  0.00E+00  0.00E+00 -1.7515E-05
     12  1.00E-02  1.33E-01  0.00E+00  0.00E+00  0.00E+00  0.00E+00 -1.9480E-05
     13  1.00E-02  1.43E-01  0.00E+00  0.00E+00  0.00E+00  0.00E+00 -2.1491E-05
     14  1.00E-02  1.53E-01  0.00E+00  0.00E+00  0.00E+00  0.00E+00 -2.3548E-05
     15  1.00E-02  1.63E-01  0.00E+00  0.00E+00  0.00E+00  0.00E+00 -2.5643E-05
     16  1.00E-02  1.73E-01  0.00E+00  0.00E+00  0.00E+00  0.00E+00 -2.7774E-05
     17  1.00E-02  1.83E-01  0.00E+00  0.00E+00  0.00E+00  0.00E+00 -2.9941E-05
     18  1.00E-02  1.93E-01  0.00E+00  0.00E+00  0.00E+00  0.00E+00 -3.2142E-05
     19  1.00E-02  2.03E-01  0.00E+00  0.00E+00  0.00E+00  0.00E+00 -3.4374E-05
     20  1.00E-02  2.13E-01  0.00E+00  0.00E+00  0.00E+00  0.00E+00 -3.6640E-05
     21  1.00E-02  2.23E-01  0.00E+00  0.00E+00  0.00E+00  0.00E+00 -3.8937E-05
     22  1.00E-02  2.33E-01  0.00E+00  0.00E+00  0.00E+00  0.00E+00 -4.1260E-05
     23  1.00E-02  2.43E-01  0.00E+00  0.00E+00  0.00E+00  0.00E+00 -4.3606E-05
     24  1.00E-02  2.53E-01  0.00E+00  0.00E+00  0.00E+00  0.00E+00 -4.5978E-05
     25  1.00E-02  2.63E-01  0.00E+00  0.00E+00  0.00E+00  0.00E+00 -4.8371E-05
     26  1.00E-02  2.73E-01  0.00E+00  0.00E+00  0.00E+00  0.00E+00 -5.0782E-05
     27  1.00E-02  2.83E-01  0.00E+00  0.00E+00  0.00E+00  0.00E+00 -5.3211E-05
     28  1.10E-02  2.94E-01  0.00E+00  0.00E+00  0.00E+00  0.00E+00 -5.5862E-05
     29  1.10E-02  3.05E-01  0.00E+00  0.00E+00  0.00E+00  0.00E+00 -5.8520E-05
     30  1.10E-02  3.16E-01  0.00E+00  0.00E+00  0.00E+00  0.00E+00 -6.1225E-05
     31  1.21E-02  3.28E-01  0.00E+00  0.00E+00  0.00E+00  0.00E+00 -6.4224E-05
     32  1.21E-02  3.40E-01  0.00E+00  0.00E+00  0.00E+00  0.00E+00 -6.7246E-05
     33  1.21E-02  3.52E-01  0.00E+00  0.00E+00  0.00E+00  0.00E+00 -7.0288E-05
     34  1.21E-02  3.64E-01  0.00E+00  0.00E+00  0.00E+00  0.00E+00 -7.3344E-05
     35  1.33E-02  3.77E-01  0.00E+00  0.00E+00  0.00E+00  0.00E+00 -7.6727E-05
     36  1.46E-02  3.92E-01  0.00E+00  0.00E+00  0.00E+00  0.00E+00 -8.0477E-05
     37  1.46E-02  4.07E-01  0.00E+00  0.00E+00  0.00E+00  0.00E+00 -8.4255E-05
     38  1.61E-02  4.23E-01  0.00E+00  0.00E+00  0.00E+00  0.00E+00 -8.8432E-05
     39  1.61E-02  4.39E-01  0.00E+00  0.00E+00  0.00E+00  0.00E+00 -9.2630E-05
     40  1.61E-02  4.55E-01  0.00E+00  0.00E+00  0.00E+00  0.00E+00 -9.6841E-05
     41  1.77E-02  4.73E-01  0.00E+00  0.00E+00  0.00E+00  0.00E+00 -1.0149E-04
     42  1.95E-02  4.92E-01  0.00E+00  0.00E+00  0.00E+00  0.00E+00 -1.0662E-04
     43  1.95E-02  5.12E-01  0.00E+00  0.00E+00  0.00E+00  0.00E+00 -1.1177E-04
     44  2.14E-02  5.33E-01  0.00E+00  0.00E+00  0.00E+00  0.00E+00 -1.1745E-04
     45  2.14E-02  5.54E-01  0.00E+00  0.00E+00  0.00E+00  0.00E+00 -1.2314E-04
     46  2.36E-02  5.78E-01  0.00E+00  0.00E+00  0.00E+00  0.00E+00 -1.2943E-04
     47  2.36E-02  6.02E-01  0.00E+00  0.00E+00  0.00E+00  0.00E+00 -1.3572E-04
     48  2.59E-02  6.27E-01  0.00E+00  0.00E+00  0.00E+00  0.00E+00 -1.4265E-04
     49  2.85E-02  6.56E-01  0.00E+00  0.00E+00  0.00E+00  0.00E+00 -1.5030E-04
     50  2.85E-02  6.85E-01  0.00E+00  0.00E+00  0.00E+00  0.00E+00 -1.5796E-04
     51  3.14E-02  7.16E-01  0.00E+00  0.00E+00  0.00E+00  0.00E+00 -1.6639E-04
     52  3.14E-02  7.47E-01  0.00E+00  0.00E+00  0.00E+00  0.00E+00 -1.7483E-04
     53  3.45E-02  7.82E-01  0.00E+00  0.00E+00  0.00E+00  0.00E+00 -1.8412E-04
     54  3.45E-02  8.16E-01  0.00E+00  0.00E+00  0.00E+00  0.00E+00 -1.9342E-04
     55  3.45E-02  8.51E-01  0.00E+00  0.00E+00  0.00E+00  0.00E+00 -2.0272E-04
     56  3.80E-02  8.89E-01  0.00E+00  0.00E+00  0.00E+00  0.00E+00 -2.1295E-04
     57  4.18E-02  9.31E-01  0.00E+00  0.00E+00  0.00E+00  0.00E+00 -2.2421E-04
     58  4.18E-02  9.72E-01  0.00E+00  0.00E+00  0.00E+00  0.00E+00 -2.3548E-04
     59  4.59E-02  1.02E+00  0.00E+00  0.00E+00  0.00E+00  0.00E+00 -2.4788E-04
     60  4.59E-02  1.06E+00  0.00E+00  0.00E+00  0.00E+00  0.00E+00 -2.6028E-04
     61  5.05E-02  1.11E+00  0.00E+00  0.00E+00  0.00E+00  0.00E+00 -2.7392E-04
     62  5.56E-02  1.17E+00  0.00E+00  0.00E+00  0.00E+00  0.00E+00 -2.8892E-04
     63  6.12E-02  1.23E+00  0.00E+00  0.00E+00  0.00E+00  0.00E+00 -3.0541E-04
     64  6.73E-02  1.30E+00  0.00E+00  0.00E+00  0.00E+00  0.00E+00 -3.2355E-04
     65  7.40E-02  1.37E+00  0.00E+00  0.00E+00  0.00E+00  0.00E+00 -3.4350E-04
     66  8.14E-02  1.45E+00  0.00E+00  0.00E+00  0.00E+00  0.00E+00 -3.6544E-04
     67  8.14E-02  1.54E+00  0.00E+00  0.00E+00  0.00E+00  0.00E+00 -3.8736E-04
     68  8.95E-02  1.63E+00  0.00E+00  0.00E+00  0.00E+00  0.00E+00 -4.1145E-04
     69  9.85E-02  1.72E+00  0.00E+00  0.00E+00  0.00E+00  0.00E+00 -4.3794E-04
     70  1.08E-01  1.83E+00  0.00E+00  0.00E+00  0.00E+00  0.00E+00 -4.6707E-04
     71  1.08E-01  1.94E+00  0.00E+00  0.00E+00  0.00E+00  0.00E+00 -4.9619E-04
     72  1.08E-01  2.05E+00  0.00E+00  0.00E+00  0.00E+00  0.00E+00 -5.2528E-04
     73  1.19E-01  2.17E+00  0.00E+00  0.00E+00  0.00E+00  0.00E+00 -5.5725E-04
     74  1.31E-01  2.30E+00  0.00E+00  0.00E+00  0.00E+00  0.00E+00 -5.9240E-04
     75  1.44E-01  2.44E+00  0.00E+00  0.00E+00  0.00E+00  0.00E+00 -6.3103E-04
     76  1.59E-01  2.60E+00  0.00E+00  0.00E+00  0.00E+00  0.00E+00 -6.7356E-04
     77  1.59E-01  2.76E+00  0.00E+00  0.00E+00  0.00E+00  0.00E+00 -7.1605E-04
     78  1.74E-01  2.94E+00  0.00E+00  0.00E+00  0.00E+00  0.00E+00 -7.6273E-04
     79  1.74E-01  3.11E+00  0.00E+00  0.00E+00  0.00E+00  0.00E+00 -8.0938E-04
     80  1.92E-01  3.30E+00  0.00E+00  0.00E+00  0.00E+00  0.00E+00 -8.6064E-04
     81  2.11E-01  3.51E+00  0.00E+00  0.00E+00  0.00E+00  0.00E+00 -9.1700E-04
     82  2.32E-01  3.74E+00  0.00E+00  0.00E+00  0.00E+00  0.00E+00 -9.7895E-04
     83  2.55E-01  4.00E+00  0.00E+00  0.00E+00  0.00E+00  0.00E+00 -1.0471E-03
     84  2.55E-01  4.26E+00  0.00E+00  0.00E+00  0.00E+00  0.00E+00 -1.1152E-03
     85  2.81E-01  4.54E+00  0.00E+00  0.00E+00  0.00E+00  0.00E+00 -1.1900E-03
     86  2.81E-01  4.82E+00  0.00E+00  0.00E+00  0.00E+00  0.00E+00 -1.2648E-03
     87  3.09E-01  5.13E+00  0.00E+00  0.00E+00  0.00E+00  0.00E+00 -1.3469E-03
     88  3.40E-01  5.47E+00  0.00E+00  0.00E+00  0.00E+00  0.00E+00 -1.4372E-03
     89  3.74E-01  5.84E+00  0.00E+00  0.00E+00  0.00E+00  0.00E+00 -1.5365E-03
     90  4.11E-01  6.25E+00  0.00E+00  0.00E+00  0.00E+00  0.00E+00 -1.6456E-03
     91  4.11E-01  6.66E+00  0.00E+00  0.00E+00  0.00E+00  0.00E+00 -1.7546E-03
     92  4.11E-01  7.08E+00  0.00E+00  0.00E+00  0.00E+00  0.00E+00 -1.8634E-03
     93  4.53E-01  7.53E+00  0.00E+00  0.00E+00  0.00E+00  0.00E+00 -1.9831E-03
     94  4.53E-01  7.98E+00  0.00E+00  0.00E+00  0.00E+00  0.00E+00 -2.1026E-03
     95  4.98E-01  8.48E+00  0.00E+00  0.00E+00  0.00E+00  0.00E+00 -2.2339E-03
     96  5.48E-01  9.03E+00  0.00E+00  0.00E+00  0.00E+00  0.00E+00 -2.3782E-03
     97  6.02E-01  9.63E+00  0.00E+00  0.00E+00  0.00E+00  0.00E+00 -2.5367E-03
     98  6.63E-01  1.03E+01  0.00E+00  0.00E+00  0.00E+00  0.00E+00 -2.7112E-03
     99  6.63E-01  1.10E+01  0.00E+00  0.00E+00  0.00E+00  0.00E+00 -2.8855E-03
    100  6.63E-01  1.16E+01  0.00E+00  0.00E+00  0.00E+00  0.00E+00 -3.0594E-03
    101  6.63E-01  1.23E+01  0.00E+00  0.00E+00  0.00E+00  0.00E+00 -3.2330E-03
    102  7.29E-01  1.30E+01  0.00E+00  0.00E+00  0.00E+00  0.00E+00 -3.4238E-03
    103  8.02E-01  1.38E+01  0.00E+00  0.00E+00  0.00E+00  0.00E+00 -3.6335E-03
    104  8.82E-01  1.47E+01  0.00E+00  0.00E+00  0.00E+00  0.00E+00 -3.8640E-03
    105  9.70E-01  1.57E+01  0.00E+00  0.00E+00  0.00E+00  0.00E+00 -4.1173E-03
    106  1.07E+00  1.67E+01  0.00E+00  0.00E+00  0.00E+00  0.00E+00 -4.3955E-03
    107  1.17E+00  1.79E+01  0.00E+00  0.00E+00  0.00E+00  0.00E+00 -4.7011E-03
    108  1.29E+00  1.92E+01  0.00E+00  0.00E+00  0.00E+00  0.00E+00 -5.0368E-03
    109  1.42E+00  2.06E+01  0.00E+00  0.00E+00  0.00E+00  0.00E+00 -5.4054E-03
    110  1.56E+00  2.22E+01  0.00E+00  0.00E+00  0.00E+00  0.00E+00 -5.8102E-03
    111  1.72E+00  2.39E+01  0.00E+00  0.00E+00  0.00E+00  0.00E+00 -6.2546E-03
    112  1.89E+00  2.58E+01  0.00E+00  0.00E+00  0.00E+00  0.00E+00 -6.7423E-03
    113  2.08E+00  2.79E+01  0.00E+00  0.00E+00  0.00E+00  0.00E+00 -7.2779E-03
    114  2.08E+00  2.99E+01  0.00E+00  0.00E+00  0.00E+00  0.00E+00 -7.8122E-03
    115  2.29E+00  3.22E+01  0.00E+00  0.00E+00  0.00E+00  0.00E+00 -8.3986E-03
    116  2.29E+00  3.45E+01  0.00E+00  0.00E+00  0.00E+00  0.00E+00 -8.9843E-03
    117  2.29E+00  3.68E+01  0.00E+00  0.00E+00  0.00E+00  0.00E+00 -9.5684E-03
    118  2.52E+00  3.93E+01  0.00E+00  0.00E+00  0.00E+00  0.00E+00 -1.0209E-02
    119  2.77E+00  4.21E+01  0.00E+00  0.00E+00  0.00E+00  0.00E+00 -1.0912E-02
    120  3.04E+00  4.51E+01  0.00E+00  0.00E+00  0.00E+00  0.00E+00 -1.1685E-02
    121  3.35E+00  4.85E+01  0.00E+00  0.00E+00  0.00E+00  0.00E+00 -1.2533E-02
    122  3.68E+00  5.22E+01  0.00E+00  0.00E+00  0.00E+00  0.00E+00 -1.3463E-02
    123  4.05E+00  5.62E+01  0.00E+00  0.00E+00  0.00E+00  0.00E+00 -1.4484E-02
    124  4.05E+00  6.03E+01  0.00E+00  0.00E+00  0.00E+00  0.00E+00 -1.5504E-02
    125  4.46E+00  6.47E+01  0.00E+00  0.00E+00  0.00E+00  0.00E+00 -1.6621E-02
    126  4.90E+00  6.96E+01  0.00E+00  0.00E+00  0.00E+00  0.00E+00 -1.7847E-02
    127  5.39E+00  7.50E+01  0.00E+00  0.00E+00  0.00E+00  0.00E+00 -1.9192E-02
    128  5.93E+00  8.10E+01  0.00E+00  0.00E+00  0.00E+00  0.00E+00 -2.0668E-02
    129  6.53E+00  8.75E+01  0.00E+00  0.00E+00  0.00E+00  0.00E+00 -2.2289E-02
    130  6.53E+00  9.40E+01  0.00E+00  0.00E+00  0.00E+00  0.00E+00 -2.3904E-02
    131  7.18E+00  1.01E+02  0.00E+00  0.00E+00  0.00E+00  0.00E+00 -2.5673E-02
    132  7.90E+00  1.09E+02  0.00E+00  0.00E+00  0.00E+00  0.00E+00 -2.7612E-02
    133  8.69E+00  1.18E+02  0.00E+00  0.00E+00  0.00E+00  0.00E+00 -2.9741E-02
    134  9.56E+00  1.27E+02  0.00E+00  0.00E+00  0.00E+00  0.00E+00 -3.2074E-02
    135  1.05E+01  1.38E+02  0.00E+00  0.00E+00  0.00E+00  0.00E+00 -3.4627E-02
    136  1.16E+01  1.49E+02  0.00E+00  0.00E+00  0.00E+00  0.00E+00 -3.7424E-02
    137  1.27E+01  1.62E+02  0.00E+00  0.00E+00  0.00E+00  0.00E+00 -4.0491E-02
    138  1.40E+01  1.76E+02  0.00E+00  0.00E+00  0.00E+00  0.00E+00 -4.3849E-02
    139  1.54E+01  1.92E+02  0.00E+00  0.00E+00  0.00E+00  0.00E+00 -4.7526E-02
    140  1.54E+01  2.07E+02  0.00E+00  0.00E+00  0.00E+00  0.00E+00 -5.1184E-02
    141  1.54E+01  2.22E+02  0.00E+00  0.00E+00  0.00E+00  0.00E+00 -5.4819E-02
    142  1.69E+01  2.39E+02  0.00E+00  0.00E+00  0.00E+00  0.00E+00 -5.8806E-02
    143  1.69E+01  2.56E+02  0.00E+00  0.00E+00  0.00E+00  0.00E+00 -6.2773E-02
    144  1.86E+01  2.75E+02  0.00E+00  0.00E+00  0.00E+00  0.00E+00 -6.7117E-02
    145  1.86E+01  2.93E+02  0.00E+00  0.00E+00  0.00E+00  0.00E+00 -7.1443E-02
    146  2.05E+01  3.14E+02  0.00E+00  0.00E+00  0.00E+00  0.00E+00 -7.6173E-02
    147  2.25E+01  3.36E+02  0.00E+00  0.00E+00  0.00E+00  0.00E+00 -8.1356E-02
    148  2.25E+01  3.59E+02  0.00E+00  0.00E+00  0.00E+00  0.00E+00 -8.6516E-02
    149  2.48E+01  3.84E+02  0.00E+00  0.00E+00  0.00E+00  0.00E+00 -9.2163E-02
    150  2.73E+01  4.11E+02  0.00E+00  0.00E+00  0.00E+00  0.00E+00 -9.8348E-02
    151  2.73E+01  4.38E+02  0.00E+00  0.00E+00  0.00E+00  0.00E+00 -1.0449E-01
    152  3.00E+01  4.68E+02  0.00E+00  0.00E+00  0.00E+00  0.00E+00 -1.1120E-01
    153  3.30E+01  5.01E+02  0.00E+00  0.00E+00  0.00E+00  0.00E+00 -1.1854E-01
    154  3.30E+01  5.34E+02  0.00E+00  0.00E+00  0.00E+00  0.00E+00 -1.2584E-01
