#NSTP            DELTAT         TIME    POT. FLUX    ACT. FLUX    OVL. FLUX    RET. FLUX    SEEP FLUX    REC. FLUX     REC.VOL.
         1  1.95312E-02  1.95312E-02  4.98750E-06 -1.06033E-04  1.11021E-04  1.07888E-04  0.00000E+00  8.83427E-05  1.72544E-08
         2  1.00000E-02  2.95313E-02  4.98750E-06 -1.23121E-04  1.29070E-04  1.26302E-04  0.00000E+00  1.13086E-04  2.85631E-08
         3  1.10000E-02  4.05313E-02  4.98750E-06 -1.36586E-04  1.42737E-04  1.40988E-04  0.00000E+00  1.33281E-04  4.32240E-08
         4  1.10000E-02  5.15313E-02  4.98750E-06 -1.47968E-04  1.54106E-04  1.53060E-04  0.00000E+00  1.49912E-04  5.97142E-08
         5  1.10000E-02  6.25313E-02  4.98750E-06 -1.57723E-04  1.63633E-04  1.63185E-04  0.00000E+00  1.64200E-04  7.77762E-08
         6  1.00000E-02  7.25313E-02  4.98750E-06 -1.65695E-04  1.72011E-04  1.71400E-04  0.00000E+00  1.75756E-04  9.53518E-08
         7  1.00000E-02  8.25313E-02  4.98750E-06 -1.72124E-04  1.79058E-04  1.78773E-04  0.00000E+00  1.86207E-04  1.13973E-07
         8  1.00000E-02  9.25312E-02  4.98750E-06 -1.78392E-04  1.85312E-04  1.85559E-04  0.00000E+00  1.95734E-04  1.33546E-07
         9  1.00000E-02  1.02531E-01  4.98750E-06 -1.83933E-04  1.90698E-04  1.91807E-04  0.00000E+00  2.04517E-04  1.53998E-07
        10  1.00000E-02  1.12531E-01  4.98750E-06 -1.89591E-04  1.96135E-04  1.97576E-04  0.00000E+00  2.12617E-04  1.75259E-07
        11  1.00000E-02  1.22531E-01  4.98750E-06 -1.94518E-04  2.01298E-04  2.02951E-04  0.00000E+00  2.20115E-04  1.97271E-07
        12  1.00000E-02  1.32531E-01  4.98750E-06 -1.98636E-04  2.05591E-04  2.07936E-04  0.00000E+00  2.27077E-04  2.19979E-07
        13  1.00000E-02  1.42531E-01  4.98750E-06 -2.03597E-04  2.10243E-04  2.12586E-04  0.00000E+00  2.33533E-04  2.43332E-07
        14  1.00000E-02  1.52531E-01  4.98750E-06 -2.07657E-04  2.14536E-04  2.16935E-04  0.00000E+00  2.39506E-04  2.67283E-07
        15  1.00000E-02  1.62531E-01  4.98750E-06 -2.11342E-04  2.18346E-04  2.20986E-04  0.00000E+00  2.45106E-04  2.91793E-07
        16  1.00000E-02  1.72531E-01  4.98750E-06 -2.14811E-04  2.21718E-04  2.24769E-04  0.00000E+00  2.50330E-04  3.16826E-07
        17  1.00000E-02  1.82531E-01  4.98750E-06 -2.18616E-04  2.25312E-04  2.28318E-04  0.00000E+00  2.55186E-04  3.42345E-07
        18  1.00000E-02  1.92531E-01  4.98750E-06 -2.21557E-04  2.28316E-04  2.31630E-04  0.00000E+00  2.59707E-04  3.68316E-07
        19  1.00000E-02  2.02531E-01  4.98750E-06 -2.24881E-04  2.31483E-04  2.34733E-04  0.00000E+00  2.63917E-04  3.94707E-07
        20  1.00000E-02  2.12531E-01  4.98750E-06 -2.28337E-04  2.34062E-04  2.37648E-04  0.00000E+00  2.67840E-04  4.21491E-07
        21  1.00000E-02  2.22531E-01  4.98750E-06 -2.31128E-04  2.37176E-04  2.40368E-04  0.00000E+00  2.71489E-04  4.48640E-07
        22  1.00000E-02  2.32531E-01  4.98750E-06 -2.33429E-04  2.39578E-04  2.42914E-04  0.00000E+00  2.74892E-04  4.76129E-07
        23  1.00000E-02  2.42531E-01  4.98750E-06 -2.35890E-04  2.42008E-04  2.45288E-04  0.00000E+00  2.78064E-04  5.03936E-07
        24  1.00000E-02  2.52531E-01  4.98750E-06 -2.38433E-04  2.44575E-04  2.47503E-04  0.00000E+00  2.81008E-04  5.32037E-07
        25  1.00000E-02  2.62531E-01  4.98750E-06 -2.40122E-04  2.46601E-04  2.49569E-04  0.00000E+00  2.83754E-04  5.60412E-07
        26  1.00000E-02  2.72531E-01  4.98750E-06 -2.42103E-04  2.48492E-04  2.51499E-04  0.00000E+00  2.86323E-04  5.89044E-07
        27  1.00000E-02  2.82531E-01  4.98750E-06 -2.43741E-04  2.49833E-04  2.53305E-04  0.00000E+00  2.88735E-04  6.17918E-07
        28  1.10000E-02  2.93531E-01  4.98750E-06 -2.38184E-04  2.47302E-04  2.55167E-04  0.00000E+00  2.91213E-04  6.49951E-07
        29  1.10000E-02  3.04531E-01  4.98750E-06 -2.45170E-04  2.53847E-04  2.56875E-04  0.00000E+00  2.93446E-04  6.82230E-07
        30  1.10000E-02  3.15531E-01  4.98750E-06 -2.46683E-04  2.55260E-04  2.58455E-04  0.00000E+00  2.95547E-04  7.14741E-07
        31  1.21000E-02  3.27631E-01  4.98750E-06 -2.48917E-04  2.56878E-04  2.60051E-04  0.00000E+00  2.97652E-04  7.50756E-07
        32  1.21000E-02  3.39731E-01  4.98750E-06 -2.50676E-04  2.58565E-04  2.61517E-04  0.00000E+00  2.99581E-04  7.87006E-07
        33  1.21000E-02  3.51831E-01  4.98750E-06 -2.51996E-04  2.59939E-04  2.62863E-04  0.00000E+00  3.01353E-04  8.23469E-07
        34  1.21000E-02  3.63931E-01  4.98750E-06 -2.53261E-04  2.61057E-04  2.64101E-04  0.00000E+00  3.02999E-04  8.60132E-07
        35  1.33100E-02  3.77241E-01  4.98750E-06 -2.54998E-04  2.61892E-04  2.65342E-04  0.00000E+00  3.04611E-04  9.00676E-07
        36  1.46410E-02  3.91882E-01  4.98750E-06 -2.57322E-04  2.62422E-04  2.66573E-04  0.00000E+00  3.06240E-04  9.45513E-07
        37  1.46410E-02  4.06523E-01  4.98750E-06 -2.58678E-04  2.64142E-04  2.67683E-04  0.00000E+00  3.07691E-04  9.90562E-07
        38  1.61051E-02  4.22628E-01  4.98750E-06 -2.60116E-04  2.65436E-04  2.68771E-04  0.00000E+00  3.09097E-04  1.04034E-06
        39  1.61051E-02  4.38733E-01  4.98750E-06 -2.61181E-04  2.66677E-04  2.69742E-04  0.00000E+00  3.10332E-04  1.09032E-06
        40  1.61051E-02  4.54839E-01  4.98750E-06 -2.61808E-04  2.67463E-04  2.70608E-04  0.00000E+00  3.11449E-04  1.14048E-06
        41  1.77156E-02  4.72554E-01  4.98750E-06 -2.62758E-04  2.68220E-04  2.71447E-04  0.00000E+00  3.12523E-04  1.19585E-06
        42  1.94872E-02  4.92041E-01  4.98750E-06 -2.63798E-04  2.69108E-04  2.72251E-04  0.00000E+00  3.13523E-04  1.25694E-06
        43  1.94872E-02  5.11529E-01  4.98750E-06 -2.64419E-04  2.69732E-04  2.72951E-04  0.00000E+00  3.14399E-04  1.31821E-06
        44  2.14359E-02  5.32964E-01  4.98750E-06 -2.65667E-04  2.70835E-04  2.73610E-04  0.00000E+00  3.15173E-04  1.38577E-06
        45  2.14359E-02  5.54400E-01  4.98750E-06 -2.65852E-04  2.71339E-04  2.74174E-04  0.00000E+00  3.15847E-04  1.45347E-06
        46  2.35795E-02  5.77980E-01  4.98750E-06 -2.67032E-04  2.72359E-04  2.74694E-04  0.00000E+00  3.16437E-04  1.52809E-06
        47  2.35795E-02  6.01559E-01  4.98750E-06 -2.66992E-04  2.72738E-04  2.75135E-04  0.00000E+00  3.16815E-04  1.60279E-06
        48  2.59374E-02  6.27497E-01  4.98750E-06 -2.67491E-04  2.73074E-04  2.75538E-04  0.00000E+00  3.16927E-04  1.68500E-06
        49  2.85312E-02  6.56028E-01  4.98750E-06 -2.68734E-04  2.74191E-04  2.75895E-04  0.00000E+00  3.17018E-04  1.77544E-06
        50  2.85312E-02  6.84559E-01  4.98750E-06 -2.68279E-04  2.74422E-04  2.76182E-04  0.00000E+00  3.17096E-04  1.86592E-06
        51  3.13843E-02  7.15943E-01  4.98750E-06 -2.68803E-04  2.74757E-04  2.76427E-04  0.00000E+00  3.17097E-04  1.96543E-06
        52  3.13843E-02  7.47328E-01  4.98750E-06 -2.68867E-04  2.74894E-04  2.76616E-04  0.00000E+00  3.17075E-04  2.06495E-06
        53  3.45227E-02  7.81850E-01  4.98750E-06 -2.69245E-04  2.75115E-04  2.76769E-04  0.00000E+00  3.16968E-04  2.17437E-06
        54  3.45227E-02  8.16373E-01  4.98750E-06 -2.69436E-04  2.75355E-04  2.76879E-04  0.00000E+00  3.16826E-04  2.28375E-06
        55  3.45227E-02  8.50896E-01  4.98750E-06 -2.69365E-04  2.75387E-04  2.76957E-04  0.00000E+00  3.16884E-04  2.39315E-06
        56  3.79750E-02  8.88871E-01  4.98750E-06 -2.69531E-04  2.75391E-04  2.77009E-04  0.00000E+00  3.16339E-04  2.51327E-06
        57  4.17725E-02  9.30643E-01  4.98750E-06 -2.69806E-04  2.75532E-04  2.77036E-04  0.00000E+00  3.15816E-04  2.64520E-06
        58  4.17725E-02  9.72416E-01  4.98750E-06 -2.69725E-04  2.75490E-04  2.77042E-04  0.00000E+00  3.15376E-04  2.77694E-06
        59  4.59497E-02  1.01837E+00  4.98750E-06 -2.69921E-04  2.75540E-04  2.77029E-04  0.00000E+00  3.14524E-04  2.92146E-06
        60  4.59497E-02  1.06432E+00  4.98750E-06 -2.69804E-04  2.75466E-04  2.77003E-04  0.00000E+00  3.13997E-04  3.06574E-06
        61  5.05447E-02  1.11486E+00  4.98750E-06 -2.69814E-04  2.75373E-04  2.76963E-04  0.00000E+00  3.12426E-04  3.22366E-06
        62  5.55992E-02  1.17046E+00  4.98750E-06 -2.69766E-04  2.75263E-04  2.76908E-04  0.00000E+00  3.10329E-04  3.39620E-06
        63  6.11591E-02  1.23162E+00  4.98750E-06 -2.69689E-04  2.75137E-04  2.76841E-04  0.00000E+00  3.07510E-04  3.58427E-06
        64  6.72750E-02  1.29889E+00  4.98750E-06 -2.69589E-04  2.74995E-04  2.76762E-04  0.00000E+00  3.04332E-04  3.78901E-06
        65  7.40025E-02  1.37290E+00  4.98750E-06 -2.69468E-04  2.74838E-04  2.76673E-04  0.00000E+00  3.02446E-04  4.01283E-06
        66  8.14027E-02  1.45430E+00  4.98750E-06 -2.69470E-04  2.74811E-04  2.76570E-04  0.00000E+00  2.99114E-04  4.25631E-06
        67  8.14027E-02  1.53570E+00  4.98750E-06 -2.69161E-04  2.74647E-04  2.76472E-04  0.00000E+00  2.96781E-04  4.49790E-06
        68  8.95430E-02  1.62524E+00  4.98750E-06 -2.69024E-04  2.74470E-04  2.76365E-04  0.00000E+00  2.94935E-04  4.76199E-06
        69  9.84973E-02  1.72374E+00  4.98750E-06 -2.68870E-04  2.74280E-04  2.76252E-04  0.00000E+00  2.92165E-04  5.04977E-06
        70  1.08347E-01  1.83209E+00  4.98750E-06 -2.68804E-04  2.74186E-04  2.76128E-04  0.00000E+00  2.90871E-04  5.36492E-06
        71  1.08347E-01  1.94044E+00  4.98750E-06 -2.68646E-04  2.74129E-04  2.76008E-04  0.00000E+00  2.89483E-04  5.67857E-06
        72  1.08347E-01  2.04878E+00  4.98750E-06 -2.68320E-04  2.73944E-04  2.75895E-04  0.00000E+00  2.88642E-04  5.99130E-06
        73  1.19182E-01  2.16796E+00  4.98750E-06 -2.68185E-04  2.73743E-04  2.75773E-04  0.00000E+00  2.86252E-04  6.33246E-06
        74  1.31100E-01  2.29906E+00  4.98750E-06 -2.68027E-04  2.73528E-04  2.75644E-04  0.00000E+00  2.82576E-04  6.70292E-06
        75  1.44210E-01  2.44327E+00  4.98750E-06 -2.67838E-04  2.73298E-04  2.75508E-04  0.00000E+00  2.78280E-04  7.10422E-06
        76  1.58631E-01  2.60191E+00  4.98750E-06 -2.68271E-04  2.73696E-04  2.75354E-04  0.00000E+00  2.75153E-04  7.54070E-06
        77  1.58631E-01  2.76054E+00  4.98750E-06 -2.67434E-04  2.73473E-04  2.75215E-04  0.00000E+00  2.71992E-04  7.97217E-06
        78  1.74494E-01  2.93503E+00  4.98750E-06 -2.67639E-04  2.73574E-04  2.75058E-04  0.00000E+00  2.68825E-04  8.44125E-06
        79  1.74494E-01  3.10952E+00  4.98750E-06 -2.67095E-04  2.73349E-04  2.74918E-04  0.00000E+00  2.66284E-04  8.90590E-06
        80  1.91943E-01  3.30147E+00  4.98750E-06 -2.66986E-04  2.73104E-04  2.74765E-04  0.00000E+00  2.63634E-04  9.41193E-06
        81  2.11138E-01  3.51261E+00  4.98750E-06 -2.66840E-04  2.72839E-04  2.74602E-04  0.00000E+00  2.61532E-04  9.96412E-06
        82  2.32252E-01  3.74486E+00  4.98750E-06 -2.66661E-04  2.72553E-04  2.74426E-04  0.00000E+00  2.59003E-04  1.05657E-05
        83  2.55477E-01  4.00033E+00  4.98750E-06 -2.66910E-04  2.72708E-04  2.74219E-04  0.00000E+00  2.55365E-04  1.12181E-05
        84  2.55477E-01  4.25581E+00  4.98750E-06 -2.66215E-04  2.72432E-04  2.74036E-04  0.00000E+00  2.52233E-04  1.18625E-05
        85  2.81024E-01  4.53683E+00  4.98750E-06 -2.66247E-04  2.72330E-04  2.73838E-04  0.00000E+00  2.48899E-04  1.25619E-05
        86  2.81024E-01  4.81786E+00  4.98750E-06 -2.65799E-04  2.72051E-04  2.73655E-04  0.00000E+00  2.46121E-04  1.32536E-05
        87  3.09127E-01  5.12699E+00  4.98750E-06 -2.65642E-04  2.71748E-04  2.73458E-04  0.00000E+00  2.42657E-04  1.40037E-05
        88  3.40039E-01  5.46703E+00  4.98750E-06 -2.65438E-04  2.71422E-04  2.73249E-04  0.00000E+00  2.40176E-04  1.48204E-05
        89  3.74043E-01  5.84107E+00  4.98750E-06 -2.65191E-04  2.71075E-04  2.73031E-04  0.00000E+00  2.36765E-04  1.57060E-05
        90  4.11448E-01  6.25252E+00  4.98750E-06 -2.65270E-04  2.71067E-04  2.72774E-04  0.00000E+00  2.32995E-04  1.66647E-05
        91  4.11448E-01  6.66396E+00  4.98750E-06 -2.64690E-04  2.70857E-04  2.72546E-04  0.00000E+00  2.30239E-04  1.76120E-05
        92  4.11448E-01  7.07541E+00  4.98750E-06 -2.64241E-04  2.70535E-04  2.72339E-04  0.00000E+00  2.27524E-04  1.85481E-05
        93  4.52593E-01  7.52800E+00  4.98750E-06 -2.64469E-04  2.70613E-04  2.72093E-04  0.00000E+00  2.24567E-04  1.95645E-05
        94  4.52593E-01  7.98060E+00  4.98750E-06 -2.63747E-04  2.70292E-04  2.71883E-04  0.00000E+00  2.22375E-04  2.05709E-05
        95  4.97852E-01  8.47845E+00  4.98750E-06 -2.63580E-04  2.69941E-04  2.71658E-04  0.00000E+00  2.19894E-04  2.16657E-05
        96  5.47637E-01  9.02609E+00  4.98750E-06 -2.63356E-04  2.69560E-04  2.71418E-04  0.00000E+00  2.17916E-04  2.28591E-05
        97  6.02401E-01  9.62849E+00  4.98750E-06 -2.63084E-04  2.69149E-04  2.71161E-04  0.00000E+00  2.16272E-04  2.41619E-05
        98  6.62641E-01  1.02911E+01  4.98750E-06 -2.63596E-04  2.69531E-04  2.70845E-04  0.00000E+00  2.13261E-04  2.55750E-05
        99  6.62641E-01  1.09538E+01  4.98750E-06 -2.62574E-04  2.69333E-04  2.70583E-04  0.00000E+00  2.10697E-04  2.69712E-05
       100  6.62641E-01  1.16164E+01  4.98750E-06 -2.62224E-04  2.69137E-04  2.70335E-04  0.00000E+00  2.09923E-04  2.83622E-05
       101  6.62641E-01  1.22790E+01  4.98750E-06 -2.61783E-04  2.68791E-04  2.70108E-04  0.00000E+00  2.08344E-04  2.97428E-05
       102  7.28905E-01  1.30080E+01  4.98750E-06 -2.61664E-04  2.68403E-04  2.69861E-04  0.00000E+00  2.07134E-04  3.12526E-05
       103  8.01795E-01  1.38097E+01  4.98750E-06 -2.61473E-04  2.67976E-04  2.69593E-04  0.00000E+00  2.06314E-04  3.29068E-05
       104  8.81975E-01  1.46917E+01  4.98750E-06 -2.61213E-04  2.67513E-04  2.69304E-04  0.00000E+00  2.06325E-04  3.47266E-05
       105  9.70172E-01  1.56619E+01  4.98750E-06 -2.60898E-04  2.67020E-04  2.68996E-04  0.00000E+00  2.08359E-04  3.67480E-05
       106  1.06719E+00  1.67291E+01  4.98750E-06 -2.60538E-04  2.66498E-04  2.68669E-04  0.00000E+00  2.08919E-04  3.89776E-05
       107  1.17391E+00  1.79030E+01  4.98750E-06 -2.60128E-04  2.65946E-04  2.68333E-04  0.00000E+00  2.08053E-04  4.14199E-05
       108  1.29130E+00  1.91943E+01  4.98750E-06 -2.59676E-04  2.65366E-04  2.68001E-04  0.00000E+00  2.08062E-04  4.41066E-05
       109  1.42043E+00  2.06147E+01  4.98750E-06 -2.59359E-04  2.64925E-04  2.67637E-04  0.00000E+00  2.09227E-04  4.70786E-05
       110  1.56247E+00  2.21772E+01  4.98750E-06 -2.58881E-04  2.64476E-04  2.67253E-04  0.00000E+00  2.08125E-04  5.03305E-05
       111  1.71872E+00  2.38959E+01  4.98750E-06 -2.58205E-04  2.63830E-04  2.66877E-04  0.00000E+00  2.10024E-04  5.39402E-05
       112  1.89059E+00  2.57865E+01  4.98750E-06 -2.57653E-04  2.63145E-04  2.66476E-04  0.00000E+00  2.11209E-04  5.79333E-05
       113  2.07965E+00  2.78662E+01  4.98750E-06 -2.57460E-04  2.62856E-04  2.65982E-04  0.00000E+00  2.09981E-04  6.23001E-05
       114  2.07965E+00  2.99458E+01  4.98750E-06 -2.56436E-04  2.62226E-04  2.65604E-04  0.00000E+00  2.08191E-04  6.66298E-05
       115  2.28762E+00  3.22334E+01  4.98750E-06 -2.56186E-04  2.61820E-04  2.65170E-04  0.00000E+00  2.06773E-04  7.13600E-05
       116  2.28762E+00  3.45210E+01  4.98750E-06 -2.55898E-04  2.61780E-04  2.64699E-04  0.00000E+00  2.06430E-04  7.60823E-05
       117  2.28762E+00  3.68087E+01  4.98750E-06 -2.54740E-04  2.61232E-04  2.64354E-04  0.00000E+00  2.06489E-04  8.08060E-05
       118  2.51638E+00  3.93250E+01  4.98750E-06 -2.54368E-04  2.60598E-04  2.63959E-04  0.00000E+00  2.05936E-04  8.59881E-05
       119  2.76801E+00  4.20930E+01  4.98750E-06 -2.53887E-04  2.59897E-04  2.63532E-04  0.00000E+00  2.06497E-04  9.17040E-05
       120  3.04482E+00  4.51379E+01  4.98750E-06 -2.53556E-04  2.59399E-04  2.63060E-04  0.00000E+00  2.06750E-04  9.79991E-05
       121  3.34930E+00  4.84872E+01  4.98750E-06 -2.52868E-04  2.58827E-04  2.62564E-04  0.00000E+00  2.06126E-04  1.04903E-04
       122  3.68423E+00  5.21714E+01  4.98750E-06 -2.52050E-04  2.58050E-04  2.62102E-04  0.00000E+00  2.05788E-04  1.12485E-04
       123  4.05265E+00  5.62240E+01  4.98750E-06 -2.51973E-04  2.57784E-04  2.61505E-04  0.00000E+00  2.05411E-04  1.20809E-04
       124  4.05265E+00  6.02767E+01  4.98750E-06 -2.51179E-04  2.57556E-04  2.60931E-04  0.00000E+00  2.03531E-04  1.29058E-04
       125  4.45792E+00  6.47346E+01  4.98750E-06 -2.50147E-04  2.56811E-04  2.60441E-04  0.00000E+00  2.04636E-04  1.38180E-04
       126  4.90371E+00  6.96383E+01  4.98750E-06 -2.49819E-04  2.56162E-04  2.59817E-04  0.00000E+00  2.05978E-04  1.48281E-04
       127  5.39408E+00  7.50324E+01  4.98750E-06 -2.48956E-04  2.55256E-04  2.59216E-04  0.00000E+00  2.06031E-04  1.59394E-04
       128  5.93349E+00  8.09659E+01  4.98750E-06 -2.48439E-04  2.54471E-04  2.58509E-04  0.00000E+00  2.07001E-04  1.71677E-04
       129  6.52683E+00  8.74927E+01  4.98750E-06 -2.48302E-04  2.54337E-04  2.57641E-04  0.00000E+00  2.06382E-04  1.85147E-04
       130  6.52683E+00  9.40195E+01  4.98750E-06 -2.46620E-04  2.53498E-04  2.57067E-04  0.00000E+00  2.09003E-04  1.98788E-04
       131  7.17952E+00  1.01199E+02  4.98750E-06 -2.45968E-04  2.52498E-04  2.56391E-04  0.00000E+00  2.08862E-04  2.13783E-04
       132  7.89747E+00  1.09097E+02  4.98750E-06 -2.45160E-04  2.51398E-04  2.55653E-04  0.00000E+00  2.07713E-04  2.30187E-04
       133  8.68722E+00  1.17784E+02  4.98750E-06 -2.44994E-04  2.50964E-04  2.54632E-04  0.00000E+00  2.07928E-04  2.48250E-04
       134  9.55594E+00  1.27340E+02  4.98750E-06 -2.43306E-04  2.49915E-04  2.53947E-04  0.00000E+00  2.07955E-04  2.68123E-04
       135  1.05115E+01  1.37851E+02  4.98750E-06 -2.42400E-04  2.48675E-04  2.53153E-04  0.00000E+00  2.05169E-04  2.89689E-04
       136  1.15627E+01  1.49414E+02  4.98750E-06 -2.41517E-04  2.47521E-04  2.52215E-04  0.00000E+00  2.04398E-04  3.13323E-04
       137  1.27190E+01  1.62133E+02  4.98750E-06 -2.40743E-04  2.46764E-04  2.51147E-04  0.00000E+00  2.02663E-04  3.39099E-04
       138  1.39908E+01  1.76124E+02  4.98750E-06 -2.39187E-04  2.45707E-04  2.50201E-04  0.00000E+00  2.02244E-04  3.67395E-04
       139  1.53899E+01  1.91514E+02  4.98750E-06 -2.38760E-04  2.45222E-04  2.48768E-04  0.00000E+00  2.01634E-04  3.98426E-04
       140  1.53899E+01  2.06904E+02  4.98750E-06 -2.36564E-04  2.44258E-04  2.48125E-04  0.00000E+00  2.00916E-04  4.29347E-04
       141  1.53899E+01  2.22294E+02  4.98750E-06 -2.35756E-04  2.43194E-04  2.47220E-04  0.00000E+00  2.01529E-04  4.60362E-04
       142  1.69289E+01  2.39222E+02  4.98750E-06 -2.35293E-04  2.42551E-04  2.45954E-04  0.00000E+00  1.99847E-04  4.94194E-04
       143  1.69289E+01  2.56151E+02  4.98750E-06 -2.33349E-04  2.41397E-04  2.45163E-04  0.00000E+00  1.98925E-04  5.27870E-04
       144  1.86218E+01  2.74773E+02  4.98750E-06 -2.33239E-04  2.40618E-04  2.43755E-04  0.00000E+00  1.99378E-04  5.64998E-04
       145  1.86218E+01  2.93395E+02  4.98750E-06 -2.31372E-04  2.39409E-04  2.42911E-04  0.00000E+00  1.98713E-04  6.02002E-04
       146  2.04840E+01  3.13879E+02  4.98750E-06 -2.30486E-04  2.37787E-04  2.41837E-04  0.00000E+00  1.98495E-04  6.42662E-04
       147  2.25324E+01  3.36411E+02  4.98750E-06 -2.29539E-04  2.36219E-04  2.40572E-04  0.00000E+00  1.97711E-04  6.87211E-04
       148  2.25324E+01  3.58944E+02  4.98750E-06 -2.28450E-04  2.35127E-04  2.39240E-04  0.00000E+00  1.95463E-04  7.31253E-04
       149  2.47856E+01  3.83729E+02  4.98750E-06 -2.27239E-04  2.34116E-04  2.38055E-04  0.00000E+00  1.92216E-04  7.78895E-04
       150  2.72642E+01  4.10994E+02  4.98750E-06 -2.26438E-04  2.33535E-04  2.36402E-04  0.00000E+00  1.92536E-04  8.31389E-04
       151  2.72642E+01  4.38258E+02  4.98750E-06 -2.24166E-04  2.32488E-04  2.35585E-04  0.00000E+00  1.92301E-04  8.83818E-04
       152  2.99906E+01  4.68248E+02  4.98750E-06 -2.23256E-04  2.30907E-04  2.34211E-04  0.00000E+00  1.89608E-04  9.40683E-04
       153  3.29897E+01  5.01238E+02  4.98750E-06 -2.21864E-04  2.29197E-04  2.32831E-04  0.00000E+00  1.89711E-04  1.00327E-03
       154  3.29897E+01  5.34228E+02  4.98750E-06 -2.20777E-04  2.28041E-04  2.31483E-04  0.00000E+00  1.87300E-04  1.06506E-03
       155  3.62887E+01  5.70517E+02  4.98750E-06 -2.19748E-04  2.26995E-04  2.29715E-04  0.00000E+00  1.87856E-04  1.13323E-03
       156  3.62887E+01  6.06805E+02  4.98750E-06 -2.17603E-04  2.25645E-04  2.28734E-04  0.00000E+00  1.86488E-04  1.20090E-03
       157  3.62887E+01  6.43094E+02  4.98750E-06 -2.16653E-04  2.24108E-04  2.27350E-04  0.00000E+00  1.85844E-04  1.26834E-03
       158  3.62887E+01  6.79383E+02  4.98750E-06 -2.15198E-04  2.22450E-04  2.26221E-04  0.00000E+00  1.84414E-04  1.33526E-03
       159  3.99175E+01  7.19300E+02  4.98750E-06 -2.14643E-04  2.21210E-04  2.24394E-04  0.00000E+00  1.83551E-04  1.40853E-03
       160  3.99175E+01  7.59218E+02  4.98750E-06 -2.12469E-04  2.19911E-04  2.23530E-04  0.00000E+00  1.82048E-04  1.48120E-03
       161  4.39093E+01  8.03127E+02  4.98750E-06 -2.11609E-04  2.18399E-04  2.21797E-04  0.00000E+00  1.80416E-04  1.56042E-03
       162  4.83002E+01  8.51427E+02  4.98750E-06 -2.09977E-04  2.16947E-04  2.20223E-04  0.00000E+00  1.79464E-04  1.64710E-03
       163  4.83002E+01  8.99727E+02  4.98750E-06 -2.08495E-04  2.15641E-04  2.18772E-04  0.00000E+00  1.76522E-04  1.73236E-03
       164  2.41501E+01  9.23877E+02  4.98750E-06 -2.06314E-04  2.14559E-04  2.19178E-04  0.00000E+00  1.77803E-04  1.77530E-03
       165  2.65651E+01  9.50442E+02  4.98750E-06 -2.06476E-04  2.13983E-04  2.18340E-04  0.00000E+00  1.77287E-04  1.82240E-03
       166  2.65651E+01  9.77008E+02  4.98750E-06 -2.05732E-04  2.13305E-04  2.17611E-04  0.00000E+00  1.75791E-04  1.86910E-03
       167  2.92216E+01  1.00623E+03  4.98750E-06 -2.05640E-04  2.13025E-04  2.16489E-04  0.00000E+00  1.75722E-04  1.92045E-03
       168  3.21438E+01  1.03837E+03  4.98750E-06 -2.04246E-04  2.11879E-04  2.15712E-04  0.00000E+00  1.74483E-04  1.97653E-03
       169  3.53582E+01  1.07373E+03  4.98750E-06 -2.04008E-04  2.10964E-04  2.14446E-04  0.00000E+00  1.72570E-04  2.03755E-03
       170  3.88940E+01  1.11263E+03  4.98750E-06 -2.02607E-04  2.09545E-04  2.13468E-04  0.00000E+00  1.72112E-04  2.10449E-03
       171  4.27834E+01  1.15541E+03  4.98750E-06 -2.02213E-04  2.08517E-04  2.11833E-04  0.00000E+00  1.69701E-04  2.17710E-03
       172  4.70617E+01  1.20247E+03  4.98750E-06 -2.00600E-04  2.07342E-04  2.10766E-04  0.00000E+00  1.68771E-04  2.25652E-03
       173  5.17679E+01  1.25424E+03  4.98750E-06 -1.99198E-04  2.05665E-04  2.09660E-04  0.00000E+00  1.70020E-04  2.34454E-03
       174  5.69447E+01  1.31118E+03  4.98750E-06 -1.98407E-04  2.04399E-04  2.07669E-04  0.00000E+00  1.66057E-04  2.43910E-03
       175  5.69447E+01  1.36813E+03  4.98750E-06 -1.96623E-04  2.03540E-04  2.06657E-04  0.00000E+00  1.64667E-04  2.53287E-03
       176  6.26391E+01  1.43077E+03  4.98750E-06 -1.95232E-04  2.02197E-04  2.05032E-04  0.00000E+00  1.64393E-04  2.63584E-03
       177  6.89031E+01  1.49967E+03  4.98750E-06 -1.94226E-04  2.01273E-04  2.03064E-04  0.00000E+00  1.61816E-04  2.74734E-03
       178  7.57934E+01  1.57546E+03  4.98750E-06 -1.92149E-04  1.99613E-04  2.01448E-04  0.00000E+00  1.61209E-04  2.86952E-03
       179  7.57934E+01  1.65126E+03  4.98750E-06 -1.90468E-04  1.97714E-04  2.00072E-04  0.00000E+00  1.57989E-04  2.98927E-03
       180  8.33727E+01  1.73463E+03  4.98750E-06 -1.88898E-04  1.95509E-04  1.98217E-04  0.00000E+00  1.56321E-04  3.11960E-03
       181  8.33727E+01  1.81800E+03  4.98750E-06 -1.87397E-04  1.93895E-04  1.96412E-04  0.00000E+00  1.55247E-04  3.24903E-03
       182  9.17100E+01  1.90971E+03  4.98750E-06 -1.85491E-04  1.92075E-04  1.94517E-04  0.00000E+00  1.53268E-04  3.38959E-03
       183  1.00000E+02  2.00971E+03  4.98750E-06 -1.83299E-04  1.89964E-04  1.92929E-04  0.00000E+00  1.50849E-04  3.54044E-03
       184  1.00000E+02  2.10971E+03  4.98750E-06 -1.82081E-04  1.88442E-04  1.90496E-04  0.00000E+00  1.49399E-04  3.68984E-03
       185  1.00000E+02  2.20971E+03  4.98750E-06 -1.79805E-04  1.86998E-04  1.89078E-04  0.00000E+00  1.47980E-04  3.83782E-03
       186  1.00000E+02  2.30971E+03  4.98750E-06 -1.78247E-04  1.85333E-04  1.87291E-04  0.00000E+00  1.46362E-04  3.98418E-03
       187  1.00000E+02  2.40971E+03  4.98750E-06 -1.76527E-04  1.83714E-04  1.85665E-04  0.00000E+00  1.44454E-04  4.12864E-03
       188  1.00000E+02  2.50971E+03  4.98750E-06 -1.74729E-04  1.81889E-04  1.84222E-04  0.00000E+00  1.42531E-04  4.27117E-03
       189  1.00000E+02  2.60971E+03  4.98750E-06 -1.73217E-04  1.80043E-04  1.82488E-04  0.00000E+00  1.41962E-04  4.41313E-03
       190  1.00000E+02  2.70971E+03  4.98750E-06 -1.71751E-04  1.78487E-04  1.80785E-04  0.00000E+00  1.39436E-04  4.55257E-03
       191  1.00000E+02  2.80971E+03  4.98750E-06 -1.69963E-04  1.76879E-04  1.79634E-04  0.00000E+00  1.38319E-04  4.69088E-03
       192  1.00000E+02  2.90971E+03  4.98750E-06 -1.68433E-04  1.75043E-04  1.78334E-04  0.00000E+00  1.36642E-04  4.82753E-03
       193  1.00000E+02  3.00971E+03  4.98750E-06 -1.67609E-04  1.73969E-04  1.76100E-04  0.00000E+00  1.33743E-04  4.96127E-03
       194  1.00000E+02  3.10971E+03  4.98750E-06 -1.65806E-04  1.73480E-04  1.74945E-04  0.00000E+00  1.34346E-04  5.09562E-03
       195  1.00000E+02  3.20971E+03  4.98750E-06 -1.64065E-04  1.72160E-04  1.73954E-04  0.00000E+00  1.32716E-04  5.22833E-03
       196  1.00000E+02  3.30971E+03  4.98750E-06 -1.63089E-04  1.70891E-04  1.72232E-04  0.00000E+00  1.29998E-04  5.35833E-03
       197  1.00000E+02  3.40971E+03  4.98750E-06 -1.61646E-04  1.69896E-04  1.70754E-04  0.00000E+00  1.29946E-04  5.48827E-03
       198  1.00000E+02  3.50971E+03  4.98750E-06 -1.60134E-04  1.68630E-04  1.69681E-04  0.00000E+00  1.28521E-04  5.61680E-03
       199  1.00000E+02  3.60971E+03  4.98750E-06 -1.58872E-04  1.67050E-04  1.68378E-04  0.00000E+00  1.27067E-04  5.74386E-03
       200  1.00000E+02  3.70971E+03  4.98750E-06 -1.57747E-04  1.65634E-04  1.66891E-04  0.00000E+00  1.26054E-04  5.86992E-03
       201  1.00000E+02  3.80971E+03  4.98750E-06 -1.56293E-04  1.64254E-04  1.65733E-04  0.00000E+00  1.25642E-04  5.99556E-03
       202  1.00000E+02  3.90971E+03  4.98750E-06 -1.55038E-04  1.62730E-04  1.64537E-04  0.00000E+00  1.23513E-04  6.11907E-03
       203  1.00000E+02  4.00971E+03  4.98750E-06 -1.53929E-04  1.61357E-04  1.63220E-04  0.00000E+00  1.21357E-04  6.24043E-03
       204  1.00000E+02  4.10971E+03  4.98750E-06 -1.52561E-04  1.60015E-04  1.62257E-04  0.00000E+00  1.22744E-04  6.36317E-03
       205  1.00000E+02  4.20971E+03  4.98750E-06 -1.51348E-04  1.58559E-04  1.61230E-04  0.00000E+00  1.20590E-04  6.48376E-03
       206  1.00000E+02  4.30971E+03  4.98750E-06 -1.50478E-04  1.57461E-04  1.59754E-04  0.00000E+00  1.18977E-04  6.60274E-03
       207  1.00000E+02  4.40971E+03  4.98750E-06 -1.49098E-04  1.56627E-04  1.58835E-04  0.00000E+00  1.18766E-04  6.72151E-03
       208  1.00000E+02  4.50971E+03  4.98750E-06 -1.48025E-04  1.55695E-04  1.57756E-04  0.00000E+00  1.17869E-04  6.83937E-03
       209  1.00000E+02  4.60971E+03  4.98750E-06 -1.46946E-04  1.54719E-04  1.56540E-04  0.00000E+00  1.15781E-04  6.95516E-03
       210  1.00000E+02  4.70971E+03  4.98750E-06 -1.45654E-04  1.53636E-04  1.55696E-04  0.00000E+00  1.14690E-04  7.06985E-03
       211  1.00000E+02  4.80971E+03  4.98750E-06 -1.44883E-04  1.52645E-04  1.54262E-04  0.00000E+00  1.14818E-04  7.18466E-03
       212  1.00000E+02  4.90971E+03  4.98750E-06 -1.43549E-04  1.51707E-04  1.53494E-04  0.00000E+00  1.13617E-04  7.29828E-03
       213  1.00000E+02  5.00971E+03  4.98750E-06 -1.42911E-04  1.50835E-04  1.52179E-04  0.00000E+00  1.12053E-04  7.41033E-03
       214  1.00000E+02  5.10971E+03  4.98750E-06 -1.41519E-04  1.49905E-04  1.51395E-04  0.00000E+00  1.11057E-04  7.52139E-03
       215  1.00000E+02  5.20971E+03  4.98750E-06 -1.40530E-04  1.48692E-04  1.50413E-04  0.00000E+00  1.11160E-04  7.63255E-03
       216  1.00000E+02  5.30971E+03  4.98750E-06 -1.39686E-04  1.47644E-04  1.49227E-04  0.00000E+00  1.09243E-04  7.74179E-03
       217  1.00000E+02  5.40971E+03  4.98750E-06 -1.38745E-04  1.46859E-04  1.48119E-04  0.00000E+00  1.08463E-04  7.85026E-03
       218  1.00000E+02  5.50971E+03  4.98750E-06 -1.37535E-04  1.45927E-04  1.47311E-04  0.00000E+00  1.08024E-04  7.95828E-03
       219  1.00000E+02  5.60971E+03  4.98750E-06 -1.36722E-04  1.44911E-04  1.46126E-04  0.00000E+00  1.07524E-04  8.06581E-03
       220  1.00000E+02  5.70971E+03  4.98750E-06 -1.35625E-04  1.43940E-04  1.45333E-04  0.00000E+00  1.06290E-04  8.17210E-03
       221  1.00000E+02  5.80971E+03  4.98750E-06 -1.34701E-04  1.42803E-04  1.44386E-04  0.00000E+00  1.05008E-04  8.27710E-03
       222  1.00000E+02  5.90971E+03  4.98750E-06 -1.33912E-04  1.41804E-04  1.43304E-04  0.00000E+00  1.04626E-04  8.38173E-03
       223  1.00000E+02  6.00971E+03  4.98750E-06 -1.32839E-04  1.40855E-04  1.42587E-04  0.00000E+00  1.04698E-04  8.48643E-03
       224  1.00000E+02  6.10971E+03  4.98750E-06 -1.31936E-04  1.39753E-04  1.41777E-04  0.00000E+00  1.04127E-04  8.59055E-03
       225  1.00000E+02  6.20971E+03  4.98750E-06 -1.31031E-04  1.38655E-04  1.41013E-04  0.00000E+00  1.02287E-04  8.69284E-03
       226  1.00000E+02  6.30971E+03  4.98750E-06 -1.30307E-04  1.37740E-04  1.40051E-04  0.00000E+00  1.01235E-04  8.79408E-03
       227  1.00000E+02  6.40971E+03  4.98750E-06 -1.29253E-04  1.36855E-04  1.39417E-04  0.00000E+00  1.00338E-04  8.89441E-03
       228  1.00000E+02  6.50971E+03  4.98750E-06 -1.28853E-04  1.36268E-04  1.38245E-04  0.00000E+00  1.00195E-04  8.99461E-03
       229  1.00000E+02  6.60971E+03  4.98750E-06 -1.27541E-04  1.35637E-04  1.37745E-04  0.00000E+00  9.99462E-05  9.09456E-03
       230  1.00000E+02  6.70971E+03  4.98750E-06 -1.26759E-04  1.34660E-04  1.36976E-04  0.00000E+00  9.92180E-05  9.19377E-03
       231  1.00000E+02  6.80971E+03  4.98750E-06 -1.25941E-04  1.33665E-04  1.36193E-04  0.00000E+00  9.78493E-05  9.29162E-03
       232  1.00000E+02  6.90971E+03  4.98750E-06 -1.25347E-04  1.32915E-04  1.35149E-04  0.00000E+00  9.61675E-05  9.38779E-03
       233  1.00000E+02  7.00971E+03  4.98750E-06 -1.24669E-04  1.32566E-04  1.34279E-04  0.00000E+00  9.60674E-05  9.48386E-03
       234  1.00000E+02  7.10971E+03  4.98750E-06 -1.23481E-04  1.31965E-04  1.33771E-04  0.00000E+00  9.61619E-05  9.58002E-03
       235  1.00000E+02  7.20971E+03  4.98750E-06 -1.22720E-04  1.31060E-04  1.33068E-04  0.00000E+00  9.52310E-05  9.67525E-03
       236  1.00000E+02  7.30971E+03  4.98750E-06 -1.21938E-04  1.30133E-04  1.32350E-04  0.00000E+00  9.51362E-05  9.77039E-03
       237  1.00000E+02  7.40971E+03  4.98750E-06 -1.21314E-04  1.29362E-04  1.31389E-04  0.00000E+00  9.41627E-05  9.86455E-03
       238  1.00000E+02  7.50971E+03  4.98750E-06 -1.20739E-04  1.28995E-04  1.30363E-04  0.00000E+00  9.31380E-05  9.95769E-03
       239  1.00000E+02  7.60971E+03  4.98750E-06 -1.19664E-04  1.28506E-04  1.29960E-04  0.00000E+00  9.31092E-05  1.00508E-02
       240  1.00000E+02  7.70971E+03  4.98750E-06 -1.18971E-04  1.27645E-04  1.29274E-04  0.00000E+00  9.22995E-05  1.01431E-02
       241  1.00000E+02  7.80971E+03  4.98750E-06 -1.18484E-04  1.26994E-04  1.28332E-04  0.00000E+00  9.11052E-05  1.02342E-02
       242  1.00000E+02  7.90971E+03  4.98750E-06 -1.17526E-04  1.26363E-04  1.27796E-04  0.00000E+00  9.05582E-05  1.03248E-02
       243  1.00000E+02  8.00971E+03  4.98750E-06 -1.16833E-04  1.25510E-04  1.27102E-04  0.00000E+00  9.07404E-05  1.04155E-02
       244  1.00000E+02  8.10971E+03  4.98750E-06 -1.16131E-04  1.24648E-04  1.26403E-04  0.00000E+00  8.98887E-05  1.05054E-02
       245  1.00000E+02  8.20971E+03  4.98750E-06 -1.15430E-04  1.23784E-04  1.25704E-04  0.00000E+00  8.97280E-05  1.05951E-02
       246  1.00000E+02  8.30971E+03  4.98750E-06 -1.14733E-04  1.22924E-04  1.25038E-04  0.00000E+00  8.94147E-05  1.06845E-02
       247  1.00000E+02  8.40971E+03  4.98750E-06 -1.14037E-04  1.22077E-04  1.24398E-04  0.00000E+00  8.82428E-05  1.07728E-02
       248  1.00000E+02  8.50971E+03  4.98750E-06 -1.13335E-04  1.21240E-04  1.23790E-04  0.00000E+00  8.78201E-05  1.08606E-02
       249  1.00000E+02  8.60971E+03  4.98750E-06 -1.12642E-04  1.20413E-04  1.23218E-04  0.00000E+00  8.73060E-05  1.09479E-02
       250  1.00000E+02  8.70971E+03  4.98750E-06 -1.11961E-04  1.19595E-04  1.22666E-04  0.00000E+00  8.68179E-05  1.10347E-02
       251  1.00000E+02  8.80971E+03  4.98750E-06 -1.11278E-04  1.18784E-04  1.22118E-04  0.00000E+00  8.57919E-05  1.11205E-02
       252  1.00000E+02  8.90971E+03  4.98750E-06 -1.10767E-04  1.18160E-04  1.21371E-04  0.00000E+00  8.62499E-05  1.12068E-02
       253  1.00000E+02  9.00971E+03  4.98750E-06 -1.10293E-04  1.17978E-04  1.20646E-04  0.00000E+00  8.50248E-05  1.12918E-02
       254  1.00000E+02  9.10971E+03  4.98750E-06 -1.09233E-04  1.17580E-04  1.20348E-04  0.00000E+00  8.52959E-05  1.13771E-02
       255  1.00000E+02  9.20971E+03  4.98750E-06 -1.08855E-04  1.17096E-04  1.19587E-04  0.00000E+00  8.43924E-05  1.14615E-02
       256  1.00000E+02  9.30971E+03  4.98750E-06 -1.07978E-04  1.16601E-04  1.19228E-04  0.00000E+00  8.34970E-05  1.15450E-02
       257  1.00000E+02  9.40971E+03  4.98750E-06 -1.07542E-04  1.16049E-04  1.18444E-04  0.00000E+00  8.27809E-05  1.16278E-02
       258  1.00000E+02  9.50971E+03  4.98750E-06 -1.07004E-04  1.15794E-04  1.17893E-04  0.00000E+00  8.25411E-05  1.17103E-02
       259  1.00000E+02  9.60971E+03  4.98750E-06 -1.06141E-04  1.15269E-04  1.17494E-04  0.00000E+00  8.23620E-05  1.17927E-02
       260  1.00000E+02  9.70971E+03  4.98750E-06 -1.05568E-04  1.14569E-04  1.16946E-04  0.00000E+00  8.20824E-05  1.18747E-02
       261  1.00000E+02  9.80971E+03  4.98750E-06 -1.04976E-04  1.13853E-04  1.16392E-04  0.00000E+00  8.16849E-05  1.19564E-02
       262  1.00000E+02  9.90971E+03  4.98750E-06 -1.04388E-04  1.13137E-04  1.15838E-04  0.00000E+00  8.14525E-05  1.20379E-02
       263  1.00000E+02  1.00097E+04  4.98750E-06 -1.03806E-04  1.12423E-04  1.15306E-04  0.00000E+00  8.07238E-05  1.21186E-02
       264  1.00000E+02  1.01097E+04  4.98750E-06 -1.03226E-04  1.11709E-04  1.14777E-04  0.00000E+00  8.03305E-05  1.21989E-02
       265  1.00000E+02  1.02097E+04  4.98750E-06 -1.02643E-04  1.11003E-04  1.14253E-04  0.00000E+00  7.96521E-05  1.22786E-02
       266  1.00000E+02  1.03097E+04  4.98750E-06 -1.02067E-04  1.10299E-04  1.13731E-04  0.00000E+00  7.97851E-05  1.23584E-02
       267  1.00000E+02  1.04097E+04  4.98750E-06 -1.01498E-04  1.09595E-04  1.13212E-04  0.00000E+00  7.93099E-05  1.24377E-02
       268  1.00000E+02  1.05097E+04  4.98750E-06 -1.00934E-04  1.08897E-04  1.12696E-04  0.00000E+00  7.91419E-05  1.25168E-02
       269  1.00000E+02  1.06097E+04  4.98750E-06 -1.00629E-04  1.08471E-04  1.11885E-04  0.00000E+00  7.82605E-05  1.25951E-02
       270  1.00000E+02  1.07097E+04  4.98750E-06 -9.97776E-05  1.08055E-04  1.11613E-04  0.00000E+00  7.81490E-05  1.26732E-02
       271  1.00000E+02  1.08097E+04  4.98750E-06 -9.96633E-05  1.07852E-04  1.10673E-04  0.00000E+00  7.69409E-05  1.27502E-02
       272  1.00000E+02  1.09097E+04  4.98750E-06 -9.87650E-05  1.07806E-04  1.10421E-04  0.00000E+00  7.65487E-05  1.28267E-02
       273  1.00000E+02  1.10097E+04  4.98750E-06 -9.81698E-05  1.07333E-04  1.10015E-04  0.00000E+00  7.65330E-05  1.29032E-02
       274  1.00000E+02  1.11097E+04  4.98750E-06 -9.76488E-05  1.06699E-04  1.09531E-04  0.00000E+00  7.64229E-05  1.29797E-02
       275  1.00000E+02  1.12097E+04  4.98750E-06 -9.75214E-05  1.06454E-04  1.08726E-04  0.00000E+00  7.52415E-05  1.30549E-02
       276  1.00000E+02  1.13097E+04  4.98750E-06 -9.70351E-05  1.06635E-04  1.08147E-04  0.00000E+00  7.50666E-05  1.31300E-02
       277  1.00000E+02  1.14097E+04  4.98750E-06 -9.61347E-05  1.06376E-04  1.07887E-04  0.00000E+00  7.50640E-05  1.32050E-02
       278  1.00000E+02  1.15097E+04  4.98750E-06 -9.56854E-05  1.05763E-04  1.07412E-04  0.00000E+00  7.46902E-05  1.32797E-02
       279  1.00000E+02  1.16097E+04  4.98750E-06 -9.51935E-05  1.05120E-04  1.06915E-04  0.00000E+00  7.42656E-05  1.33540E-02
       280  1.00000E+02  1.17097E+04  4.98750E-06 -9.47052E-05  1.04476E-04  1.06419E-04  0.00000E+00  7.40350E-05  1.34280E-02
       281  1.00000E+02  1.18097E+04  4.98750E-06 -9.42235E-05  1.03830E-04  1.05921E-04  0.00000E+00  7.35108E-05  1.35015E-02
       282  1.00000E+02  1.19097E+04  4.98750E-06 -9.37433E-05  1.03185E-04  1.05426E-04  0.00000E+00  7.30752E-05  1.35746E-02
       283  1.00000E+02  1.20097E+04  4.98750E-06 -9.32626E-05  1.02544E-04  1.04932E-04  0.00000E+00  7.27050E-05  1.36473E-02
       284  1.00000E+02  1.21097E+04  4.98750E-06 -9.27727E-05  1.01916E-04  1.04450E-04  0.00000E+00  7.25716E-05  1.37199E-02
       285  1.00000E+02  1.22097E+04  4.98750E-06 -9.22768E-05  1.01297E-04  1.03974E-04  0.00000E+00  7.21756E-05  1.37921E-02
       286  1.00000E+02  1.23097E+04  4.98750E-06 -9.19833E-05  1.00884E-04  1.03201E-04  0.00000E+00  7.17959E-05  1.38639E-02
       287  1.00000E+02  1.24097E+04  4.98750E-06 -9.12819E-05  1.00517E-04  1.02958E-04  0.00000E+00  7.16841E-05  1.39356E-02
       288  1.00000E+02  1.25097E+04  4.98750E-06 -9.08294E-05  9.99367E-05  1.02506E-04  0.00000E+00  7.13983E-05  1.40070E-02
       289  1.00000E+02  1.26097E+04  4.98750E-06 -9.03525E-05  9.93452E-05  1.02042E-04  0.00000E+00  7.07706E-05  1.40777E-02
       290  1.00000E+02  1.27097E+04  4.98750E-06 -9.01272E-05  9.90017E-05  1.01320E-04  0.00000E+00  7.05264E-05  1.41482E-02
       291  1.00000E+02  1.28097E+04  4.98750E-06 -8.94017E-05  9.86811E-05  1.01074E-04  0.00000E+00  7.01972E-05  1.42184E-02
       292  1.00000E+02  1.29097E+04  4.98750E-06 -8.89658E-05  9.81229E-05  1.00661E-04  0.00000E+00  7.00089E-05  1.42885E-02
       293  1.00000E+02  1.30097E+04  4.98750E-06 -8.85142E-05  9.75464E-05  1.00235E-04  0.00000E+00  6.95922E-05  1.43580E-02
       294  1.00000E+02  1.31097E+04  4.98750E-06 -8.80445E-05  9.69730E-05  9.98105E-05  0.00000E+00  6.94372E-05  1.44275E-02
       295  1.00000E+02  1.32097E+04  4.98750E-06 -8.75775E-05  9.64027E-05  9.93872E-05  0.00000E+00  6.92745E-05  1.44968E-02
       296  1.00000E+02  1.33097E+04  4.98750E-06 -8.73242E-05  9.60434E-05  9.87627E-05  0.00000E+00  6.84254E-05  1.45652E-02
       297  1.00000E+02  1.34097E+04  4.98750E-06 -8.70646E-05  9.61385E-05  9.82200E-05  0.00000E+00  6.81068E-05  1.46333E-02
       298  1.00000E+02  1.35097E+04  4.98750E-06 -8.62062E-05  9.59883E-05  9.81013E-05  0.00000E+00  6.81598E-05  1.47015E-02
       299  1.00000E+02  1.36097E+04  4.98750E-06 -8.58094E-05  9.54801E-05  9.77550E-05  0.00000E+00  6.78219E-05  1.47693E-02
       300  1.00000E+02  1.37097E+04  4.98750E-06 -8.54328E-05  9.49875E-05  9.73397E-05  0.00000E+00  6.76761E-05  1.48369E-02
       301  1.00000E+02  1.38097E+04  4.98750E-06 -8.49438E-05  9.45102E-05  9.69961E-05  0.00000E+00  6.72768E-05  1.49042E-02
       302  1.00000E+02  1.39097E+04  4.98750E-06 -8.45167E-05  9.39709E-05  9.66228E-05  0.00000E+00  6.68483E-05  1.49711E-02
       303  1.00000E+02  1.40097E+04  4.98750E-06 -8.41622E-05  9.34961E-05  9.62287E-05  0.00000E+00  6.65398E-05  1.50376E-02
       304  1.00000E+02  1.41097E+04  4.98750E-06 -8.38713E-05  9.31718E-05  9.57504E-05  0.00000E+00  6.60510E-05  1.51037E-02
       305  1.00000E+02  1.42097E+04  4.98750E-06 -8.32954E-05  9.27605E-05  9.54772E-05  0.00000E+00  6.57794E-05  1.51694E-02
       306  1.00000E+02  1.43097E+04  4.98750E-06 -8.29077E-05  9.22448E-05  9.51120E-05  0.00000E+00  6.58557E-05  1.52353E-02
       307  1.00000E+02  1.44097E+04  4.98750E-06 -8.25134E-05  9.17225E-05  9.47411E-05  0.00000E+00  6.55918E-05  1.53009E-02
       308  1.00000E+02  1.45097E+04  4.98750E-06 -8.21193E-05  9.11987E-05  9.43694E-05  0.00000E+00  6.51564E-05  1.53660E-02
       309  1.00000E+02  1.46097E+04  4.98750E-06 -8.17281E-05  9.06749E-05  9.39981E-05  0.00000E+00  6.46787E-05  1.54307E-02
       310  1.00000E+02  1.47097E+04  4.98750E-06 -8.19072E-05  9.07177E-05  9.33533E-05  0.00000E+00  6.40852E-05  1.54948E-02
       311  1.00000E+02  1.48097E+04  4.98750E-06 -8.09855E-05  9.05134E-05  9.31623E-05  0.00000E+00  6.40689E-05  1.55589E-02
       312  1.00000E+02  1.49097E+04  4.98750E-06 -8.08779E-05  9.02904E-05  9.25597E-05  0.00000E+00  6.37586E-05  1.56226E-02
       313  1.00000E+02  1.50097E+04  4.98750E-06 -8.02228E-05  9.00770E-05  9.23915E-05  0.00000E+00  6.40484E-05  1.56867E-02
       314  1.00000E+02  1.51097E+04  4.98750E-06 -7.98730E-05  8.96108E-05  9.20452E-05  0.00000E+00  6.36570E-05  1.57503E-02
       315  1.00000E+02  1.52097E+04  4.98750E-06 -7.94909E-05  8.91254E-05  9.16849E-05  0.00000E+00  6.35287E-05  1.58139E-02
       316  1.00000E+02  1.53097E+04  4.98750E-06 -7.91049E-05  8.86409E-05  9.13252E-05  0.00000E+00  6.31175E-05  1.58770E-02
       317  1.00000E+02  1.54097E+04  4.98750E-06 -7.87226E-05  8.81551E-05  9.09651E-05  0.00000E+00  6.30189E-05  1.59400E-02
       318  1.00000E+02  1.55097E+04  4.98750E-06 -7.83475E-05  8.76723E-05  9.06069E-05  0.00000E+00  6.25829E-05  1.60026E-02
       319  1.00000E+02  1.56097E+04  4.98750E-06 -7.79745E-05  8.71885E-05  9.02475E-05  0.00000E+00  6.23924E-05  1.60650E-02
       320  1.00000E+02  1.57097E+04  4.98750E-06 -7.76064E-05  8.67069E-05  8.98892E-05  0.00000E+00  6.20541E-05  1.61270E-02
       321  1.00000E+02  1.58097E+04  4.98750E-06 -7.76687E-05  8.66538E-05  8.91882E-05  0.00000E+00  6.16390E-05  1.61887E-02
       322  1.00000E+02  1.59097E+04  4.98750E-06 -7.68432E-05  8.65778E-05  8.90914E-05  0.00000E+00  6.17842E-05  1.62505E-02
       323  1.00000E+02  1.60097E+04  4.98750E-06 -7.65129E-05  8.61545E-05  8.87623E-05  0.00000E+00  6.13882E-05  1.63119E-02
       324  1.00000E+02  1.61097E+04  4.98750E-06 -7.61530E-05  8.56995E-05  8.84107E-05  0.00000E+00  6.10817E-05  1.63729E-02
       325  1.00000E+02  1.62097E+04  4.98750E-06 -7.57961E-05  8.52420E-05  8.80665E-05  0.00000E+00  6.07345E-05  1.64337E-02
       326  1.00000E+02  1.63097E+04  4.98750E-06 -7.54437E-05  8.47848E-05  8.77254E-05  0.00000E+00  6.03590E-05  1.64940E-02
       327  1.00000E+02  1.64097E+04  4.98750E-06 -7.50843E-05  8.43291E-05  8.73848E-05  0.00000E+00  6.02085E-05  1.65542E-02
       328  1.00000E+02  1.65097E+04  4.98750E-06 -7.47192E-05  8.38792E-05  8.70487E-05  0.00000E+00  5.99854E-05  1.66142E-02
       329  1.00000E+02  1.66097E+04  4.98750E-06 -7.43608E-05  8.34324E-05  8.67141E-05  0.00000E+00  5.97518E-05  1.66740E-02
       330  1.00000E+02  1.67097E+04  4.98750E-06 -7.42411E-05  8.32213E-05  8.61142E-05  0.00000E+00  5.91547E-05  1.67331E-02
       331  1.00000E+02  1.68097E+04  4.98750E-06 -7.36467E-05  8.30504E-05  8.59714E-05  0.00000E+00  5.92216E-05  1.67923E-02
       332  1.00000E+02  1.69097E+04  4.98750E-06 -7.36363E-05  8.29442E-05  8.53110E-05  0.00000E+00  5.88547E-05  1.68512E-02
       333  1.00000E+02  1.70097E+04  4.98750E-06 -7.29823E-05  8.28011E-05  8.52555E-05  0.00000E+00  5.87754E-05  1.69100E-02
       334  1.00000E+02  1.71097E+04  4.98750E-06 -7.26848E-05  8.23941E-05  8.49713E-05  0.00000E+00  5.84925E-05  1.69685E-02
       335  1.00000E+02  1.72097E+04  4.98750E-06 -7.23669E-05  8.19605E-05  8.46748E-05  0.00000E+00  5.82005E-05  1.70267E-02
       336  1.00000E+02  1.73097E+04  4.98750E-06 -7.20475E-05  8.15211E-05  8.43767E-05  0.00000E+00  5.81369E-05  1.70848E-02
       337  1.00000E+02  1.74097E+04  4.98750E-06 -7.17231E-05  8.10854E-05  8.40825E-05  0.00000E+00  5.78997E-05  1.71427E-02
       338  1.00000E+02  1.75097E+04  4.98750E-06 -7.14061E-05  8.06491E-05  8.37887E-05  0.00000E+00  5.77209E-05  1.72004E-02
       339  1.00000E+02  1.76097E+04  4.98750E-06 -7.10830E-05  8.02168E-05  8.34983E-05  0.00000E+00  5.73850E-05  1.72578E-02
       340  1.00000E+02  1.77097E+04  4.98750E-06 -7.11151E-05  8.01352E-05  8.29099E-05  0.00000E+00  5.68521E-05  1.73147E-02
       341  1.00000E+02  1.78097E+04  4.98750E-06 -7.04591E-05  8.00332E-05  8.28326E-05  0.00000E+00  5.72658E-05  1.73719E-02
       342  1.00000E+02  1.79097E+04  4.98750E-06 -7.02020E-05  7.96439E-05  8.25533E-05  0.00000E+00  5.69315E-05  1.74289E-02
       343  1.00000E+02  1.80097E+04  4.98750E-06 -7.04917E-05  7.98012E-05  8.20024E-05  0.00000E+00  5.63678E-05  1.74852E-02
       344  1.00000E+02  1.81097E+04  4.98750E-06 -6.97030E-05  7.96750E-05  8.18614E-05  0.00000E+00  5.64358E-05  1.75417E-02
       345  1.00000E+02  1.82097E+04  4.98750E-06 -6.94691E-05  7.92800E-05  8.15581E-05  0.00000E+00  5.60524E-05  1.75977E-02
       346  1.00000E+02  1.83097E+04  4.98750E-06 -6.91882E-05  7.88662E-05  8.12433E-05  0.00000E+00  5.57651E-05  1.76535E-02
       347  1.00000E+02  1.84097E+04  4.98750E-06 -6.88760E-05  7.84609E-05  8.09342E-05  0.00000E+00  5.56132E-05  1.77091E-02
       348  1.00000E+02  1.85097E+04  4.98750E-06 -6.85493E-05  7.80650E-05  8.06320E-05  0.00000E+00  5.55801E-05  1.77647E-02
       349  1.00000E+02  1.86097E+04  4.98750E-06 -6.86828E-05  7.81291E-05  7.99773E-05  0.00000E+00  5.50071E-05  1.78197E-02
       350  1.00000E+02  1.87097E+04  4.98750E-06 -6.78887E-05  7.81560E-05  7.99489E-05  0.00000E+00  5.51459E-05  1.78748E-02
       351  1.00000E+02  1.88097E+04  4.98750E-06 -6.76189E-05  7.78267E-05  7.96834E-05  0.00000E+00  5.50953E-05  1.79299E-02
       352  1.00000E+02  1.89097E+04  4.98750E-06 -6.73158E-05  7.74616E-05  7.93983E-05  0.00000E+00  5.49119E-05  1.79848E-02
       353  1.00000E+02  1.90097E+04  4.98750E-06 -6.70163E-05  7.70944E-05  7.91116E-05  0.00000E+00  5.45603E-05  1.80394E-02
       354  1.00000E+02  1.91097E+04  4.98750E-06 -6.67188E-05  7.67258E-05  7.88238E-05  0.00000E+00  5.43397E-05  1.80937E-02
       355  1.00000E+02  1.92097E+04  4.98750E-06 -6.64227E-05  7.63563E-05  7.85352E-05  0.00000E+00  5.40458E-05  1.81478E-02
       356  1.00000E+02  1.93097E+04  4.98750E-06 -6.61278E-05  7.59841E-05  7.82440E-05  0.00000E+00  5.39924E-05  1.82018E-02
       357  1.00000E+02  1.94097E+04  4.98750E-06 -6.58385E-05  7.56130E-05  7.79547E-05  0.00000E+00  5.37513E-05  1.82555E-02
       358  1.00000E+02  1.95097E+04  4.98750E-06 -6.55538E-05  7.52426E-05  7.76676E-05  0.00000E+00  5.34804E-05  1.83090E-02
       359  1.00000E+02  1.96097E+04  4.98750E-06 -6.52719E-05  7.48718E-05  7.74056E-05  0.00000E+00  5.31990E-05  1.83622E-02
       360  1.00000E+02  1.97097E+04  4.98750E-06 -6.49789E-05  7.45022E-05  7.71432E-05  0.00000E+00  5.31784E-05  1.84154E-02
       361  1.00000E+02  1.98097E+04  4.98750E-06 -6.46915E-05  7.41365E-05  7.68835E-05  0.00000E+00  5.31537E-05  1.84685E-02
       362  1.00000E+02  1.99097E+04  4.98750E-06 -6.44067E-05  7.37725E-05  7.66298E-05  0.00000E+00  5.30399E-05  1.85216E-02
       363  1.00000E+02  2.00097E+04  4.98750E-06 -6.41246E-05  7.34101E-05  7.63832E-05  0.00000E+00  5.28801E-05  1.85745E-02
       364  1.00000E+02  2.01097E+04  4.98750E-06 -6.38449E-05  7.30481E-05  7.61371E-05  0.00000E+00  5.26957E-05  1.86272E-02
       365  1.00000E+02  2.02097E+04  4.98750E-06 -6.35684E-05  7.26867E-05  7.58915E-05  0.00000E+00  5.24341E-05  1.86796E-02
       366  1.00000E+02  2.03097E+04  4.98750E-06 -6.32948E-05  7.23257E-05  7.56560E-05  0.00000E+00  5.24067E-05  1.87320E-02
       367  1.00000E+02  2.04097E+04  4.98750E-06 -6.30239E-05  7.19653E-05  7.54256E-05  0.00000E+00  5.21583E-05  1.87842E-02
       368  1.00000E+02  2.05097E+04  4.98750E-06 -6.31672E-05  7.20171E-05  7.50229E-05  0.00000E+00  5.15611E-05  1.88357E-02
       369  1.00000E+02  2.06097E+04  4.98750E-06 -6.25251E-05  7.19114E-05  7.49367E-05  0.00000E+00  5.17500E-05  1.88875E-02
       370  1.00000E+02  2.07097E+04  4.98750E-06 -6.23497E-05  7.16121E-05  7.46763E-05  0.00000E+00  5.15316E-05  1.89390E-02
       371  1.00000E+02  2.08097E+04  4.98750E-06 -6.20669E-05  7.13144E-05  7.44792E-05  0.00000E+00  5.13901E-05  1.89904E-02
       372  1.00000E+02  2.09097E+04  4.98750E-06 -6.18317E-05  7.09572E-05  7.42504E-05  0.00000E+00  5.12898E-05  1.90417E-02
       373  1.00000E+02  2.10097E+04  4.98750E-06 -6.15889E-05  7.05979E-05  7.40194E-05  0.00000E+00  5.10874E-05  1.90928E-02
       374  1.00000E+02  2.11097E+04  4.98750E-06 -6.13404E-05  7.02417E-05  7.37902E-05  0.00000E+00  5.08942E-05  1.91437E-02
       375  1.00000E+02  2.12097E+04  4.98750E-06 -6.11915E-05  6.99874E-05  7.35309E-05  0.00000E+00  5.06535E-05  1.91943E-02
       376  1.00000E+02  2.13097E+04  4.98750E-06 -6.11695E-05  6.99534E-05  7.30350E-05  0.00000E+00  5.01817E-05  1.92445E-02
       377  1.00000E+02  2.14097E+04  4.98750E-06 -6.06294E-05  6.99340E-05  7.30225E-05  0.00000E+00  5.01402E-05  1.92946E-02
       378  1.00000E+02  2.15097E+04  4.98750E-06 -6.06830E-05  6.99165E-05  7.24725E-05  0.00000E+00  4.97963E-05  1.93444E-02
       379  1.00000E+02  2.16097E+04  4.98750E-06 -6.01350E-05  6.99056E-05  7.25163E-05  0.00000E+00  4.97796E-05  1.93942E-02
       380  1.00000E+02  2.17097E+04  4.98750E-06 -6.03880E-05  7.00928E-05  7.19503E-05  0.00000E+00  4.94231E-05  1.94436E-02
       381  1.00000E+02  2.18097E+04  4.98750E-06 -5.98403E-05  7.04130E-05  7.18437E-05  0.00000E+00  4.96309E-05  1.94933E-02
       382  1.00000E+02  2.19097E+04  4.98750E-06 -5.94475E-05  7.02906E-05  7.17608E-05  0.00000E+00  4.96082E-05  1.95429E-02
       383  1.00000E+02  2.20097E+04  4.98750E-06 -5.92339E-05  7.00195E-05  7.15415E-05  0.00000E+00  4.95208E-05  1.95924E-02
       384  1.00000E+02  2.21097E+04  4.98750E-06 -5.90094E-05  6.97312E-05  7.13066E-05  0.00000E+00  4.92346E-05  1.96416E-02
       385  1.00000E+02  2.22097E+04  4.98750E-06 -5.87845E-05  6.94375E-05  7.10734E-05  0.00000E+00  4.89686E-05  1.96906E-02
       386  1.00000E+02  2.23097E+04  4.98750E-06 -5.85596E-05  6.91400E-05  7.08430E-05  0.00000E+00  4.88936E-05  1.97395E-02
       387  1.00000E+02  2.24097E+04  4.98750E-06 -5.83349E-05  6.88394E-05  7.06098E-05  0.00000E+00  4.85553E-05  1.97880E-02
       388  1.00000E+02  2.25097E+04  4.98750E-06 -5.83868E-05  6.88127E-05  7.01433E-05  0.00000E+00  4.81433E-05  1.98362E-02
       389  1.00000E+02  2.26097E+04  4.98750E-06 -5.79461E-05  6.86714E-05  7.00490E-05  0.00000E+00  4.80806E-05  1.98843E-02
       390  1.00000E+02  2.27097E+04  4.98750E-06 -5.77530E-05  6.83821E-05  6.98079E-05  0.00000E+00  4.78101E-05  1.99321E-02
       391  1.00000E+02  2.28097E+04  4.98750E-06 -5.75487E-05  6.80809E-05  6.95553E-05  0.00000E+00  4.77851E-05  1.99799E-02
       392  1.00000E+02  2.29097E+04  4.98750E-06 -5.73455E-05  6.77756E-05  6.92988E-05  0.00000E+00  4.77371E-05  2.00276E-02
       393  1.00000E+02  2.30097E+04  4.98750E-06 -5.71472E-05  6.74699E-05  6.90420E-05  0.00000E+00  4.76609E-05  2.00753E-02
       394  1.00000E+02  2.31097E+04  4.98750E-06 -5.69521E-05  6.71629E-05  6.87842E-05  0.00000E+00  4.74569E-05  2.01227E-02
       395  1.00000E+02  2.32097E+04  4.98750E-06 -5.67593E-05  6.68544E-05  6.85386E-05  0.00000E+00  4.73593E-05  2.01701E-02
       396  1.00000E+02  2.33097E+04  4.98750E-06 -5.65689E-05  6.65447E-05  6.83099E-05  0.00000E+00  4.70828E-05  2.02172E-02
       397  1.00000E+02  2.34097E+04  4.98750E-06 -5.63805E-05  6.62340E-05  6.80806E-05  0.00000E+00  4.68467E-05  2.02640E-02
       398  1.00000E+02  2.35097E+04  4.98750E-06 -5.61847E-05  6.59241E-05  6.78659E-05  0.00000E+00  4.65778E-05  2.03106E-02
       399  1.00000E+02  2.36097E+04  4.98750E-06 -5.59847E-05  6.56145E-05  6.76536E-05  0.00000E+00  4.63438E-05  2.03569E-02
       400  1.00000E+02  2.37097E+04  4.98750E-06 -5.58178E-05  6.53362E-05  6.74302E-05  0.00000E+00  4.60750E-05  2.04030E-02
       401  1.00000E+02  2.38097E+04  4.98750E-06 -5.56083E-05  6.50441E-05  6.72201E-05  0.00000E+00  4.59030E-05  2.04489E-02
       402  1.00000E+02  2.39097E+04  4.98750E-06 -5.54228E-05  6.47451E-05  6.70038E-05  0.00000E+00  4.57303E-05  2.04946E-02
       403  1.00000E+02  2.40097E+04  4.98750E-06 -5.52360E-05  6.44457E-05  6.67900E-05  0.00000E+00  4.56247E-05  2.05403E-02
       404  1.00000E+02  2.41097E+04  4.98750E-06 -5.50476E-05  6.41449E-05  6.65831E-05  0.00000E+00  4.56941E-05  2.05860E-02
       405  1.00000E+02  2.42097E+04  4.98750E-06 -5.48622E-05  6.38465E-05  6.63775E-05  0.00000E+00  4.54328E-05  2.06314E-02
       406  1.00000E+02  2.43097E+04  4.98750E-06 -5.46775E-05  6.35482E-05  6.61720E-05  0.00000E+00  4.52790E-05  2.06767E-02
       407  1.00000E+02  2.44097E+04  4.98750E-06 -5.44794E-05  6.32541E-05  6.59690E-05  0.00000E+00  4.52930E-05  2.07220E-02
       408  1.00000E+02  2.45097E+04  4.98750E-06 -5.44148E-05  6.31199E-05  6.56358E-05  0.00000E+00  4.50404E-05  2.07670E-02
       409  1.00000E+02  2.46097E+04  4.98750E-06 -5.40961E-05  6.29296E-05  6.55125E-05  0.00000E+00  4.49764E-05  2.08120E-02
       410  1.00000E+02  2.47097E+04  4.98750E-06 -5.39112E-05  6.26544E-05  6.53041E-05  0.00000E+00  4.47169E-05  2.08567E-02
       411  1.00000E+02  2.48097E+04  4.98750E-06 -5.37213E-05  6.23774E-05  6.50937E-05  0.00000E+00  4.45080E-05  2.09012E-02
       412  1.00000E+02  2.49097E+04  4.98750E-06 -5.35251E-05  6.21044E-05  6.48871E-05  0.00000E+00  4.43127E-05  2.09455E-02
       413  1.00000E+02  2.50097E+04  4.98750E-06 -5.33322E-05  6.18325E-05  6.46815E-05  0.00000E+00  4.40910E-05  2.09896E-02
       414  1.00000E+02  2.51097E+04  4.98750E-06 -5.31390E-05  6.15622E-05  6.44768E-05  0.00000E+00  4.39792E-05  2.10336E-02
       415  1.00000E+02  2.52097E+04  4.98750E-06 -5.29414E-05  6.12970E-05  6.42752E-05  0.00000E+00  4.38609E-05  2.10774E-02
