#INITIAL VOLUME OF WATER IN THE SUBSURFACE =   1.65000E+02
#NSTEP       DELTAT         TIME  NLIN   AVG.LIN       STORE1       STORE2       DSTORE   CUM.DSTORE       VIN  CUM.VIN       VOUT    CUM.VOUT   VIN+VOUT   CUM. VIN  M.BAL.ERR   REL. MBE   CUM. MBE      CUM.
#                                 ITER.    ITER.                             (>0 x inc)                                                                      + VOUT  (Vi+Vo-Ds)        (%)             ABS(MBE)
     1 1.953125E-02 1.953125E-02    10 9.300E+00 1.650000E+02 1.650000E+02 -2.07524E-06 -2.07524E-06 1.811E-08 1.811E-08 -1.054E-06 -1.054E-06 -1.035E-06 -1.035E-06  1.040E-06 -1.004E+02  1.040E-06 1.040E-06
     2 1.000000E-02 2.953125E-02     4 7.250E+00 1.650000E+02 1.650000E+02 -1.58626E-06 -3.66150E-06 2.518E-08 4.329E-08 -1.171E-06 -2.225E-06 -1.146E-06 -2.181E-06  4.405E-07 -3.844E+01  1.480E-06 1.480E-06
     3 1.100000E-02 4.053125E-02     5 7.000E+00 1.650000E+02 1.650000E+02 -1.52106E-06 -5.18256E-06 4.170E-08 8.499E-08 -1.470E-06 -3.695E-06 -1.428E-06 -3.610E-06  9.267E-08 -6.488E+00  1.573E-06 1.573E-06
     4 1.100000E-02 5.153125E-02     5 7.000E+00 1.650000E+02 1.650000E+02 -1.64754E-06 -6.83009E-06 5.221E-08 1.372E-07 -1.617E-06 -5.312E-06 -1.565E-06 -5.175E-06  8.249E-08 -5.271E+00  1.655E-06 1.655E-06
     5 1.100000E-02 6.253125E-02     7 6.714E+00 1.650000E+02 1.650000E+02 -1.74630E-06 -8.57639E-06 5.805E-08 1.953E-07 -1.739E-06 -7.051E-06 -1.681E-06 -6.856E-06  6.500E-08 -3.866E+00  1.720E-06 1.720E-06
     6 1.000000E-02 7.253125E-02     6 6.667E+00 1.650000E+02 1.650000E+02 -1.69557E-06 -1.02720E-05 5.584E-08 2.511E-07 -1.673E-06 -8.724E-06 -1.617E-06 -8.473E-06  7.848E-08 -4.853E+00  1.799E-06 1.799E-06
     7 1.000000E-02 8.253125E-02     5 6.800E+00 1.650000E+02 1.650000E+02 -1.78102E-06 -1.20530E-05 6.177E-08 3.129E-07 -1.751E-06 -1.048E-05 -1.689E-06 -1.016E-05  9.193E-08 -5.442E+00  1.891E-06 1.891E-06
     8 1.000000E-02 9.253125E-02     5 6.800E+00 1.650000E+02 1.650000E+02 -1.83115E-06 -1.38841E-05 6.908E-08 3.819E-07 -1.822E-06 -1.230E-05 -1.753E-06 -1.191E-05  7.857E-08 -4.483E+00  1.969E-06 1.969E-06
     9 1.000000E-02 1.025312E-01     5 6.800E+00 1.650000E+02 1.650000E+02 -1.85680E-06 -1.57409E-05 7.520E-08 4.572E-07 -1.887E-06 -1.418E-05 -1.812E-06 -1.373E-05  4.517E-08 -2.493E+00  2.015E-06 2.015E-06
    10 1.000000E-02 1.125312E-01     6 6.667E+00 1.650000E+02 1.650000E+02 -1.92185E-06 -1.76628E-05 7.929E-08 5.364E-07 -1.947E-06 -1.613E-05 -1.868E-06 -1.559E-05  5.423E-08 -2.904E+00  2.069E-06 2.069E-06
    11 1.000000E-02 1.225312E-01     6 6.667E+00 1.650000E+02 1.650000E+02 -1.97235E-06 -1.96351E-05 8.209E-08 6.185E-07 -2.003E-06 -1.813E-05 -1.921E-06 -1.751E-05  5.180E-08 -2.697E+00  2.121E-06 2.121E-06
    12 1.000000E-02 1.325312E-01     5 6.800E+00 1.650000E+02 1.650000E+02 -2.00273E-06 -2.16379E-05 8.867E-08 7.072E-07 -2.054E-06 -2.019E-05 -1.966E-06 -1.948E-05  3.696E-08 -1.880E+00  2.158E-06 2.158E-06
    13 1.000000E-02 1.425312E-01     5 6.800E+00 1.650000E+02 1.650000E+02 -2.12035E-06 -2.37582E-05 9.144E-08 7.986E-07 -2.103E-06 -2.229E-05 -2.011E-06 -2.149E-05  1.092E-07 -5.429E+00  2.267E-06 2.267E-06
    14 1.000000E-02 1.525313E-01     6 6.667E+00 1.650000E+02 1.650000E+02 -2.09723E-06 -2.58554E-05 9.134E-08 8.900E-07 -2.148E-06 -2.444E-05 -2.056E-06 -2.355E-05  4.096E-08 -1.992E+00  2.308E-06 2.308E-06
    15 1.000000E-02 1.625313E-01     5 6.800E+00 1.650000E+02 1.650000E+02 -2.15552E-06 -2.80110E-05 9.461E-08 9.846E-07 -2.190E-06 -2.663E-05 -2.095E-06 -2.564E-05  6.053E-08 -2.889E+00  2.368E-06 2.368E-06
    16 1.000000E-02 1.725313E-01     5 6.800E+00 1.650000E+02 1.650000E+02 -2.16853E-06 -3.01795E-05 9.801E-08 1.083E-06 -2.229E-06 -2.886E-05 -2.131E-06 -2.777E-05  3.777E-08 -1.772E+00  2.406E-06 2.406E-06
    17 1.000000E-02 1.825313E-01     5 6.800E+00 1.650000E+02 1.650000E+02 -2.24946E-06 -3.24290E-05 9.830E-08 1.181E-06 -2.265E-06 -3.112E-05 -2.167E-06 -2.994E-05  8.232E-08 -3.799E+00  2.488E-06 2.488E-06
    18 1.000000E-02 1.925313E-01     5 6.800E+00 1.650000E+02 1.650000E+02 -2.23633E-06 -3.46653E-05 9.887E-08 1.280E-06 -2.300E-06 -3.342E-05 -2.201E-06 -3.214E-05  3.546E-08 -1.611E+00  2.524E-06 2.524E-06
    19 1.000000E-02 2.025313E-01     5 6.800E+00 1.650000E+02 1.650000E+02 -2.30041E-06 -3.69657E-05 9.962E-08 1.379E-06 -2.332E-06 -3.575E-05 -2.232E-06 -3.437E-05  6.822E-08 -3.056E+00  2.592E-06 2.592E-06
    20 1.000000E-02 2.125313E-01     6 6.500E+00 1.650000E+02 1.650000E+02 -2.30055E-06 -3.92662E-05 9.582E-08 1.475E-06 -2.362E-06 -3.812E-05 -2.266E-06 -3.664E-05  3.446E-08 -1.521E+00  2.626E-06 2.626E-06
    21 1.000000E-02 2.225313E-01     5 6.800E+00 1.650000E+02 1.650000E+02 -2.36023E-06 -4.16265E-05 9.276E-08 1.568E-06 -2.390E-06 -4.051E-05 -2.297E-06 -3.894E-05  6.291E-08 -2.738E+00  2.689E-06 2.689E-06
    22 1.000000E-02 2.325313E-01     5 6.800E+00 1.650000E+02 1.650000E+02 -2.35482E-06 -4.39813E-05 9.362E-08 1.662E-06 -2.416E-06 -4.292E-05 -2.323E-06 -4.126E-05  3.203E-08 -1.379E+00  2.721E-06 2.721E-06
    23 1.000000E-02 2.425313E-01     5 6.800E+00 1.650000E+02 1.650000E+02 -2.39423E-06 -4.63755E-05 9.442E-08 1.756E-06 -2.441E-06 -4.536E-05 -2.347E-06 -4.361E-05  4.764E-08 -2.030E+00  2.769E-06 2.769E-06
    24 1.000000E-02 2.525313E-01     6 6.667E+00 1.650000E+02 1.650000E+02 -2.39709E-06 -4.87726E-05 9.234E-08 1.848E-06 -2.464E-06 -4.783E-05 -2.372E-06 -4.598E-05  2.548E-08 -1.074E+00  2.795E-06 2.795E-06
    25 1.000000E-02 2.625313E-01     5 6.800E+00 1.650000E+02 1.649999E+02 -2.42143E-06 -5.11941E-05 9.259E-08 1.941E-06 -2.485E-06 -5.031E-05 -2.393E-06 -4.837E-05  2.866E-08 -1.198E+00  2.823E-06 2.823E-06
    26 1.000000E-02 2.725313E-01     5 6.800E+00 1.650000E+02 1.649999E+02 -2.43862E-06 -5.36327E-05 9.422E-08 2.035E-06 -2.505E-06 -5.282E-05 -2.411E-06 -5.078E-05  2.750E-08 -1.140E+00  2.851E-06 2.851E-06
    27 1.000000E-02 2.825313E-01     2 7.000E+00 1.650000E+02 1.649999E+02 -2.45777E-06 -5.60904E-05 9.480E-08 2.130E-06 -2.524E-06 -5.534E-05 -2.429E-06 -5.321E-05  2.855E-08 -1.175E+00  2.879E-06 2.879E-06
    28 1.100000E-02 2.935313E-01     5 6.800E+00 1.650000E+02 1.649999E+02 -2.67178E-06 -5.87622E-05 1.460E-07 2.276E-06 -2.797E-06 -5.814E-05 -2.651E-06 -5.586E-05  2.120E-08 -7.997E-01  2.900E-06 2.900E-06
    29 1.100000E-02 3.045313E-01     5 6.800E+00 1.649999E+02 1.649999E+02 -2.71985E-06 -6.14821E-05 1.578E-07 2.434E-06 -2.816E-06 -6.095E-05 -2.658E-06 -5.852E-05  6.140E-08 -2.310E+00  2.962E-06 2.962E-06
    30 1.100000E-02 3.155313E-01     2 7.500E+00 1.649999E+02 1.649999E+02 -2.73583E-06 -6.42179E-05 1.291E-07 2.563E-06 -2.834E-06 -6.379E-05 -2.705E-06 -6.123E-05  3.063E-08 -1.132E+00  2.992E-06 2.992E-06
    31 1.210000E-02 3.276313E-01     5 7.000E+00 1.649999E+02 1.649999E+02 -3.03049E-06 -6.72484E-05 1.386E-07 2.701E-06 -3.137E-06 -6.693E-05 -2.998E-06 -6.422E-05  3.211E-08 -1.071E+00  3.025E-06 3.025E-06
    32 1.210000E-02 3.397313E-01     5 7.200E+00 1.649999E+02 1.649999E+02 -3.06830E-06 -7.03167E-05 1.330E-07 2.834E-06 -3.155E-06 -7.008E-05 -3.023E-06 -6.725E-05  4.577E-08 -1.514E+00  3.070E-06 3.070E-06
    33 1.210000E-02 3.518313E-01     5 7.000E+00 1.649999E+02 1.649999E+02 -3.06283E-06 -7.33795E-05 1.313E-07 2.966E-06 -3.173E-06 -7.325E-05 -3.041E-06 -7.029E-05  2.166E-08 -7.123E-01  3.092E-06 3.092E-06
    34 1.210000E-02 3.639313E-01     2 7.500E+00 1.649999E+02 1.649999E+02 -3.08843E-06 -7.64679E-05 1.313E-07 3.097E-06 -3.188E-06 -7.644E-05 -3.057E-06 -7.334E-05  3.162E-08 -1.035E+00  3.124E-06 3.124E-06
    35 1.331000E-02 3.772413E-01     2 7.500E+00 1.649999E+02 1.649999E+02 -3.42188E-06 -7.98898E-05 1.410E-07 3.238E-06 -3.523E-06 -7.996E-05 -3.382E-06 -7.673E-05  3.942E-08 -1.165E+00  3.163E-06 3.163E-06
    36 1.464100E-02 3.918823E-01     6 7.500E+00 1.649999E+02 1.649999E+02 -3.77968E-06 -8.36695E-05 1.434E-07 3.382E-06 -3.894E-06 -8.386E-05 -3.750E-06 -8.048E-05  2.924E-08 -7.796E-01  3.192E-06 3.192E-06
    37 1.464100E-02 4.065233E-01     2 8.000E+00 1.649999E+02 1.649999E+02 -3.81697E-06 -8.74865E-05 1.336E-07 3.515E-06 -3.911E-06 -8.777E-05 -3.777E-06 -8.425E-05  3.959E-08 -1.048E+00  3.232E-06 3.232E-06
    38 1.610510E-02 4.226284E-01     5 8.000E+00 1.649999E+02 1.649999E+02 -4.22733E-06 -9.17138E-05 1.422E-07 3.657E-06 -4.320E-06 -9.209E-05 -4.178E-06 -8.843E-05  4.972E-08 -1.190E+00  3.282E-06 3.282E-06
    39 1.610510E-02 4.387335E-01     5 8.200E+00 1.649999E+02 1.649999E+02 -4.24118E-06 -9.59550E-05 1.386E-07 3.796E-06 -4.336E-06 -9.643E-05 -4.198E-06 -9.263E-05  4.341E-08 -1.034E+00  3.325E-06 3.325E-06
    40 1.610510E-02 4.548386E-01     2 8.500E+00 1.649999E+02 1.649999E+02 -4.24805E-06 -1.00203E-04 1.398E-07 3.936E-06 -4.351E-06 -1.008E-04 -4.211E-06 -9.684E-05  3.666E-08 -8.704E-01  3.362E-06 3.362E-06
    41 1.771561E-02 4.725542E-01     2 8.500E+00 1.649999E+02 1.649999E+02 -4.69170E-06 -1.04895E-04 1.549E-07 4.091E-06 -4.801E-06 -1.056E-04 -4.647E-06 -1.015E-04  4.520E-08 -9.727E-01  3.407E-06 3.407E-06
    42 1.948717E-02 4.920413E-01     5 8.600E+00 1.649999E+02 1.649999E+02 -5.15640E-06 -1.10051E-04 1.670E-07 4.258E-06 -5.298E-06 -1.109E-04 -5.131E-06 -1.066E-04  2.585E-08 -5.039E-01  3.433E-06 3.433E-06
    43 1.948717E-02 5.115285E-01     2 8.500E+00 1.649999E+02 1.649999E+02 -5.19341E-06 -1.15245E-04 1.655E-07 4.423E-06 -5.312E-06 -1.162E-04 -5.147E-06 -1.118E-04  4.668E-08 -9.070E-01  3.479E-06 3.479E-06
    44 2.143589E-02 5.329644E-01     5 9.200E+00 1.649999E+02 1.649999E+02 -5.74554E-06 -1.20990E-04 1.766E-07 4.600E-06 -5.858E-06 -1.220E-04 -5.681E-06 -1.174E-04  6.410E-08 -1.128E+00  3.543E-06 3.543E-06
    45 2.143589E-02 5.544003E-01     2 9.500E+00 1.649999E+02 1.649999E+02 -5.74348E-06 -1.26734E-04 1.743E-07 4.774E-06 -5.871E-06 -1.279E-04 -5.697E-06 -1.231E-04  4.669E-08 -8.195E-01  3.590E-06 3.590E-06
    46 2.357948E-02 5.779798E-01     6 9.500E+00 1.649999E+02 1.649999E+02 -6.31040E-06 -1.33044E-04 1.884E-07 4.963E-06 -6.471E-06 -1.344E-04 -6.283E-06 -1.294E-04  2.784E-08 -4.431E-01  3.618E-06 3.618E-06
    47 2.357948E-02 6.015592E-01     2 9.500E+00 1.649999E+02 1.649999E+02 -6.36403E-06 -1.39408E-04 1.863E-07 5.149E-06 -6.482E-06 -1.409E-04 -6.296E-06 -1.357E-04  6.803E-08 -1.080E+00  3.686E-06 3.686E-06
    48 2.593742E-02 6.274967E-01     2 1.000E+01 1.649999E+02 1.649999E+02 -6.99577E-06 -1.46404E-04 2.100E-07 5.359E-06 -7.142E-06 -1.480E-04 -6.932E-06 -1.427E-04  6.422E-08 -9.265E-01  3.750E-06 3.750E-06
    49 2.853117E-02 6.560278E-01     6 1.033E+01 1.649999E+02 1.649998E+02 -7.68671E-06 -1.54090E-04 2.170E-07 5.576E-06 -7.867E-06 -1.559E-04 -7.650E-06 -1.503E-04  3.716E-08 -4.858E-01  3.787E-06 3.787E-06
    50 2.853117E-02 6.845590E-01     2 1.050E+01 1.649999E+02 1.649998E+02 -7.71698E-06 -1.61807E-04 2.149E-07 5.791E-06 -7.876E-06 -1.638E-04 -7.661E-06 -1.580E-04  5.618E-08 -7.334E-01  3.844E-06 3.844E-06
    51 3.138428E-02 7.159433E-01     5 1.060E+01 1.649998E+02 1.649998E+02 -8.44946E-06 -1.70257E-04 2.436E-07 6.034E-06 -8.672E-06 -1.724E-04 -8.428E-06 -1.664E-04  2.150E-08 -2.551E-01  3.865E-06 3.865E-06
    52 3.138428E-02 7.473276E-01     2 1.100E+01 1.649998E+02 1.649998E+02 -8.50601E-06 -1.78763E-04 2.412E-07 6.276E-06 -8.678E-06 -1.811E-04 -8.437E-06 -1.748E-04  6.881E-08 -8.156E-01  3.934E-06 3.934E-06
    53 3.452271E-02 7.818503E-01     5 1.100E+01 1.649998E+02 1.649998E+02 -9.30489E-06 -1.88068E-04 2.636E-07 6.539E-06 -9.552E-06 -1.907E-04 -9.289E-06 -1.841E-04  1.634E-08 -1.759E-01  3.950E-06 3.950E-06
    54 3.452271E-02 8.163730E-01     5 1.100E+01 1.649998E+02 1.649998E+02 -9.31915E-06 -1.97387E-04 2.584E-07 6.798E-06 -9.557E-06 -2.002E-04 -9.298E-06 -1.934E-04  2.079E-08 -2.236E-01  3.971E-06 3.971E-06
    55 3.452271E-02 8.508957E-01     2 1.100E+01 1.649998E+02 1.649998E+02 -9.38719E-06 -2.06774E-04 2.595E-07 7.057E-06 -9.560E-06 -2.098E-04 -9.300E-06 -2.027E-04  8.676E-08 -9.329E-01  4.058E-06 4.058E-06
    56 3.797498E-02 8.888707E-01     2 1.200E+01 1.649998E+02 1.649998E+02 -1.03183E-05 -2.17092E-04 2.861E-07 7.343E-06 -1.052E-05 -2.203E-04 -1.023E-05 -2.129E-04  8.606E-08 -8.411E-01  4.144E-06 4.144E-06
    57 4.177248E-02 9.306432E-01     5 1.220E+01 1.649998E+02 1.649998E+02 -1.12843E-05 -2.28377E-04 3.072E-07 7.650E-06 -1.157E-05 -2.319E-04 -1.126E-05 -2.242E-04  1.956E-08 -1.737E-01  4.163E-06 4.163E-06
    58 4.177248E-02 9.724156E-01     2 1.200E+01 1.649998E+02 1.649998E+02 -1.14002E-05 -2.39777E-04 3.038E-07 7.954E-06 -1.157E-05 -2.434E-04 -1.127E-05 -2.355E-04  1.314E-07 -1.166E+00  4.295E-06 4.295E-06
    59 4.594973E-02 1.018365E+00     5 1.260E+01 1.649998E+02 1.649997E+02 -1.24117E-05 -2.52189E-04 3.314E-07 8.286E-06 -1.273E-05 -2.562E-04 -1.240E-05 -2.479E-04  1.346E-08 -1.086E-01  4.308E-06 4.308E-06
    60 4.594973E-02 1.064315E+00     2 1.250E+01 1.649997E+02 1.649997E+02 -1.25296E-05 -2.64718E-04 3.287E-07 8.614E-06 -1.273E-05 -2.689E-04 -1.240E-05 -2.603E-04  1.295E-07 -1.044E+00  4.438E-06 4.438E-06
    61 5.054470E-02 1.114860E+00     2 1.250E+01 1.649997E+02 1.649997E+02 -1.38391E-05 -2.78557E-04 3.626E-07 8.977E-06 -1.400E-05 -2.829E-04 -1.364E-05 -2.739E-04  2.016E-07 -1.479E+00  4.639E-06 4.639E-06
    62 5.559917E-02 1.170459E+00     2 1.350E+01 1.649997E+02 1.649997E+02 -1.52375E-05 -2.93795E-04 3.973E-07 9.374E-06 -1.540E-05 -2.983E-04 -1.500E-05 -2.889E-04  2.374E-07 -1.583E+00  4.877E-06 4.877E-06
    63 6.115909E-02 1.231618E+00     2 1.350E+01 1.649997E+02 1.649997E+02 -1.67743E-05 -3.10569E-04 4.371E-07 9.811E-06 -1.693E-05 -3.152E-04 -1.650E-05 -3.054E-04  2.780E-07 -1.685E+00  5.155E-06 5.155E-06
    64 6.727500E-02 1.298893E+00     2 1.400E+01 1.649997E+02 1.649997E+02 -1.84108E-05 -3.28980E-04 4.818E-07 1.029E-05 -1.862E-05 -3.338E-04 -1.814E-05 -3.236E-04  2.709E-07 -1.493E+00  5.426E-06 5.426E-06
    65 7.400250E-02 1.372896E+00     2 1.500E+01 1.649997E+02 1.649997E+02 -2.02093E-05 -3.49189E-04 5.320E-07 1.083E-05 -2.048E-05 -3.543E-04 -1.995E-05 -3.435E-04  2.635E-07 -1.321E+00  5.689E-06 5.689E-06
    66 8.140275E-02 1.454298E+00     5 1.500E+01 1.649996E+02 1.649996E+02 -2.19473E-05 -3.71137E-04 5.822E-07 1.141E-05 -2.252E-05 -3.768E-04 -2.194E-05 -3.654E-04  1.185E-08 -5.401E-02  5.701E-06 5.701E-06
    67 8.140275E-02 1.535701E+00     2 1.500E+01 1.649996E+02 1.649996E+02 -2.22165E-05 -3.93353E-04 5.866E-07 1.199E-05 -2.251E-05 -3.994E-04 -2.192E-05 -3.874E-04  2.935E-07 -1.339E+00  5.995E-06 5.995E-06
    68 8.954302E-02 1.625244E+00     2 1.550E+01 1.649996E+02 1.649996E+02 -2.44131E-05 -4.17766E-04 6.560E-07 1.265E-05 -2.475E-05 -4.241E-04 -2.410E-05 -4.115E-04  3.178E-07 -1.319E+00  6.312E-06 6.312E-06
    69 9.849733E-02 1.723741E+00     2 1.600E+01 1.649996E+02 1.649996E+02 -2.68363E-05 -4.44603E-04 7.251E-07 1.338E-05 -2.722E-05 -4.513E-04 -2.649E-05 -4.379E-04  3.457E-07 -1.305E+00  6.658E-06 6.658E-06
    70 1.083471E-01 1.832088E+00     5 1.600E+01 1.649995E+02 1.649995E+02 -2.91314E-05 -4.73734E-04 7.967E-07 1.417E-05 -2.992E-05 -4.812E-04 -2.913E-05 -4.671E-04  3.677E-09 -1.262E-02  6.662E-06 6.662E-06
    71 1.083471E-01 1.940436E+00     5 1.640E+01 1.649995E+02 1.649995E+02 -2.91174E-05 -5.02851E-04 7.956E-07 1.497E-05 -2.991E-05 -5.112E-04 -2.912E-05 -4.962E-04  1.830E-09 -6.286E-03  6.664E-06 6.664E-06
    72 1.083471E-01 2.048783E+00     2 1.600E+01 1.649995E+02 1.649995E+02 -2.97408E-05 -5.32592E-04 8.092E-07 1.578E-05 -2.990E-05 -5.411E-04 -2.909E-05 -5.253E-04  6.515E-07 -2.240E+00  7.315E-06 7.315E-06
    73 1.191818E-01 2.167964E+00     2 1.700E+01 1.649995E+02 1.649994E+02 -3.27995E-05 -5.65392E-04 9.036E-07 1.668E-05 -3.287E-05 -5.739E-04 -3.197E-05 -5.572E-04  8.287E-07 -2.592E+00  8.144E-06 8.144E-06
    74 1.310999E-01 2.299064E+00     2 1.700E+01 1.649994E+02 1.649994E+02 -3.58892E-05 -6.01281E-04 9.967E-07 1.768E-05 -3.615E-05 -6.101E-04 -3.515E-05 -5.924E-04  7.406E-07 -2.107E+00  8.884E-06 8.884E-06
    75 1.442099E-01 2.443274E+00     2 1.750E+01 1.649994E+02 1.649994E+02 -3.93891E-05 -6.40670E-04 1.102E-06 1.878E-05 -3.974E-05 -6.498E-04 -3.864E-05 -6.310E-04  7.505E-07 -1.942E+00  9.635E-06 9.635E-06
    76 1.586309E-01 2.601905E+00     5 1.820E+01 1.649993E+02 1.649993E+02 -4.26192E-05 -6.83289E-04 1.170E-06 1.995E-05 -4.369E-05 -6.935E-04 -4.252E-05 -6.736E-04  9.741E-08 -2.291E-01  9.732E-06 9.732E-06
    77 1.586309E-01 2.760536E+00     2 1.800E+01 1.649993E+02 1.649993E+02 -4.31962E-05 -7.26485E-04 1.179E-06 2.113E-05 -4.367E-05 -7.372E-04 -4.249E-05 -7.160E-04  7.064E-07 -1.663E+00  1.044E-05 1.044E-05
    78 1.744940E-01 2.935030E+00     6 1.883E+01 1.649992E+02 1.649992E+02 -4.67046E-05 -7.73190E-04 1.326E-06 2.245E-05 -4.801E-05 -7.852E-04 -4.668E-05 -7.627E-04  2.104E-08 -4.508E-02  1.046E-05 1.046E-05
    79 1.744940E-01 3.109524E+00     2 1.800E+01 1.649992E+02 1.649992E+02 -4.75788E-05 -8.20769E-04 1.330E-06 2.378E-05 -4.798E-05 -8.332E-04 -4.665E-05 -8.094E-04  9.249E-07 -1.982E+00  1.138E-05 1.138E-05
    80 1.919434E-01 3.301468E+00     2 1.900E+01 1.649992E+02 1.649991E+02 -5.21996E-05 -8.72968E-04 1.497E-06 2.528E-05 -5.275E-05 -8.859E-04 -5.126E-05 -8.606E-04  9.429E-07 -1.840E+00  1.233E-05 1.233E-05
    81 2.111378E-01 3.512605E+00     2 1.900E+01 1.649991E+02 1.649991E+02 -5.77908E-05 -9.30759E-04 1.641E-06 2.692E-05 -5.800E-05 -9.439E-04 -5.636E-05 -9.170E-04  1.435E-06 -2.547E+00  1.376E-05 1.376E-05
    82 2.322515E-01 3.744857E+00     2 1.950E+01 1.649990E+02 1.649990E+02 -6.33645E-05 -9.94124E-04 1.803E-06 2.873E-05 -6.376E-05 -1.008E-03 -6.195E-05 -9.789E-04  1.411E-06 -2.278E+00  1.517E-05 1.517E-05
    83 2.554767E-01 4.000334E+00     5 2.020E+01 1.649990E+02 1.649989E+02 -6.82256E-05 -1.06235E-03 1.926E-06 3.065E-05 -7.008E-05 -1.078E-03 -6.816E-05 -1.047E-03  6.819E-08 -1.000E-01  1.524E-05 1.524E-05
    84 2.554767E-01 4.255810E+00     2 2.000E+01 1.649989E+02 1.649989E+02 -6.98146E-05 -1.13216E-03 1.933E-06 3.258E-05 -7.003E-05 -1.148E-03 -6.810E-05 -1.115E-03  1.714E-06 -2.517E+00  1.696E-05 1.696E-05
    85 2.810244E-01 4.536835E+00     5 2.040E+01 1.649988E+02 1.649988E+02 -7.48348E-05 -1.20700E-03 2.166E-06 3.475E-05 -7.698E-05 -1.225E-03 -7.482E-05 -1.190E-03  1.747E-08 -2.334E-02  1.697E-05 1.697E-05
    86 2.810244E-01 4.817859E+00     2 2.000E+01 1.649987E+02 1.649987E+02 -7.64235E-05 -1.28342E-03 2.170E-06 3.692E-05 -7.693E-05 -1.302E-03 -7.476E-05 -1.265E-03  1.665E-06 -2.227E+00  1.864E-05 1.864E-05
    87 3.091268E-01 5.126986E+00     2 2.050E+01 1.649987E+02 1.649986E+02 -8.39218E-05 -1.36734E-03 2.422E-06 3.934E-05 -8.456E-05 -1.386E-03 -8.214E-05 -1.347E-03  1.780E-06 -2.168E+00  2.042E-05 2.042E-05
    88 3.400395E-01 5.467025E+00     2 2.050E+01 1.649986E+02 1.649985E+02 -9.24583E-05 -1.45980E-03 2.657E-06 4.200E-05 -9.295E-05 -1.479E-03 -9.029E-05 -1.437E-03  2.164E-06 -2.397E+00  2.258E-05 2.258E-05
    89 3.740434E-01 5.841069E+00     2 2.150E+01 1.649985E+02 1.649984E+02 -1.01531E-04 -1.56133E-03 2.927E-06 4.493E-05 -1.022E-04 -1.581E-03 -9.924E-05 -1.536E-03  2.291E-06 -2.309E+00  2.487E-05 2.487E-05
    90 4.114478E-01 6.252517E+00     5 2.200E+01 1.649984E+02 1.649983E+02 -1.09174E-04 -1.67051E-03 3.157E-06 4.808E-05 -1.123E-04 -1.694E-03 -1.091E-04 -1.646E-03  4.581E-08 -4.198E-02  2.492E-05 2.492E-05
    91 4.114478E-01 6.663964E+00     5 2.180E+01 1.649983E+02 1.649982E+02 -1.08912E-04 -1.77942E-03 3.160E-06 5.124E-05 -1.122E-04 -1.806E-03 -1.090E-04 -1.755E-03 -1.140E-07  1.045E-01  2.481E-05 2.503E-05
    92 4.114478E-01 7.075412E+00     2 2.200E+01 1.649982E+02 1.649981E+02 -1.10831E-04 -1.89025E-03 3.282E-06 5.452E-05 -1.121E-04 -1.918E-03 -1.088E-04 -1.863E-03  2.017E-06 -1.854E+00  2.682E-05 2.705E-05
    93 4.525926E-01 7.528005E+00     5 2.220E+01 1.649980E+02 1.649980E+02 -1.19721E-04 -2.00997E-03 3.558E-06 5.808E-05 -1.232E-04 -2.041E-03 -1.196E-04 -1.983E-03  7.595E-08 -6.348E-02  2.690E-05 2.713E-05
    94 4.525926E-01 7.980597E+00     2 2.200E+01 1.649979E+02 1.649979E+02 -1.21291E-04 -2.13126E-03 3.566E-06 6.165E-05 -1.231E-04 -2.164E-03 -1.195E-04 -2.103E-03  1.757E-06 -1.470E+00  2.866E-05 2.888E-05
    95 4.978518E-01 8.478449E+00     2 2.300E+01 1.649978E+02 1.649977E+02 -1.33669E-04 -2.26493E-03 4.036E-06 6.568E-05 -1.353E-04 -2.300E-03 -1.313E-04 -2.234E-03  2.404E-06 -1.831E+00  3.106E-05 3.129E-05
    96 5.476370E-01 9.026086E+00     3 2.267E+01 1.649976E+02 1.649976E+02 -1.44241E-04 -2.40917E-03 4.420E-06 7.010E-05 -1.487E-04 -2.448E-03 -1.443E-04 -2.378E-03 -4.333E-08  3.003E-02  3.102E-05 3.133E-05
    97 6.024007E-01 9.628487E+00     2 2.300E+01 1.649975E+02 1.649974E+02 -1.61501E-04 -2.57067E-03 4.861E-06 7.496E-05 -1.634E-04 -2.612E-03 -1.586E-04 -2.537E-03  2.937E-06 -1.852E+00  3.395E-05 3.427E-05
    98 6.626408E-01 1.029113E+01     5 2.280E+01 1.649973E+02 1.649973E+02 -1.74728E-04 -2.74540E-03 5.078E-06 8.004E-05 -1.796E-04 -2.791E-03 -1.745E-04 -2.711E-03  2.280E-07 -1.307E-01  3.418E-05 3.450E-05
    99 6.626408E-01 1.095377E+01     5 2.300E+01 1.649971E+02 1.649971E+02 -1.73999E-04 -2.91940E-03 5.055E-06 8.510E-05 -1.794E-04 -2.971E-03 -1.743E-04 -2.886E-03 -3.323E-07  1.906E-01  3.385E-05 3.483E-05
   100 6.626408E-01 1.161641E+01     5 2.300E+01 1.649970E+02 1.649969E+02 -1.73765E-04 -3.09316E-03 5.341E-06 9.044E-05 -1.792E-04 -3.150E-03 -1.739E-04 -3.059E-03 -1.107E-07  6.366E-02  3.374E-05 3.494E-05
   101 6.626408E-01 1.227905E+01     2 2.350E+01 1.649968E+02 1.649967E+02 -1.75832E-04 -3.26900E-03 5.446E-06 9.588E-05 -1.791E-04 -3.329E-03 -1.736E-04 -3.233E-03  2.218E-06 -1.277E+00  3.596E-05 3.716E-05
   102 7.289048E-01 1.300795E+01     2 2.350E+01 1.649966E+02 1.649965E+02 -1.93085E-04 -3.46208E-03 6.022E-06 1.019E-04 -1.968E-04 -3.526E-03 -1.908E-04 -3.424E-03  2.314E-06 -1.213E+00  3.827E-05 3.947E-05
   103 8.017953E-01 1.380975E+01     3 2.333E+01 1.649964E+02 1.649963E+02 -2.09678E-04 -3.67176E-03 6.542E-06 1.084E-04 -2.163E-04 -3.742E-03 -2.097E-04 -3.634E-03 -4.688E-08  2.235E-02  3.822E-05 3.952E-05
   104 8.819749E-01 1.469172E+01     3 2.367E+01 1.649962E+02 1.649961E+02 -2.30394E-04 -3.90215E-03 7.149E-06 1.156E-04 -2.376E-04 -3.980E-03 -2.305E-04 -3.864E-03 -1.043E-07  4.525E-02  3.812E-05 3.962E-05
   105 9.701723E-01 1.566190E+01     3 2.367E+01 1.649959E+02 1.649958E+02 -2.53202E-04 -4.15535E-03 7.853E-06 1.234E-04 -2.611E-04 -4.241E-03 -2.533E-04 -4.117E-03 -6.701E-08  2.646E-02  3.805E-05 3.969E-05
   106 1.067190E+00 1.672909E+01     3 2.400E+01 1.649956E+02 1.649956E+02 -2.78102E-04 -4.43346E-03 8.659E-06 1.321E-04 -2.869E-04 -4.528E-03 -2.782E-04 -4.396E-03 -1.330E-07  4.781E-02  3.792E-05 3.982E-05
   107 1.173909E+00 1.790300E+01     3 2.333E+01 1.649953E+02 1.649953E+02 -3.05409E-04 -4.73887E-03 9.588E-06 1.417E-04 -3.152E-04 -4.843E-03 -3.056E-04 -4.701E-03 -1.981E-07  6.483E-02  3.772E-05 4.002E-05
   108 1.291299E+00 1.919429E+01     3 2.400E+01 1.649950E+02 1.649949E+02 -3.35401E-04 -5.07427E-03 1.067E-05 1.524E-04 -3.463E-04 -5.189E-03 -3.356E-04 -5.037E-03 -2.106E-07  6.274E-02  3.751E-05 4.023E-05
   109 1.420429E+00 2.061472E+01     4 2.375E+01 1.649946E+02 1.649946E+02 -3.68480E-04 -5.44275E-03 1.179E-05 1.642E-04 -3.804E-04 -5.570E-03 -3.686E-04 -5.405E-03 -1.466E-07  3.977E-02  3.736E-05 4.038E-05
   110 1.562472E+00 2.217720E+01     4 2.500E+01 1.649942E+02 1.649942E+02 -4.04573E-04 -5.84732E-03 1.301E-05 1.772E-04 -4.179E-04 -5.987E-03 -4.049E-04 -5.810E-03 -2.945E-07  7.274E-02  3.707E-05 4.067E-05
   111 1.718719E+00 2.389592E+01     3 2.400E+01 1.649938E+02 1.649937E+02 -4.43864E-04 -6.29118E-03 1.465E-05 1.918E-04 -4.590E-04 -6.446E-03 -4.444E-04 -6.255E-03 -4.986E-07  1.122E-01  3.657E-05 4.117E-05
   112 1.890591E+00 2.578651E+01     3 2.467E+01 1.649933E+02 1.649932E+02 -4.87230E-04 -6.77841E-03 1.654E-05 2.084E-04 -5.042E-04 -6.951E-03 -4.876E-04 -6.742E-03 -4.090E-07  8.387E-02  3.616E-05 4.158E-05
   113 2.079651E+00 2.786616E+01     5 2.540E+01 1.649927E+02 1.649927E+02 -5.35430E-04 -7.31384E-03 1.804E-05 2.264E-04 -5.537E-04 -7.504E-03 -5.356E-04 -7.278E-03 -1.974E-07  3.685E-02  3.596E-05 4.178E-05
   114 2.079651E+00 2.994581E+01     3 2.467E+01 1.649922E+02 1.649922E+02 -5.33328E-04 -7.84717E-03 1.840E-05 2.448E-04 -5.528E-04 -8.057E-03 -5.344E-04 -7.812E-03 -1.033E-06  1.934E-01  3.493E-05 4.281E-05
   115 2.287616E+00 3.223342E+01     5 2.560E+01 1.649916E+02 1.649916E+02 -5.86059E-04 -8.43323E-03 2.076E-05 2.655E-04 -6.071E-04 -8.664E-03 -5.863E-04 -8.399E-03 -2.826E-07  4.820E-02  3.465E-05 4.309E-05
   116 2.287616E+00 3.452104E+01     5 2.500E+01 1.649910E+02 1.649910E+02 -5.85401E-04 -9.01863E-03 2.034E-05 2.859E-04 -6.061E-04 -9.270E-03 -5.857E-04 -8.984E-03 -3.245E-07  5.539E-02  3.432E-05 4.342E-05
   117 2.287616E+00 3.680866E+01     3 2.467E+01 1.649905E+02 1.649904E+02 -5.82768E-04 -9.60140E-03 2.106E-05 3.070E-04 -6.051E-04 -9.875E-03 -5.841E-04 -9.568E-03 -1.303E-06  2.232E-01  3.302E-05 4.472E-05
   118 2.516377E+00 3.932503E+01     3 2.467E+01 1.649898E+02 1.649898E+02 -6.40126E-04 -1.02415E-02 2.416E-05 3.311E-04 -6.647E-04 -1.054E-02 -6.406E-04 -1.021E-02 -4.282E-07  6.685E-02  3.259E-05 4.515E-05
   119 2.768015E+00 4.209305E+01     3 2.433E+01 1.649891E+02 1.649891E+02 -7.02823E-04 -1.09443E-02 2.662E-05 3.577E-04 -7.301E-04 -1.127E-02 -7.034E-04 -1.091E-02 -6.061E-07  8.616E-02  3.199E-05 4.576E-05
   120 3.044816E+00 4.513786E+01     4 2.575E+01 1.649883E+02 1.649883E+02 -7.72126E-04 -1.17165E-02 2.915E-05 3.869E-04 -8.017E-04 -1.207E-02 -7.725E-04 -1.168E-02 -4.089E-07  5.293E-02  3.158E-05 4.616E-05
   121 3.349298E+00 4.848716E+01     4 2.575E+01 1.649875E+02 1.649874E+02 -8.46986E-04 -1.25635E-02 3.215E-05 4.190E-04 -8.802E-04 -1.295E-02 -8.481E-04 -1.253E-02 -1.096E-06  1.292E-01  3.048E-05 4.726E-05
   122 3.684228E+00 5.217139E+01     3 2.500E+01 1.649866E+02 1.649865E+02 -9.28636E-04 -1.34921E-02 3.638E-05 4.554E-04 -9.665E-04 -1.392E-02 -9.301E-04 -1.346E-02 -1.480E-06  1.591E-01  2.900E-05 4.874E-05
   123 4.052651E+00 5.622404E+01     6 2.633E+01 1.649856E+02 1.649855E+02 -1.02116E-03 -1.45133E-02 3.969E-05 4.951E-04 -1.061E-03 -1.498E-02 -1.021E-03 -1.448E-02 -1.545E-07  1.513E-02  2.885E-05 4.890E-05
   124 4.052651E+00 6.027669E+01     4 2.625E+01 1.649845E+02 1.649845E+02 -1.01810E-03 -1.55314E-02 3.908E-05 5.342E-04 -1.059E-03 -1.604E-02 -1.020E-03 -1.550E-02 -1.444E-06  1.416E-01  2.740E-05 5.034E-05
   125 4.457916E+00 6.473461E+01     3 2.533E+01 1.649834E+02 1.649834E+02 -1.11518E-03 -1.66465E-02 4.468E-05 5.789E-04 -1.162E-03 -1.720E-02 -1.117E-03 -1.662E-02 -2.251E-06  2.014E-01  2.515E-05 5.259E-05
   126 4.903707E+00 6.963831E+01     4 2.600E+01 1.649822E+02 1.649821E+02 -1.22513E-03 -1.78717E-02 4.975E-05 6.286E-04 -1.276E-03 -1.848E-02 -1.226E-03 -1.785E-02 -7.127E-07  5.814E-02  2.444E-05 5.330E-05
   127 5.394078E+00 7.503239E+01     4 2.575E+01 1.649809E+02 1.649808E+02 -1.34292E-03 -1.92146E-02 5.464E-05 6.833E-04 -1.400E-03 -1.988E-02 -1.345E-03 -1.919E-02 -2.292E-06  1.704E-01  2.215E-05 5.559E-05
   128 5.933486E+00 8.096588E+01     4 2.600E+01 1.649794E+02 1.649793E+02 -1.47417E-03 -2.06888E-02 6.032E-05 7.436E-04 -1.536E-03 -2.141E-02 -1.476E-03 -2.067E-02 -1.471E-06  9.967E-02  2.068E-05 5.707E-05
   129 6.526834E+00 8.749271E+01     5 2.600E+01 1.649778E+02 1.649777E+02 -1.62063E-03 -2.23094E-02 6.334E-05 8.069E-04 -1.684E-03 -2.310E-02 -1.621E-03 -2.229E-02 -4.385E-07  2.705E-02  2.024E-05 5.750E-05
   130 6.526834E+00 9.401955E+01     4 2.525E+01 1.649762E+02 1.649761E+02 -1.60974E-03 -2.39191E-02 6.457E-05 8.715E-04 -1.680E-03 -2.478E-02 -1.615E-03 -2.390E-02 -5.400E-06  3.344E-01  1.484E-05 6.290E-05
   131 7.179518E+00 1.011991E+02     4 2.500E+01 1.649744E+02 1.649743E+02 -1.76599E-03 -2.56851E-02 7.492E-05 9.464E-04 -1.843E-03 -2.662E-02 -1.768E-03 -2.567E-02 -2.279E-06  1.289E-01  1.256E-05 6.518E-05
   132 7.897470E+00 1.090965E+02     4 2.500E+01 1.649725E+02 1.649724E+02 -1.93619E-03 -2.76213E-02 8.259E-05 1.029E-03 -2.022E-03 -2.864E-02 -1.939E-03 -2.761E-02 -3.141E-06  1.620E-01  9.419E-06 6.832E-05
   133 8.687217E+00 1.177837E+02     4 2.575E+01 1.649703E+02 1.649703E+02 -2.12850E-03 -2.97498E-02 8.744E-05 1.116E-03 -2.216E-03 -3.086E-02 -2.129E-03 -2.974E-02 -5.332E-07  2.504E-02  8.885E-06 6.886E-05
   134 9.555938E+00 1.273397E+02     4 2.525E+01 1.649680E+02 1.649679E+02 -2.32512E-03 -3.20749E-02 9.689E-05 1.213E-03 -2.430E-03 -3.329E-02 -2.333E-03 -3.207E-02 -7.965E-06  3.414E-01  9.204E-07 7.682E-05
   135 1.051153E+01 1.378512E+02     4 2.500E+01 1.649655E+02 1.649654E+02 -2.54803E-03 -3.46230E-02 1.124E-04 1.326E-03 -2.665E-03 -3.595E-02 -2.553E-03 -3.463E-02 -4.728E-06  1.852E-01 -3.808E-06 8.155E-05
   136 1.156269E+01 1.494139E+02     4 2.525E+01 1.649627E+02 1.649626E+02 -2.79268E-03 -3.74157E-02 1.240E-04 1.450E-03 -2.922E-03 -3.887E-02 -2.798E-03 -3.742E-02 -5.011E-06  1.791E-01 -8.819E-06 8.656E-05
   137 1.271895E+01 1.621329E+02     4 2.625E+01 1.649596E+02 1.649595E+02 -3.06212E-03 -4.04778E-02 1.342E-04 1.584E-03 -3.201E-03 -4.208E-02 -3.067E-03 -4.049E-02 -4.805E-06  1.567E-01 -1.362E-05 9.137E-05
   138 1.399085E+01 1.761237E+02     4 2.600E+01 1.649563E+02 1.649562E+02 -3.34649E-03 -4.38243E-02 1.498E-04 1.734E-03 -3.507E-03 -4.558E-02 -3.357E-03 -4.385E-02 -1.083E-05  3.225E-01 -2.445E-05 1.022E-04
   139 1.538993E+01 1.915136E+02     5 2.660E+01 1.649526E+02 1.649525E+02 -3.67459E-03 -4.74989E-02 1.618E-04 1.896E-03 -3.840E-03 -4.942E-02 -3.678E-03 -4.753E-02 -3.194E-06  8.684E-02 -2.765E-05 1.054E-04
   140 1.538993E+01 2.069036E+02     5 2.600E+01 1.649489E+02 1.649489E+02 -3.64071E-03 -5.11396E-02 1.660E-04 2.062E-03 -3.824E-03 -5.325E-02 -3.658E-03 -5.118E-02 -1.689E-05  4.617E-01 -4.453E-05 1.223E-04
   141 1.538993E+01 2.222935E+02     4 2.575E+01 1.649453E+02 1.649452E+02 -3.62835E-03 -5.47679E-02 1.772E-04 2.239E-03 -3.812E-03 -5.706E-02 -3.634E-03 -5.482E-02 -6.135E-06  1.688E-01 -5.067E-05 1.284E-04
   142 1.692893E+01 2.392224E+02     5 2.680E+01 1.649413E+02 1.649412E+02 -3.98333E-03 -5.87512E-02 1.873E-04 2.426E-03 -4.174E-03 -6.123E-02 -3.987E-03 -5.881E-02 -3.842E-06  9.635E-02 -5.451E-05 1.323E-04
   143 1.692893E+01 2.561514E+02     4 2.600E+01 1.649374E+02 1.649373E+02 -3.95042E-03 -6.27017E-02 1.902E-04 2.616E-03 -4.157E-03 -6.539E-02 -3.967E-03 -6.277E-02 -1.638E-05  4.129E-01 -7.089E-05 1.486E-04
   144 1.862182E+01 2.747732E+02     6 2.700E+01 1.649330E+02 1.649330E+02 -4.34336E-03 -6.70450E-02 2.079E-04 2.824E-03 -4.552E-03 -6.994E-02 -4.344E-03 -6.712E-02 -1.002E-06  2.306E-02 -7.189E-05 1.496E-04
   145 1.862182E+01 2.933950E+02     4 2.650E+01 1.649287E+02 1.649286E+02 -4.30862E-03 -7.13536E-02 2.054E-04 3.029E-03 -4.531E-03 -7.447E-02 -4.326E-03 -7.144E-02 -1.733E-05  4.006E-01 -8.922E-05 1.670E-04
   146 2.048400E+01 3.138790E+02     4 2.675E+01 1.649240E+02 1.649239E+02 -4.72146E-03 -7.60751E-02 2.344E-04 3.264E-03 -4.965E-03 -7.944E-02 -4.730E-03 -7.617E-02 -8.898E-06  1.881E-01 -9.812E-05 1.759E-04
   147 2.253240E+01 3.364114E+02     5 2.700E+01 1.649189E+02 1.649188E+02 -5.17214E-03 -8.12472E-02 2.522E-04 3.516E-03 -5.435E-03 -8.487E-02 -5.183E-03 -8.136E-02 -1.059E-05  2.044E-01 -1.087E-04 1.865E-04
   148 2.253240E+01 3.589438E+02     4 2.675E+01 1.649137E+02 1.649136E+02 -5.14762E-03 -8.63949E-02 2.459E-04 3.762E-03 -5.406E-03 -9.028E-02 -5.160E-03 -8.652E-02 -1.217E-05  2.358E-01 -1.209E-04 1.986E-04
   149 2.478564E+01 3.837295E+02     4 2.675E+01 1.649081E+02 1.649080E+02 -5.63230E-03 -9.20272E-02 2.678E-04 4.030E-03 -5.915E-03 -9.619E-02 -5.647E-03 -9.216E-02 -1.498E-05  2.652E-01 -1.359E-04 2.136E-04
   150 2.726421E+01 4.109937E+02     5 2.740E+01 1.649019E+02 1.649018E+02 -6.17371E-03 -9.82009E-02 2.833E-04 4.313E-03 -6.468E-03 -1.027E-01 -6.185E-03 -9.835E-02 -1.086E-05  1.756E-01 -1.467E-04 2.245E-04
   151 2.726421E+01 4.382579E+02     4 2.650E+01 1.648958E+02 1.648957E+02 -6.11189E-03 -1.04313E-01 2.915E-04 4.605E-03 -6.434E-03 -1.091E-01 -6.143E-03 -1.045E-01 -3.079E-05  5.013E-01 -1.775E-04 2.552E-04
   152 2.999063E+01 4.682485E+02     4 2.675E+01 1.648891E+02 1.648890E+02 -6.69564E-03 -1.11008E-01 3.355E-04 4.940E-03 -7.045E-03 -1.161E-01 -6.709E-03 -1.112E-01 -1.361E-05  2.028E-01 -1.911E-04 2.689E-04
   153 3.298969E+01 5.012382E+02     5 2.720E+01 1.648818E+02 1.648817E+02 -7.31927E-03 -1.18328E-01 3.616E-04 5.302E-03 -7.704E-03 -1.238E-01 -7.342E-03 -1.185E-01 -2.293E-05  3.122E-01 -2.140E-04 2.918E-04
   154 3.298969E+01 5.342279E+02     4 2.700E+01 1.648745E+02 1.648744E+02 -7.28350E-03 -1.25611E-01 3.575E-04 5.659E-03 -7.659E-03 -1.315E-01 -7.301E-03 -1.258E-01 -1.781E-05  2.439E-01 -2.318E-04 3.096E-04
   155 3.628866E+01 5.705165E+02     5 2.740E+01 1.648665E+02 1.648664E+02 -7.97454E-03 -1.33586E-01 3.751E-04 6.034E-03 -8.368E-03 -1.399E-01 -7.993E-03 -1.338E-01 -1.849E-05  2.314E-01 -2.503E-04 3.281E-04
   156 3.628866E+01 6.068052E+02     6 2.750E+01 1.648586E+02 1.648585E+02 -7.89652E-03 -1.41482E-01 3.828E-04 6.417E-03 -8.318E-03 -1.482E-01 -7.935E-03 -1.418E-01 -3.890E-05  4.902E-01 -2.892E-04 3.670E-04
   157 3.628866E+01 6.430939E+02     5 2.720E+01 1.648508E+02 1.648507E+02 -7.86220E-03 -1.49344E-01 3.961E-04 6.813E-03 -8.275E-03 -1.565E-01 -7.879E-03 -1.497E-01 -1.708E-05  2.168E-01 -3.063E-04 3.841E-04
   158 3.628866E+01 6.793825E+02     4 2.725E+01 1.648430E+02 1.648428E+02 -7.80933E-03 -1.57154E-01 3.941E-04 7.207E-03 -8.230E-03 -1.647E-01 -7.836E-03 -1.575E-01 -2.632E-05  3.359E-01 -3.326E-04 4.104E-04
