      0  0.00000000E+00     NSTEP   TIME
 SURFACE NODE              X              Y  PRESSURE HEAD
            1   0.000000E+00   1.000000E+01   0.000000E+00
            2   5.000000E-01   1.000000E+01   0.000000E+00
            3   1.000000E+00   1.000000E+01   0.000000E+00
            4   1.500000E+00   1.000000E+01   0.000000E+00
            5   2.000000E+00   1.000000E+01   0.000000E+00
            6   2.500000E+00   1.000000E+01   0.000000E+00
            7   3.000000E+00   1.000000E+01   0.000000E+00
            8   3.500000E+00   1.000000E+01   0.000000E+00
            9   4.000000E+00   1.000000E+01   0.000000E+00
           10   4.500000E+00   1.000000E+01   0.000000E+00
           11   5.000000E+00   1.000000E+01   0.000000E+00
           12   5.500000E+00   1.000000E+01   0.000000E+00
           13   6.000000E+00   1.000000E+01   0.000000E+00
           14   6.500000E+00   1.000000E+01   0.000000E+00
           15   7.000000E+00   1.000000E+01   0.000000E+00
           16   7.500000E+00   1.000000E+01   0.000000E+00
           17   8.000000E+00   1.000000E+01   0.000000E+00
           18   8.500000E+00   1.000000E+01   0.000000E+00
           19   9.000000E+00   1.000000E+01   0.000000E+00
           20   9.500000E+00   1.000000E+01   0.000000E+00
           21   1.000000E+01   1.000000E+01   0.000000E+00
           22   0.000000E+00   9.500000E+00   0.000000E+00
           23   5.000000E-01   9.500000E+00   0.000000E+00
           24   1.000000E+00   9.500000E+00   0.000000E+00
           25   1.500000E+00   9.500000E+00   0.000000E+00
           26   2.000000E+00   9.500000E+00   0.000000E+00
           27   2.500000E+00   9.500000E+00   0.000000E+00
           28   3.000000E+00   9.500000E+00   0.000000E+00
           29   3.500000E+00   9.500000E+00   0.000000E+00
           30   4.000000E+00   9.500000E+00   0.000000E+00
           31   4.500000E+00   9.500000E+00   0.000000E+00
           32   5.000000E+00   9.500000E+00   0.000000E+00
           33   5.500000E+00   9.500000E+00   0.000000E+00
           34   6.000000E+00   9.500000E+00   0.000000E+00
           35   6.500000E+00   9.500000E+00   0.000000E+00
           36   7.000000E+00   9.500000E+00   0.000000E+00
           37   7.500000E+00   9.500000E+00   0.000000E+00
           38   8.000000E+00   9.500000E+00   0.000000E+00
           39   8.500000E+00   9.500000E+00   0.000000E+00
           40   9.000000E+00   9.500000E+00   0.000000E+00
           41   9.500000E+00   9.500000E+00   0.000000E+00
           42   1.000000E+01   9.500000E+00   0.000000E+00
           43   0.000000E+00   9.000000E+00   0.000000E+00
           44   5.000000E-01   9.000000E+00   0.000000E+00
           45   1.000000E+00   9.000000E+00   0.000000E+00
           46   1.500000E+00   9.000000E+00   0.000000E+00
           47   2.000000E+00   9.000000E+00   0.000000E+00
           48   2.500000E+00   9.000000E+00   0.000000E+00
           49   3.000000E+00   9.000000E+00   0.000000E+00
           50   3.500000E+00   9.000000E+00   0.000000E+00
           51   4.000000E+00   9.000000E+00   0.000000E+00
           52   4.500000E+00   9.000000E+00   0.000000E+00
           53   5.000000E+00   9.000000E+00   0.000000E+00
           54   5.500000E+00   9.000000E+00   0.000000E+00
           55   6.000000E+00   9.000000E+00   0.000000E+00
           56   6.500000E+00   9.000000E+00   0.000000E+00
           57   7.000000E+00   9.000000E+00   0.000000E+00
           58   7.500000E+00   9.000000E+00   0.000000E+00
           59   8.000000E+00   9.000000E+00   0.000000E+00
           60   8.500000E+00   9.000000E+00   0.000000E+00
           61   9.000000E+00   9.000000E+00   0.000000E+00
           62   9.500000E+00   9.000000E+00   0.000000E+00
           63   1.000000E+01   9.000000E+00   0.000000E+00
           64   0.000000E+00   8.500000E+00   0.000000E+00
           65   5.000000E-01   8.500000E+00   0.000000E+00
           66   1.000000E+00   8.500000E+00   0.000000E+00
           67   1.500000E+00   8.500000E+00   0.000000E+00
           68   2.000000E+00   8.500000E+00   0.000000E+00
           69   2.500000E+00   8.500000E+00   0.000000E+00
           70   3.000000E+00   8.500000E+00   0.000000E+00
           71   3.500000E+00   8.500000E+00   0.000000E+00
           72   4.000000E+00   8.500000E+00   0.000000E+00
           73   4.500000E+00   8.500000E+00   0.000000E+00
           74   5.000000E+00   8.500000E+00   0.000000E+00
           75   5.500000E+00   8.500000E+00   0.000000E+00
           76   6.000000E+00   8.500000E+00   0.000000E+00
           77   6.500000E+00   8.500000E+00   0.000000E+00
           78   7.000000E+00   8.500000E+00   0.000000E+00
           79   7.500000E+00   8.500000E+00   0.000000E+00
           80   8.000000E+00   8.500000E+00   0.000000E+00
           81   8.500000E+00   8.500000E+00   0.000000E+00
           82   9.000000E+00   8.500000E+00   0.000000E+00
           83   9.500000E+00   8.500000E+00   0.000000E+00
           84   1.000000E+01   8.500000E+00   0.000000E+00
           85   0.000000E+00   8.000000E+00   0.000000E+00
           86   5.000000E-01   8.000000E+00   0.000000E+00
           87   1.000000E+00   8.000000E+00   0.000000E+00
           88   1.500000E+00   8.000000E+00   0.000000E+00
           89   2.000000E+00   8.000000E+00   0.000000E+00
           90   2.500000E+00   8.000000E+00   0.000000E+00
           91   3.000000E+00   8.000000E+00   0.000000E+00
           92   3.500000E+00   8.000000E+00   0.000000E+00
           93   4.000000E+00   8.000000E+00   0.000000E+00
           94   4.500000E+00   8.000000E+00   0.000000E+00
           95   5.000000E+00   8.000000E+00   0.000000E+00
           96   5.500000E+00   8.000000E+00   0.000000E+00
           97   6.000000E+00   8.000000E+00   0.000000E+00
           98   6.500000E+00   8.000000E+00   0.000000E+00
           99   7.000000E+00   8.000000E+00   0.000000E+00
          100   7.500000E+00   8.000000E+00   0.000000E+00
          101   8.000000E+00   8.000000E+00   0.000000E+00
          102   8.500000E+00   8.000000E+00   0.000000E+00
          103   9.000000E+00   8.000000E+00   0.000000E+00
          104   9.500000E+00   8.000000E+00   0.000000E+00
          105   1.000000E+01   8.000000E+00   0.000000E+00
          106   0.000000E+00   7.500000E+00   0.000000E+00
          107   5.000000E-01   7.500000E+00   0.000000E+00
          108   1.000000E+00   7.500000E+00   0.000000E+00
          109   1.500000E+00   7.500000E+00   0.000000E+00
          110   2.000000E+00   7.500000E+00   0.000000E+00
          111   2.500000E+00   7.500000E+00   0.000000E+00
          112   3.000000E+00   7.500000E+00   0.000000E+00
          113   3.500000E+00   7.500000E+00   0.000000E+00
          114   4.000000E+00   7.500000E+00   0.000000E+00
          115   4.500000E+00   7.500000E+00   0.000000E+00
          116   5.000000E+00   7.500000E+00   0.000000E+00
          117   5.500000E+00   7.500000E+00   0.000000E+00
          118   6.000000E+00   7.500000E+00   0.000000E+00
          119   6.500000E+00   7.500000E+00   0.000000E+00
          120   7.000000E+00   7.500000E+00   0.000000E+00
          121   7.500000E+00   7.500000E+00   0.000000E+00
          122   8.000000E+00   7.500000E+00   0.000000E+00
          123   8.500000E+00   7.500000E+00   0.000000E+00
          124   9.000000E+00   7.500000E+00   0.000000E+00
          125   9.500000E+00   7.500000E+00   0.000000E+00
          126   1.000000E+01   7.500000E+00   0.000000E+00
          127   0.000000E+00   7.000000E+00   0.000000E+00
          128   5.000000E-01   7.000000E+00   0.000000E+00
          129   1.000000E+00   7.000000E+00   0.000000E+00
          130   1.500000E+00   7.000000E+00   0.000000E+00
          131   2.000000E+00   7.000000E+00   0.000000E+00
          132   2.500000E+00   7.000000E+00   0.000000E+00
          133   3.000000E+00   7.000000E+00   0.000000E+00
          134   3.500000E+00   7.000000E+00   0.000000E+00
          135   4.000000E+00   7.000000E+00   0.000000E+00
          136   4.500000E+00   7.000000E+00   0.000000E+00
          137   5.000000E+00   7.000000E+00   0.000000E+00
          138   5.500000E+00   7.000000E+00   0.000000E+00
          139   6.000000E+00   7.000000E+00   0.000000E+00
          140   6.500000E+00   7.000000E+00   0.000000E+00
          141   7.000000E+00   7.000000E+00   0.000000E+00
          142   7.500000E+00   7.000000E+00   0.000000E+00
          143   8.000000E+00   7.000000E+00   0.000000E+00
          144   8.500000E+00   7.000000E+00   0.000000E+00
          145   9.000000E+00   7.000000E+00   0.000000E+00
          146   9.500000E+00   7.000000E+00   0.000000E+00
          147   1.000000E+01   7.000000E+00   0.000000E+00
          148   0.000000E+00   6.500000E+00   0.000000E+00
          149   5.000000E-01   6.500000E+00   0.000000E+00
          150   1.000000E+00   6.500000E+00   0.000000E+00
          151   1.500000E+00   6.500000E+00   0.000000E+00
          152   2.000000E+00   6.500000E+00   0.000000E+00
          153   2.500000E+00   6.500000E+00   0.000000E+00
          154   3.000000E+00   6.500000E+00   0.000000E+00
          155   3.500000E+00   6.500000E+00   0.000000E+00
          156   4.000000E+00   6.500000E+00   0.000000E+00
          157   4.500000E+00   6.500000E+00   0.000000E+00
          158   5.000000E+00   6.500000E+00   0.000000E+00
          159   5.500000E+00   6.500000E+00   0.000000E+00
          160   6.000000E+00   6.500000E+00   0.000000E+00
          161   6.500000E+00   6.500000E+00   0.000000E+00
          162   7.000000E+00   6.500000E+00   0.000000E+00
          163   7.500000E+00   6.500000E+00   0.000000E+00
          164   8.000000E+00   6.500000E+00   0.000000E+00
          165   8.500000E+00   6.500000E+00   0.000000E+00
          166   9.000000E+00   6.500000E+00   0.000000E+00
          167   9.500000E+00   6.500000E+00   0.000000E+00
          168   1.000000E+01   6.500000E+00   0.000000E+00
          169   0.000000E+00   6.000000E+00   0.000000E+00
          170   5.000000E-01   6.000000E+00   0.000000E+00
          171   1.000000E+00   6.000000E+00   0.000000E+00
          172   1.500000E+00   6.000000E+00   0.000000E+00
          173   2.000000E+00   6.000000E+00   0.000000E+00
          174   2.500000E+00   6.000000E+00   0.000000E+00
          175   3.000000E+00   6.000000E+00   0.000000E+00
          176   3.500000E+00   6.000000E+00   0.000000E+00
          177   4.000000E+00   6.000000E+00   0.000000E+00
          178   4.500000E+00   6.000000E+00   0.000000E+00
          179   5.000000E+00   6.000000E+00   0.000000E+00
          180   5.500000E+00   6.000000E+00   0.000000E+00
          181   6.000000E+00   6.000000E+00   0.000000E+00
          182   6.500000E+00   6.000000E+00   0.000000E+00
          183   7.000000E+00   6.000000E+00   0.000000E+00
          184   7.500000E+00   6.000000E+00   0.000000E+00
          185   8.000000E+00   6.000000E+00   0.000000E+00
          186   8.500000E+00   6.000000E+00   0.000000E+00
          187   9.000000E+00   6.000000E+00   0.000000E+00
          188   9.500000E+00   6.000000E+00   0.000000E+00
          189   1.000000E+01   6.000000E+00   0.000000E+00
          190   0.000000E+00   5.500000E+00   0.000000E+00
          191   5.000000E-01   5.500000E+00   0.000000E+00
          192   1.000000E+00   5.500000E+00   0.000000E+00
          193   1.500000E+00   5.500000E+00   0.000000E+00
          194   2.000000E+00   5.500000E+00   0.000000E+00
          195   2.500000E+00   5.500000E+00   0.000000E+00
          196   3.000000E+00   5.500000E+00   0.000000E+00
          197   3.500000E+00   5.500000E+00   0.000000E+00
          198   4.000000E+00   5.500000E+00   0.000000E+00
          199   4.500000E+00   5.500000E+00   0.000000E+00
          200   5.000000E+00   5.500000E+00   0.000000E+00
          201   5.500000E+00   5.500000E+00   0.000000E+00
          202   6.000000E+00   5.500000E+00   0.000000E+00
          203   6.500000E+00   5.500000E+00   0.000000E+00
          204   7.000000E+00   5.500000E+00   0.000000E+00
          205   7.500000E+00   5.500000E+00   0.000000E+00
          206   8.000000E+00   5.500000E+00   0.000000E+00
          207   8.500000E+00   5.500000E+00   0.000000E+00
          208   9.000000E+00   5.500000E+00   0.000000E+00
          209   9.500000E+00   5.500000E+00   0.000000E+00
          210   1.000000E+01   5.500000E+00   0.000000E+00
          211   0.000000E+00   5.000000E+00   0.000000E+00
          212   5.000000E-01   5.000000E+00   0.000000E+00
          213   1.000000E+00   5.000000E+00   0.000000E+00
          214   1.500000E+00   5.000000E+00   0.000000E+00
          215   2.000000E+00   5.000000E+00   0.000000E+00
          216   2.500000E+00   5.000000E+00   0.000000E+00
          217   3.000000E+00   5.000000E+00   0.000000E+00
          218   3.500000E+00   5.000000E+00   0.000000E+00
          219   4.000000E+00   5.000000E+00   0.000000E+00
          220   4.500000E+00   5.000000E+00   0.000000E+00
          221   5.000000E+00   5.000000E+00   0.000000E+00
          222   5.500000E+00   5.000000E+00   0.000000E+00
          223   6.000000E+00   5.000000E+00   0.000000E+00
          224   6.500000E+00   5.000000E+00   0.000000E+00
          225   7.000000E+00   5.000000E+00   0.000000E+00
          226   7.500000E+00   5.000000E+00   0.000000E+00
          227   8.000000E+00   5.000000E+00   0.000000E+00
          228   8.500000E+00   5.000000E+00   0.000000E+00
          229   9.000000E+00   5.000000E+00   0.000000E+00
          230   9.500000E+00   5.000000E+00   0.000000E+00
          231   1.000000E+01   5.000000E+00   0.000000E+00
          232   0.000000E+00   4.500000E+00   0.000000E+00
          233   5.000000E-01   4.500000E+00   0.000000E+00
          234   1.000000E+00   4.500000E+00   0.000000E+00
          235   1.500000E+00   4.500000E+00   0.000000E+00
          236   2.000000E+00   4.500000E+00   0.000000E+00
          237   2.500000E+00   4.500000E+00   0.000000E+00
          238   3.000000E+00   4.500000E+00   0.000000E+00
          239   3.500000E+00   4.500000E+00   0.000000E+00
          240   4.000000E+00   4.500000E+00   0.000000E+00
          241   4.500000E+00   4.500000E+00   0.000000E+00
          242   5.000000E+00   4.500000E+00   0.000000E+00
          243   5.500000E+00   4.500000E+00   0.000000E+00
          244   6.000000E+00   4.500000E+00   0.000000E+00
          245   6.500000E+00   4.500000E+00   0.000000E+00
          246   7.000000E+00   4.500000E+00   0.000000E+00
          247   7.500000E+00   4.500000E+00   0.000000E+00
          248   8.000000E+00   4.500000E+00   0.000000E+00
          249   8.500000E+00   4.500000E+00   0.000000E+00
          250   9.000000E+00   4.500000E+00   0.000000E+00
          251   9.500000E+00   4.500000E+00   0.000000E+00
          252   1.000000E+01   4.500000E+00   0.000000E+00
          253   0.000000E+00   4.000000E+00   0.000000E+00
          254   5.000000E-01   4.000000E+00   0.000000E+00
          255   1.000000E+00   4.000000E+00   0.000000E+00
          256   1.500000E+00   4.000000E+00   0.000000E+00
          257   2.000000E+00   4.000000E+00   0.000000E+00
          258   2.500000E+00   4.000000E+00   0.000000E+00
          259   3.000000E+00   4.000000E+00   0.000000E+00
          260   3.500000E+00   4.000000E+00   0.000000E+00
          261   4.000000E+00   4.000000E+00   0.000000E+00
          262   4.500000E+00   4.000000E+00   0.000000E+00
          263   5.000000E+00   4.000000E+00   0.000000E+00
          264   5.500000E+00   4.000000E+00   0.000000E+00
          265   6.000000E+00   4.000000E+00   0.000000E+00
          266   6.500000E+00   4.000000E+00   0.000000E+00
          267   7.000000E+00   4.000000E+00   0.000000E+00
          268   7.500000E+00   4.000000E+00   0.000000E+00
          269   8.000000E+00   4.000000E+00   0.000000E+00
          270   8.500000E+00   4.000000E+00   0.000000E+00
          271   9.000000E+00   4.000000E+00   0.000000E+00
          272   9.500000E+00   4.000000E+00   0.000000E+00
          273   1.000000E+01   4.000000E+00   0.000000E+00
          274   0.000000E+00   3.500000E+00   0.000000E+00
          275   5.000000E-01   3.500000E+00   0.000000E+00
          276   1.000000E+00   3.500000E+00   0.000000E+00
          277   1.500000E+00   3.500000E+00   0.000000E+00
          278   2.000000E+00   3.500000E+00   0.000000E+00
          279   2.500000E+00   3.500000E+00   0.000000E+00
          280   3.000000E+00   3.500000E+00   0.000000E+00
          281   3.500000E+00   3.500000E+00   0.000000E+00
          282   4.000000E+00   3.500000E+00   0.000000E+00
          283   4.500000E+00   3.500000E+00   0.000000E+00
          284   5.000000E+00   3.500000E+00   0.000000E+00
          285   5.500000E+00   3.500000E+00   0.000000E+00
          286   6.000000E+00   3.500000E+00   0.000000E+00
          287   6.500000E+00   3.500000E+00   0.000000E+00
          288   7.000000E+00   3.500000E+00   0.000000E+00
          289   7.500000E+00   3.500000E+00   0.000000E+00
          290   8.000000E+00   3.500000E+00   0.000000E+00
          291   8.500000E+00   3.500000E+00   0.000000E+00
          292   9.000000E+00   3.500000E+00   0.000000E+00
          293   9.500000E+00   3.500000E+00   0.000000E+00
          294   1.000000E+01   3.500000E+00   0.000000E+00
          295   0.000000E+00   3.000000E+00   0.000000E+00
          296   5.000000E-01   3.000000E+00   0.000000E+00
          297   1.000000E+00   3.000000E+00   0.000000E+00
          298   1.500000E+00   3.000000E+00   0.000000E+00
          299   2.000000E+00   3.000000E+00   0.000000E+00
          300   2.500000E+00   3.000000E+00   0.000000E+00
          301   3.000000E+00   3.000000E+00   0.000000E+00
          302   3.500000E+00   3.000000E+00   0.000000E+00
          303   4.000000E+00   3.000000E+00   0.000000E+00
          304   4.500000E+00   3.000000E+00   0.000000E+00
          305   5.000000E+00   3.000000E+00   0.000000E+00
          306   5.500000E+00   3.000000E+00   0.000000E+00
          307   6.000000E+00   3.000000E+00   0.000000E+00
          308   6.500000E+00   3.000000E+00   0.000000E+00
          309   7.000000E+00   3.000000E+00   0.000000E+00
          310   7.500000E+00   3.000000E+00   0.000000E+00
          311   8.000000E+00   3.000000E+00   0.000000E+00
          312   8.500000E+00   3.000000E+00   0.000000E+00
          313   9.000000E+00   3.000000E+00   0.000000E+00
          314   9.500000E+00   3.000000E+00   0.000000E+00
          315   1.000000E+01   3.000000E+00   0.000000E+00
          316   0.000000E+00   2.500000E+00   0.000000E+00
          317   5.000000E-01   2.500000E+00   0.000000E+00
          318   1.000000E+00   2.500000E+00   0.000000E+00
          319   1.500000E+00   2.500000E+00   0.000000E+00
          320   2.000000E+00   2.500000E+00   0.000000E+00
          321   2.500000E+00   2.500000E+00   0.000000E+00
          322   3.000000E+00   2.500000E+00   0.000000E+00
          323   3.500000E+00   2.500000E+00   0.000000E+00
          324   4.000000E+00   2.500000E+00   0.000000E+00
          325   4.500000E+00   2.500000E+00   0.000000E+00
          326   5.000000E+00   2.500000E+00   0.000000E+00
          327   5.500000E+00   2.500000E+00   0.000000E+00
          328   6.000000E+00   2.500000E+00   0.000000E+00
          329   6.500000E+00   2.500000E+00   0.000000E+00
          330   7.000000E+00   2.500000E+00   0.000000E+00
          331   7.500000E+00   2.500000E+00   0.000000E+00
          332   8.000000E+00   2.500000E+00   0.000000E+00
          333   8.500000E+00   2.500000E+00   0.000000E+00
          334   9.000000E+00   2.500000E+00   0.000000E+00
          335   9.500000E+00   2.500000E+00   0.000000E+00
          336   1.000000E+01   2.500000E+00   0.000000E+00
          337   0.000000E+00   2.000000E+00   0.000000E+00
          338   5.000000E-01   2.000000E+00   0.000000E+00
          339   1.000000E+00   2.000000E+00   0.000000E+00
          340   1.500000E+00   2.000000E+00   0.000000E+00
          341   2.000000E+00   2.000000E+00   0.000000E+00
          342   2.500000E+00   2.000000E+00   0.000000E+00
          343   3.000000E+00   2.000000E+00   0.000000E+00
          344   3.500000E+00   2.000000E+00   0.000000E+00
          345   4.000000E+00   2.000000E+00   0.000000E+00
          346   4.500000E+00   2.000000E+00   0.000000E+00
          347   5.000000E+00   2.000000E+00   0.000000E+00
          348   5.500000E+00   2.000000E+00   0.000000E+00
          349   6.000000E+00   2.000000E+00   0.000000E+00
          350   6.500000E+00   2.000000E+00   0.000000E+00
          351   7.000000E+00   2.000000E+00   0.000000E+00
          352   7.500000E+00   2.000000E+00   0.000000E+00
          353   8.000000E+00   2.000000E+00   0.000000E+00
          354   8.500000E+00   2.000000E+00   0.000000E+00
          355   9.000000E+00   2.000000E+00   0.000000E+00
          356   9.500000E+00   2.000000E+00   0.000000E+00
          357   1.000000E+01   2.000000E+00   0.000000E+00
          358   0.000000E+00   1.500000E+00   0.000000E+00
          359   5.000000E-01   1.500000E+00   0.000000E+00
          360   1.000000E+00   1.500000E+00   0.000000E+00
          361   1.500000E+00   1.500000E+00   0.000000E+00
          362   2.000000E+00   1.500000E+00   0.000000E+00
          363   2.500000E+00   1.500000E+00   0.000000E+00
          364   3.000000E+00   1.500000E+00   0.000000E+00
          365   3.500000E+00   1.500000E+00   0.000000E+00
          366   4.000000E+00   1.500000E+00   0.000000E+00
          367   4.500000E+00   1.500000E+00   0.000000E+00
          368   5.000000E+00   1.500000E+00   0.000000E+00
          369   5.500000E+00   1.500000E+00   0.000000E+00
          370   6.000000E+00   1.500000E+00   0.000000E+00
          371   6.500000E+00   1.500000E+00   0.000000E+00
          372   7.000000E+00   1.500000E+00   0.000000E+00
          373   7.500000E+00   1.500000E+00   0.000000E+00
          374   8.000000E+00   1.500000E+00   0.000000E+00
          375   8.500000E+00   1.500000E+00   0.000000E+00
          376   9.000000E+00   1.500000E+00   0.000000E+00
          377   9.500000E+00   1.500000E+00   0.000000E+00
          378   1.000000E+01   1.500000E+00   0.000000E+00
          379   0.000000E+00   1.000000E+00   0.000000E+00
          380   5.000000E-01   1.000000E+00   0.000000E+00
          381   1.000000E+00   1.000000E+00   0.000000E+00
          382   1.500000E+00   1.000000E+00   0.000000E+00
          383   2.000000E+00   1.000000E+00   0.000000E+00
          384   2.500000E+00   1.000000E+00   0.000000E+00
          385   3.000000E+00   1.000000E+00   0.000000E+00
          386   3.500000E+00   1.000000E+00   0.000000E+00
          387   4.000000E+00   1.000000E+00   0.000000E+00
          388   4.500000E+00   1.000000E+00   0.000000E+00
          389   5.000000E+00   1.000000E+00   0.000000E+00
          390   5.500000E+00   1.000000E+00   0.000000E+00
          391   6.000000E+00   1.000000E+00   0.000000E+00
          392   6.500000E+00   1.000000E+00   0.000000E+00
          393   7.000000E+00   1.000000E+00   0.000000E+00
          394   7.500000E+00   1.000000E+00   0.000000E+00
          395   8.000000E+00   1.000000E+00   0.000000E+00
          396   8.500000E+00   1.000000E+00   0.000000E+00
          397   9.000000E+00   1.000000E+00   0.000000E+00
          398   9.500000E+00   1.000000E+00   0.000000E+00
          399   1.000000E+01   1.000000E+00   0.000000E+00
          400   0.000000E+00   5.000000E-01   0.000000E+00
          401   5.000000E-01   5.000000E-01   0.000000E+00
          402   1.000000E+00   5.000000E-01   0.000000E+00
          403   1.500000E+00   5.000000E-01   0.000000E+00
          404   2.000000E+00   5.000000E-01   0.000000E+00
          405   2.500000E+00   5.000000E-01   0.000000E+00
          406   3.000000E+00   5.000000E-01   0.000000E+00
          407   3.500000E+00   5.000000E-01   0.000000E+00
          408   4.000000E+00   5.000000E-01   0.000000E+00
          409   4.500000E+00   5.000000E-01   0.000000E+00
          410   5.000000E+00   5.000000E-01   0.000000E+00
          411   5.500000E+00   5.000000E-01   0.000000E+00
          412   6.000000E+00   5.000000E-01   0.000000E+00
          413   6.500000E+00   5.000000E-01   0.000000E+00
          414   7.000000E+00   5.000000E-01   0.000000E+00
          415   7.500000E+00   5.000000E-01   0.000000E+00
          416   8.000000E+00   5.000000E-01   0.000000E+00
          417   8.500000E+00   5.000000E-01   0.000000E+00
          418   9.000000E+00   5.000000E-01   0.000000E+00
          419   9.500000E+00   5.000000E-01   0.000000E+00
          420   1.000000E+01   5.000000E-01   0.000000E+00
          421   0.000000E+00   0.000000E+00   0.000000E+00
          422   5.000000E-01   0.000000E+00   0.000000E+00
          423   1.000000E+00   0.000000E+00   0.000000E+00
          424   1.500000E+00   0.000000E+00   0.000000E+00
          425   2.000000E+00   0.000000E+00   0.000000E+00
          426   2.500000E+00   0.000000E+00   0.000000E+00
          427   3.000000E+00   0.000000E+00   0.000000E+00
          428   3.500000E+00   0.000000E+00   0.000000E+00
          429   4.000000E+00   0.000000E+00   0.000000E+00
          430   4.500000E+00   0.000000E+00   0.000000E+00
          431   5.000000E+00   0.000000E+00   0.000000E+00
          432   5.500000E+00   0.000000E+00   0.000000E+00
          433   6.000000E+00   0.000000E+00   0.000000E+00
          434   6.500000E+00   0.000000E+00   0.000000E+00
          435   7.000000E+00   0.000000E+00   0.000000E+00
          436   7.500000E+00   0.000000E+00   0.000000E+00
          437   8.000000E+00   0.000000E+00   0.000000E+00
          438   8.500000E+00   0.000000E+00   0.000000E+00
          439   9.000000E+00   0.000000E+00   0.000000E+00
          440   9.500000E+00   0.000000E+00   0.000000E+00
          441   1.000000E+01   0.000000E+00   0.000000E+00
      1  1.95312500E-02     NSTEP   TIME
 SURFACE NODE              X              Y  PRESSURE HEAD
            1   0.000000E+00   1.000000E+01  -2.899028E-04
            2   5.000000E-01   1.000000E+01  -2.151063E-04
            3   1.000000E+00   1.000000E+01  -1.943077E-04
            4   1.500000E+00   1.000000E+01  -1.884335E-04
            5   2.000000E+00   1.000000E+01  -1.863134E-04
            6   2.500000E+00   1.000000E+01  -1.854968E-04
            7   3.000000E+00   1.000000E+01  -1.851715E-04
            8   3.500000E+00   1.000000E+01  -1.850390E-04
            9   4.000000E+00   1.000000E+01  -1.849838E-04
           10   4.500000E+00   1.000000E+01  -1.849595E-04
           11   5.000000E+00   1.000000E+01  -1.849463E-04
           12   5.500000E+00   1.000000E+01  -1.849334E-04
           13   6.000000E+00   1.000000E+01  -1.849106E-04
           14   6.500000E+00   1.000000E+01  -1.848587E-04
           15   7.000000E+00   1.000000E+01  -1.847332E-04
           16   7.500000E+00   1.000000E+01  -1.844208E-04
           17   8.000000E+00   1.000000E+01  -1.836186E-04
           18   8.500000E+00   1.000000E+01  -1.814564E-04
           19   9.000000E+00   1.000000E+01  -1.749743E-04
           20   9.500000E+00   1.000000E+01  -1.453867E-04
           21   1.000000E+01   1.000000E+01  -1.136424E-04
           22   0.000000E+00   9.500000E+00  -1.553310E-04
           23   5.000000E-01   9.500000E+00  -1.437977E-04
           24   1.000000E+00   9.500000E+00  -1.179819E-04
           25   1.500000E+00   9.500000E+00  -1.122173E-04
           26   2.000000E+00   9.500000E+00  -1.102700E-04
           27   2.500000E+00   9.500000E+00  -1.095381E-04
           28   3.000000E+00   9.500000E+00  -1.092498E-04
           29   3.500000E+00   9.500000E+00  -1.091330E-04
           30   4.000000E+00   9.500000E+00  -1.090845E-04
           31   4.500000E+00   9.500000E+00  -1.090632E-04
           32   5.000000E+00   9.500000E+00  -1.090516E-04
           33   5.500000E+00   9.500000E+00  -1.090404E-04
           34   6.000000E+00   9.500000E+00  -1.090205E-04
           35   6.500000E+00   9.500000E+00  -1.089752E-04
           36   7.000000E+00   9.500000E+00  -1.088655E-04
           37   7.500000E+00   9.500000E+00  -1.085913E-04
           38   8.000000E+00   9.500000E+00  -1.078830E-04
           39   8.500000E+00   9.500000E+00  -1.059467E-04
           40   9.000000E+00   9.500000E+00  -9.989984E-05
           41   9.500000E+00   9.500000E+00  -6.761842E-05
           42   1.000000E+01   9.500000E+00  -7.888978E-05
           43   0.000000E+00   9.000000E+00  -8.705551E-05
           44   5.000000E-01   9.000000E+00  -8.691936E-05
           45   1.000000E+00   9.000000E+00  -4.936900E-05
           46   1.500000E+00   9.000000E+00  -3.968921E-05
           47   2.000000E+00   9.000000E+00  -3.627832E-05
           48   2.500000E+00   9.000000E+00  -3.498336E-05
           49   3.000000E+00   9.000000E+00  -3.446933E-05
           50   3.500000E+00   9.000000E+00  -3.426177E-05
           51   4.000000E+00   9.000000E+00  -3.417582E-05
           52   4.500000E+00   9.000000E+00  -3.413818E-05
           53   5.000000E+00   9.000000E+00  -3.411774E-05
           54   5.500000E+00   9.000000E+00  -3.409800E-05
           55   6.000000E+00   9.000000E+00  -3.406290E-05
           56   6.500000E+00   9.000000E+00  -3.398305E-05
           57   7.000000E+00   9.000000E+00  -3.378879E-05
           58   7.500000E+00   9.000000E+00  -3.330054E-05
           59   8.000000E+00   9.000000E+00  -3.202218E-05
           60   8.500000E+00   9.000000E+00  -2.839876E-05
           61   9.000000E+00   9.000000E+00  -1.554335E-05
           62   9.500000E+00   9.000000E+00   3.369246E-08
           63   1.000000E+01   9.000000E+00   8.679700E-09
           64   0.000000E+00   8.500000E+00  -6.405635E-05
           65   5.000000E-01   8.500000E+00  -7.075233E-05
           66   1.000000E+00   8.500000E+00  -2.568866E-05
           67   1.500000E+00   8.500000E+00  -1.058043E-05
           68   2.000000E+00   8.500000E+00  -2.695242E-06
           69   2.500000E+00   8.500000E+00   6.046175E-10
           70   3.000000E+00   8.500000E+00   1.025238E-09
           71   3.500000E+00   8.500000E+00   1.191962E-09
           72   4.000000E+00   8.500000E+00   1.260627E-09
           73   4.500000E+00   8.500000E+00   1.290599E-09
           74   5.000000E+00   8.500000E+00   1.306814E-09
           75   5.500000E+00   8.500000E+00   1.322430E-09
           76   6.000000E+00   8.500000E+00   1.350150E-09
           77   6.500000E+00   8.500000E+00   1.413174E-09
           78   7.000000E+00   8.500000E+00   1.566283E-09
           79   7.500000E+00   8.500000E+00   1.949450E-09
           80   8.000000E+00   8.500000E+00   2.940638E-09
           81   8.500000E+00   8.500000E+00   5.649905E-09
           82   9.000000E+00   8.500000E+00   1.398780E-08
           83   9.500000E+00   8.500000E+00   5.407242E-08
           84   1.000000E+01   8.500000E+00   2.986461E-08
           85   0.000000E+00   8.000000E+00  -5.486827E-05
           86   5.000000E-01   8.000000E+00  -6.474004E-05
           87   1.000000E+00   8.000000E+00  -1.487931E-05
           88   1.500000E+00   8.000000E+00   3.380144E-09
           89   2.000000E+00   8.000000E+00   6.352004E-09
           90   2.500000E+00   8.000000E+00   7.447474E-09
           91   3.000000E+00   8.000000E+00   7.871499E-09
           92   3.500000E+00   8.000000E+00   8.040103E-09
           93   4.000000E+00   8.000000E+00   8.109585E-09
           94   4.500000E+00   8.000000E+00   8.139891E-09
           95   5.000000E+00   8.000000E+00   8.156259E-09
           96   5.500000E+00   8.000000E+00   8.171986E-09
           97   6.000000E+00   8.000000E+00   8.199871E-09
           98   6.500000E+00   8.000000E+00   8.263257E-09
           99   7.000000E+00   8.000000E+00   8.417235E-09
          100   7.500000E+00   8.000000E+00   8.802512E-09
          101   8.000000E+00   8.000000E+00   9.798642E-09
          102   8.500000E+00   8.000000E+00   1.251897E-08
          103   9.000000E+00   8.000000E+00   2.088026E-08
          104   9.500000E+00   8.000000E+00   6.108907E-08
          105   1.000000E+01   8.000000E+00   3.703162E-08
          106   0.000000E+00   7.500000E+00  -5.113165E-05
          107   5.000000E-01   7.500000E+00  -6.238003E-05
          108   1.000000E+00   7.500000E+00  -9.765757E-06
          109   1.500000E+00   7.500000E+00   5.956521E-09
          110   2.000000E+00   7.500000E+00   8.921508E-09
          111   2.500000E+00   7.500000E+00   1.000937E-08
          112   3.000000E+00   7.500000E+00   1.043289E-08
          113   3.500000E+00   7.500000E+00   1.060297E-08
          114   4.000000E+00   7.500000E+00   1.067312E-08
          115   4.500000E+00   7.500000E+00   1.070372E-08
          116   5.000000E+00   7.500000E+00   1.072023E-08
          117   5.500000E+00   7.500000E+00   1.073607E-08
          118   6.000000E+00   7.500000E+00   1.076412E-08
          119   6.500000E+00   7.500000E+00   1.082784E-08
          120   7.000000E+00   7.500000E+00   1.098259E-08
          121   7.500000E+00   7.500000E+00   1.136963E-08
          122   8.000000E+00   7.500000E+00   1.236972E-08
          123   8.500000E+00   7.500000E+00   1.509882E-08
          124   9.000000E+00   7.500000E+00   2.347995E-08
          125   9.500000E+00   7.500000E+00   6.374839E-08
          126   1.000000E+01   7.500000E+00   3.973221E-08
          127   0.000000E+00   7.000000E+00  -4.960179E-05
          128   5.000000E-01   7.000000E+00  -6.142966E-05
          129   1.000000E+00   7.000000E+00  -7.382455E-06
          130   1.500000E+00   7.000000E+00   6.965032E-09
          131   2.000000E+00   7.000000E+00   9.929828E-09
          132   2.500000E+00   7.000000E+00   1.102060E-08
          133   3.000000E+00   7.000000E+00   1.144581E-08
          134   3.500000E+00   7.000000E+00   1.161674E-08
          135   4.000000E+00   7.000000E+00   1.168729E-08
          136   4.500000E+00   7.000000E+00   1.171808E-08
          137   5.000000E+00   7.000000E+00   1.173469E-08
          138   5.500000E+00   7.000000E+00   1.175059E-08
          139   6.000000E+00   7.000000E+00   1.177875E-08
          140   6.500000E+00   7.000000E+00   1.184267E-08
          141   7.000000E+00   7.000000E+00   1.199786E-08
          142   7.500000E+00   7.000000E+00   1.238583E-08
          143   8.000000E+00   7.000000E+00   1.338788E-08
          144   8.500000E+00   7.000000E+00   1.612101E-08
          145   9.000000E+00   7.000000E+00   2.451051E-08
          146   9.500000E+00   7.000000E+00   6.480194E-08
          147   1.000000E+01   7.000000E+00   4.079831E-08
          148   0.000000E+00   6.500000E+00  -4.896993E-05
          149   5.000000E-01   6.500000E+00  -6.104013E-05
          150   1.000000E+00   6.500000E+00  -6.309728E-06
          151   1.500000E+00   6.500000E+00   7.374655E-09
          152   2.000000E+00   6.500000E+00   1.033897E-08
          153   2.500000E+00   6.500000E+00   1.143112E-08
          154   3.000000E+00   6.500000E+00   1.185717E-08
          155   3.500000E+00   6.500000E+00   1.202855E-08
          156   4.000000E+00   6.500000E+00   1.209932E-08
          157   4.500000E+00   6.500000E+00   1.213022E-08
          158   5.000000E+00   6.500000E+00   1.214689E-08
          159   5.500000E+00   6.500000E+00   1.216284E-08
          160   6.000000E+00   6.500000E+00   1.219105E-08
          161   6.500000E+00   6.500000E+00   1.225510E-08
          162   7.000000E+00   6.500000E+00   1.241051E-08
          163   7.500000E+00   6.500000E+00   1.279894E-08
          164   8.000000E+00   6.500000E+00   1.380190E-08
          165   8.500000E+00   6.500000E+00   1.653676E-08
          166   9.000000E+00   6.500000E+00   2.492966E-08
          167   9.500000E+00   6.500000E+00   6.523012E-08
          168   1.000000E+01   6.500000E+00   4.123073E-08
          169   0.000000E+00   6.000000E+00  -4.870526E-05
          170   5.000000E-01   6.000000E+00  -6.087757E-05
          171   1.000000E+00   6.000000E+00  -5.838910E-06
          172   1.500000E+00   6.000000E+00   7.544867E-09
          173   2.000000E+00   6.000000E+00   1.050883E-08
          174   2.500000E+00   6.000000E+00   1.160159E-08
          175   3.000000E+00   6.000000E+00   1.202804E-08
          176   3.500000E+00   6.000000E+00   1.219964E-08
          177   4.000000E+00   6.000000E+00   1.227053E-08
          178   4.500000E+00   6.000000E+00   1.230149E-08
          179   5.000000E+00   6.000000E+00   1.231819E-08
          180   5.500000E+00   6.000000E+00   1.233417E-08
          181   6.000000E+00   6.000000E+00   1.236242E-08
          182   6.500000E+00   6.000000E+00   1.242652E-08
          183   7.000000E+00   6.000000E+00   1.258204E-08
          184   7.500000E+00   6.000000E+00   1.297069E-08
          185   8.000000E+00   6.000000E+00   1.397405E-08
          186   8.500000E+00   6.000000E+00   1.670964E-08
          187   9.000000E+00   6.000000E+00   2.510393E-08
          188   9.500000E+00   6.000000E+00   6.540803E-08
          189   1.000000E+01   6.000000E+00   4.141016E-08
          190   0.000000E+00   5.500000E+00  -4.859034E-05
          191   5.000000E-01   5.500000E+00  -6.080720E-05
          192   1.000000E+00   5.500000E+00  -5.630105E-06
          193   1.500000E+00   5.500000E+00   7.618834E-09
          194   2.000000E+00   5.500000E+00   1.058275E-08
          195   2.500000E+00   5.500000E+00   1.167582E-08
          196   3.000000E+00   5.500000E+00   1.210246E-08
          197   3.500000E+00   5.500000E+00   1.227417E-08
          198   4.000000E+00   5.500000E+00   1.234512E-08
          199   4.500000E+00   5.500000E+00   1.237611E-08
          200   5.000000E+00   5.500000E+00   1.239282E-08
          201   5.500000E+00   5.500000E+00   1.240882E-08
          202   6.000000E+00   5.500000E+00   1.243708E-08
          203   6.500000E+00   5.500000E+00   1.250121E-08
          204   7.000000E+00   5.500000E+00   1.265678E-08
          205   7.500000E+00   5.500000E+00   1.304553E-08
          206   8.000000E+00   5.500000E+00   1.404906E-08
          207   8.500000E+00   5.500000E+00   1.678496E-08
          208   9.000000E+00   5.500000E+00   2.517981E-08
          209   9.500000E+00   5.500000E+00   6.548544E-08
          210   1.000000E+01   5.500000E+00   4.148815E-08
          211   0.000000E+00   5.000000E+00  -4.853703E-05
          212   5.000000E-01   5.000000E+00  -6.076882E-05
          213   1.000000E+00   5.000000E+00  -5.533145E-06
          214   1.500000E+00   5.000000E+00   7.656505E-09
          215   2.000000E+00   5.000000E+00   1.062129E-08
          216   2.500000E+00   5.000000E+00   1.171465E-08
          217   3.000000E+00   5.000000E+00   1.214141E-08
          218   3.500000E+00   5.000000E+00   1.231318E-08
          219   4.000000E+00   5.000000E+00   1.238415E-08
          220   4.500000E+00   5.000000E+00   1.241516E-08
          221   5.000000E+00   5.000000E+00   1.047879E-08
          222   5.500000E+00   5.000000E+00   1.049479E-08
          223   6.000000E+00   5.000000E+00   1.052305E-08
          224   6.500000E+00   5.000000E+00   1.058719E-08
          225   7.000000E+00   5.000000E+00   1.074278E-08
          226   7.500000E+00   5.000000E+00   1.113156E-08
          227   8.000000E+00   5.000000E+00   1.213514E-08
          228   8.500000E+00   5.000000E+00   1.487116E-08
          229   9.000000E+00   5.000000E+00   2.326626E-08
          230   9.500000E+00   5.000000E+00   6.357264E-08
          231   1.000000E+01   5.000000E+00   3.957556E-08
          232   0.000000E+00   4.500000E+00  -5.162243E-05
          233   5.000000E-01   4.500000E+00  -6.265983E-05
          234   1.000000E+00   4.500000E+00  -1.028119E-05
          235   1.500000E+00   4.500000E+00   5.728963E-09
          236   2.000000E+00   4.500000E+00   8.702381E-09
          237   2.500000E+00   4.500000E+00   9.796319E-09
          238   3.000000E+00   4.500000E+00   1.022318E-08
          239   3.500000E+00   4.500000E+00   1.039498E-08
          240   4.000000E+00   4.500000E+00   1.046597E-08
          241   4.500000E+00   4.500000E+00   1.049698E-08
          242   5.000000E+00   4.500000E+00   1.051371E-08
          243   5.500000E+00   4.500000E+00   1.052971E-08
          244   6.000000E+00   4.500000E+00   1.055797E-08
          245   6.500000E+00   4.500000E+00   1.062210E-08
          246   7.000000E+00   4.500000E+00   1.077768E-08
          247   7.500000E+00   4.500000E+00   1.116643E-08
          248   8.000000E+00   4.500000E+00   1.217001E-08
          249   8.500000E+00   4.500000E+00   1.490604E-08
          250   9.000000E+00   4.500000E+00   2.330126E-08
          251   9.500000E+00   4.500000E+00   6.360819E-08
          252   1.000000E+01   4.500000E+00   3.961120E-08
          253   0.000000E+00   4.000000E+00  -5.154150E-05
          254   5.000000E-01   4.000000E+00  -6.260912E-05
          255   1.000000E+00   4.000000E+00  -1.017774E-05
          256   1.500000E+00   4.000000E+00   5.785667E-09
          257   2.000000E+00   4.000000E+00   8.761324E-09
          258   2.500000E+00   4.000000E+00   9.855412E-09
          259   3.000000E+00   4.000000E+00   1.028230E-08
          260   3.500000E+00   4.000000E+00   1.045410E-08
          261   4.000000E+00   4.000000E+00   1.052508E-08
          262   4.500000E+00   4.000000E+00   1.055609E-08
          263   5.000000E+00   4.000000E+00   1.057282E-08
          264   5.500000E+00   4.000000E+00   1.058881E-08
          265   6.000000E+00   4.000000E+00   1.061706E-08
          266   6.500000E+00   4.000000E+00   1.068116E-08
          267   7.000000E+00   4.000000E+00   1.083669E-08
          268   7.500000E+00   4.000000E+00   1.122537E-08
          269   8.000000E+00   4.000000E+00   1.222884E-08
          270   8.500000E+00   4.000000E+00   1.496478E-08
          271   9.000000E+00   4.000000E+00   2.336004E-08
          272   9.500000E+00   4.000000E+00   6.366776E-08
          273   1.000000E+01   4.000000E+00   3.967078E-08
          274   0.000000E+00   3.500000E+00  -5.133356E-05
          275   5.000000E-01   3.500000E+00  -6.248140E-05
          276   1.000000E+00   3.500000E+00  -9.881645E-06
          277   1.500000E+00   3.500000E+00   5.919389E-09
          278   2.000000E+00   3.500000E+00   8.894372E-09
          279   2.500000E+00   3.500000E+00   9.988348E-09
          280   3.000000E+00   3.500000E+00   1.041517E-08
          281   3.500000E+00   3.500000E+00   1.058693E-08
          282   4.000000E+00   3.500000E+00   1.065790E-08
          283   4.500000E+00   3.500000E+00   1.068889E-08
          284   5.000000E+00   3.500000E+00   1.070561E-08
          285   5.500000E+00   3.500000E+00   1.072158E-08
          286   6.000000E+00   3.500000E+00   1.074980E-08
          287   6.500000E+00   3.500000E+00   1.081384E-08
          288   7.000000E+00   3.500000E+00   1.096926E-08
          289   7.500000E+00   3.500000E+00   1.135774E-08
          290   8.000000E+00   3.500000E+00   1.236092E-08
          291   8.500000E+00   3.500000E+00   1.509651E-08
          292   9.000000E+00   3.500000E+00   2.349164E-08
          293   9.500000E+00   3.500000E+00   6.380089E-08
          294   1.000000E+01   3.500000E+00   3.980386E-08
          295   0.000000E+00   3.000000E+00  -5.082436E-05
          296   5.000000E-01   3.000000E+00  -6.216917E-05
          297   1.000000E+00   3.000000E+00  -9.141314E-06
          298   1.500000E+00   3.000000E+00   6.244422E-09
          299   2.000000E+00   3.000000E+00   9.217164E-09
          300   2.500000E+00   3.000000E+00   1.031071E-08
          301   3.000000E+00   3.000000E+00   1.073734E-08
          302   3.500000E+00   3.000000E+00   1.090901E-08
          303   4.000000E+00   3.000000E+00   1.097993E-08
          304   4.500000E+00   3.000000E+00   1.101090E-08
          305   5.000000E+00   3.000000E+00   1.102760E-08
          306   5.500000E+00   3.000000E+00   1.104354E-08
          307   6.000000E+00   3.000000E+00   1.107170E-08
          308   6.500000E+00   3.000000E+00   1.113562E-08
          309   7.000000E+00   3.000000E+00   1.129080E-08
          310   7.500000E+00   3.000000E+00   1.167884E-08
          311   8.000000E+00   3.000000E+00   1.268127E-08
          312   8.500000E+00   3.000000E+00   1.541581E-08
          313   9.000000E+00   3.000000E+00   2.381017E-08
          314   9.500000E+00   3.000000E+00   6.412244E-08
          315   1.000000E+01   3.000000E+00   4.012516E-08
          316   0.000000E+00   2.500000E+00  -4.953763E-05
          317   5.000000E-01   2.500000E+00  -6.139731E-05
          318   1.000000E+00   2.500000E+00  -7.175213E-06
          319   1.500000E+00   2.500000E+00   7.057580E-09
          320   2.000000E+00   2.500000E+00   1.002430E-08
          321   2.500000E+00   2.500000E+00   1.111680E-08
          322   3.000000E+00   2.500000E+00   1.154303E-08
          323   3.500000E+00   2.500000E+00   1.171452E-08
          324   4.000000E+00   2.500000E+00   1.178536E-08
          325   4.500000E+00   2.500000E+00   1.181629E-08
          326   5.000000E+00   2.500000E+00   1.183295E-08
          327   5.500000E+00   2.500000E+00   1.184885E-08
          328   6.000000E+00   2.500000E+00   1.187692E-08
          329   6.500000E+00   2.500000E+00   1.194063E-08
          330   7.000000E+00   2.500000E+00   1.209534E-08
          331   7.500000E+00   2.500000E+00   1.248243E-08
          332   8.000000E+00   2.500000E+00   1.348304E-08
          333   8.500000E+00   2.500000E+00   1.621464E-08
          334   9.000000E+00   2.500000E+00   2.460582E-08
          335   9.500000E+00   2.500000E+00   6.492331E-08
          336   1.000000E+01   2.500000E+00   4.092453E-08
          337   0.000000E+00   2.000000E+00  -4.613986E-05
          338   5.000000E-01   2.000000E+00  -5.932837E-05
          339   1.000000E+00   2.000000E+00   1.547328E-10
          340   1.500000E+00   2.000000E+00   9.156833E-09
          341   2.000000E+00   2.000000E+00   1.210693E-08
          342   2.500000E+00   2.000000E+00   1.319729E-08
          343   3.000000E+00   2.000000E+00   1.362280E-08
          344   3.500000E+00   2.000000E+00   1.379401E-08
          345   4.000000E+00   2.000000E+00   1.386474E-08
          346   4.500000E+00   2.000000E+00   1.389562E-08
          347   5.000000E+00   2.000000E+00   1.391225E-08
          348   5.500000E+00   2.000000E+00   1.392809E-08
          349   6.000000E+00   2.000000E+00   1.395602E-08
          350   6.500000E+00   2.000000E+00   1.401938E-08
          351   7.000000E+00   2.000000E+00   1.417328E-08
          352   7.500000E+00   2.000000E+00   1.455846E-08
          353   8.000000E+00   2.000000E+00   1.555496E-08
          354   8.500000E+00   2.000000E+00   1.827868E-08
          355   9.000000E+00   2.000000E+00   2.665833E-08
          356   9.500000E+00   2.000000E+00   6.698058E-08
          357   1.000000E+01   2.000000E+00   4.297180E-08
          358   0.000000E+00   1.500000E+00  -3.628054E-05
          359   5.000000E-01   1.500000E+00  -5.355114E-05
          360   1.000000E+00   1.500000E+00   5.860486E-09
          361   1.500000E+00   1.500000E+00   1.482414E-08
          362   2.000000E+00   1.500000E+00   1.776112E-08
          363   2.500000E+00   1.500000E+00   1.884875E-08
          364   3.000000E+00   1.500000E+00   1.927332E-08
          365   3.500000E+00   1.500000E+00   1.944425E-08
          366   4.000000E+00   1.500000E+00   1.951490E-08
          367   4.500000E+00   1.500000E+00   1.954576E-08
          368   5.000000E+00   1.500000E+00   1.956237E-08
          369   5.500000E+00   1.500000E+00   1.957816E-08
          370   6.000000E+00   1.500000E+00   1.960592E-08
          371   6.500000E+00   1.500000E+00   1.966883E-08
          372   7.000000E+00   1.500000E+00   1.982146E-08
          373   7.500000E+00   1.500000E+00   2.020331E-08
          374   8.000000E+00   1.500000E+00   2.119140E-08
          375   8.500000E+00   1.500000E+00   2.389547E-08
          376   9.000000E+00   1.500000E+00   3.223672E-08
          377   9.500000E+00   1.500000E+00   7.253802E-08
          378   1.000000E+01   1.500000E+00   4.845535E-08
          379   0.000000E+00   1.000000E+00   3.517201E-09
          380   5.000000E-01   1.000000E+00  -3.395427E-05
          381   1.000000E+00   1.000000E+00   2.302343E-08
          382   1.500000E+00   1.000000E+00   3.191988E-08
          383   2.000000E+00   1.000000E+00   3.484509E-08
          384   2.500000E+00   1.000000E+00   3.593029E-08
          385   3.000000E+00   1.000000E+00   3.635467E-08
          386   3.500000E+00   1.000000E+00   3.652580E-08
          387   4.000000E+00   1.000000E+00   3.659665E-08
          388   4.500000E+00   1.000000E+00   3.662763E-08
          389   5.000000E+00   1.000000E+00   3.664430E-08
          390   5.500000E+00   1.000000E+00   3.666010E-08
          391   6.000000E+00   1.000000E+00   3.668779E-08
          392   6.500000E+00   1.000000E+00   3.675034E-08
          393   7.000000E+00   1.000000E+00   3.690167E-08
          394   7.500000E+00   1.000000E+00   3.727911E-08
          395   8.000000E+00   1.000000E+00   3.825313E-08
