      0  0.00000000E+00     NSTEP   TIME
 SURFACE NODE              X              Y      REC. FLUX
            1   0.000000E+00   1.000000E+01   6.971312E-18
            2   5.000000E-01   1.000000E+01   0.000000E+00
            3   1.000000E+00   1.000000E+01   5.078831E-16
            4   1.500000E+00   1.000000E+01   6.192153E-16
            5   2.000000E+00   1.000000E+01   6.748606E-16
            6   2.500000E+00   1.000000E+01   0.000000E+00
            7   3.000000E+00   1.000000E+01   1.739906E-16
            8   3.500000E+00   1.000000E+01   0.000000E+00
            9   4.000000E+00   1.000000E+01   0.000000E+00
           10   4.500000E+00   1.000000E+01   0.000000E+00
           11   5.000000E+00   1.000000E+01   6.249656E-17
           12   5.500000E+00   1.000000E+01   0.000000E+00
           13   6.000000E+00   1.000000E+01   0.000000E+00
           14   6.500000E+00   1.000000E+01   0.000000E+00
           15   7.000000E+00   1.000000E+01   0.000000E+00
           16   7.500000E+00   1.000000E+01   0.000000E+00
           17   8.000000E+00   1.000000E+01   0.000000E+00
           18   8.500000E+00   1.000000E+01   1.788163E-15
           19   9.000000E+00   1.000000E+01   6.261658E-17
           20   9.500000E+00   1.000000E+01   0.000000E+00
           21   1.000000E+01   1.000000E+01   0.000000E+00
           22   0.000000E+00   9.500000E+00   6.960876E-18
           23   5.000000E-01   9.500000E+00   0.000000E+00
           24   1.000000E+00   9.500000E+00   1.739384E-16
           25   1.500000E+00   9.500000E+00   1.739141E-16
           26   2.000000E+00   9.500000E+00   4.406816E-17
           27   2.500000E+00   9.500000E+00   3.223693E-16
           28   3.000000E+00   9.500000E+00   0.000000E+00
           29   3.500000E+00   9.500000E+00   4.707375E-16
           30   4.000000E+00   9.500000E+00   4.521613E-16
           31   4.500000E+00   9.500000E+00   3.779571E-16
           32   5.000000E+00   9.500000E+00   0.000000E+00
           33   5.500000E+00   9.500000E+00   0.000000E+00
           34   6.000000E+00   9.500000E+00   0.000000E+00
           35   6.500000E+00   9.500000E+00   0.000000E+00
           36   7.000000E+00   9.500000E+00   0.000000E+00
           37   7.500000E+00   9.500000E+00   5.079457E-16
           38   8.000000E+00   9.500000E+00   0.000000E+00
           39   8.500000E+00   9.500000E+00   0.000000E+00
           40   9.000000E+00   9.500000E+00   3.781467E-16
           41   9.500000E+00   9.500000E+00   4.405946E-17
           42   1.000000E+01   9.500000E+00   1.092151E-15
           43   0.000000E+00   9.000000E+00   0.000000E+00
           44   5.000000E-01   9.000000E+00   2.551626E-17
           45   1.000000E+00   9.000000E+00   0.000000E+00
           46   1.500000E+00   9.000000E+00   0.000000E+00
           47   2.000000E+00   9.000000E+00   0.000000E+00
           48   2.500000E+00   9.000000E+00   0.000000E+00
           49   3.000000E+00   9.000000E+00   1.183575E-16
           50   3.500000E+00   9.000000E+00   1.925373E-16
           51   4.000000E+00   9.000000E+00   4.893573E-16
           52   4.500000E+00   9.000000E+00   4.336442E-16
           53   5.000000E+00   9.000000E+00   0.000000E+00
           54   5.500000E+00   9.000000E+00   1.555135E-16
           55   6.000000E+00   9.000000E+00   0.000000E+00
           56   6.500000E+00   9.000000E+00   9.985083E-17
           57   7.000000E+00   9.000000E+00   8.420364E-16
           58   7.500000E+00   9.000000E+00   0.000000E+00
           59   8.000000E+00   9.000000E+00   0.000000E+00
           60   8.500000E+00   9.000000E+00   0.000000E+00
           61   9.000000E+00   9.000000E+00   7.180034E-18
           62   9.500000E+00   9.000000E+00   0.000000E+00
           63   1.000000E+01   9.000000E+00   6.469467E-16
           64   0.000000E+00   8.500000E+00   6.971312E-18
           65   5.000000E-01   8.500000E+00   0.000000E+00
           66   1.000000E+00   8.500000E+00   6.967834E-18
           67   1.500000E+00   8.500000E+00   9.972038E-17
           68   2.000000E+00   8.500000E+00   4.408207E-17
           69   2.500000E+00   8.500000E+00   0.000000E+00
           70   3.000000E+00   8.500000E+00   2.853646E-16
           71   3.500000E+00   8.500000E+00   0.000000E+00
           72   4.000000E+00   8.500000E+00   0.000000E+00
           73   4.500000E+00   8.500000E+00   3.407803E-16
           74   5.000000E+00   8.500000E+00   0.000000E+00
           75   5.500000E+00   8.500000E+00   1.182758E-16
           76   6.000000E+00   8.500000E+00   2.479129E-16
           77   6.500000E+00   8.500000E+00   2.851994E-16
           78   7.000000E+00   8.500000E+00   0.000000E+00
           79   7.500000E+00   8.500000E+00   2.667484E-16
           80   8.000000E+00   8.500000E+00   2.853925E-16
           81   8.500000E+00   8.500000E+00   0.000000E+00
           82   9.000000E+00   8.500000E+00   0.000000E+00
           83   9.500000E+00   8.500000E+00   0.000000E+00
           84   1.000000E+01   8.500000E+00   1.593227E-15
           85   0.000000E+00   8.000000E+00   6.971312E-18
           86   5.000000E-01   8.000000E+00   6.964355E-18
           87   1.000000E+00   8.000000E+00   4.407164E-17
           88   1.500000E+00   8.000000E+00   0.000000E+00
           89   2.000000E+00   8.000000E+00   1.368590E-16
           90   2.500000E+00   8.000000E+00   0.000000E+00
           91   3.000000E+00   8.000000E+00   2.556148E-17
           92   3.500000E+00   8.000000E+00   0.000000E+00
           93   4.000000E+00   8.000000E+00   4.402467E-17
           94   4.500000E+00   8.000000E+00   1.736932E-16
           95   5.000000E+00   8.000000E+00   0.000000E+00
           96   5.500000E+00   8.000000E+00   0.000000E+00
           97   6.000000E+00   8.000000E+00   0.000000E+00
           98   6.500000E+00   8.000000E+00   0.000000E+00
           99   7.000000E+00   8.000000E+00   0.000000E+00
          100   7.500000E+00   8.000000E+00   7.098285E-18
          101   8.000000E+00   8.000000E+00   0.000000E+00
          102   8.500000E+00   8.000000E+00   0.000000E+00
          103   9.000000E+00   8.000000E+00   0.000000E+00
          104   9.500000E+00   8.000000E+00   0.000000E+00
          105   1.000000E+01   8.000000E+00   0.000000E+00
          106   0.000000E+00   7.500000E+00   6.960876E-18
          107   5.000000E-01   7.500000E+00   8.117892E-17
          108   1.000000E+00   7.500000E+00   2.552321E-17
          109   1.500000E+00   7.500000E+00   1.739141E-16
          110   2.000000E+00   7.500000E+00   2.550582E-17
          111   2.500000E+00   7.500000E+00   0.000000E+00
          112   3.000000E+00   7.500000E+00   6.265832E-17
          113   3.500000E+00   7.500000E+00   0.000000E+00
          114   4.000000E+00   7.500000E+00   0.000000E+00
          115   4.500000E+00   7.500000E+00   0.000000E+00
          116   5.000000E+00   7.500000E+00   0.000000E+00
          117   5.500000E+00   7.500000E+00   0.000000E+00
          118   6.000000E+00   7.500000E+00   0.000000E+00
          119   6.500000E+00   7.500000E+00   0.000000E+00
          120   7.000000E+00   7.500000E+00   4.402641E-17
          121   7.500000E+00   7.500000E+00   0.000000E+00
          122   8.000000E+00   7.500000E+00   5.727069E-16
          123   8.500000E+00   7.500000E+00   0.000000E+00
          124   9.000000E+00   7.500000E+00   0.000000E+00
          125   9.500000E+00   7.500000E+00   0.000000E+00
          126   1.000000E+01   7.500000E+00   0.000000E+00
          127   0.000000E+00   7.000000E+00   6.960876E-18
          128   5.000000E-01   7.000000E+00   6.960876E-18
          129   1.000000E+00   7.000000E+00   0.000000E+00
          130   1.500000E+00   7.000000E+00   9.972038E-17
          131   2.000000E+00   7.000000E+00   2.110457E-16
          132   2.500000E+00   7.000000E+00   2.295941E-16
          133   3.000000E+00   7.000000E+00   1.740880E-16
          134   3.500000E+00   7.000000E+00   6.264615E-17
          135   4.000000E+00   7.000000E+00   0.000000E+00
          136   4.500000E+00   7.000000E+00   0.000000E+00
          137   5.000000E+00   7.000000E+00   1.645859E-16
          138   5.500000E+00   7.000000E+00   3.502632E-16
          139   6.000000E+00   7.000000E+00   1.606289E-17
          140   6.500000E+00   7.000000E+00   3.315913E-16
          141   7.000000E+00   7.000000E+00   0.000000E+00
          142   7.500000E+00   7.000000E+00   0.000000E+00
          143   8.000000E+00   7.000000E+00   3.593652E-16
          144   8.500000E+00   7.000000E+00   5.911875E-16
          145   9.000000E+00   7.000000E+00   1.832300E-16
          146   9.500000E+00   7.000000E+00   8.975669E-16
          147   1.000000E+01   7.000000E+00   0.000000E+00
          148   0.000000E+00   6.500000E+00   9.044965E-17
          149   5.000000E-01   6.500000E+00   4.407511E-17
          150   1.000000E+00   6.500000E+00   0.000000E+00
          151   1.500000E+00   6.500000E+00   0.000000E+00
          152   2.000000E+00   6.500000E+00   0.000000E+00
          153   2.500000E+00   6.500000E+00   2.573959E-16
          154   3.000000E+00   6.500000E+00   7.195341E-17
          155   3.500000E+00   6.500000E+00   0.000000E+00
          156   4.000000E+00   6.500000E+00   0.000000E+00
          157   4.500000E+00   6.500000E+00   1.644764E-16
          158   5.000000E+00   6.500000E+00   6.861733E-18
          159   5.500000E+00   6.500000E+00   0.000000E+00
          160   6.000000E+00   6.500000E+00   1.646172E-16
          161   6.500000E+00   6.500000E+00   0.000000E+00
          162   7.000000E+00   6.500000E+00   1.555639E-16
          163   7.500000E+00   6.500000E+00   1.553743E-16
          164   8.000000E+00   6.500000E+00   0.000000E+00
          165   8.500000E+00   6.500000E+00   3.594226E-16
          166   9.000000E+00   6.500000E+00   3.500962E-16
          167   9.500000E+00   6.500000E+00   2.547973E-17
          168   1.000000E+01   6.500000E+00   6.874779E-18
          169   0.000000E+00   6.000000E+00   0.000000E+00
          170   5.000000E-01   6.000000E+00   0.000000E+00
          171   1.000000E+00   6.000000E+00   9.043921E-17
          172   1.500000E+00   6.000000E+00   1.553935E-16
          173   2.000000E+00   6.000000E+00   0.000000E+00
          174   2.500000E+00   6.000000E+00   4.401945E-17
          175   3.000000E+00   6.000000E+00   5.329367E-17
          176   3.500000E+00   6.000000E+00   0.000000E+00
          177   4.000000E+00   6.000000E+00   0.000000E+00
          178   4.500000E+00   6.000000E+00   3.130272E-16
          179   5.000000E+00   6.000000E+00   8.108499E-17
          180   5.500000E+00   6.000000E+00   0.000000E+00
          181   6.000000E+00   6.000000E+00   0.000000E+00
          182   6.500000E+00   6.000000E+00   2.575611E-16
          183   7.000000E+00   6.000000E+00   3.410499E-16
          184   7.500000E+00   6.000000E+00   0.000000E+00
          185   8.000000E+00   6.000000E+00   0.000000E+00
          186   8.500000E+00   6.000000E+00   3.687142E-16
          187   9.000000E+00   6.000000E+00   3.502632E-16
          188   9.500000E+00   6.000000E+00   8.603135E-16
          189   1.000000E+01   6.000000E+00   6.887824E-18
          190   0.000000E+00   5.500000E+00   6.261658E-17
          191   5.000000E-01   5.500000E+00   0.000000E+00
          192   1.000000E+00   5.500000E+00   0.000000E+00
          193   1.500000E+00   5.500000E+00   2.551278E-17
          194   2.000000E+00   5.500000E+00   8.117892E-17
          195   2.500000E+00   5.500000E+00   0.000000E+00
          196   3.000000E+00   5.500000E+00   0.000000E+00
          197   3.500000E+00   5.500000E+00   9.972908E-17
          198   4.000000E+00   5.500000E+00   0.000000E+00
          199   4.500000E+00   5.500000E+00   2.549190E-17
          200   5.000000E+00   5.500000E+00   6.953919E-18
          201   5.500000E+00   5.500000E+00   2.295767E-16
          202   6.000000E+00   5.500000E+00   6.875648E-18
          203   6.500000E+00   5.500000E+00   0.000000E+00
          204   7.000000E+00   5.500000E+00   6.985227E-18
          205   7.500000E+00   5.500000E+00   1.622639E-17
          206   8.000000E+00   5.500000E+00   0.000000E+00
          207   8.500000E+00   5.500000E+00   1.923355E-16
          208   9.000000E+00   5.500000E+00   0.000000E+00
          209   9.500000E+00   5.500000E+00   0.000000E+00
          210   1.000000E+01   5.500000E+00   0.000000E+00
          211   0.000000E+00   5.000000E+00   9.043921E-17
          212   5.000000E-01   5.000000E+00   3.479742E-17
          213   1.000000E+00   5.000000E+00   0.000000E+00
          214   1.500000E+00   5.000000E+00   1.089876E-16
          215   2.000000E+00   5.000000E+00   1.739210E-16
          216   2.500000E+00   5.000000E+00   0.000000E+00
          217   3.000000E+00   5.000000E+00   0.000000E+00
          218   3.500000E+00   5.000000E+00   0.000000E+00
          219   4.000000E+00   5.000000E+00   0.000000E+00
          220   4.500000E+00   5.000000E+00   0.000000E+00
          221   5.000000E+00   5.000000E+00   1.739923E-16
          222   5.500000E+00   5.000000E+00   0.000000E+00
          223   6.000000E+00   5.000000E+00   0.000000E+00
          224   6.500000E+00   5.000000E+00   0.000000E+00
          225   7.000000E+00   5.000000E+00   2.549712E-17
          226   7.500000E+00   5.000000E+00   0.000000E+00
          227   8.000000E+00   5.000000E+00   0.000000E+00
          228   8.500000E+00   5.000000E+00   2.943605E-16
          229   9.000000E+00   5.000000E+00   0.000000E+00
          230   9.500000E+00   5.000000E+00   0.000000E+00
          231   1.000000E+01   5.000000E+00   5.633353E-16
          232   0.000000E+00   4.500000E+00   6.960876E-18
          233   5.000000E-01   4.500000E+00   6.971312E-18
          234   1.000000E+00   4.500000E+00   0.000000E+00
          235   1.500000E+00   4.500000E+00   0.000000E+00
          236   2.000000E+00   4.500000E+00   1.275291E-16
          237   2.500000E+00   4.500000E+00   1.182618E-16
          238   3.000000E+00   4.500000E+00   0.000000E+00
          239   3.500000E+00   4.500000E+00   0.000000E+00
          240   4.000000E+00   4.500000E+00   0.000000E+00
          241   4.500000E+00   4.500000E+00   0.000000E+00
          242   5.000000E+00   4.500000E+00   0.000000E+00
          243   5.500000E+00   4.500000E+00   1.834353E-16
          244   6.000000E+00   4.500000E+00   0.000000E+00
          245   6.500000E+00   4.500000E+00   0.000000E+00
          246   7.000000E+00   4.500000E+00   0.000000E+00
          247   7.500000E+00   4.500000E+00   4.383491E-16
          248   8.000000E+00   4.500000E+00   1.460253E-16
          249   8.500000E+00   4.500000E+00   2.988950E-16
          250   9.000000E+00   4.500000E+00   0.000000E+00
          251   9.500000E+00   4.500000E+00   3.870087E-16
          252   1.000000E+01   4.500000E+00   0.000000E+00
          253   0.000000E+00   4.000000E+00   6.971312E-18
          254   5.000000E-01   4.000000E+00   6.962616E-18
          255   1.000000E+00   4.000000E+00   2.550930E-17
          256   1.500000E+00   4.000000E+00   0.000000E+00
          257   2.000000E+00   4.000000E+00   0.000000E+00
          258   2.500000E+00   4.000000E+00   8.577080E-17
          259   3.000000E+00   4.000000E+00   0.000000E+00
          260   3.500000E+00   4.000000E+00   0.000000E+00
          261   4.000000E+00   4.000000E+00   0.000000E+00
          262   4.500000E+00   4.000000E+00   4.424557E-17
          263   5.000000E+00   4.000000E+00   0.000000E+00
          264   5.500000E+00   4.000000E+00   7.068716E-18
          265   6.000000E+00   4.000000E+00   1.636554E-17
          266   6.500000E+00   4.000000E+00   0.000000E+00
          267   7.000000E+00   4.000000E+00   0.000000E+00
          268   7.500000E+00   4.000000E+00   0.000000E+00
          269   8.000000E+00   4.000000E+00   0.000000E+00
          270   8.500000E+00   4.000000E+00   0.000000E+00
          271   9.000000E+00   4.000000E+00   0.000000E+00
          272   9.500000E+00   4.000000E+00   0.000000E+00
          273   1.000000E+01   4.000000E+00   0.000000E+00
          274   0.000000E+00   3.500000E+00   0.000000E+00
          275   5.000000E-01   3.500000E+00   0.000000E+00
          276   1.000000E+00   3.500000E+00   0.000000E+00
          277   1.500000E+00   3.500000E+00   0.000000E+00
          278   2.000000E+00   3.500000E+00   0.000000E+00
          279   2.500000E+00   3.500000E+00   6.936525E-18
          280   3.000000E+00   3.500000E+00   0.000000E+00
          281   3.500000E+00   3.500000E+00   1.630640E-17
          282   4.000000E+00   3.500000E+00   0.000000E+00
          283   4.500000E+00   3.500000E+00   1.368103E-16
          284   5.000000E+00   3.500000E+00   0.000000E+00
          285   5.500000E+00   3.500000E+00   7.659921E-17
          286   6.000000E+00   3.500000E+00   1.136021E-16
          287   6.500000E+00   3.500000E+00   1.831448E-16
          288   7.000000E+00   3.500000E+00   0.000000E+00
          289   7.500000E+00   3.500000E+00   7.193949E-17
          290   8.000000E+00   3.500000E+00   6.906956E-18
          291   8.500000E+00   3.500000E+00   0.000000E+00
          292   9.000000E+00   3.500000E+00   0.000000E+00
          293   9.500000E+00   3.500000E+00   3.362597E-16
          294   1.000000E+01   3.500000E+00   0.000000E+00
          295   0.000000E+00   3.000000E+00   2.087741E-17
          296   5.000000E-01   3.000000E+00   0.000000E+00
          297   1.000000E+00   3.000000E+00   0.000000E+00
          298   1.500000E+00   3.000000E+00   0.000000E+00
          299   2.000000E+00   3.000000E+00   0.000000E+00
          300   2.500000E+00   3.000000E+00   0.000000E+00
          301   3.000000E+00   3.000000E+00   0.000000E+00
          302   3.500000E+00   3.000000E+00   0.000000E+00
          303   4.000000E+00   3.000000E+00   3.945888E-17
          304   4.500000E+00   3.000000E+00   2.528266E-16
          305   5.000000E+00   3.000000E+00   1.183575E-16
          306   5.500000E+00   3.000000E+00   0.000000E+00
          307   6.000000E+00   3.000000E+00   2.340834E-16
          308   6.500000E+00   3.000000E+00   0.000000E+00
          309   7.000000E+00   3.000000E+00   7.658529E-17
          310   7.500000E+00   3.000000E+00   0.000000E+00
          311   8.000000E+00   3.000000E+00   4.405772E-17
          312   8.500000E+00   3.000000E+00   3.964116E-16
          313   9.000000E+00   3.000000E+00   0.000000E+00
          314   9.500000E+00   3.000000E+00   1.693552E-16
          315   1.000000E+01   3.000000E+00   0.000000E+00
          316   0.000000E+00   2.500000E+00   6.971312E-18
          317   5.000000E-01   2.500000E+00   1.856060E-17
          318   1.000000E+00   2.500000E+00   0.000000E+00
          319   1.500000E+00   2.500000E+00   0.000000E+00
          320   2.000000E+00   2.500000E+00   0.000000E+00
          321   2.500000E+00   2.500000E+00   0.000000E+00
          322   3.000000E+00   2.500000E+00   3.950410E-17
          323   3.500000E+00   2.500000E+00   0.000000E+00
          324   4.000000E+00   2.500000E+00   0.000000E+00
          325   4.500000E+00   2.500000E+00   0.000000E+00
          326   5.000000E+00   2.500000E+00   8.347312E-17
          327   5.500000E+00   2.500000E+00   0.000000E+00
          328   6.000000E+00   2.500000E+00   4.854176E-17
          329   6.500000E+00   2.500000E+00   9.732530E-17
          330   7.000000E+00   2.500000E+00   1.670854E-16
          331   7.500000E+00   2.500000E+00   0.000000E+00
          332   8.000000E+00   2.500000E+00   0.000000E+00
          333   8.500000E+00   2.500000E+00   1.902118E-16
          334   9.000000E+00   2.500000E+00   1.114801E-16
          335   9.500000E+00   2.500000E+00   0.000000E+00
          336   1.000000E+01   2.500000E+00   1.458784E-16
          337   0.000000E+00   2.000000E+00   6.971312E-18
          338   5.000000E-01   2.000000E+00   1.159624E-17
          339   1.000000E+00   2.000000E+00   2.318553E-17
          340   1.500000E+00   2.000000E+00   1.158059E-17
          341   2.000000E+00   2.000000E+00   1.622465E-17
          342   2.500000E+00   2.000000E+00   4.406816E-17
          343   3.000000E+00   2.000000E+00   0.000000E+00
          344   3.500000E+00   2.000000E+00   0.000000E+00
          345   4.000000E+00   2.000000E+00   2.315944E-17
          346   4.500000E+00   2.000000E+00   0.000000E+00
          347   5.000000E+00   2.000000E+00   0.000000E+00
          348   5.500000E+00   2.000000E+00   0.000000E+00
          349   6.000000E+00   2.000000E+00   0.000000E+00
          350   6.500000E+00   2.000000E+00   0.000000E+00
          351   7.000000E+00   2.000000E+00   0.000000E+00
          352   7.500000E+00   2.000000E+00   7.199515E-17
          353   8.000000E+00   2.000000E+00   0.000000E+00
          354   8.500000E+00   2.000000E+00   7.413977E-17
          355   9.000000E+00   2.000000E+00   3.973544E-17
          356   9.500000E+00   2.000000E+00   2.181144E-18
          357   1.000000E+01   2.000000E+00   6.932699E-17
          358   0.000000E+00   1.500000E+00   6.971312E-18
          359   5.000000E-01   1.500000E+00   3.485656E-18
          360   1.000000E+00   1.500000E+00   4.637106E-18
          361   1.500000E+00   1.500000E+00   2.085306E-17
          362   2.000000E+00   1.500000E+00   1.622291E-17
          363   2.500000E+00   1.500000E+00   4.284365E-17
          364   3.000000E+00   1.500000E+00   1.166060E-17
          365   3.500000E+00   1.500000E+00   0.000000E+00
          366   4.000000E+00   1.500000E+00   0.000000E+00
          367   4.500000E+00   1.500000E+00   6.248439E-17
          368   5.000000E+00   1.500000E+00   0.000000E+00
          369   5.500000E+00   1.500000E+00   3.148744E-17
          370   6.000000E+00   1.500000E+00   3.510007E-18
          371   6.500000E+00   1.500000E+00   4.180352E-17
          372   7.000000E+00   1.500000E+00   0.000000E+00
          373   7.500000E+00   1.500000E+00   2.089828E-17
          374   8.000000E+00   1.500000E+00   0.000000E+00
          375   8.500000E+00   1.500000E+00   0.000000E+00
          376   9.000000E+00   1.500000E+00   0.000000E+00
          377   9.500000E+00   1.500000E+00   4.403511E-17
          378   1.000000E+01   1.500000E+00   0.000000E+00
          379   0.000000E+00   1.000000E+00   3.475220E-18
          380   5.000000E-01   1.000000E+00   0.000000E+00
          381   1.000000E+00   1.000000E+00   0.000000E+00
          382   1.500000E+00   1.000000E+00   2.306377E-18
          383   2.000000E+00   1.000000E+00   9.300301E-18
          384   2.500000E+00   1.000000E+00   0.000000E+00
          385   3.000000E+00   1.000000E+00   0.000000E+00
          386   3.500000E+00   1.000000E+00   0.000000E+00
          387   4.000000E+00   1.000000E+00   1.632205E-17
          388   4.500000E+00   1.000000E+00   0.000000E+00
          389   5.000000E+00   1.000000E+00   0.000000E+00
          390   5.500000E+00   1.000000E+00   5.222223E-17
          391   6.000000E+00   1.000000E+00   3.510007E-18
          392   6.500000E+00   1.000000E+00   1.274943E-17
          393   7.000000E+00   1.000000E+00   4.400554E-17
          394   7.500000E+00   1.000000E+00   3.584973E-17
          395   8.000000E+00   1.000000E+00   8.834156E-18
          396   8.500000E+00   1.000000E+00   5.113687E-19
          397   9.000000E+00   1.000000E+00   2.081479E-17
          398   9.500000E+00   1.000000E+00   0.000000E+00
          399   1.000000E+01   1.000000E+00   0.000000E+00
          400   0.000000E+00   5.000000E-01  -0.000000E+00
          401   5.000000E-01   5.000000E-01   0.000000E+00
          402   1.000000E+00   5.000000E-01   2.316813E-18
          403   1.500000E+00   5.000000E-01   0.000000E+00
          404   2.000000E+00   5.000000E-01   4.364028E-18
          405   2.500000E+00   5.000000E-01   0.000000E+00
          406   3.000000E+00   5.000000E-01   5.176304E-18
          407   3.500000E+00   5.000000E-01   0.000000E+00
          408   4.000000E+00   5.000000E-01   0.000000E+00
          409   4.500000E+00   5.000000E-01   0.000000E+00
          410   5.000000E+00   5.000000E-01   0.000000E+00
          411   5.500000E+00   5.000000E-01   0.000000E+00
          412   6.000000E+00   5.000000E-01   0.000000E+00
          413   6.500000E+00   5.000000E-01   6.414721E-18
          414   7.000000E+00   5.000000E-01   1.622465E-17
          415   7.500000E+00   5.000000E-01   2.598240E-17
          416   8.000000E+00   5.000000E-01   9.209855E-18
          417   8.500000E+00   5.000000E-01   1.975553E-17
          418   9.000000E+00   5.000000E-01   9.726442E-18
          419   9.500000E+00   5.000000E-01   0.000000E+00
          420   1.000000E+01   5.000000E-01   0.000000E+00
          421   0.000000E+00   0.000000E+00  -0.000000E+00
          422   5.000000E-01   0.000000E+00   0.000000E+00
          423   1.000000E+00   0.000000E+00   5.212830E-18
          424   1.500000E+00   0.000000E+00   0.000000E+00
          425   2.000000E+00   0.000000E+00   2.619460E-18
          426   2.500000E+00   0.000000E+00   7.827072E-21
          427   3.000000E+00   0.000000E+00  -0.000000E+00
          428   3.500000E+00   0.000000E+00   0.000000E+00
          429   4.000000E+00   0.000000E+00   0.000000E+00
          430   4.500000E+00   0.000000E+00   8.348877E-20
          431   5.000000E+00   0.000000E+00   0.000000E+00
          432   5.500000E+00   0.000000E+00   0.000000E+00
          433   6.000000E+00   0.000000E+00  -0.000000E+00
          434   6.500000E+00   0.000000E+00   8.087975E-20
          435   7.000000E+00   0.000000E+00   1.617595E-19
          436   7.500000E+00   0.000000E+00   0.000000E+00
          437   8.000000E+00   0.000000E+00   0.000000E+00
          438   8.500000E+00   0.000000E+00   1.617595E-19
          439   9.000000E+00   0.000000E+00   0.000000E+00
          440   9.500000E+00   0.000000E+00   8.348877E-20
          441   1.000000E+01   0.000000E+00   0.000000E+00
      1  1.95312500E-02     NSTEP   TIME
 SURFACE NODE              X              Y      REC. FLUX
            1   0.000000E+00   1.000000E+01   1.061705E-05
            2   5.000000E-01   1.000000E+01   9.522794E-06
            3   1.000000E+00   1.000000E+01   8.212103E-06
            4   1.500000E+00   1.000000E+01   7.654295E-06
            5   2.000000E+00   1.000000E+01   7.479675E-06
            6   2.500000E+00   1.000000E+01   7.414917E-06
            7   3.000000E+00   1.000000E+01   7.389590E-06
            8   3.500000E+00   1.000000E+01   7.379386E-06
            9   4.000000E+00   1.000000E+01   7.375180E-06
           10   4.500000E+00   1.000000E+01   7.373374E-06
           11   5.000000E+00   1.000000E+01   7.372470E-06
           12   5.500000E+00   1.000000E+01   7.371739E-06
           13   6.000000E+00   1.000000E+01   7.370590E-06
           14   6.500000E+00   1.000000E+01   7.368071E-06
           15   7.000000E+00   1.000000E+01   7.362022E-06
           16   7.500000E+00   1.000000E+01   7.346845E-06
           17   8.000000E+00   1.000000E+01   7.307959E-06
           18   8.500000E+00   1.000000E+01   7.205459E-06
           19   9.000000E+00   1.000000E+01   6.905376E-06
           20   9.500000E+00   1.000000E+01   5.611173E-06
           21   1.000000E+01   1.000000E+01   5.279965E-06
           22   0.000000E+00   9.500000E+00   7.167957E-06
           23   5.000000E-01   9.500000E+00   8.238345E-06
           24   1.000000E+00   9.500000E+00   7.124844E-06
           25   1.500000E+00   9.500000E+00   6.366779E-06
           26   2.000000E+00   9.500000E+00   6.160562E-06
           27   2.500000E+00   9.500000E+00   6.086843E-06
           28   3.000000E+00   9.500000E+00   6.058435E-06
           29   3.500000E+00   9.500000E+00   6.047075E-06
           30   4.000000E+00   9.500000E+00   6.042415E-06
           31   4.500000E+00   9.500000E+00   6.040428E-06
           32   5.000000E+00   9.500000E+00   6.039456E-06
           33   5.500000E+00   9.500000E+00   6.038709E-06
           34   6.000000E+00   9.500000E+00   6.037585E-06
           35   6.500000E+00   9.500000E+00   6.035154E-06
           36   7.000000E+00   9.500000E+00   6.029336E-06
           37   7.500000E+00   9.500000E+00   6.014856E-06
           38   8.000000E+00   9.500000E+00   5.977717E-06
           39   8.500000E+00   9.500000E+00   5.878288E-06
           40   9.000000E+00   9.500000E+00   5.580806E-06
           41   9.500000E+00   9.500000E+00   4.232928E-06
           42   1.000000E+01   9.500000E+00   4.325052E-06
           43   0.000000E+00   9.000000E+00   3.681625E-06
           44   5.000000E-01   9.000000E+00   4.836410E-06
           45   1.000000E+00   9.000000E+00   4.032377E-06
           46   1.500000E+00   9.000000E+00   3.139034E-06
           47   2.000000E+00   9.000000E+00   2.916222E-06
           48   2.500000E+00   9.000000E+00   2.839364E-06
           49   3.000000E+00   9.000000E+00   2.809494E-06
           50   3.500000E+00   9.000000E+00   2.797820E-06
           51   4.000000E+00   9.000000E+00   2.793057E-06
           52   4.500000E+00   9.000000E+00   2.791033E-06
           53   5.000000E+00   9.000000E+00   2.790047E-06
           54   5.500000E+00   9.000000E+00   2.789293E-06
           55   6.000000E+00   9.000000E+00   2.788161E-06
           56   6.500000E+00   9.000000E+00   2.785710E-06
           57   7.000000E+00   9.000000E+00   2.779837E-06
           58   7.500000E+00   9.000000E+00   2.765238E-06
           59   8.000000E+00   9.000000E+00   2.727749E-06
           60   8.500000E+00   9.000000E+00   2.626801E-06
           61   9.000000E+00   9.000000E+00   2.324503E-06
           62   9.500000E+00   9.000000E+00   8.810268E-07
           63   1.000000E+01   9.000000E+00   1.036669E-06
           64   0.000000E+00   8.500000E+00   2.268908E-06
           65   5.000000E-01   8.500000E+00   3.112332E-06
           66   1.000000E+00   8.500000E+00   2.182490E-06
           67   1.500000E+00   8.500000E+00   1.253718E-06
           68   2.000000E+00   8.500000E+00   1.023056E-06
           69   2.500000E+00   8.500000E+00   9.473294E-07
           70   3.000000E+00   8.500000E+00   9.168841E-07
           71   3.500000E+00   8.500000E+00   9.043542E-07
           72   4.000000E+00   8.500000E+00   8.992784E-07
           73   4.500000E+00   8.500000E+00   8.971283E-07
           74   5.000000E+00   8.500000E+00   8.960830E-07
           75   5.500000E+00   8.500000E+00   8.952852E-07
           76   6.000000E+00   8.500000E+00   8.940872E-07
           77   6.500000E+00   8.500000E+00   8.914928E-07
           78   7.000000E+00   8.500000E+00   8.852638E-07
           79   7.500000E+00   8.500000E+00   8.697498E-07
           80   8.000000E+00   8.500000E+00   8.298370E-07
           81   8.500000E+00   8.500000E+00   7.216411E-07
           82   9.000000E+00   8.500000E+00   3.955400E-07
           83   9.500000E+00   8.500000E+00   0.000000E+00
           84   1.000000E+01   8.500000E+00   0.000000E+00
           85   0.000000E+00   8.000000E+00   1.824899E-06
           86   5.000000E-01   8.000000E+00   2.607022E-06
           87   1.000000E+00   8.000000E+00   1.662120E-06
           88   1.500000E+00   8.000000E+00   7.229877E-07
           89   2.000000E+00   8.000000E+00   4.799701E-07
           90   2.500000E+00   8.000000E+00   3.959126E-07
           91   3.000000E+00   8.000000E+00   3.641200E-07
           92   3.500000E+00   8.000000E+00   3.512577E-07
           93   4.000000E+00   8.000000E+00   3.460509E-07
           94   4.500000E+00   8.000000E+00   3.438486E-07
           95   5.000000E+00   8.000000E+00   3.427806E-07
           96   5.500000E+00   8.000000E+00   3.419694E-07
           97   6.000000E+00   8.000000E+00   3.407553E-07
           98   6.500000E+00   8.000000E+00   3.381281E-07
           99   7.000000E+00   8.000000E+00   3.318200E-07
          100   7.500000E+00   8.000000E+00   3.161126E-07
          101   8.000000E+00   8.000000E+00   2.757141E-07
          102   8.500000E+00   8.000000E+00   1.663178E-07
          103   9.000000E+00   8.000000E+00   0.000000E+00
          104   9.500000E+00   8.000000E+00   0.000000E+00
          105   1.000000E+01   8.000000E+00   0.000000E+00
          106   0.000000E+00   7.500000E+00   1.659638E-06
          107   5.000000E-01   7.500000E+00   2.422710E-06
          108   1.000000E+00   7.500000E+00   1.475648E-06
          109   1.500000E+00   7.500000E+00   5.281853E-07
          110   2.000000E+00   7.500000E+00   2.815032E-07
          111   2.500000E+00   7.500000E+00   1.942174E-07
          112   3.000000E+00   7.500000E+00   1.613539E-07
          113   3.500000E+00   7.500000E+00   1.484021E-07
          114   4.000000E+00   7.500000E+00   1.431404E-07
          115   4.500000E+00   7.500000E+00   1.409141E-07
          116   5.000000E+00   7.500000E+00   1.398354E-07
          117   5.500000E+00   7.500000E+00   1.390176E-07
          118   6.000000E+00   7.500000E+00   1.377958E-07
          119   6.500000E+00   7.500000E+00   1.351535E-07
          120   7.000000E+00   7.500000E+00   1.288108E-07
          121   7.500000E+00   7.500000E+00   1.130240E-07
          122   8.000000E+00   7.500000E+00   7.244277E-08
          123   8.500000E+00   7.500000E+00   0.000000E+00
          124   9.000000E+00   7.500000E+00   0.000000E+00
          125   9.500000E+00   7.500000E+00   0.000000E+00
          126   1.000000E+01   7.500000E+00   0.000000E+00
          127   0.000000E+00   7.000000E+00   1.594649E-06
          128   5.000000E-01   7.000000E+00   2.350838E-06
          129   1.000000E+00   7.000000E+00   1.404441E-06
          130   1.500000E+00   7.000000E+00   4.522050E-07
          131   2.000000E+00   7.000000E+00   2.037513E-07
          132   2.500000E+00   7.000000E+00   1.163894E-07
          133   3.000000E+00   7.000000E+00   8.340758E-08
          134   3.500000E+00   7.000000E+00   7.038031E-08
          135   4.000000E+00   7.000000E+00   6.508292E-08
          136   4.500000E+00   7.000000E+00   6.284030E-08
          137   5.000000E+00   7.000000E+00   6.175381E-08
          138   5.500000E+00   7.000000E+00   6.093121E-08
          139   6.000000E+00   7.000000E+00   5.970380E-08
          140   6.500000E+00   7.000000E+00   5.705121E-08
          141   7.000000E+00   7.000000E+00   5.068617E-08
          142   7.500000E+00   7.000000E+00   3.485023E-08
          143   8.000000E+00   7.000000E+00   0.000000E+00
          144   8.500000E+00   7.000000E+00   0.000000E+00
          145   9.000000E+00   7.000000E+00   0.000000E+00
          146   9.500000E+00   7.000000E+00   0.000000E+00
          147   1.000000E+01   7.000000E+00   0.000000E+00
          148   0.000000E+00   6.500000E+00   1.568343E-06
          149   5.000000E-01   6.500000E+00   2.321861E-06
          150   1.000000E+00   6.500000E+00   1.376138E-06
          151   1.500000E+00   6.500000E+00   4.219310E-07
          152   2.000000E+00   6.500000E+00   1.727144E-07
          153   2.500000E+00   6.500000E+00   8.527345E-08
          154   3.000000E+00   6.500000E+00   5.221933E-08
          155   3.500000E+00   6.500000E+00   3.915195E-08
          156   4.000000E+00   6.500000E+00   3.383444E-08
          157   4.500000E+00   6.500000E+00   3.158210E-08
          158   5.000000E+00   6.500000E+00   3.049074E-08
          159   5.500000E+00   6.500000E+00   2.966503E-08
          160   6.000000E+00   6.500000E+00   2.843418E-08
          161   6.500000E+00   6.500000E+00   2.577559E-08
          162   7.000000E+00   6.500000E+00   1.939832E-08
          163   7.500000E+00   6.500000E+00   3.537001E-09
          164   8.000000E+00   6.500000E+00   0.000000E+00
          165   8.500000E+00   6.500000E+00   0.000000E+00
          166   9.000000E+00   6.500000E+00   0.000000E+00
          167   9.500000E+00   6.500000E+00   0.000000E+00
          168   1.000000E+01   6.500000E+00   0.000000E+00
          169   0.000000E+00   6.000000E+00   1.557468E-06
          170   5.000000E-01   6.000000E+00   2.309913E-06
          171   1.000000E+00   6.000000E+00   1.364583E-06
          172   1.500000E+00   6.000000E+00   4.095340E-07
          173   2.000000E+00   6.000000E+00   1.599876E-07
          174   2.500000E+00   6.000000E+00   7.251349E-08
          175   3.000000E+00   6.000000E+00   3.942519E-08
          176   3.500000E+00   6.000000E+00   2.633782E-08
          177   4.000000E+00   6.000000E+00   2.100971E-08
          178   4.500000E+00   6.000000E+00   1.875197E-08
          179   5.000000E+00   6.000000E+00   1.765777E-08
          180   5.500000E+00   6.000000E+00   1.683021E-08
          181   6.000000E+00   6.000000E+00   1.559738E-08
          182   6.500000E+00   6.000000E+00   1.293554E-08
          183   7.000000E+00   6.000000E+00   6.551999E-09
          184   7.500000E+00   6.000000E+00   0.000000E+00
          185   8.000000E+00   6.000000E+00   0.000000E+00
          186   8.500000E+00   6.000000E+00   0.000000E+00
          187   9.000000E+00   6.000000E+00   0.000000E+00
          188   9.500000E+00   6.000000E+00   0.000000E+00
          189   1.000000E+01   6.000000E+00   0.000000E+00
          190   0.000000E+00   5.500000E+00   1.552833E-06
          191   5.000000E-01   5.500000E+00   2.304844E-06
          192   1.000000E+00   5.500000E+00   1.359711E-06
          193   1.500000E+00   5.500000E+00   4.042850E-07
          194   2.000000E+00   5.500000E+00   1.545886E-07
          195   2.500000E+00   5.500000E+00   6.709856E-08
          196   3.000000E+00   5.500000E+00   3.399417E-08
          197   3.500000E+00   5.500000E+00   2.089709E-08
          198   4.000000E+00   5.500000E+00   1.556362E-08
          199   4.500000E+00   5.500000E+00   1.330303E-08
          200   5.000000E+00   5.500000E+00   1.220737E-08
          201   5.500000E+00   5.500000E+00   1.137882E-08
          202   6.000000E+00   5.500000E+00   1.014495E-08
          203   6.500000E+00   5.500000E+00   7.481481E-09
          204   7.000000E+00   5.500000E+00   1.094962E-09
          205   7.500000E+00   5.500000E+00   0.000000E+00
          206   8.000000E+00   5.500000E+00   0.000000E+00
          207   8.500000E+00   5.500000E+00   0.000000E+00
          208   9.000000E+00   5.500000E+00   0.000000E+00
          209   9.500000E+00   5.500000E+00   0.000000E+00
          210   1.000000E+01   5.500000E+00   0.000000E+00
          211   0.000000E+00   5.000000E+00   1.550623E-06
          212   5.000000E-01   5.000000E+00   2.302241E-06
          213   1.000000E+00   5.000000E+00   1.357041E-06
          214   1.500000E+00   5.000000E+00   4.019092E-07
          215   2.000000E+00   5.000000E+00   1.520306E-07
          216   2.500000E+00   5.000000E+00   6.452060E-08
          217   3.000000E+00   5.000000E+00   3.140645E-08
          218   3.500000E+00   5.000000E+00   1.830435E-08
          219   4.000000E+00   5.000000E+00   1.296820E-08
          220   4.500000E+00   5.000000E+00   1.070626E-08
          221   5.000000E+00   5.000000E+00   9.609014E-09
          222   5.500000E+00   5.000000E+00   8.779799E-09
          223   6.000000E+00   5.000000E+00   7.545519E-09
          224   6.500000E+00   5.000000E+00   4.881421E-09
          225   7.000000E+00   5.000000E+00   0.000000E+00
          226   7.500000E+00   5.000000E+00   0.000000E+00
          227   8.000000E+00   5.000000E+00   0.000000E+00
          228   8.500000E+00   5.000000E+00   0.000000E+00
          229   9.000000E+00   5.000000E+00   0.000000E+00
          230   9.500000E+00   5.000000E+00   0.000000E+00
          231   1.000000E+01   5.000000E+00   0.000000E+00
          232   0.000000E+00   4.500000E+00   1.546844E-06
          233   5.000000E-01   4.500000E+00   2.298776E-06
          234   1.000000E+00   4.500000E+00   1.350213E-06
          235   1.500000E+00   4.500000E+00   3.993980E-07
          236   2.000000E+00   4.500000E+00   1.502896E-07
          237   2.500000E+00   4.500000E+00   6.268338E-08
          238   3.000000E+00   4.500000E+00   2.955821E-08
          239   3.500000E+00   4.500000E+00   1.645299E-08
          240   4.000000E+00   4.500000E+00   1.111555E-08
          241   4.500000E+00   4.500000E+00   8.852948E-09
          242   5.000000E+00   4.500000E+00   7.755975E-09
          243   5.500000E+00   4.500000E+00   6.926593E-09
          244   6.000000E+00   4.500000E+00   5.692322E-09
          245   6.500000E+00   4.500000E+00   3.028333E-09
          246   7.000000E+00   4.500000E+00   0.000000E+00
          247   7.500000E+00   4.500000E+00   0.000000E+00
          248   8.000000E+00   4.500000E+00   0.000000E+00
          249   8.500000E+00   4.500000E+00   0.000000E+00
          250   9.000000E+00   4.500000E+00   0.000000E+00
          251   9.500000E+00   4.500000E+00   0.000000E+00
          252   1.000000E+01   4.500000E+00   0.000000E+00
          253   0.000000E+00   4.000000E+00   1.543998E-06
          254   5.000000E-01   4.000000E+00   2.296302E-06
          255   1.000000E+00   4.000000E+00   1.346685E-06
          256   1.500000E+00   4.000000E+00   3.961283E-07
          257   2.000000E+00   4.000000E+00   1.477739E-07
          258   2.500000E+00   4.000000E+00   6.008574E-08
          259   3.000000E+00   4.000000E+00   2.695293E-08
          260   3.500000E+00   4.000000E+00   1.384637E-08
          261   4.000000E+00   4.000000E+00   8.508669E-09
          262   4.500000E+00   4.000000E+00   6.246010E-09
          263   5.000000E+00   4.000000E+00   5.149307E-09
          264   5.500000E+00   4.000000E+00   4.320385E-09
          265   6.000000E+00   4.000000E+00   3.086569E-09
          266   6.500000E+00   4.000000E+00   4.235044E-10
          267   7.000000E+00   4.000000E+00   0.000000E+00
          268   7.500000E+00   4.000000E+00   0.000000E+00
          269   8.000000E+00   4.000000E+00   0.000000E+00
          270   8.500000E+00   4.000000E+00   0.000000E+00
          271   9.000000E+00   4.000000E+00   0.000000E+00
          272   9.500000E+00   4.000000E+00   0.000000E+00
          273   1.000000E+01   4.000000E+00   0.000000E+00
          274   0.000000E+00   3.500000E+00   1.538498E-06
          275   5.000000E-01   3.500000E+00   2.291112E-06
          276   1.000000E+00   3.500000E+00   1.341677E-06
          277   1.500000E+00   3.500000E+00   3.907106E-07
          278   2.000000E+00   3.500000E+00   1.422382E-07
          279   2.500000E+00   3.500000E+00   5.455423E-08
          280   3.000000E+00   3.500000E+00   2.142251E-08
          281   3.500000E+00   3.500000E+00   8.317247E-09
          282   4.000000E+00   3.500000E+00   2.980433E-09
          283   4.500000E+00   3.500000E+00   7.183468E-10
          284   5.000000E+00   3.500000E+00   0.000000E+00
          285   5.500000E+00   3.500000E+00   0.000000E+00
          286   6.000000E+00   3.500000E+00   0.000000E+00
          287   6.500000E+00   3.500000E+00   0.000000E+00
          288   7.000000E+00   3.500000E+00   0.000000E+00
          289   7.500000E+00   3.500000E+00   0.000000E+00
          290   8.000000E+00   3.500000E+00   0.000000E+00
          291   8.500000E+00   3.500000E+00   0.000000E+00
          292   9.000000E+00   3.500000E+00   0.000000E+00
          293   9.500000E+00   3.500000E+00   0.000000E+00
          294   1.000000E+01   3.500000E+00   0.000000E+00
          295   0.000000E+00   3.000000E+00   1.525022E-06
          296   5.000000E-01   3.000000E+00   2.278414E-06
          297   1.000000E+00   3.000000E+00   1.329432E-06
          298   1.500000E+00   3.000000E+00   3.775353E-07
          299   2.000000E+00   3.000000E+00   1.289604E-07
          300   2.500000E+00   3.000000E+00   4.131132E-08
          301   3.000000E+00   3.000000E+00   8.189558E-09
          302   3.500000E+00   3.000000E+00   0.000000E+00
          303   4.000000E+00   3.000000E+00   0.000000E+00
          304   4.500000E+00   3.000000E+00   0.000000E+00
          305   5.000000E+00   3.000000E+00   0.000000E+00
          306   5.500000E+00   3.000000E+00   0.000000E+00
          307   6.000000E+00   3.000000E+00   0.000000E+00
          308   6.500000E+00   3.000000E+00   0.000000E+00
          309   7.000000E+00   3.000000E+00   0.000000E+00
          310   7.500000E+00   3.000000E+00   0.000000E+00
          311   8.000000E+00   3.000000E+00   0.000000E+00
          312   8.500000E+00   3.000000E+00   0.000000E+00
          313   9.000000E+00   3.000000E+00   0.000000E+00
          314   9.500000E+00   3.000000E+00   0.000000E+00
          315   1.000000E+01   3.000000E+00   0.000000E+00
          316   0.000000E+00   2.500000E+00   1.491366E-06
          317   5.000000E-01   2.500000E+00   2.247688E-06
          318   1.000000E+00   2.500000E+00   1.300663E-06
          319   1.500000E+00   2.500000E+00   3.447317E-07
          320   2.000000E+00   2.500000E+00   9.591955E-08
          321   2.500000E+00   2.500000E+00   8.366236E-09
          322   3.000000E+00   2.500000E+00   0.000000E+00
          323   3.500000E+00   2.500000E+00   0.000000E+00
          324   4.000000E+00   2.500000E+00   0.000000E+00
          325   4.500000E+00   2.500000E+00   0.000000E+00
          326   5.000000E+00   2.500000E+00   0.000000E+00
          327   5.500000E+00   2.500000E+00   0.000000E+00
          328   6.000000E+00   2.500000E+00   0.000000E+00
          329   6.500000E+00   2.500000E+00   0.000000E+00
          330   7.000000E+00   2.500000E+00   0.000000E+00
          331   7.500000E+00   2.500000E+00   0.000000E+00
          332   8.000000E+00   2.500000E+00   0.000000E+00
          333   8.500000E+00   2.500000E+00   0.000000E+00
          334   9.000000E+00   2.500000E+00   0.000000E+00
          335   9.500000E+00   2.500000E+00   0.000000E+00
          336   1.000000E+01   2.500000E+00   0.000000E+00
          337   0.000000E+00   2.000000E+00   1.404823E-06
          338   5.000000E-01   2.000000E+00   2.166824E-06
          339   1.000000E+00   2.000000E+00   1.229849E-06
          340   1.500000E+00   2.000000E+00   2.621309E-07
          341   2.000000E+00   2.000000E+00   1.109795E-08
          342   2.500000E+00   2.000000E+00   0.000000E+00
          343   3.000000E+00   2.000000E+00   0.000000E+00
          344   3.500000E+00   2.000000E+00   0.000000E+00
          345   4.000000E+00   2.000000E+00   0.000000E+00
          346   4.500000E+00   2.000000E+00   0.000000E+00
          347   5.000000E+00   2.000000E+00   0.000000E+00
          348   5.500000E+00   2.000000E+00   0.000000E+00
          349   6.000000E+00   2.000000E+00   0.000000E+00
          350   6.500000E+00   2.000000E+00   0.000000E+00
          351   7.000000E+00   2.000000E+00   0.000000E+00
          352   7.500000E+00   2.000000E+00   0.000000E+00
          353   8.000000E+00   2.000000E+00   0.000000E+00
          354   8.500000E+00   2.000000E+00   0.000000E+00
          355   9.000000E+00   2.000000E+00   0.000000E+00
          356   9.500000E+00   2.000000E+00   0.000000E+00
          357   1.000000E+01   2.000000E+00   0.000000E+00
          358   0.000000E+00   1.500000E+00   1.173515E-06
          359   5.000000E-01   1.500000E+00   1.942433E-06
          360   1.000000E+00   1.500000E+00   1.003802E-06
          361   1.500000E+00   1.500000E+00   3.522261E-08
          362   2.000000E+00   1.500000E+00   0.000000E+00
          363   2.500000E+00   1.500000E+00   0.000000E+00
          364   3.000000E+00   1.500000E+00   0.000000E+00
          365   3.500000E+00   1.500000E+00   0.000000E+00
          366   4.000000E+00   1.500000E+00   0.000000E+00
          367   4.500000E+00   1.500000E+00   0.000000E+00
          368   5.000000E+00   1.500000E+00   0.000000E+00
          369   5.500000E+00   1.500000E+00   0.000000E+00
          370   6.000000E+00   1.500000E+00   0.000000E+00
          371   6.500000E+00   1.500000E+00   0.000000E+00
          372   7.000000E+00   1.500000E+00   0.000000E+00
          373   7.500000E+00   1.500000E+00   0.000000E+00
          374   8.000000E+00   1.500000E+00   0.000000E+00
          375   8.500000E+00   1.500000E+00   0.000000E+00
          376   9.000000E+00   1.500000E+00   0.000000E+00
          377   9.500000E+00   1.500000E+00   0.000000E+00
          378   1.000000E+01   1.500000E+00   0.000000E+00
          379   0.000000E+00   1.000000E+00   4.873003E-07
          380   5.000000E-01   1.000000E+00   1.287836E-06
          381   1.000000E+00   1.000000E+00   3.251521E-07
          382   1.500000E+00   1.000000E+00   0.000000E+00
          383   2.000000E+00   1.000000E+00   0.000000E+00
          384   2.500000E+00   1.000000E+00   0.000000E+00
          385   3.000000E+00   1.000000E+00   0.000000E+00
          386   3.500000E+00   1.000000E+00   0.000000E+00
          387   4.000000E+00   1.000000E+00   0.000000E+00
          388   4.500000E+00   1.000000E+00   0.000000E+00
          389   5.000000E+00   1.000000E+00   0.000000E+00
          390   5.500000E+00   1.000000E+00   0.000000E+00
          391   6.000000E+00   1.000000E+00   0.000000E+00
          392   6.500000E+00   1.000000E+00   0.000000E+00
          393   7.000000E+00   1.000000E+00   0.000000E+00
          394   7.500000E+00   1.000000E+00   0.000000E+00
          395   8.000000E+00   1.000000E+00   0.000000E+00
