     1 1.953125E-02 1.953125E-02     0  0.00000E+000  0.00000E+000 -0.00000E+000  0.00000E+000 -0.00000E+000  0.00000E+000  0.00000E+000  0.00000E+000  0.00000E+000  0.00000E+000  0.00000E+000
     2 1.000000E-02 2.953125E-02     0  0.00000E+000  0.00000E+000 -0.00000E+000  0.00000E+000 -0.00000E+000  0.00000E+000  0.00000E+000  0.00000E+000  0.00000E+000  0.00000E+000  0.00000E+000
     3 1.100000E-02 4.053125E-02     0  0.00000E+000  0.00000E+000 -0.00000E+000  0.00000E+000 -0.00000E+000  0.00000E+000  0.00000E+000  0.00000E+000  0.00000E+000  0.00000E+000  0.00000E+000
     4 1.100000E-02 5.153125E-02     0  0.00000E+000  0.00000E+000 -0.00000E+000  0.00000E+000 -0.00000E+000  0.00000E+000  0.00000E+000  0.00000E+000  0.00000E+000  0.00000E+000  0.00000E+000
     5 1.100000E-02 6.253125E-02     0  0.00000E+000  0.00000E+000 -0.00000E+000  0.00000E+000 -0.00000E+000  0.00000E+000  0.00000E+000  0.00000E+000  0.00000E+000  0.00000E+000  0.00000E+000
     6 1.000000E-02 7.253125E-02     0  0.00000E+000  0.00000E+000 -0.00000E+000  0.00000E+000 -0.00000E+000  0.00000E+000  0.00000E+000  0.00000E+000  0.00000E+000  0.00000E+000  0.00000E+000
     7 1.000000E-02 8.253125E-02     0  0.00000E+000  0.00000E+000 -0.00000E+000  0.00000E+000 -0.00000E+000  0.00000E+000  0.00000E+000  0.00000E+000  0.00000E+000  0.00000E+000  0.00000E+000
     8 1.000000E-02 9.253125E-02     0  0.00000E+000  0.00000E+000 -0.00000E+000  0.00000E+000 -0.00000E+000  0.00000E+000  0.00000E+000  0.00000E+000  0.00000E+000  0.00000E+000  0.00000E+000
     9 1.000000E-02 1.025312E-01     0  0.00000E+000  0.00000E+000 -0.00000E+000  0.00000E+000 -0.00000E+000  0.00000E+000  0.00000E+000  0.00000E+000  0.00000E+000  0.00000E+000  0.00000E+000
    10 1.000000E-02 1.125312E-01     0  0.00000E+000  0.00000E+000 -0.00000E+000  0.00000E+000 -0.00000E+000  0.00000E+000  0.00000E+000  0.00000E+000  0.00000E+000  0.00000E+000  0.00000E+000
    11 1.000000E-02 1.225312E-01     0  0.00000E+000  0.00000E+000 -0.00000E+000  0.00000E+000 -0.00000E+000  0.00000E+000  0.00000E+000  0.00000E+000  0.00000E+000  0.00000E+000  0.00000E+000
    12 1.000000E-02 1.325312E-01     0  0.00000E+000  0.00000E+000 -0.00000E+000  0.00000E+000 -0.00000E+000  0.00000E+000  0.00000E+000  0.00000E+000  0.00000E+000  0.00000E+000  0.00000E+000
    13 1.000000E-02 1.425312E-01     0  0.00000E+000  0.00000E+000 -0.00000E+000  0.00000E+000 -0.00000E+000  0.00000E+000  0.00000E+000  0.00000E+000  0.00000E+000  0.00000E+000  0.00000E+000
    14 1.000000E-02 1.525313E-01     0  0.00000E+000  0.00000E+000 -0.00000E+000  0.00000E+000 -0.00000E+000  0.00000E+000  0.00000E+000  0.00000E+000  0.00000E+000  0.00000E+000  0.00000E+000
    15 1.000000E-02 1.625313E-01     0  0.00000E+000  0.00000E+000 -0.00000E+000  0.00000E+000 -0.00000E+000  0.00000E+000  0.00000E+000  0.00000E+000  0.00000E+000  0.00000E+000  0.00000E+000
    16 1.000000E-02 1.725313E-01     0  0.00000E+000  0.00000E+000 -0.00000E+000  0.00000E+000 -0.00000E+000  0.00000E+000  0.00000E+000  0.00000E+000  0.00000E+000  0.00000E+000  0.00000E+000
    17 1.000000E-02 1.825313E-01     0  0.00000E+000  0.00000E+000 -0.00000E+000  0.00000E+000 -0.00000E+000  0.00000E+000  0.00000E+000  0.00000E+000  0.00000E+000  0.00000E+000  0.00000E+000
    18 1.000000E-02 1.925313E-01     0  0.00000E+000  0.00000E+000 -0.00000E+000  0.00000E+000 -0.00000E+000  0.00000E+000  0.00000E+000  0.00000E+000  0.00000E+000  0.00000E+000  0.00000E+000
    19 1.000000E-02 2.025313E-01     0  0.00000E+000  0.00000E+000 -0.00000E+000  0.00000E+000 -0.00000E+000  0.00000E+000  0.00000E+000  0.00000E+000  0.00000E+000  0.00000E+000  0.00000E+000
    20 1.000000E-02 2.125313E-01     0  0.00000E+000  0.00000E+000 -0.00000E+000  0.00000E+000 -0.00000E+000  0.00000E+000  0.00000E+000  0.00000E+000  0.00000E+000  0.00000E+000  0.00000E+000
    21 1.000000E-02 2.225313E-01     0  0.00000E+000  0.00000E+000 -0.00000E+000  0.00000E+000 -0.00000E+000  0.00000E+000  0.00000E+000  0.00000E+000  0.00000E+000  0.00000E+000  0.00000E+000
    22 1.000000E-02 2.325313E-01     0  0.00000E+000  0.00000E+000 -0.00000E+000  0.00000E+000 -0.00000E+000  0.00000E+000  0.00000E+000  0.00000E+000  0.00000E+000  0.00000E+000  0.00000E+000
    23 1.000000E-02 2.425313E-01     0  0.00000E+000  0.00000E+000 -0.00000E+000  0.00000E+000 -0.00000E+000  0.00000E+000  0.00000E+000  0.00000E+000  0.00000E+000  0.00000E+000  0.00000E+000
    24 1.000000E-02 2.525313E-01     0  0.00000E+000  0.00000E+000 -0.00000E+000  0.00000E+000 -0.00000E+000  0.00000E+000  0.00000E+000  0.00000E+000  0.00000E+000  0.00000E+000  0.00000E+000
    25 1.000000E-02 2.625313E-01     0  0.00000E+000  0.00000E+000 -0.00000E+000  0.00000E+000 -0.00000E+000  0.00000E+000  0.00000E+000  0.00000E+000  0.00000E+000  0.00000E+000  0.00000E+000
    26 1.000000E-02 2.725313E-01     0  0.00000E+000  0.00000E+000 -0.00000E+000  0.00000E+000 -0.00000E+000  0.00000E+000  0.00000E+000  0.00000E+000  0.00000E+000  0.00000E+000  0.00000E+000
    27 1.000000E-02 2.825313E-01     0  0.00000E+000  0.00000E+000 -0.00000E+000  0.00000E+000 -0.00000E+000  0.00000E+000  0.00000E+000  0.00000E+000  0.00000E+000  0.00000E+000  0.00000E+000
    28 1.100000E-02 2.935313E-01     0  0.00000E+000  0.00000E+000 -0.00000E+000  0.00000E+000 -0.00000E+000  0.00000E+000  0.00000E+000  0.00000E+000  0.00000E+000  0.00000E+000  0.00000E+000
    29 1.100000E-02 3.045313E-01     0  0.00000E+000  0.00000E+000 -0.00000E+000  0.00000E+000 -0.00000E+000  0.00000E+000  0.00000E+000  0.00000E+000  0.00000E+000  0.00000E+000  0.00000E+000
    30 1.100000E-02 3.155313E-01     0  0.00000E+000  0.00000E+000 -0.00000E+000  0.00000E+000 -0.00000E+000  0.00000E+000  0.00000E+000  0.00000E+000  0.00000E+000  0.00000E+000  0.00000E+000
    31 1.210000E-02 3.276313E-01     0  0.00000E+000  0.00000E+000 -0.00000E+000  0.00000E+000 -0.00000E+000  0.00000E+000  0.00000E+000  0.00000E+000  0.00000E+000  0.00000E+000  0.00000E+000
    32 1.210000E-02 3.397313E-01     0  0.00000E+000  0.00000E+000 -0.00000E+000  0.00000E+000 -0.00000E+000  0.00000E+000  0.00000E+000  0.00000E+000  0.00000E+000  0.00000E+000  0.00000E+000
    33 1.210000E-02 3.518313E-01     0  0.00000E+000  0.00000E+000 -0.00000E+000  0.00000E+000 -0.00000E+000  0.00000E+000  0.00000E+000  0.00000E+000  0.00000E+000  0.00000E+000  0.00000E+000
    34 1.210000E-02 3.639313E-01     0  0.00000E+000  0.00000E+000 -0.00000E+000  0.00000E+000 -0.00000E+000  0.00000E+000  0.00000E+000  0.00000E+000  0.00000E+000  0.00000E+000  0.00000E+000
    35 1.331000E-02 3.772413E-01     0  0.00000E+000  0.00000E+000 -0.00000E+000  0.00000E+000 -0.00000E+000  0.00000E+000  0.00000E+000  0.00000E+000  0.00000E+000  0.00000E+000  0.00000E+000
    36 1.464100E-02 3.918823E-01     0  0.00000E+000  0.00000E+000 -0.00000E+000  0.00000E+000 -0.00000E+000  0.00000E+000  0.00000E+000  0.00000E+000  0.00000E+000  0.00000E+000  0.00000E+000
    37 1.464100E-02 4.065233E-01     0  0.00000E+000  0.00000E+000 -0.00000E+000  0.00000E+000 -0.00000E+000  0.00000E+000  0.00000E+000  0.00000E+000  0.00000E+000  0.00000E+000  0.00000E+000
    38 1.610510E-02 4.226284E-01     0  0.00000E+000  0.00000E+000 -0.00000E+000  0.00000E+000 -0.00000E+000  0.00000E+000  0.00000E+000  0.00000E+000  0.00000E+000  0.00000E+000  0.00000E+000
    39 1.610510E-02 4.387335E-01     0  0.00000E+000  0.00000E+000 -0.00000E+000  0.00000E+000 -0.00000E+000  0.00000E+000  0.00000E+000  0.00000E+000  0.00000E+000  0.00000E+000  0.00000E+000
    40 1.610510E-02 4.548386E-01     0  0.00000E+000  0.00000E+000 -0.00000E+000  0.00000E+000 -0.00000E+000  0.00000E+000  0.00000E+000  0.00000E+000  0.00000E+000  0.00000E+000  0.00000E+000
    41 1.771561E-02 4.725542E-01     0  0.00000E+000  0.00000E+000 -0.00000E+000  0.00000E+000 -0.00000E+000  0.00000E+000  0.00000E+000  0.00000E+000  0.00000E+000  0.00000E+000  0.00000E+000
    42 1.948717E-02 4.920413E-01     0  0.00000E+000  0.00000E+000 -0.00000E+000  0.00000E+000 -0.00000E+000  0.00000E+000  0.00000E+000  0.00000E+000  0.00000E+000  0.00000E+000  0.00000E+000
    43 1.948717E-02 5.115285E-01     0  0.00000E+000  0.00000E+000 -0.00000E+000  0.00000E+000 -0.00000E+000  0.00000E+000  0.00000E+000  0.00000E+000  0.00000E+000  0.00000E+000  0.00000E+000
    44 2.143589E-02 5.329644E-01     0  0.00000E+000  0.00000E+000 -0.00000E+000  0.00000E+000 -0.00000E+000  0.00000E+000  0.00000E+000  0.00000E+000  0.00000E+000  0.00000E+000  0.00000E+000
    45 2.143589E-02 5.544003E-01     0  0.00000E+000  0.00000E+000 -0.00000E+000  0.00000E+000 -0.00000E+000  0.00000E+000  0.00000E+000  0.00000E+000  0.00000E+000  0.00000E+000  0.00000E+000
    46 2.357948E-02 5.779798E-01     0  0.00000E+000  0.00000E+000 -0.00000E+000  0.00000E+000 -0.00000E+000  0.00000E+000  0.00000E+000  0.00000E+000  0.00000E+000  0.00000E+000  0.00000E+000
    47 2.357948E-02 6.015592E-01     0  0.00000E+000  0.00000E+000 -0.00000E+000  0.00000E+000 -0.00000E+000  0.00000E+000  0.00000E+000  0.00000E+000  0.00000E+000  0.00000E+000  0.00000E+000
    48 2.593742E-02 6.274967E-01     0  0.00000E+000  0.00000E+000 -0.00000E+000  0.00000E+000 -0.00000E+000  0.00000E+000  0.00000E+000  0.00000E+000  0.00000E+000  0.00000E+000  0.00000E+000
    49 2.853117E-02 6.560278E-01     0  0.00000E+000  0.00000E+000 -0.00000E+000  0.00000E+000 -0.00000E+000  0.00000E+000  0.00000E+000  0.00000E+000  0.00000E+000  0.00000E+000  0.00000E+000
    50 2.853117E-02 6.845590E-01     0  0.00000E+000  0.00000E+000 -0.00000E+000  0.00000E+000 -0.00000E+000  0.00000E+000  0.00000E+000  0.00000E+000  0.00000E+000  0.00000E+000  0.00000E+000
    51 3.138428E-02 7.159433E-01     0  0.00000E+000  0.00000E+000 -0.00000E+000  0.00000E+000 -0.00000E+000  0.00000E+000  0.00000E+000  0.00000E+000  0.00000E+000  0.00000E+000  0.00000E+000
    52 3.138428E-02 7.473276E-01     0  0.00000E+000  0.00000E+000 -0.00000E+000  0.00000E+000 -0.00000E+000  0.00000E+000  0.00000E+000  0.00000E+000  0.00000E+000  0.00000E+000  0.00000E+000
    53 3.452271E-02 7.818503E-01     0  0.00000E+000  0.00000E+000 -0.00000E+000  0.00000E+000 -0.00000E+000  0.00000E+000  0.00000E+000  0.00000E+000  0.00000E+000  0.00000E+000  0.00000E+000
    54 3.452271E-02 8.163730E-01     0  0.00000E+000  0.00000E+000 -0.00000E+000  0.00000E+000 -0.00000E+000  0.00000E+000  0.00000E+000  0.00000E+000  0.00000E+000  0.00000E+000  0.00000E+000
    55 3.452271E-02 8.508957E-01     0  0.00000E+000  0.00000E+000 -0.00000E+000  0.00000E+000 -0.00000E+000  0.00000E+000  0.00000E+000  0.00000E+000  0.00000E+000  0.00000E+000  0.00000E+000
    56 3.797498E-02 8.888707E-01     0  0.00000E+000  0.00000E+000 -0.00000E+000  0.00000E+000 -0.00000E+000  0.00000E+000  0.00000E+000  0.00000E+000  0.00000E+000  0.00000E+000  0.00000E+000
    57 4.177248E-02 9.306432E-01     0  0.00000E+000  0.00000E+000 -0.00000E+000  0.00000E+000 -0.00000E+000  0.00000E+000  0.00000E+000  0.00000E+000  0.00000E+000  0.00000E+000  0.00000E+000
    58 4.177248E-02 9.724156E-01     0  0.00000E+000  0.00000E+000 -0.00000E+000  0.00000E+000 -0.00000E+000  0.00000E+000  0.00000E+000  0.00000E+000  0.00000E+000  0.00000E+000  0.00000E+000
    59 4.594973E-02 1.018365E+00     0  0.00000E+000  0.00000E+000 -0.00000E+000  0.00000E+000 -0.00000E+000  0.00000E+000  0.00000E+000  0.00000E+000  0.00000E+000  0.00000E+000  0.00000E+000
    60 4.594973E-02 1.064315E+00     0  0.00000E+000  0.00000E+000 -0.00000E+000  0.00000E+000 -0.00000E+000  0.00000E+000  0.00000E+000  0.00000E+000  0.00000E+000  0.00000E+000  0.00000E+000
    61 5.054470E-02 1.114860E+00     0  0.00000E+000  0.00000E+000 -0.00000E+000  0.00000E+000 -0.00000E+000  0.00000E+000  0.00000E+000  0.00000E+000  0.00000E+000  0.00000E+000  0.00000E+000
    62 5.559917E-02 1.170459E+00     0  0.00000E+000  0.00000E+000 -0.00000E+000  0.00000E+000 -0.00000E+000  0.00000E+000  0.00000E+000  0.00000E+000  0.00000E+000  0.00000E+000  0.00000E+000
    63 6.115909E-02 1.231618E+00     0  0.00000E+000  0.00000E+000 -0.00000E+000  0.00000E+000 -0.00000E+000  0.00000E+000  0.00000E+000  0.00000E+000  0.00000E+000  0.00000E+000  0.00000E+000
    64 6.727500E-02 1.298893E+00     0  0.00000E+000  0.00000E+000 -0.00000E+000  0.00000E+000 -0.00000E+000  0.00000E+000  0.00000E+000  0.00000E+000  0.00000E+000  0.00000E+000  0.00000E+000
    65 7.400250E-02 1.372896E+00     0  0.00000E+000  0.00000E+000 -0.00000E+000  0.00000E+000 -0.00000E+000  0.00000E+000  0.00000E+000  0.00000E+000  0.00000E+000  0.00000E+000  0.00000E+000
    66 8.140275E-02 1.454298E+00     0  0.00000E+000  0.00000E+000 -0.00000E+000  0.00000E+000 -0.00000E+000  0.00000E+000  0.00000E+000  0.00000E+000  0.00000E+000  0.00000E+000  0.00000E+000
    67 8.140275E-02 1.535701E+00     0  0.00000E+000  0.00000E+000 -0.00000E+000  0.00000E+000 -0.00000E+000  0.00000E+000  0.00000E+000  0.00000E+000  0.00000E+000  0.00000E+000  0.00000E+000
    68 8.954302E-02 1.625244E+00     0  0.00000E+000  0.00000E+000 -0.00000E+000  0.00000E+000 -0.00000E+000  0.00000E+000  0.00000E+000  0.00000E+000  0.00000E+000  0.00000E+000  0.00000E+000
    69 9.849733E-02 1.723741E+00     0  0.00000E+000  0.00000E+000 -0.00000E+000  0.00000E+000 -0.00000E+000  0.00000E+000  0.00000E+000  0.00000E+000  0.00000E+000  0.00000E+000  0.00000E+000
    70 1.083471E-01 1.832088E+00     0  0.00000E+000  0.00000E+000 -0.00000E+000  0.00000E+000 -0.00000E+000  0.00000E+000  0.00000E+000  0.00000E+000  0.00000E+000  0.00000E+000  0.00000E+000
    71 1.083471E-01 1.940436E+00     0  0.00000E+000  0.00000E+000 -0.00000E+000  0.00000E+000 -0.00000E+000  0.00000E+000  0.00000E+000  0.00000E+000  0.00000E+000  0.00000E+000  0.00000E+000
    72 1.083471E-01 2.048783E+00     0  0.00000E+000  0.00000E+000 -0.00000E+000  0.00000E+000 -0.00000E+000  0.00000E+000  0.00000E+000  0.00000E+000  0.00000E+000  0.00000E+000  0.00000E+000
    73 1.191818E-01 2.167964E+00     0  0.00000E+000  0.00000E+000 -0.00000E+000  0.00000E+000 -0.00000E+000  0.00000E+000  0.00000E+000  0.00000E+000  0.00000E+000  0.00000E+000  0.00000E+000
    74 1.310999E-01 2.299064E+00     0  0.00000E+000  0.00000E+000 -0.00000E+000  0.00000E+000 -0.00000E+000  0.00000E+000  0.00000E+000  0.00000E+000  0.00000E+000  0.00000E+000  0.00000E+000
    75 1.442099E-01 2.443274E+00     0  0.00000E+000  0.00000E+000 -0.00000E+000  0.00000E+000 -0.00000E+000  0.00000E+000  0.00000E+000  0.00000E+000  0.00000E+000  0.00000E+000  0.00000E+000
    76 1.586309E-01 2.601905E+00     0  0.00000E+000  0.00000E+000 -0.00000E+000  0.00000E+000 -0.00000E+000  0.00000E+000  0.00000E+000  0.00000E+000  0.00000E+000  0.00000E+000  0.00000E+000
    77 1.586309E-01 2.760536E+00     0  0.00000E+000  0.00000E+000 -0.00000E+000  0.00000E+000 -0.00000E+000  0.00000E+000  0.00000E+000  0.00000E+000  0.00000E+000  0.00000E+000  0.00000E+000
    78 1.744940E-01 2.935030E+00     0  0.00000E+000  0.00000E+000 -0.00000E+000  0.00000E+000 -0.00000E+000  0.00000E+000  0.00000E+000  0.00000E+000  0.00000E+000  0.00000E+000  0.00000E+000
    79 1.744940E-01 3.109524E+00     0  0.00000E+000  0.00000E+000 -0.00000E+000  0.00000E+000 -0.00000E+000  0.00000E+000  0.00000E+000  0.00000E+000  0.00000E+000  0.00000E+000  0.00000E+000
    80 1.919434E-01 3.301468E+00     0  0.00000E+000  0.00000E+000 -0.00000E+000  0.00000E+000 -0.00000E+000  0.00000E+000  0.00000E+000  0.00000E+000  0.00000E+000  0.00000E+000  0.00000E+000
    81 2.111378E-01 3.512605E+00     0  0.00000E+000  0.00000E+000 -0.00000E+000  0.00000E+000 -0.00000E+000  0.00000E+000  0.00000E+000  0.00000E+000  0.00000E+000  0.00000E+000  0.00000E+000
    82 2.322515E-01 3.744857E+00     0  0.00000E+000  0.00000E+000 -0.00000E+000  0.00000E+000 -0.00000E+000  0.00000E+000  0.00000E+000  0.00000E+000  0.00000E+000  0.00000E+000  0.00000E+000
    83 2.554767E-01 4.000334E+00     0  0.00000E+000  0.00000E+000 -0.00000E+000  0.00000E+000 -0.00000E+000  0.00000E+000  0.00000E+000  0.00000E+000  0.00000E+000  0.00000E+000  0.00000E+000
    84 2.554767E-01 4.255810E+00     0  0.00000E+000  0.00000E+000 -0.00000E+000  0.00000E+000 -0.00000E+000  0.00000E+000  0.00000E+000  0.00000E+000  0.00000E+000  0.00000E+000  0.00000E+000
    85 2.810244E-01 4.536835E+00     0  0.00000E+000  0.00000E+000 -0.00000E+000  0.00000E+000 -0.00000E+000  0.00000E+000  0.00000E+000  0.00000E+000  0.00000E+000  0.00000E+000  0.00000E+000
    86 2.810244E-01 4.817859E+00     0  0.00000E+000  0.00000E+000 -0.00000E+000  0.00000E+000 -0.00000E+000  0.00000E+000  0.00000E+000  0.00000E+000  0.00000E+000  0.00000E+000  0.00000E+000
    87 3.091268E-01 5.126986E+00     0  0.00000E+000  0.00000E+000 -0.00000E+000  0.00000E+000 -0.00000E+000  0.00000E+000  0.00000E+000  0.00000E+000  0.00000E+000  0.00000E+000  0.00000E+000
    88 3.400395E-01 5.467025E+00     0  0.00000E+000  0.00000E+000 -0.00000E+000  0.00000E+000 -0.00000E+000  0.00000E+000  0.00000E+000  0.00000E+000  0.00000E+000  0.00000E+000  0.00000E+000
    89 3.740434E-01 5.841069E+00     0  0.00000E+000  0.00000E+000 -0.00000E+000  0.00000E+000 -0.00000E+000  0.00000E+000  0.00000E+000  0.00000E+000  0.00000E+000  0.00000E+000  0.00000E+000
    90 4.114478E-01 6.252517E+00     0  0.00000E+000  0.00000E+000 -0.00000E+000  0.00000E+000 -0.00000E+000  0.00000E+000  0.00000E+000  0.00000E+000  0.00000E+000  0.00000E+000  0.00000E+000
    91 4.114478E-01 6.663964E+00     0  0.00000E+000  0.00000E+000 -0.00000E+000  0.00000E+000 -0.00000E+000  0.00000E+000  0.00000E+000  0.00000E+000  0.00000E+000  0.00000E+000  0.00000E+000
    92 4.114478E-01 7.075412E+00     0  0.00000E+000  0.00000E+000 -0.00000E+000  0.00000E+000 -0.00000E+000  0.00000E+000  0.00000E+000  0.00000E+000  0.00000E+000  0.00000E+000  0.00000E+000
    93 4.525926E-01 7.528005E+00     0  0.00000E+000  0.00000E+000 -0.00000E+000  0.00000E+000 -0.00000E+000  0.00000E+000  0.00000E+000  0.00000E+000  0.00000E+000  0.00000E+000  0.00000E+000
    94 4.525926E-01 7.980597E+00     0  0.00000E+000  0.00000E+000 -0.00000E+000  0.00000E+000 -0.00000E+000  0.00000E+000  0.00000E+000  0.00000E+000  0.00000E+000  0.00000E+000  0.00000E+000
    95 4.978518E-01 8.478449E+00     0  0.00000E+000  0.00000E+000 -0.00000E+000  0.00000E+000 -0.00000E+000  0.00000E+000  0.00000E+000  0.00000E+000  0.00000E+000  0.00000E+000  0.00000E+000
    96 5.476370E-01 9.026086E+00     0  0.00000E+000  0.00000E+000 -0.00000E+000  0.00000E+000 -0.00000E+000  0.00000E+000  0.00000E+000  0.00000E+000  0.00000E+000  0.00000E+000  0.00000E+000
    97 6.024007E-01 9.628487E+00     0  0.00000E+000  0.00000E+000 -0.00000E+000  0.00000E+000 -0.00000E+000  0.00000E+000  0.00000E+000  0.00000E+000  0.00000E+000  0.00000E+000  0.00000E+000
    98 6.626408E-01 1.029113E+01     0  0.00000E+000  0.00000E+000 -0.00000E+000  0.00000E+000 -0.00000E+000  0.00000E+000  0.00000E+000  0.00000E+000  0.00000E+000  0.00000E+000  0.00000E+000
    99 6.626408E-01 1.095377E+01     0  0.00000E+000  0.00000E+000 -0.00000E+000  0.00000E+000 -0.00000E+000  0.00000E+000  0.00000E+000  0.00000E+000  0.00000E+000  0.00000E+000  0.00000E+000
   100 6.626408E-01 1.161641E+01     0  0.00000E+000  0.00000E+000 -0.00000E+000  0.00000E+000 -0.00000E+000  0.00000E+000  0.00000E+000  0.00000E+000  0.00000E+000  0.00000E+000  0.00000E+000
   101 6.626408E-01 1.227905E+01     0  0.00000E+000  0.00000E+000 -0.00000E+000  0.00000E+000 -0.00000E+000  0.00000E+000  0.00000E+000  0.00000E+000  0.00000E+000  0.00000E+000  0.00000E+000
   102 7.289048E-01 1.300795E+01     0  0.00000E+000  0.00000E+000 -0.00000E+000  0.00000E+000 -0.00000E+000  0.00000E+000  0.00000E+000  0.00000E+000  0.00000E+000  0.00000E+000  0.00000E+000
   103 8.017953E-01 1.380975E+01     0  0.00000E+000  0.00000E+000 -0.00000E+000  0.00000E+000 -0.00000E+000  0.00000E+000  0.00000E+000  0.00000E+000  0.00000E+000  0.00000E+000  0.00000E+000
   104 8.819749E-01 1.469172E+01     0  0.00000E+000  0.00000E+000 -0.00000E+000  0.00000E+000 -0.00000E+000  0.00000E+000  0.00000E+000  0.00000E+000  0.00000E+000  0.00000E+000  0.00000E+000
   105 9.701723E-01 1.566190E+01     0  0.00000E+000  0.00000E+000 -0.00000E+000  0.00000E+000 -0.00000E+000  0.00000E+000  0.00000E+000  0.00000E+000  0.00000E+000  0.00000E+000  0.00000E+000
   106 1.067190E+00 1.672909E+01     0  0.00000E+000  0.00000E+000 -0.00000E+000  0.00000E+000 -0.00000E+000  0.00000E+000  0.00000E+000  0.00000E+000  0.00000E+000  0.00000E+000  0.00000E+000
   107 1.173909E+00 1.790300E+01     0  0.00000E+000  0.00000E+000 -0.00000E+000  0.00000E+000 -0.00000E+000  0.00000E+000  0.00000E+000  0.00000E+000  0.00000E+000  0.00000E+000  0.00000E+000
   108 1.291299E+00 1.919429E+01     0  0.00000E+000  0.00000E+000 -0.00000E+000  0.00000E+000 -0.00000E+000  0.00000E+000  0.00000E+000  0.00000E+000  0.00000E+000  0.00000E+000  0.00000E+000
   109 1.420429E+00 2.061472E+01     0  0.00000E+000  0.00000E+000 -0.00000E+000  0.00000E+000 -0.00000E+000  0.00000E+000  0.00000E+000  0.00000E+000  0.00000E+000  0.00000E+000  0.00000E+000
   110 1.562472E+00 2.217720E+01     0  0.00000E+000  0.00000E+000 -0.00000E+000  0.00000E+000 -0.00000E+000  0.00000E+000  0.00000E+000  0.00000E+000  0.00000E+000  0.00000E+000  0.00000E+000
   111 1.718719E+00 2.389592E+01     0  0.00000E+000  0.00000E+000 -0.00000E+000  0.00000E+000 -0.00000E+000  0.00000E+000  0.00000E+000  0.00000E+000  0.00000E+000  0.00000E+000  0.00000E+000
   112 1.890591E+00 2.578651E+01     0  0.00000E+000  0.00000E+000 -0.00000E+000  0.00000E+000 -0.00000E+000  0.00000E+000  0.00000E+000  0.00000E+000  0.00000E+000  0.00000E+000  0.00000E+000
   113 2.079651E+00 2.786616E+01     0  0.00000E+000  0.00000E+000 -0.00000E+000  0.00000E+000 -0.00000E+000  0.00000E+000  0.00000E+000  0.00000E+000  0.00000E+000  0.00000E+000  0.00000E+000
   114 2.079651E+00 2.994581E+01     0  0.00000E+000  0.00000E+000 -0.00000E+000  0.00000E+000 -0.00000E+000  0.00000E+000  0.00000E+000  0.00000E+000  0.00000E+000  0.00000E+000  0.00000E+000
   115 2.287616E+00 3.223342E+01     0  0.00000E+000  0.00000E+000 -0.00000E+000  0.00000E+000 -0.00000E+000  0.00000E+000  0.00000E+000  0.00000E+000  0.00000E+000  0.00000E+000  0.00000E+000
   116 2.287616E+00 3.452104E+01     0  0.00000E+000  0.00000E+000 -0.00000E+000  0.00000E+000 -0.00000E+000  0.00000E+000  0.00000E+000  0.00000E+000  0.00000E+000  0.00000E+000  0.00000E+000
   117 2.287616E+00 3.680866E+01     0  0.00000E+000  0.00000E+000 -0.00000E+000  0.00000E+000 -0.00000E+000  0.00000E+000  0.00000E+000  0.00000E+000  0.00000E+000  0.00000E+000  0.00000E+000
   118 2.516377E+00 3.932503E+01     0  0.00000E+000  0.00000E+000 -0.00000E+000  0.00000E+000 -0.00000E+000  0.00000E+000  0.00000E+000  0.00000E+000  0.00000E+000  0.00000E+000  0.00000E+000
   119 2.768015E+00 4.209305E+01     0  0.00000E+000  0.00000E+000 -0.00000E+000  0.00000E+000 -0.00000E+000  0.00000E+000  0.00000E+000  0.00000E+000  0.00000E+000  0.00000E+000  0.00000E+000
   120 3.044816E+00 4.513786E+01     0  0.00000E+000  0.00000E+000 -0.00000E+000  0.00000E+000 -0.00000E+000  0.00000E+000  0.00000E+000  0.00000E+000  0.00000E+000  0.00000E+000  0.00000E+000
   121 3.349298E+00 4.848716E+01     0  0.00000E+000  0.00000E+000 -0.00000E+000  0.00000E+000 -0.00000E+000  0.00000E+000  0.00000E+000  0.00000E+000  0.00000E+000  0.00000E+000  0.00000E+000
   122 3.684228E+00 5.217139E+01     0  0.00000E+000  0.00000E+000 -0.00000E+000  0.00000E+000 -0.00000E+000  0.00000E+000  0.00000E+000  0.00000E+000  0.00000E+000  0.00000E+000  0.00000E+000
   123 4.052651E+00 5.622404E+01     0  0.00000E+000  0.00000E+000 -0.00000E+000  0.00000E+000 -0.00000E+000  0.00000E+000  0.00000E+000  0.00000E+000  0.00000E+000  0.00000E+000  0.00000E+000
   124 4.052651E+00 6.027669E+01     0  0.00000E+000  0.00000E+000 -0.00000E+000  0.00000E+000 -0.00000E+000  0.00000E+000  0.00000E+000  0.00000E+000  0.00000E+000  0.00000E+000  0.00000E+000
   125 4.457916E+00 6.473461E+01     0  0.00000E+000  0.00000E+000 -0.00000E+000  0.00000E+000 -0.00000E+000  0.00000E+000  0.00000E+000  0.00000E+000  0.00000E+000  0.00000E+000  0.00000E+000
   126 4.903707E+00 6.963831E+01     0  0.00000E+000  0.00000E+000 -0.00000E+000  0.00000E+000 -0.00000E+000  0.00000E+000  0.00000E+000  0.00000E+000  0.00000E+000  0.00000E+000  0.00000E+000
   127 5.394078E+00 7.503239E+01     0  0.00000E+000  0.00000E+000 -0.00000E+000  0.00000E+000 -0.00000E+000  0.00000E+000  0.00000E+000  0.00000E+000  0.00000E+000  0.00000E+000  0.00000E+000
   128 5.933486E+00 8.096588E+01     0  0.00000E+000  0.00000E+000 -0.00000E+000  0.00000E+000 -0.00000E+000  0.00000E+000  0.00000E+000  0.00000E+000  0.00000E+000  0.00000E+000  0.00000E+000
   129 6.526834E+00 8.749271E+01     0  0.00000E+000  0.00000E+000 -0.00000E+000  0.00000E+000 -0.00000E+000  0.00000E+000  0.00000E+000  0.00000E+000  0.00000E+000  0.00000E+000  0.00000E+000
   130 6.526834E+00 9.401955E+01     0  0.00000E+000  0.00000E+000 -0.00000E+000  0.00000E+000 -0.00000E+000  0.00000E+000  0.00000E+000  0.00000E+000  0.00000E+000  0.00000E+000  0.00000E+000
   131 7.179518E+00 1.011991E+02     0  0.00000E+000  0.00000E+000 -0.00000E+000  0.00000E+000 -0.00000E+000  0.00000E+000  0.00000E+000  0.00000E+000  0.00000E+000  0.00000E+000  0.00000E+000
   132 7.897470E+00 1.090965E+02     0  0.00000E+000  0.00000E+000 -0.00000E+000  0.00000E+000 -0.00000E+000  0.00000E+000  0.00000E+000  0.00000E+000  0.00000E+000  0.00000E+000  0.00000E+000
   133 8.687217E+00 1.177837E+02     0  0.00000E+000  0.00000E+000 -0.00000E+000  0.00000E+000 -0.00000E+000  0.00000E+000  0.00000E+000  0.00000E+000  0.00000E+000  0.00000E+000  0.00000E+000
   134 9.555938E+00 1.273397E+02     0  0.00000E+000  0.00000E+000 -0.00000E+000  0.00000E+000 -0.00000E+000  0.00000E+000  0.00000E+000  0.00000E+000  0.00000E+000  0.00000E+000  0.00000E+000
   135 1.051153E+01 1.378512E+02     0  0.00000E+000  0.00000E+000 -0.00000E+000  0.00000E+000 -0.00000E+000  0.00000E+000  0.00000E+000  0.00000E+000  0.00000E+000  0.00000E+000  0.00000E+000
   136 1.156269E+01 1.494139E+02     0  0.00000E+000  0.00000E+000 -0.00000E+000  0.00000E+000 -0.00000E+000  0.00000E+000  0.00000E+000  0.00000E+000  0.00000E+000  0.00000E+000  0.00000E+000
   137 1.271895E+01 1.621329E+02     0  0.00000E+000  0.00000E+000 -0.00000E+000  0.00000E+000 -0.00000E+000  0.00000E+000  0.00000E+000  0.00000E+000  0.00000E+000  0.00000E+000  0.00000E+000
   138 1.399085E+01 1.761237E+02     0  0.00000E+000  0.00000E+000 -0.00000E+000  0.00000E+000 -0.00000E+000  0.00000E+000  0.00000E+000  0.00000E+000  0.00000E+000  0.00000E+000  0.00000E+000
   139 1.538993E+01 1.915136E+02     0  0.00000E+000  0.00000E+000 -0.00000E+000  0.00000E+000 -0.00000E+000  0.00000E+000  0.00000E+000  0.00000E+000  0.00000E+000  0.00000E+000  0.00000E+000
   140 1.538993E+01 2.069036E+02     0  0.00000E+000  0.00000E+000 -0.00000E+000  0.00000E+000 -0.00000E+000  0.00000E+000  0.00000E+000  0.00000E+000  0.00000E+000  0.00000E+000  0.00000E+000
   141 1.538993E+01 2.222935E+02     0  0.00000E+000  0.00000E+000 -0.00000E+000  0.00000E+000 -0.00000E+000  0.00000E+000  0.00000E+000  0.00000E+000  0.00000E+000  0.00000E+000  0.00000E+000
   142 1.692893E+01 2.392224E+02     0  0.00000E+000  0.00000E+000 -0.00000E+000  0.00000E+000 -0.00000E+000  0.00000E+000  0.00000E+000  0.00000E+000  0.00000E+000  0.00000E+000  0.00000E+000
   143 1.692893E+01 2.561514E+02     0  0.00000E+000  0.00000E+000 -0.00000E+000  0.00000E+000 -0.00000E+000  0.00000E+000  0.00000E+000  0.00000E+000  0.00000E+000  0.00000E+000  0.00000E+000
   144 1.862182E+01 2.747732E+02     0  0.00000E+000  0.00000E+000 -0.00000E+000  0.00000E+000 -0.00000E+000  0.00000E+000  0.00000E+000  0.00000E+000  0.00000E+000  0.00000E+000  0.00000E+000
   145 1.862182E+01 2.933950E+02     0  0.00000E+000  0.00000E+000 -0.00000E+000  0.00000E+000 -0.00000E+000  0.00000E+000  0.00000E+000  0.00000E+000  0.00000E+000  0.00000E+000  0.00000E+000
   146 2.048400E+01 3.138790E+02     0  0.00000E+000  0.00000E+000 -0.00000E+000  0.00000E+000 -0.00000E+000  0.00000E+000  0.00000E+000  0.00000E+000  0.00000E+000  0.00000E+000  0.00000E+000
   147 2.253240E+01 3.364114E+02     0  0.00000E+000  0.00000E+000 -0.00000E+000  0.00000E+000 -0.00000E+000  0.00000E+000  0.00000E+000  0.00000E+000  0.00000E+000  0.00000E+000  0.00000E+000
   148 2.253240E+01 3.589438E+02     0  0.00000E+000  0.00000E+000 -0.00000E+000  0.00000E+000 -0.00000E+000  0.00000E+000  0.00000E+000  0.00000E+000  0.00000E+000  0.00000E+000  0.00000E+000
   149 2.478564E+01 3.837295E+02     0  0.00000E+000  0.00000E+000 -0.00000E+000  0.00000E+000 -0.00000E+000  0.00000E+000  0.00000E+000  0.00000E+000  0.00000E+000  0.00000E+000  0.00000E+000
   150 2.726421E+01 4.109937E+02     0  0.00000E+000  0.00000E+000 -0.00000E+000  0.00000E+000 -0.00000E+000  0.00000E+000  0.00000E+000  0.00000E+000  0.00000E+000  0.00000E+000  0.00000E+000
   151 2.726421E+01 4.382579E+02     0  0.00000E+000  0.00000E+000 -0.00000E+000  0.00000E+000 -0.00000E+000  0.00000E+000  0.00000E+000  0.00000E+000  0.00000E+000  0.00000E+000  0.00000E+000
   152 2.999063E+01 4.682485E+02     0  0.00000E+000  0.00000E+000 -0.00000E+000  0.00000E+000 -0.00000E+000  0.00000E+000  0.00000E+000  0.00000E+000  0.00000E+000  0.00000E+000  0.00000E+000
   153 3.298969E+01 5.012382E+02     0  0.00000E+000  0.00000E+000 -0.00000E+000  0.00000E+000 -0.00000E+000  0.00000E+000  0.00000E+000  0.00000E+000  0.00000E+000  0.00000E+000  0.00000E+000
   154 3.298969E+01 5.342279E+02     0  0.00000E+000  0.00000E+000 -0.00000E+000  0.00000E+000 -0.00000E+000  0.00000E+000  0.00000E+000  0.00000E+000  0.00000E+000  0.00000E+000  0.00000E+000
