<<<<<<< Updated upstream
=======
      0  0.00000000E+00     NSTEP   TIME
 SURFACE NODE =   441  X =   1.0000E+01  Y =   0.0000E+00
              Z  PRESSURE HEAD             SW           CKRW        QTRANIE
   3.350000E-01   0.000000E+00   1.000000E+00   1.000000E+00   0.000000E+00   0.000000E+00
   3.290000E-01   6.000000E-03   1.000000E+00   1.000000E+00   0.000000E+00   0.000000E+00
   3.170000E-01   1.800000E-02   1.000000E+00   1.000000E+00   0.000000E+00   0.000000E+00
   2.990000E-01   3.600000E-02   1.000000E+00   1.000000E+00   0.000000E+00   0.000000E+00
   2.750000E-01   6.000000E-02   1.000000E+00   1.000000E+00   0.000000E+00   0.000000E+00
   2.450000E-01   9.000000E-02   1.000000E+00   1.000000E+00   0.000000E+00   0.000000E+00
   2.150000E-01   1.200000E-01   1.000000E+00   1.000000E+00   0.000000E+00   0.000000E+00
   1.550000E-01   1.800000E-01   1.000000E+00   1.000000E+00   0.000000E+00   0.000000E+00
   9.500000E-02   2.400000E-01   1.000000E+00   1.000000E+00   0.000000E+00   0.000000E+00
  -5.500000E-02   3.900000E-01   1.000000E+00   1.000000E+00   0.000000E+00   0.000000E+00
  -2.050000E-01   5.400000E-01   1.000000E+00   1.000000E+00   0.000000E+00   0.000000E+00
  -5.050000E-01   8.400000E-01   1.000000E+00   1.000000E+00   0.000000E+00   0.000000E+00
  -8.050000E-01   1.140000E+00   1.000000E+00   1.000000E+00   0.000000E+00   0.000000E+00
  -1.405000E+00   1.740000E+00   1.000000E+00   1.000000E+00   0.000000E+00   0.000000E+00
  -2.005000E+00   2.340000E+00   1.000000E+00   1.000000E+00   0.000000E+00   0.000000E+00
  -2.665000E+00   3.000000E+00   1.000000E+00   1.000000E+00   0.000000E+00   0.000000E+00
      1  1.95312500E-02     NSTEP   TIME
 SURFACE NODE =   441  X =   1.0000E+01  Y =   0.0000E+00
              Z  PRESSURE HEAD             SW           CKRW        QTRANIE
   3.350000E-01   2.310684E-07   1.000000E+00   1.000000E+00   0.000000E+00   0.000000E+00
   3.290000E-01   6.368750E-03   1.000000E+00   1.000000E+00   0.000000E+00   0.000000E+00
   3.170000E-01   1.908874E-02   1.000000E+00   1.000000E+00   0.000000E+00   0.000000E+00
   2.990000E-01   3.812915E-02   1.000000E+00   1.000000E+00   0.000000E+00   0.000000E+00
   2.750000E-01   6.344737E-02   1.000000E+00   1.000000E+00   0.000000E+00   0.000000E+00
   2.450000E-01   9.499256E-02   1.000000E+00   1.000000E+00   0.000000E+00   0.000000E+00
   2.150000E-01   1.264363E-01   1.000000E+00   1.000000E+00   0.000000E+00   0.000000E+00
   1.550000E-01   1.890169E-01   1.000000E+00   1.000000E+00   0.000000E+00   0.000000E+00
   9.500000E-02   2.512798E-01   1.000000E+00   1.000000E+00   0.000000E+00   0.000000E+00
  -5.500000E-02   4.056294E-01   1.000000E+00   1.000000E+00   0.000000E+00   0.000000E+00
  -2.050000E-01   5.588039E-01   1.000000E+00   1.000000E+00   0.000000E+00   0.000000E+00
  -5.050000E-01   8.626412E-01   1.000000E+00   1.000000E+00   0.000000E+00   0.000000E+00
  -8.050000E-01   1.164715E+00   1.000000E+00   1.000000E+00   0.000000E+00   0.000000E+00
  -1.405000E+00   1.766651E+00   1.000000E+00   1.000000E+00   0.000000E+00   0.000000E+00
  -2.005000E+00   2.367398E+00   1.000000E+00   1.000000E+00   0.000000E+00   0.000000E+00
  -2.665000E+00   3.028630E+00   1.000000E+00   1.000000E+00   0.000000E+00   0.000000E+00
   1027  8.64000000E+04     NSTEP   TIME
 SURFACE NODE =   441  X =   1.0000E+01  Y =   0.0000E+00
              Z  PRESSURE HEAD             SW           CKRW        QTRANIE
   3.350000E-01   2.938306E-03   1.000000E+00   1.000000E+00   0.000000E+00   0.000000E+00
   3.290000E-01   9.484624E-03   1.000000E+00   1.000000E+00   0.000000E+00   0.000000E+00
   3.170000E-01   2.255929E-02   1.000000E+00   1.000000E+00   0.000000E+00   0.000000E+00
   2.990000E-01   4.213207E-02   1.000000E+00   1.000000E+00   0.000000E+00   0.000000E+00
   2.750000E-01   6.815993E-02   1.000000E+00   1.000000E+00   0.000000E+00   0.000000E+00
   2.450000E-01   1.005902E-01   1.000000E+00   1.000000E+00   0.000000E+00   0.000000E+00
   2.150000E-01   1.329151E-01   1.000000E+00   1.000000E+00   0.000000E+00   0.000000E+00
   1.550000E-01   1.972376E-01   1.000000E+00   1.000000E+00   0.000000E+00   0.000000E+00
   9.500000E-02   2.612100E-01   1.000000E+00   1.000000E+00   0.000000E+00   0.000000E+00
  -5.500000E-02   4.196045E-01   1.000000E+00   1.000000E+00   0.000000E+00   0.000000E+00
  -2.050000E-01   5.765155E-01   1.000000E+00   1.000000E+00   0.000000E+00   0.000000E+00
  -5.050000E-01   8.865832E-01   1.000000E+00   1.000000E+00   0.000000E+00   0.000000E+00
  -8.050000E-01   1.193721E+00   1.000000E+00   1.000000E+00   0.000000E+00   0.000000E+00
  -1.405000E+00   1.801790E+00   1.000000E+00   1.000000E+00   0.000000E+00   0.000000E+00
  -2.005000E+00   2.405699E+00   1.000000E+00   1.000000E+00   0.000000E+00   0.000000E+00
  -2.665000E+00   3.066777E+00   1.000000E+00   1.000000E+00   0.000000E+00   0.000000E+00
   1027  8.64000000E+04     NSTEP   TIME
 SURFACE NODE =   441  X =   1.0000E+01  Y =   0.0000E+00
              Z  PRESSURE HEAD             SW           CKRW        QTRANIE
   3.350000E-01   2.938306E-03   1.000000E+00   1.000000E+00   0.000000E+00   0.000000E+00
   3.290000E-01   9.484624E-03   1.000000E+00   1.000000E+00   0.000000E+00   0.000000E+00
   3.170000E-01   2.255929E-02   1.000000E+00   1.000000E+00   0.000000E+00   0.000000E+00
   2.990000E-01   4.213207E-02   1.000000E+00   1.000000E+00   0.000000E+00   0.000000E+00
   2.750000E-01   6.815993E-02   1.000000E+00   1.000000E+00   0.000000E+00   0.000000E+00
   2.450000E-01   1.005902E-01   1.000000E+00   1.000000E+00   0.000000E+00   0.000000E+00
   2.150000E-01   1.329151E-01   1.000000E+00   1.000000E+00   0.000000E+00   0.000000E+00
   1.550000E-01   1.972376E-01   1.000000E+00   1.000000E+00   0.000000E+00   0.000000E+00
   9.500000E-02   2.612100E-01   1.000000E+00   1.000000E+00   0.000000E+00   0.000000E+00
  -5.500000E-02   4.196045E-01   1.000000E+00   1.000000E+00   0.000000E+00   0.000000E+00
  -2.050000E-01   5.765155E-01   1.000000E+00   1.000000E+00   0.000000E+00   0.000000E+00
  -5.050000E-01   8.865832E-01   1.000000E+00   1.000000E+00   0.000000E+00   0.000000E+00
  -8.050000E-01   1.193721E+00   1.000000E+00   1.000000E+00   0.000000E+00   0.000000E+00
  -1.405000E+00   1.801790E+00   1.000000E+00   1.000000E+00   0.000000E+00   0.000000E+00
  -2.005000E+00   2.405699E+00   1.000000E+00   1.000000E+00   0.000000E+00   0.000000E+00
  -2.665000E+00   3.066777E+00   1.000000E+00   1.000000E+00   0.000000E+00   0.000000E+00
>>>>>>> Stashed changes
