#TIME      <--- WTDEPTH(NODVP(I)), I=1,2,...,NUMVP --->
   1.953125E-02   3.350002E-01
   2.953125E-02   3.350002E-01
   4.053125E-02   3.350004E-01
   5.153125E-02   3.350005E-01
   6.253125E-02   3.350007E-01
   7.253125E-02   3.350008E-01
   8.253125E-02   3.350010E-01
   9.253125E-02   3.350012E-01
   1.025312E-01   3.350013E-01
   1.125312E-01   3.350015E-01
   1.225312E-01   3.350017E-01
   1.325312E-01   3.350019E-01
   1.425312E-01   3.350021E-01
   1.525313E-01   3.350023E-01
   1.625313E-01   3.350024E-01
   1.725313E-01   3.350026E-01
   1.825313E-01   3.350028E-01
   1.925313E-01   3.350030E-01
   2.025313E-01   3.350032E-01
   2.125313E-01   3.350034E-01
   2.225313E-01   3.350036E-01
   2.325313E-01   3.350038E-01
   2.425313E-01   3.350040E-01
   2.525313E-01   3.350042E-01
   2.625313E-01   3.350044E-01
   2.725313E-01   3.350047E-01
   2.825313E-01   3.350049E-01
   2.935313E-01   3.350051E-01
   3.045313E-01   3.350054E-01
   3.155313E-01   3.350056E-01
   3.276313E-01   3.350059E-01
   3.397313E-01   3.350061E-01
   3.518313E-01   3.350064E-01
   3.639313E-01   3.350066E-01
   3.772413E-01   3.350070E-01
   3.918823E-01   3.350073E-01
   4.065233E-01   3.350076E-01
   4.226284E-01   3.350080E-01
   4.387335E-01   3.350084E-01
   4.548386E-01   3.350087E-01
   4.725542E-01   3.350092E-01
   4.920413E-01   3.350096E-01
   5.115285E-01   3.350101E-01
   5.329644E-01   3.350106E-01
   5.544003E-01   3.350111E-01
   5.779798E-01   3.350116E-01
   6.015592E-01   3.350121E-01
   6.274967E-01   3.350128E-01
   6.560278E-01   3.350135E-01
   6.845590E-01   3.350141E-01
   7.159433E-01   3.350149E-01
   7.473276E-01   3.350156E-01
   7.818503E-01   3.350164E-01
   8.163730E-01   3.350172E-01
   8.508957E-01   3.350180E-01
   8.888707E-01   3.350189E-01
   9.306432E-01   3.350199E-01
   9.724156E-01   3.350209E-01
   1.018365E+00   3.350220E-01
   1.064315E+00   3.350230E-01
   1.114860E+00   3.350243E-01
   1.170459E+00   3.350256E-01
   1.231618E+00   3.350271E-01
   1.298893E+00   3.350288E-01
   1.372896E+00   3.350306E-01
   1.454298E+00   3.350326E-01
   1.535701E+00   3.350344E-01
   1.625244E+00   3.350367E-01
   1.723741E+00   3.350391E-01
   1.832088E+00   3.350418E-01
   1.940436E+00   3.350442E-01
   2.048783E+00   3.350466E-01
   2.167964E+00   3.350495E-01
   2.299064E+00   3.350527E-01
   2.443274E+00   3.350563E-01
   2.601905E+00   3.350602E-01
   2.760536E+00   3.350637E-01
   2.935030E+00   3.350680E-01
   3.109524E+00   3.350719E-01
   3.301468E+00   3.350767E-01
   3.512605E+00   3.350819E-01
   3.744857E+00   3.350876E-01
   4.000334E+00   3.350939E-01
   4.255810E+00   3.350996E-01
   4.536835E+00   3.351065E-01
   4.817859E+00   3.351127E-01
   5.126986E+00   3.351204E-01
   5.467025E+00   3.351287E-01
   5.841069E+00   3.351379E-01
   6.252517E+00   3.351481E-01
   6.663964E+00   3.351572E-01
   7.075412E+00   3.351664E-01
   7.528005E+00   3.351775E-01
   7.980597E+00   3.351876E-01
   8.478449E+00   3.351999E-01
   9.026086E+00   3.352134E-01
   9.628487E+00   3.352282E-01
   1.029113E+01   3.352445E-01
   1.095377E+01   3.352592E-01
   1.161641E+01   3.352740E-01
   1.227905E+01   3.352887E-01
   1.300795E+01   3.353067E-01
   1.380975E+01   3.353264E-01
   1.469172E+01   3.353481E-01
   1.566190E+01   3.353720E-01
   1.672909E+01   3.353982E-01
   1.790300E+01   3.354271E-01
   1.919429E+01   3.354589E-01
   2.061472E+01   3.354938E-01
   2.217720E+01   3.355323E-01
   2.389592E+01   3.355745E-01
   2.578651E+01   3.356210E-01
   2.786616E+01   3.356722E-01
   2.994581E+01   3.357184E-01
   3.223342E+01   3.357747E-01
   3.452104E+01   3.358256E-01
   3.680866E+01   3.358764E-01
   3.932503E+01   3.359382E-01
   4.209305E+01   3.360061E-01
   4.513786E+01   3.360808E-01
   4.848716E+01   3.361628E-01
   5.217139E+01   3.362529E-01
   5.622404E+01   3.363519E-01
   6.027669E+01   3.364411E-01
   6.473461E+01   3.365495E-01
   6.963831E+01   3.366682E-01
   7.503239E+01   3.367984E-01
   8.096588E+01   3.369409E-01
   8.749271E+01   3.370968E-01
   9.401955E+01   3.372365E-01
   1.011991E+02   3.374051E-01
