   5.0000000000000000        5.3870126048145548E-007
  0.46875000000000000        5.3870126048145548E-007
  0.64062500000000000        5.3870126048145548E-007
  0.82968750000000002        5.3870126048145548E-007
   1.0376562499999999        5.3870126048145548E-007
   1.2664218750000000        5.3870126048145548E-007
   1.5180640625000001        5.3870126048145548E-007
   1.7948704687500001        5.3870126048145548E-007
   2.0993575156250004        5.3860799973127650E-007
   2.4342932671875004        5.3863408742338804E-007
   2.8027225939062506        5.3863342762478044E-007
   3.2079948532968761        5.3863649986626903E-007
   3.6537943386265637        5.3863995049890737E-007
   4.1441737724892205        5.3864385991948866E-007
   4.6835911497381426        5.3864828982869390E-007
   5.2769502647119575        5.3865331013184191E-007
   5.9296452911831539        5.3865900073379381E-007
   6.6476098203014695        5.3866545304984891E-007
   7.4373708023316167        5.3867277171326033E-007
   8.3061078825647794        5.3868107654686320E-007
   9.2617186708212582        5.3869050484460587E-007
   10.217329459077737        5.3869677579529308E-007
   11.268501326159864        5.3869928520064239E-007
   12.319673193241991        5.3870126048145548E-007
   13.475962247032331        5.3870126048145548E-007
   14.747880206201705        5.3870126048145548E-007
   16.146989961288014        5.3870126048145548E-007
   17.686010691882956        5.3870126048145548E-007
   19.378933495537392        5.3870126048145548E-007
   21.241148579557272        5.3870126048145548E-007
   23.289585171979141        5.3870126048145548E-007
   25.542865423643196        5.3870126048145548E-007
   28.021473700473656        5.3870126048145548E-007
   30.747942804987165        5.3870126048145548E-007
   33.747058819952024        5.3870126048145548E-007
   37.046086436413368        5.3870126048145548E-007
   40.675016814520845        5.3870126048145548E-007
   44.666840230439071        5.3870126048145548E-007
   49.057845987949122        5.3870126048145548E-007
   53.887952321210179        5.3870126048145548E-007
   59.201069287797338        5.3870126048145548E-007
   65.045497951043217        5.3870126048145548E-007
   71.474369480613689        5.3870126048145548E-007
   78.546128163141205        5.3870126048145548E-007
   86.325062713921469        5.3870126048145548E-007
   94.881890719779761        5.3870126048145548E-007
   104.29440152622388        5.3870126048145548E-007
   114.64816341331242        5.3870126048145548E-007
   126.03730148910981        5.3870126048145548E-007
   138.56535337248695        5.3870126048145548E-007
   152.34621044420180        5.3870126048145548E-007
   167.50515322308814        5.3870126048145548E-007
   184.17999027986312        5.3870126048145548E-007
   202.52231104231558        5.3870126048145548E-007
   222.69886388101330        5.3870126048145548E-007
   244.89307200358078        5.3870126048145548E-007
   269.30670093840502        5.3870126048145548E-007
   296.16169276671167        5.3870126048145548E-007
   325.70218377784897        5.3870126048145548E-007
   358.19672389010003        5.3870126048145548E-007
   393.94071801357620        5.3870126048145548E-007
   433.25911154940002        5.3870126048145548E-007
   476.50934443880618        5.3870126048145548E-007
   524.08460061715300        5.3870126048145548E-007
   576.41738241333451        5.3870126048145548E-007
   633.98344238913410        5.3870126048145548E-007
   697.30610836251367        5.3870126048145548E-007
   766.96104093323129        5.3870126048145548E-007
   843.58146676102069        5.3870126048145548E-007
   927.86393517158899        5.3870126048145548E-007
   1020.5746504232141        5.3870126048145548E-007
   1120.5746504232141        5.3870126048145548E-007
   1220.5746504232141        5.3870126048145548E-007
   1320.5746504232141        5.3870126048145548E-007
   1420.5746504232141        5.3870126048145548E-007
   1520.5746504232141        5.3870126048145548E-007
   1620.5746504232141        5.3870126048145548E-007
   1720.5746504232141        5.3870126048145548E-007
   1820.5746504232141        5.3870126048145548E-007
   1920.5746504232141        5.3870126048145548E-007
   2020.5746504232141        5.3870126048145548E-007
   2120.5746504232138        5.5893256417305976E-007
   2220.5746504232138        6.4894707079767762E-007
   2320.5746504232138        8.3682272167856235E-007
   2420.5746504232138        1.1158122270291593E-006
   2520.5746504232138        1.4840256256449770E-006
   2620.5746504232138        1.8620071079311990E-006
   2720.5746504232138        2.0859969964495599E-006
   2820.5746504232138        2.1343945764306710E-006
   2920.5746504232138        2.1352221504955880E-006
   3020.5746504232138        2.1354988338694620E-006
   3120.5746504232138        2.1354988338694620E-006
   3220.5746504232138        2.1354988338694620E-006
   3320.5746504232138        2.1354988338694620E-006
   3420.5746504232138        2.1354988338694620E-006
   3520.5746504232138        2.1354988338694620E-006
   3620.5746504232138        2.1354988338694620E-006
   3720.5746504232138        2.1354988338694620E-006
   3820.5746504232138        2.1354988338694620E-006
   3920.5746504232138        2.1354988338694620E-006
   4020.5746504232138        2.1354988338694620E-006
   4120.5746504232138        2.1354988338694620E-006
   4220.5746504232138        2.1354988338694620E-006
   4320.5746504232138        2.1354988338694620E-006
   4420.5746504232138        2.1354988338694620E-006
   4520.5746504232138        2.1354988338694620E-006
   4620.5746504232138        2.1354988338694620E-006
   4720.5746504232138        2.1354988338694620E-006
   4820.5746504232138        2.1354988338694620E-006
   4920.5746504232138        2.1354988338694620E-006
   5020.5746504232138        2.1354988338694620E-006
   5120.5746504232138        2.1354988338694620E-006
   5220.5746504232138        2.1354988338694620E-006
   5320.5746504232138        2.1354988338694620E-006
   5420.5746504232138        2.1354988338694620E-006
   5520.5746504232138        2.1354988338694620E-006
   5620.5746504232138        2.1354988338694620E-006
   5720.5746504232138        2.1354988338694620E-006
   5820.5746504232138        2.1354988338694620E-006
   5920.5746504232138        2.1354988338694620E-006
   6020.5746504232138        2.1354988338694620E-006
   6120.5746504232138        2.1354988338694620E-006
   6220.5746504232138        2.1354988338694620E-006
   6320.5746504232138        2.1354988338694620E-006
   6420.5746504232138        2.1354988338694620E-006
   6520.5746504232138        2.1354988338694620E-006
   6620.5746504232138        2.1354988338694620E-006
   6720.5746504232138        2.1354988338694620E-006
   6820.5746504232138        2.1354988338694620E-006
   6920.5746504232138        2.1354988338694620E-006
   7020.5746504232138        2.1354988338694620E-006
   7120.5746504232138        2.1354988338694620E-006
   7220.5746504232138        2.1354988338694620E-006
   7320.5746504232138        2.1354988338694620E-006
   7420.5746504232138        2.1354988338694620E-006
   7520.5746504232138        2.1354988338694620E-006
   7620.5746504232138        2.1354988338694620E-006
   7720.5746504232138        2.1354988338694620E-006
   7820.5746504232138        2.1354988338694620E-006
   7920.5746504232138        2.1354988338694620E-006
   8020.5746504232138        2.1354988338694620E-006
   8120.5746504232138        2.1354988338694620E-006
   8220.5746504232138        2.1354988338694620E-006
   8320.5746504232138        2.1354988338694620E-006
   8420.5746504232138        2.1354988338694620E-006
   8520.5746504232138        2.1354988338694620E-006
   8620.5746504232138        2.1354988338694620E-006
   8720.5746504232138        2.1354988338694620E-006
   8820.5746504232138        2.1354988338694620E-006
   8920.5746504232138        2.1354988338694620E-006
   9020.5746504232138        2.1354988338694620E-006
   9120.5746504232138        2.1354988338694620E-006
   9220.5746504232138        2.1354988338694620E-006
   9320.5746504232138        2.1354988338694620E-006
   9420.5746504232138        2.1354988338694620E-006
   9520.5746504232138        2.1354988338694620E-006
   9620.5746504232138        2.1354988338694620E-006
