#NSTP            DELTAT         TIME    POT. FLUX    ACT. FLUX    OVL. FLUX    RET. FLUX    SEEP FLUX    REC. FLUX     REC.VOL.
         1  1.25000E+02  1.25000E+02  5.48625E-04  5.48625E-04  0.00000E+00  0.00000E+00  0.00000E+00  0.00000E+00  0.00000E+00
         2  6.25000E+01  1.87500E+02  5.48625E-04  5.48625E-04  0.00000E+00  0.00000E+00  0.00000E+00  0.00000E+00  0.00000E+00
         3  6.25000E+01  2.50000E+02  5.48625E-04  5.48625E-04  0.00000E+00  0.00000E+00  0.00000E+00  0.00000E+00  0.00000E+00
         4  6.25000E+01  3.12500E+02  5.48625E-04  5.48625E-04  0.00000E+00  0.00000E+00  0.00000E+00  0.00000E+00  0.00000E+00
         5  6.25000E+01  3.75000E+02  5.48625E-04  5.48625E-04  0.00000E+00  0.00000E+00  0.00000E+00  0.00000E+00  0.00000E+00
         6  6.25000E+01  4.37500E+02  5.48625E-04  5.48625E-04  0.00000E+00  0.00000E+00  0.00000E+00  0.00000E+00  0.00000E+00
         7  6.25000E+01  5.00000E+02  5.48625E-04  5.48625E-04  0.00000E+00  0.00000E+00  0.00000E+00  0.00000E+00  0.00000E+00
         8  6.25000E+01  5.62500E+02  5.48625E-04  5.48625E-04  0.00000E+00  0.00000E+00  0.00000E+00  0.00000E+00  0.00000E+00
         9  6.25000E+01  6.25000E+02  5.48625E-04  5.48625E-04  0.00000E+00  0.00000E+00  0.00000E+00  0.00000E+00  0.00000E+00
        10  6.25000E+01  6.87500E+02  5.48625E-04  5.48625E-04  0.00000E+00  0.00000E+00  0.00000E+00  0.00000E+00  0.00000E+00
        11  3.12500E+01  7.18750E+02  5.48625E-04  5.48625E-04  0.00000E+00  0.00000E+00  0.00000E+00  0.00000E+00  0.00000E+00
        12  3.12500E+01  7.50000E+02  5.48625E-04  5.48625E-04  0.00000E+00  0.00000E+00  0.00000E+00  0.00000E+00  0.00000E+00
        13  3.12500E+01  7.81250E+02  5.48625E-04  5.48625E-04  0.00000E+00  0.00000E+00  0.00000E+00  0.00000E+00  0.00000E+00
        14  3.12500E+01  8.12500E+02  5.48625E-04  5.48625E-04  0.00000E+00  0.00000E+00  0.00000E+00  0.00000E+00  0.00000E+00
        15  3.12500E+01  8.43750E+02  5.48625E-04  5.48625E-04  0.00000E+00  0.00000E+00  0.00000E+00  0.00000E+00  0.00000E+00
        16  3.12500E+01  8.75000E+02  5.48625E-04  5.48625E-04  0.00000E+00  0.00000E+00  0.00000E+00  0.00000E+00  0.00000E+00
        17  3.12500E+01  9.06250E+02  5.48625E-04  5.48625E-04  0.00000E+00  0.00000E+00  0.00000E+00  0.00000E+00  0.00000E+00
        18  3.12500E+01  9.37500E+02  5.48625E-04  5.48625E-04  0.00000E+00  0.00000E+00  0.00000E+00  0.00000E+00  0.00000E+00
        19  3.12500E+01  9.68750E+02  5.48625E-04  5.48625E-04  0.00000E+00  0.00000E+00  0.00000E+00  0.00000E+00  0.00000E+00
        20  3.12500E+01  1.00000E+03  5.48625E-04  5.48625E-04  0.00000E+00  0.00000E+00  0.00000E+00  0.00000E+00  0.00000E+00
        21  3.12500E+01  1.03125E+03  5.48625E-04  5.48625E-04  0.00000E+00  0.00000E+00  0.00000E+00  0.00000E+00  0.00000E+00
        22  3.12500E+01  1.06250E+03  5.48625E-04  5.48625E-04  0.00000E+00  0.00000E+00  0.00000E+00  0.00000E+00  0.00000E+00
        23  3.12500E+01  1.09375E+03  5.48625E-04  5.48625E-04  0.00000E+00  0.00000E+00  0.00000E+00  0.00000E+00  0.00000E+00
        24  3.12500E+01  1.12500E+03  5.48625E-04  5.48625E-04  0.00000E+00  0.00000E+00  0.00000E+00  0.00000E+00  0.00000E+00
        25  3.12500E+01  1.15625E+03  5.48625E-04  5.48625E-04  0.00000E+00  0.00000E+00  0.00000E+00  0.00000E+00  0.00000E+00
        26  3.12500E+01  1.18750E+03  5.48625E-04  5.48625E-04  0.00000E+00  0.00000E+00  0.00000E+00  0.00000E+00  0.00000E+00
        27  3.12500E+01  1.21875E+03  5.48625E-04  5.48625E-04  0.00000E+00  0.00000E+00  0.00000E+00  0.00000E+00  0.00000E+00
        28  3.12500E+01  1.25000E+03  5.48625E-04  5.48625E-04  0.00000E+00  0.00000E+00  0.00000E+00  0.00000E+00  0.00000E+00
        29  3.12500E+01  1.28125E+03  5.48625E-04  5.48625E-04  0.00000E+00  0.00000E+00  0.00000E+00  0.00000E+00  0.00000E+00
        30  3.12500E+01  1.31250E+03  5.48625E-04  5.48625E-04  0.00000E+00  0.00000E+00  0.00000E+00  0.00000E+00  0.00000E+00
        31  3.12500E+01  1.34375E+03  5.48625E-04  5.48625E-04  0.00000E+00  0.00000E+00  0.00000E+00  0.00000E+00  0.00000E+00
        32  3.12500E+01  1.37500E+03  5.48625E-04  5.48625E-04  0.00000E+00  0.00000E+00  0.00000E+00  0.00000E+00  0.00000E+00
        33  3.12500E+01  1.40625E+03  5.48625E-04  5.48625E-04  0.00000E+00  0.00000E+00  0.00000E+00  0.00000E+00  0.00000E+00
        34  3.12500E+01  1.43750E+03  5.48625E-04  5.48625E-04  0.00000E+00  0.00000E+00  0.00000E+00  0.00000E+00  0.00000E+00
        35  3.12500E+01  1.46875E+03  5.48625E-04  5.48625E-04  0.00000E+00  0.00000E+00  0.00000E+00  0.00000E+00  0.00000E+00
        36  3.12500E+01  1.50000E+03  5.48625E-04  5.48625E-04  0.00000E+00  0.00000E+00  0.00000E+00  0.00000E+00  0.00000E+00
        37  3.12500E+01  1.53125E+03  5.48625E-04  5.48625E-04  0.00000E+00  0.00000E+00  0.00000E+00  0.00000E+00  0.00000E+00
        38  3.12500E+01  1.56250E+03  5.48625E-04  5.48625E-04  0.00000E+00  0.00000E+00  0.00000E+00  0.00000E+00  0.00000E+00
        39  3.12500E+01  1.59375E+03  5.48625E-04  5.48625E-04  0.00000E+00  0.00000E+00  0.00000E+00  0.00000E+00  0.00000E+00
        40  3.43750E+01  1.62812E+03  5.48625E-04  5.48625E-04  0.00000E+00  0.00000E+00  0.00000E+00  0.00000E+00  0.00000E+00
        41  3.43750E+01  1.66250E+03  5.48625E-04  5.48625E-04  0.00000E+00  0.00000E+00  0.00000E+00  0.00000E+00  0.00000E+00
        42  3.43750E+01  1.69688E+03  5.48625E-04  5.48625E-04  0.00000E+00  0.00000E+00  0.00000E+00  0.00000E+00  0.00000E+00
        43  3.43750E+01  1.73125E+03  5.48625E-04  5.48625E-04  0.00000E+00  0.00000E+00  0.00000E+00  0.00000E+00  0.00000E+00
        44  3.78125E+01  1.76906E+03  5.48625E-04  5.48625E-04  0.00000E+00  0.00000E+00  0.00000E+00  0.00000E+00  0.00000E+00
        45  3.78125E+01  1.80688E+03  5.48625E-04  5.48625E-04  0.00000E+00  0.00000E+00  0.00000E+00  0.00000E+00  0.00000E+00
        46  3.78125E+01  1.84469E+03  5.48625E-04  5.48625E-04  0.00000E+00  0.00000E+00  0.00000E+00  0.00000E+00  0.00000E+00
        47  3.78125E+01  1.88250E+03  5.48625E-04  5.48625E-04  0.00000E+00  0.00000E+00  0.00000E+00  0.00000E+00  0.00000E+00
        48  4.15938E+01  1.92409E+03  5.48625E-04  5.48625E-04  0.00000E+00  0.00000E+00  0.00000E+00  0.00000E+00  0.00000E+00
        49  4.15938E+01  1.96569E+03  5.48625E-04  5.48625E-04  0.00000E+00  0.00000E+00  0.00000E+00  0.00000E+00  0.00000E+00
        50  4.15938E+01  2.00728E+03  5.48625E-04  5.48625E-04  0.00000E+00  0.00000E+00  0.00000E+00  0.00000E+00  0.00000E+00
        51  4.15938E+01  2.04888E+03  5.48625E-04  5.48625E-04  0.00000E+00  0.00000E+00  0.00000E+00  0.00000E+00  0.00000E+00
        52  4.15938E+01  2.09047E+03  5.48625E-04  5.48625E-04  0.00000E+00  0.00000E+00  0.00000E+00  0.00000E+00  0.00000E+00
        53  4.15938E+01  2.13206E+03  5.48625E-04  5.48625E-04  0.00000E+00  0.00000E+00  0.00000E+00  0.00000E+00  0.00000E+00
        54  4.15938E+01  2.17366E+03  5.48625E-04  5.48625E-04  0.00000E+00  0.00000E+00  0.00000E+00  0.00000E+00  0.00000E+00
        55  4.15938E+01  2.21525E+03  5.48625E-04  5.48625E-04  0.00000E+00  0.00000E+00  0.00000E+00  0.00000E+00  0.00000E+00
        56  4.15938E+01  2.25684E+03  5.48625E-04  5.48625E-04  0.00000E+00  0.00000E+00  0.00000E+00  0.00000E+00  0.00000E+00
        57  4.15938E+01  2.29844E+03  5.48625E-04  5.48625E-04  0.00000E+00  0.00000E+00  0.00000E+00  0.00000E+00  0.00000E+00
        58  4.15938E+01  2.34003E+03  5.48625E-04  5.48625E-04  0.00000E+00  0.00000E+00  0.00000E+00  0.00000E+00  0.00000E+00
        59  4.15938E+01  2.38162E+03  5.48625E-04  5.48625E-04  0.00000E+00  0.00000E+00  0.00000E+00  0.00000E+00  0.00000E+00
        60  4.15938E+01  2.42322E+03  5.48625E-04  5.48625E-04  0.00000E+00  0.00000E+00  0.00000E+00  0.00000E+00  0.00000E+00
        61  4.15938E+01  2.46481E+03  5.48625E-04  5.48625E-04  0.00000E+00  0.00000E+00  0.00000E+00  0.00000E+00  0.00000E+00
        62  4.15938E+01  2.50641E+03  5.48625E-04  5.48625E-04  0.00000E+00  0.00000E+00  0.00000E+00  0.00000E+00  0.00000E+00
        63  4.15938E+01  2.54800E+03  5.48625E-04  5.48625E-04  0.00000E+00  0.00000E+00  0.00000E+00  0.00000E+00  0.00000E+00
        64  4.15938E+01  2.58959E+03  5.48625E-04  5.48625E-04  0.00000E+00  0.00000E+00  0.00000E+00  0.00000E+00  0.00000E+00
        65  4.15938E+01  2.63119E+03  5.48625E-04  5.48625E-04  0.00000E+00  0.00000E+00  0.00000E+00  0.00000E+00  0.00000E+00
        66  4.15938E+01  2.67278E+03  5.48625E-04  5.48625E-04  0.00000E+00  0.00000E+00  0.00000E+00  0.00000E+00  0.00000E+00
        67  4.15938E+01  2.71438E+03  5.48625E-04  5.48625E-04  0.00000E+00  0.00000E+00  0.00000E+00  0.00000E+00  0.00000E+00
        68  4.15938E+01  2.75597E+03  5.48625E-04  5.48625E-04  0.00000E+00  0.00000E+00  0.00000E+00  0.00000E+00  0.00000E+00
        69  4.15938E+01  2.79756E+03  5.48625E-04  5.48625E-04  0.00000E+00  0.00000E+00  0.00000E+00  0.00000E+00  0.00000E+00
        70  4.15938E+01  2.83916E+03  5.48625E-04  5.48625E-04  0.00000E+00  0.00000E+00  0.00000E+00  0.00000E+00  0.00000E+00
        71  4.15938E+01  2.88075E+03  5.48625E-04  5.48625E-04  0.00000E+00  0.00000E+00  0.00000E+00  0.00000E+00  0.00000E+00
        72  4.15938E+01  2.92234E+03  5.48625E-04  5.48625E-04  0.00000E+00  0.00000E+00  0.00000E+00  0.00000E+00  0.00000E+00
        73  4.15938E+01  2.96394E+03  5.48625E-04  5.48625E-04  0.00000E+00  0.00000E+00  0.00000E+00  0.00000E+00  0.00000E+00
        74  4.15938E+01  3.00553E+03  5.48625E-04  5.48625E-04  0.00000E+00  0.00000E+00  0.00000E+00  0.00000E+00  0.00000E+00
        75  4.15938E+01  3.04712E+03  5.48625E-04  5.48625E-04  0.00000E+00  0.00000E+00  0.00000E+00  0.00000E+00  0.00000E+00
        76  4.15938E+01  3.08872E+03  5.48625E-04  5.48625E-04  0.00000E+00  0.00000E+00  0.00000E+00  0.00000E+00  0.00000E+00
        77  4.15938E+01  3.13031E+03  5.48625E-04  5.48625E-04  0.00000E+00  0.00000E+00  0.00000E+00  0.00000E+00  0.00000E+00
        78  4.15938E+01  3.17191E+03  5.48625E-04  5.48625E-04  0.00000E+00  0.00000E+00  0.00000E+00  0.00000E+00  0.00000E+00
        79  4.15938E+01  3.21350E+03  5.48625E-04  5.48625E-04  0.00000E+00  0.00000E+00  0.00000E+00  0.00000E+00  0.00000E+00
        80  4.15938E+01  3.25509E+03  5.48625E-04  5.48625E-04  0.00000E+00  0.00000E+00  0.00000E+00  0.00000E+00  0.00000E+00
        81  4.15938E+01  3.29669E+03  5.48625E-04  5.48625E-04  0.00000E+00  0.00000E+00  0.00000E+00  0.00000E+00  0.00000E+00
        82  4.15938E+01  3.33828E+03  5.48625E-04  5.48625E-04  0.00000E+00  0.00000E+00  0.00000E+00  0.00000E+00  0.00000E+00
        83  4.15938E+01  3.37988E+03  5.48625E-04  5.48625E-04  0.00000E+00  0.00000E+00  0.00000E+00  0.00000E+00  0.00000E+00
        84  4.15938E+01  3.42147E+03  5.48625E-04  5.48625E-04  0.00000E+00  0.00000E+00  0.00000E+00  0.00000E+00  0.00000E+00
        85  4.15938E+01  3.46306E+03  5.48625E-04  5.48625E-04  0.00000E+00  0.00000E+00  0.00000E+00  0.00000E+00  0.00000E+00
        86  4.15938E+01  3.50466E+03  5.48625E-04  5.48625E-04  0.00000E+00  0.00000E+00  0.00000E+00  0.00000E+00  0.00000E+00
        87  4.15938E+01  3.54625E+03  5.48625E-04  5.48625E-04  0.00000E+00  0.00000E+00  0.00000E+00  0.00000E+00  0.00000E+00
        88  4.15938E+01  3.58784E+03  5.48625E-04  5.48625E-04  0.00000E+00  0.00000E+00  0.00000E+00  0.00000E+00  0.00000E+00
        89  4.15938E+01  3.62944E+03  5.48625E-04  5.48625E-04  0.00000E+00  0.00000E+00  0.00000E+00  0.00000E+00  0.00000E+00
        90  4.15938E+01  3.67103E+03  5.48625E-04  5.48625E-04  0.00000E+00  0.00000E+00  0.00000E+00  0.00000E+00  0.00000E+00
        91  4.15938E+01  3.71262E+03  5.48625E-04  5.48625E-04  0.00000E+00  0.00000E+00  0.00000E+00  0.00000E+00  0.00000E+00
        92  4.15938E+01  3.75422E+03  5.48625E-04  5.48625E-04  0.00000E+00  0.00000E+00  0.00000E+00  0.00000E+00  0.00000E+00
        93  4.15938E+01  3.79581E+03  5.48625E-04  5.48625E-04  0.00000E+00  0.00000E+00  0.00000E+00  0.00000E+00  0.00000E+00
        94  4.15938E+01  3.83741E+03  5.48625E-04  5.48625E-04  0.00000E+00  0.00000E+00  0.00000E+00  0.00000E+00  0.00000E+00
        95  4.15938E+01  3.87900E+03  5.48625E-04  5.48625E-04  0.00000E+00  0.00000E+00  0.00000E+00  0.00000E+00  0.00000E+00
        96  4.15938E+01  3.92059E+03  5.48625E-04  5.48625E-04  0.00000E+00  0.00000E+00  0.00000E+00  0.00000E+00  0.00000E+00
        97  4.15938E+01  3.96219E+03  5.48625E-04  5.48625E-04  0.00000E+00  0.00000E+00  0.00000E+00  0.00000E+00  0.00000E+00
        98  4.15938E+01  4.00378E+03  5.48625E-04  5.48625E-04  0.00000E+00  0.00000E+00  0.00000E+00  0.00000E+00  0.00000E+00
        99  4.15938E+01  4.04538E+03  5.48625E-04  5.48625E-04  0.00000E+00  0.00000E+00  0.00000E+00  0.00000E+00  0.00000E+00
       100  4.15938E+01  4.08697E+03  5.48625E-04  5.48625E-04  0.00000E+00  0.00000E+00  0.00000E+00  0.00000E+00  0.00000E+00
       101  4.15938E+01  4.12856E+03  5.48625E-04  5.48625E-04  0.00000E+00  0.00000E+00  0.00000E+00  0.00000E+00  0.00000E+00
       102  4.15938E+01  4.17016E+03  5.48625E-04  5.48625E-04  0.00000E+00  0.00000E+00  0.00000E+00  0.00000E+00  0.00000E+00
       103  4.15938E+01  4.21175E+03  5.48625E-04  5.48625E-04  0.00000E+00  0.00000E+00  0.00000E+00  0.00000E+00  0.00000E+00
       104  4.15938E+01  4.25334E+03  5.48625E-04  5.48625E-04  0.00000E+00  0.00000E+00  0.00000E+00  0.00000E+00  0.00000E+00
       105  4.15938E+01  4.29494E+03  5.48625E-04  5.48625E-04  0.00000E+00  0.00000E+00  0.00000E+00  0.00000E+00  0.00000E+00
       106  4.15938E+01  4.33653E+03  5.48625E-04  5.48625E-04  0.00000E+00  0.00000E+00  0.00000E+00  0.00000E+00  0.00000E+00
       107  4.15938E+01  4.37812E+03  5.48625E-04  5.48625E-04  0.00000E+00  0.00000E+00  0.00000E+00  0.00000E+00  0.00000E+00
       108  4.15938E+01  4.41972E+03  5.48625E-04  5.48625E-04  0.00000E+00  0.00000E+00  0.00000E+00  0.00000E+00  0.00000E+00
       109  4.15938E+01  4.46131E+03  5.48625E-04  5.48625E-04  0.00000E+00  0.00000E+00  0.00000E+00  0.00000E+00  0.00000E+00
       110  4.15938E+01  4.50291E+03  5.48625E-04  5.48625E-04  0.00000E+00  0.00000E+00  0.00000E+00  0.00000E+00  0.00000E+00
       111  4.57531E+01  4.54866E+03  5.48625E-04  5.48625E-04  0.00000E+00  0.00000E+00  0.00000E+00  0.00000E+00  0.00000E+00
       112  4.57531E+01  4.59441E+03  5.48625E-04  5.48625E-04  0.00000E+00  0.00000E+00  0.00000E+00  0.00000E+00  0.00000E+00
       113  4.57531E+01  4.64017E+03  5.48625E-04  5.48625E-04  0.00000E+00  0.00000E+00  0.00000E+00  0.00000E+00  0.00000E+00
       114  4.57531E+01  4.68592E+03  5.48625E-04  5.48625E-04  0.00000E+00  0.00000E+00  0.00000E+00  0.00000E+00  0.00000E+00
       115  4.57531E+01  4.73167E+03  5.48625E-04  5.48625E-04  0.00000E+00  0.00000E+00  0.00000E+00  0.00000E+00  0.00000E+00
       116  4.57531E+01  4.77743E+03  5.48625E-04  5.48625E-04  0.00000E+00  0.00000E+00  0.00000E+00  0.00000E+00  0.00000E+00
       117  4.57531E+01  4.82318E+03  5.48625E-04  5.48625E-04  0.00000E+00  0.00000E+00  0.00000E+00  0.00000E+00  0.00000E+00
       118  4.57531E+01  4.86893E+03  5.48625E-04  5.48625E-04  0.00000E+00  0.00000E+00  0.00000E+00  0.00000E+00  0.00000E+00
       119  4.57531E+01  4.91468E+03  5.48625E-04  5.48625E-04  0.00000E+00  0.00000E+00  0.00000E+00  0.00000E+00  0.00000E+00
       120  4.57531E+01  4.96044E+03  5.48625E-04  5.48625E-04  0.00000E+00  0.00000E+00  0.00000E+00  0.00000E+00  0.00000E+00
       121  4.57531E+01  5.00619E+03  5.48625E-04  5.48625E-04  0.00000E+00  0.00000E+00  0.00000E+00  0.00000E+00  0.00000E+00
       122  4.57531E+01  5.05194E+03  5.48625E-04  5.48625E-04  0.00000E+00  0.00000E+00  0.00000E+00  0.00000E+00  0.00000E+00
       123  5.03284E+01  5.10227E+03  5.48625E-04  5.48625E-04  0.00000E+00  0.00000E+00  0.00000E+00  0.00000E+00  0.00000E+00
       124  5.03284E+01  5.15260E+03  5.48625E-04  5.48625E-04  0.00000E+00  0.00000E+00  0.00000E+00  0.00000E+00  0.00000E+00
       125  5.03284E+01  5.20293E+03  5.48625E-04  5.48625E-04  0.00000E+00  0.00000E+00  0.00000E+00  0.00000E+00  0.00000E+00
       126  5.03284E+01  5.25326E+03  5.48625E-04  5.48625E-04  0.00000E+00  0.00000E+00  0.00000E+00  0.00000E+00  0.00000E+00
       127  5.03284E+01  5.30359E+03  5.48625E-04  5.48625E-04  0.00000E+00  0.00000E+00  0.00000E+00  0.00000E+00  0.00000E+00
       128  5.03284E+01  5.35391E+03  5.48625E-04  5.48625E-04  0.00000E+00  0.00000E+00  0.00000E+00  0.00000E+00  0.00000E+00
       129  5.03284E+01  5.40424E+03  5.48625E-04  5.48625E-04  0.00000E+00  0.00000E+00  0.00000E+00  0.00000E+00  0.00000E+00
       130  5.03284E+01  5.45457E+03  5.48625E-04  5.48625E-04  0.00000E+00  0.00000E+00  0.00000E+00  0.00000E+00  0.00000E+00
       131  5.03284E+01  5.50490E+03  5.48625E-04  5.48625E-04  0.00000E+00  0.00000E+00  0.00000E+00  0.00000E+00  0.00000E+00
       132  5.03284E+01  5.55523E+03  5.48625E-04  5.48625E-04  0.00000E+00  0.00000E+00  0.00000E+00  0.00000E+00  0.00000E+00
       133  5.03284E+01  5.60556E+03  5.48625E-04  5.48625E-04  0.00000E+00  0.00000E+00  0.00000E+00  0.00000E+00  0.00000E+00
       134  5.03284E+01  5.65589E+03  5.48625E-04  5.48625E-04  0.00000E+00  0.00000E+00  0.00000E+00  0.00000E+00  0.00000E+00
       135  5.03284E+01  5.70621E+03  5.48625E-04  5.48625E-04  0.00000E+00  0.00000E+00  0.00000E+00  0.00000E+00  0.00000E+00
       136  5.03284E+01  5.75654E+03  5.48625E-04  5.48625E-04  0.00000E+00  0.00000E+00  0.00000E+00  0.00000E+00  0.00000E+00
       137  5.03284E+01  5.80687E+03  5.48625E-04  5.48625E-04  0.00000E+00  0.00000E+00  0.00000E+00  0.00000E+00  0.00000E+00
       138  5.03284E+01  5.85720E+03  5.48625E-04  5.48625E-04  0.00000E+00  0.00000E+00  0.00000E+00  0.00000E+00  0.00000E+00
       139  5.03284E+01  5.90753E+03  5.48625E-04  5.48625E-04  0.00000E+00  0.00000E+00  0.00000E+00  0.00000E+00  0.00000E+00
       140  5.03284E+01  5.95786E+03  5.48625E-04  5.48625E-04  0.00000E+00  0.00000E+00  0.00000E+00  0.00000E+00  0.00000E+00
       141  5.03284E+01  6.00818E+03  5.48625E-04  5.48625E-04  0.00000E+00  0.00000E+00  0.00000E+00  0.00000E+00  0.00000E+00
       142  5.03284E+01  6.05851E+03  5.48625E-04  5.48625E-04  0.00000E+00  0.00000E+00  0.00000E+00  0.00000E+00  0.00000E+00
       143  5.03284E+01  6.10884E+03  5.48625E-04  5.48625E-04  0.00000E+00  0.00000E+00  0.00000E+00  0.00000E+00  0.00000E+00
       144  5.03284E+01  6.15917E+03  5.48625E-04  5.48625E-04  0.00000E+00  0.00000E+00  0.00000E+00  0.00000E+00  0.00000E+00
       145  5.03284E+01  6.20950E+03  5.48625E-04  5.48625E-04  0.00000E+00  0.00000E+00  0.00000E+00  0.00000E+00  0.00000E+00
       146  5.03284E+01  6.25983E+03  5.48625E-04  5.48625E-04  0.00000E+00  0.00000E+00  0.00000E+00  0.00000E+00  0.00000E+00
       147  5.03284E+01  6.31015E+03  5.48625E-04  5.48625E-04  0.00000E+00  0.00000E+00  0.00000E+00  0.00000E+00  0.00000E+00
       148  5.03284E+01  6.36048E+03  5.48625E-04  5.48625E-04  0.00000E+00  0.00000E+00  0.00000E+00  0.00000E+00  0.00000E+00
       149  5.03284E+01  6.41081E+03  5.48625E-04  5.48625E-04  0.00000E+00  0.00000E+00  0.00000E+00  0.00000E+00  0.00000E+00
       150  5.03284E+01  6.46114E+03  5.48625E-04  5.48625E-04  0.00000E+00  0.00000E+00  0.00000E+00  0.00000E+00  0.00000E+00
       151  5.03284E+01  6.51147E+03  5.48625E-04  5.48625E-04  0.00000E+00  0.00000E+00  0.00000E+00  0.00000E+00  0.00000E+00
       152  5.03284E+01  6.56180E+03  5.48625E-04  5.48625E-04  0.00000E+00  0.00000E+00  0.00000E+00  0.00000E+00  0.00000E+00
       153  5.03284E+01  6.61213E+03  5.48625E-04  5.48625E-04  0.00000E+00  0.00000E+00  0.00000E+00  0.00000E+00  0.00000E+00
       154  5.03284E+01  6.66245E+03  5.48625E-04  5.48625E-04  0.00000E+00  0.00000E+00  0.00000E+00  0.00000E+00  0.00000E+00
       155  5.03284E+01  6.71278E+03  5.48625E-04  5.48625E-04  0.00000E+00  0.00000E+00  0.00000E+00  0.00000E+00  0.00000E+00
       156  5.03284E+01  6.76311E+03  5.48625E-04  5.48625E-04  0.00000E+00  0.00000E+00  0.00000E+00  0.00000E+00  0.00000E+00
       157  5.03284E+01  6.81344E+03  5.48625E-04  5.48625E-04  0.00000E+00  0.00000E+00  0.00000E+00  0.00000E+00  0.00000E+00
       158  5.03284E+01  6.86377E+03  5.48625E-04  5.48625E-04  0.00000E+00  0.00000E+00  0.00000E+00  0.00000E+00  0.00000E+00
       159  5.03284E+01  6.91410E+03  5.48625E-04  5.48625E-04  0.00000E+00  0.00000E+00  0.00000E+00  0.00000E+00  0.00000E+00
       160  5.03284E+01  6.96442E+03  5.48625E-04  5.48625E-04  0.00000E+00  0.00000E+00  0.00000E+00  0.00000E+00  0.00000E+00
       161  5.03284E+01  7.01475E+03  5.48625E-04  5.48625E-04  0.00000E+00  0.00000E+00  0.00000E+00  0.00000E+00  0.00000E+00
       162  5.03284E+01  7.06508E+03  5.48625E-04  5.48625E-04  0.00000E+00  0.00000E+00  0.00000E+00  0.00000E+00  0.00000E+00
       163  5.03284E+01  7.11541E+03  5.48625E-04  5.48625E-04  0.00000E+00  0.00000E+00  0.00000E+00  0.00000E+00  0.00000E+00
       164  5.03284E+01  7.16574E+03  5.48625E-04  5.48625E-04  0.00000E+00  0.00000E+00  0.00000E+00  0.00000E+00  0.00000E+00
       165  5.03284E+01  7.21607E+03  5.48625E-04  5.48625E-04  0.00000E+00  0.00000E+00  0.00000E+00  0.00000E+00  0.00000E+00
       166  5.03284E+01  7.26640E+03  5.48625E-04  5.48625E-04  0.00000E+00  0.00000E+00  0.00000E+00  0.00000E+00  0.00000E+00
       167  5.03284E+01  7.31672E+03  5.48625E-04  5.48625E-04  0.00000E+00  0.00000E+00  0.00000E+00  0.00000E+00  0.00000E+00
       168  5.03284E+01  7.36705E+03  5.48625E-04  5.48625E-04  0.00000E+00  0.00000E+00  0.00000E+00  0.00000E+00  0.00000E+00
       169  5.03284E+01  7.41738E+03  5.48625E-04  5.48625E-04  0.00000E+00  0.00000E+00  0.00000E+00  0.00000E+00  0.00000E+00
       170  5.03284E+01  7.46771E+03  5.48625E-04  5.48625E-04  0.00000E+00  0.00000E+00  0.00000E+00  0.00000E+00  0.00000E+00
       171  5.03284E+01  7.51804E+03  5.48625E-04  5.48625E-04  0.00000E+00  0.00000E+00  0.00000E+00  0.00000E+00  0.00000E+00
       172  5.03284E+01  7.56837E+03  5.48625E-04  5.48625E-04  0.00000E+00  0.00000E+00  0.00000E+00  0.00000E+00  0.00000E+00
       173  5.03284E+01  7.61869E+03  5.48625E-04  5.48625E-04  0.00000E+00  0.00000E+00  0.00000E+00  0.00000E+00  0.00000E+00
       174  5.03284E+01  7.66902E+03  5.48625E-04  5.48625E-04  0.00000E+00  0.00000E+00  0.00000E+00  0.00000E+00  0.00000E+00
       175  5.03284E+01  7.71935E+03  5.48625E-04  5.48625E-04  0.00000E+00  0.00000E+00  0.00000E+00  0.00000E+00  0.00000E+00
       176  5.03284E+01  7.76968E+03  5.48625E-04  5.48625E-04  0.00000E+00  0.00000E+00  0.00000E+00  0.00000E+00  0.00000E+00
       177  5.03284E+01  7.82001E+03  5.48625E-04  5.48625E-04  0.00000E+00  0.00000E+00  0.00000E+00  0.00000E+00  0.00000E+00
       178  5.03284E+01  7.87034E+03  5.48625E-04  5.48625E-04  0.00000E+00  0.00000E+00  0.00000E+00  0.00000E+00  0.00000E+00
       179  5.03284E+01  7.92066E+03  5.48625E-04  5.48625E-04  0.00000E+00  0.00000E+00  0.00000E+00  0.00000E+00  0.00000E+00
       180  5.03284E+01  7.97099E+03  5.48625E-04  5.48625E-04  0.00000E+00  0.00000E+00  0.00000E+00  0.00000E+00  0.00000E+00
       181  5.03284E+01  8.02132E+03  5.48625E-04  5.48625E-04  0.00000E+00  0.00000E+00  0.00000E+00  0.00000E+00  0.00000E+00
       182  5.03284E+01  8.07165E+03  5.48625E-04  5.48625E-04  0.00000E+00  0.00000E+00  0.00000E+00  0.00000E+00  0.00000E+00
       183  5.03284E+01  8.12198E+03  5.48625E-04  5.48625E-04  0.00000E+00  0.00000E+00  0.00000E+00  0.00000E+00  0.00000E+00
       184  5.03284E+01  8.17231E+03  5.48625E-04  5.48625E-04  0.00000E+00  0.00000E+00  0.00000E+00  0.00000E+00  0.00000E+00
       185  5.03284E+01  8.22264E+03  5.48625E-04  5.48625E-04  0.00000E+00  0.00000E+00  0.00000E+00  0.00000E+00  0.00000E+00
       186  5.03284E+01  8.27296E+03  5.48625E-04  5.48625E-04  0.00000E+00  0.00000E+00  0.00000E+00  0.00000E+00  0.00000E+00
       187  5.03284E+01  8.32329E+03  5.48625E-04  5.48625E-04  0.00000E+00  0.00000E+00  0.00000E+00  0.00000E+00  0.00000E+00
       188  5.03284E+01  8.37362E+03  5.48625E-04  5.48625E-04  0.00000E+00  0.00000E+00  0.00000E+00  0.00000E+00  0.00000E+00
       189  5.03284E+01  8.42395E+03  5.48625E-04  5.48625E-04  0.00000E+00  0.00000E+00  0.00000E+00  0.00000E+00  0.00000E+00
       190  5.03284E+01  8.47428E+03  5.48625E-04  5.48625E-04  0.00000E+00  0.00000E+00  0.00000E+00  0.00000E+00  0.00000E+00
       191  5.03284E+01  8.52461E+03  5.48625E-04  5.48625E-04  0.00000E+00  0.00000E+00  0.00000E+00  0.00000E+00  0.00000E+00
       192  5.03284E+01  8.57493E+03  5.48625E-04  5.48625E-04  0.00000E+00  0.00000E+00  0.00000E+00  0.00000E+00  0.00000E+00
       193  5.03284E+01  8.62526E+03  5.48625E-04  5.48625E-04  0.00000E+00  0.00000E+00  0.00000E+00  0.00000E+00  0.00000E+00
       194  5.03284E+01  8.67559E+03  5.48625E-04  5.48625E-04  0.00000E+00  0.00000E+00  0.00000E+00  0.00000E+00  0.00000E+00
       195  5.03284E+01  8.72592E+03  5.48625E-04  5.48625E-04  0.00000E+00  0.00000E+00  0.00000E+00  0.00000E+00  0.00000E+00
       196  5.03284E+01  8.77625E+03  5.48625E-04  5.48625E-04  0.00000E+00  0.00000E+00  0.00000E+00  0.00000E+00  0.00000E+00
       197  5.03284E+01  8.82658E+03  5.48625E-04  5.48625E-04  0.00000E+00  0.00000E+00  0.00000E+00  0.00000E+00  0.00000E+00
       198  5.03284E+01  8.87691E+03  5.48625E-04  5.48625E-04  0.00000E+00  0.00000E+00  0.00000E+00  0.00000E+00  0.00000E+00
       199  5.03284E+01  8.92723E+03  5.48625E-04  5.48625E-04  0.00000E+00  0.00000E+00  0.00000E+00  0.00000E+00  0.00000E+00
       200  5.03284E+01  8.97756E+03  5.48625E-04  5.48625E-04  0.00000E+00  0.00000E+00  0.00000E+00  0.00000E+00  0.00000E+00
       201  5.03284E+01  9.02789E+03  5.48625E-04  5.48625E-04  0.00000E+00  0.00000E+00  0.00000E+00  0.00000E+00  0.00000E+00
       202  5.03284E+01  9.07822E+03  5.48625E-04  5.48625E-04  0.00000E+00  0.00000E+00  0.00000E+00  0.00000E+00  0.00000E+00
       203  5.03284E+01  9.12855E+03  5.48625E-04  5.48625E-04  0.00000E+00  0.00000E+00  0.00000E+00  0.00000E+00  0.00000E+00
       204  5.03284E+01  9.17888E+03  5.48625E-04  5.48625E-04  0.00000E+00  0.00000E+00  0.00000E+00  0.00000E+00  0.00000E+00
       205  5.03284E+01  9.22920E+03  5.48625E-04  5.48625E-04  0.00000E+00  0.00000E+00  0.00000E+00  0.00000E+00  0.00000E+00
       206  5.03284E+01  9.27953E+03  5.48625E-04  5.48625E-04  0.00000E+00  0.00000E+00  0.00000E+00  0.00000E+00  0.00000E+00
       207  5.03284E+01  9.32986E+03  5.48625E-04  5.48625E-04  0.00000E+00  0.00000E+00  0.00000E+00  0.00000E+00  0.00000E+00
       208  5.03284E+01  9.38019E+03  5.48625E-04  5.48625E-04  0.00000E+00  0.00000E+00  0.00000E+00  0.00000E+00  0.00000E+00
       209  5.03284E+01  9.43052E+03  5.48625E-04  5.48625E-04  0.00000E+00  0.00000E+00  0.00000E+00  0.00000E+00  0.00000E+00
       210  5.03284E+01  9.48085E+03  5.48625E-04  5.48625E-04  0.00000E+00  0.00000E+00  0.00000E+00  0.00000E+00  0.00000E+00
       211  5.03284E+01  9.53117E+03  5.48625E-04  5.48625E-04  0.00000E+00  0.00000E+00  0.00000E+00  0.00000E+00  0.00000E+00
       212  5.03284E+01  9.58150E+03  5.48625E-04  5.48625E-04  0.00000E+00  0.00000E+00  0.00000E+00  0.00000E+00  0.00000E+00
       213  5.03284E+01  9.63183E+03  5.48625E-04  5.48625E-04  0.00000E+00  0.00000E+00  0.00000E+00  0.00000E+00  0.00000E+00
       214  5.03284E+01  9.68216E+03  5.48625E-04  5.48625E-04  0.00000E+00  0.00000E+00  0.00000E+00  0.00000E+00  0.00000E+00
       215  5.03284E+01  9.73249E+03  5.48625E-04  5.48625E-04  0.00000E+00  0.00000E+00  0.00000E+00  0.00000E+00  0.00000E+00
       216  5.03284E+01  9.78282E+03  5.48625E-04  5.48625E-04  0.00000E+00  0.00000E+00  0.00000E+00  0.00000E+00  0.00000E+00
       217  5.03284E+01  9.83315E+03  5.48625E-04  5.48625E-04  0.00000E+00  0.00000E+00  0.00000E+00  0.00000E+00  0.00000E+00
       218  5.03284E+01  9.88347E+03  5.48625E-04  5.48625E-04  0.00000E+00  0.00000E+00  0.00000E+00  0.00000E+00  0.00000E+00
       219  5.03284E+01  9.93380E+03  5.48625E-04  5.48625E-04  0.00000E+00  0.00000E+00  0.00000E+00  0.00000E+00  0.00000E+00
       220  5.03284E+01  9.98413E+03  5.48625E-04  5.48625E-04  0.00000E+00  0.00000E+00  0.00000E+00  0.00000E+00  0.00000E+00
       221  5.03284E+01  1.00345E+04  5.48625E-04  5.48625E-04  0.00000E+00  0.00000E+00  0.00000E+00  0.00000E+00  0.00000E+00
       222  5.03284E+01  1.00848E+04  5.48625E-04  5.48625E-04  0.00000E+00  0.00000E+00  0.00000E+00  0.00000E+00  0.00000E+00
       223  5.03284E+01  1.01351E+04  5.48625E-04  5.48625E-04  0.00000E+00  0.00000E+00  0.00000E+00  0.00000E+00  0.00000E+00
       224  5.03284E+01  1.01854E+04  5.48625E-04  5.48625E-04  0.00000E+00  0.00000E+00  0.00000E+00  0.00000E+00  0.00000E+00
       225  5.03284E+01  1.02358E+04  5.48625E-04  5.48625E-04  0.00000E+00  0.00000E+00  0.00000E+00  0.00000E+00  0.00000E+00
       226  5.03284E+01  1.02861E+04  5.48625E-04  5.48625E-04  0.00000E+00  0.00000E+00  0.00000E+00  0.00000E+00  0.00000E+00
       227  5.03284E+01  1.03364E+04  5.48625E-04  5.48625E-04  0.00000E+00  0.00000E+00  0.00000E+00  0.00000E+00  0.00000E+00
       228  5.03284E+01  1.03868E+04  5.48625E-04  5.48625E-04  0.00000E+00  0.00000E+00  0.00000E+00  0.00000E+00  0.00000E+00
       229  5.03284E+01  1.04371E+04  5.48625E-04  5.48625E-04  0.00000E+00  0.00000E+00  0.00000E+00  0.00000E+00  0.00000E+00
       230  5.03284E+01  1.04874E+04  5.48625E-04  5.48625E-04  0.00000E+00  0.00000E+00  0.00000E+00  0.00000E+00  0.00000E+00
       231  5.03284E+01  1.05377E+04  5.48625E-04  5.48625E-04  0.00000E+00  0.00000E+00  0.00000E+00  0.00000E+00  0.00000E+00
       232  5.03284E+01  1.05881E+04  5.48625E-04  5.48625E-04  0.00000E+00  0.00000E+00  0.00000E+00  0.00000E+00  0.00000E+00
       233  5.03284E+01  1.06384E+04  5.48625E-04  5.48625E-04  0.00000E+00  0.00000E+00  0.00000E+00  0.00000E+00  0.00000E+00
       234  5.03284E+01  1.06887E+04  5.48625E-04  5.48625E-04  0.00000E+00  0.00000E+00  0.00000E+00  0.00000E+00  0.00000E+00
       235  5.03284E+01  1.07391E+04  5.48625E-04  5.48625E-04  0.00000E+00  0.00000E+00  0.00000E+00  0.00000E+00  0.00000E+00
       236  5.03284E+01  1.07894E+04  5.48625E-04  5.48625E-04  0.00000E+00  0.00000E+00  0.00000E+00  0.00000E+00  0.00000E+00
       237  5.03284E+01  1.08397E+04  5.48625E-04  5.48625E-04  0.00000E+00  0.00000E+00  0.00000E+00  0.00000E+00  0.00000E+00
       238  5.03284E+01  1.08900E+04  5.48625E-04  5.48625E-04  0.00000E+00  0.00000E+00  0.00000E+00  0.00000E+00  0.00000E+00
       239  5.03284E+01  1.09404E+04  5.48625E-04  5.48625E-04  0.00000E+00  0.00000E+00  0.00000E+00  0.00000E+00  0.00000E+00
       240  5.03284E+01  1.09907E+04  5.48625E-04  5.48625E-04  0.00000E+00  0.00000E+00  0.00000E+00  0.00000E+00  0.00000E+00
       241  5.03284E+01  1.10410E+04  5.48625E-04  5.48625E-04  0.00000E+00  0.00000E+00  0.00000E+00  0.00000E+00  0.00000E+00
       242  5.03284E+01  1.10914E+04  5.48625E-04  5.48625E-04  0.00000E+00  0.00000E+00  0.00000E+00  0.00000E+00  0.00000E+00
       243  5.03284E+01  1.11417E+04  5.48625E-04  5.48625E-04  0.00000E+00  0.00000E+00  0.00000E+00  0.00000E+00  0.00000E+00
       244  5.03284E+01  1.11920E+04  5.48625E-04  5.48625E-04  0.00000E+00  0.00000E+00  0.00000E+00  0.00000E+00  0.00000E+00
       245  5.03284E+01  1.12423E+04  5.48625E-04  5.48625E-04  0.00000E+00  0.00000E+00  0.00000E+00  0.00000E+00  0.00000E+00
       246  5.03284E+01  1.12927E+04  5.48625E-04  5.48625E-04  0.00000E+00  0.00000E+00  0.00000E+00  0.00000E+00  0.00000E+00
       247  5.03284E+01  1.13430E+04  5.48625E-04  5.48625E-04  0.00000E+00  0.00000E+00  0.00000E+00  0.00000E+00  0.00000E+00
       248  5.03284E+01  1.13933E+04  5.48625E-04  5.48625E-04  0.00000E+00  0.00000E+00  0.00000E+00  0.00000E+00  0.00000E+00
       249  5.03284E+01  1.14437E+04  5.48625E-04  5.48625E-04  0.00000E+00  0.00000E+00  0.00000E+00  0.00000E+00  0.00000E+00
       250  5.03284E+01  1.14940E+04  5.48625E-04  5.48625E-04  0.00000E+00  0.00000E+00  0.00000E+00  0.00000E+00  0.00000E+00
       251  5.03284E+01  1.15443E+04  5.48625E-04  5.48625E-04  0.00000E+00  0.00000E+00  0.00000E+00  0.00000E+00  0.00000E+00
       252  5.03284E+01  1.15946E+04  5.48625E-04  5.48625E-04  0.00000E+00  0.00000E+00  0.00000E+00  0.00000E+00  0.00000E+00
       253  5.53613E+01  1.16500E+04  5.48625E-04  5.48625E-04  0.00000E+00  0.00000E+00  0.00000E+00  0.00000E+00  0.00000E+00
       254  5.53613E+01  1.17054E+04  5.48625E-04  5.48625E-04  0.00000E+00  0.00000E+00  0.00000E+00  0.00000E+00  0.00000E+00
       255  5.53613E+01  1.17607E+04  5.48625E-04  5.48625E-04  0.00000E+00  0.00000E+00  0.00000E+00  0.00000E+00  0.00000E+00
       256  5.53613E+01  1.18161E+04  5.48625E-04  5.48625E-04  0.00000E+00  0.00000E+00  0.00000E+00  0.00000E+00  0.00000E+00
       257  6.08974E+01  1.18770E+04  5.48625E-04  5.48625E-04  0.00000E+00  0.00000E+00  0.00000E+00  0.00000E+00  0.00000E+00
       258  6.08974E+01  1.19379E+04  5.48625E-04  5.48625E-04  0.00000E+00  0.00000E+00  0.00000E+00  0.00000E+00  0.00000E+00
       259  6.08974E+01  1.19988E+04  5.48625E-04  5.48625E-04  0.00000E+00  0.00000E+00  0.00000E+00  0.00000E+00  0.00000E+00
       260  6.69872E+01  1.20658E+04  0.00000E+00  0.00000E+00  0.00000E+00  0.00000E+00  0.00000E+00  0.00000E+00  0.00000E+00
       261  6.69872E+01  1.21328E+04  0.00000E+00  0.00000E+00  0.00000E+00  0.00000E+00  0.00000E+00  0.00000E+00  0.00000E+00
       262  6.69872E+01  1.21997E+04  0.00000E+00  0.00000E+00  0.00000E+00  0.00000E+00  0.00000E+00  0.00000E+00  0.00000E+00
       263  6.69872E+01  1.22667E+04  0.00000E+00  0.00000E+00  0.00000E+00  0.00000E+00  0.00000E+00  0.00000E+00  0.00000E+00
       264  6.69872E+01  1.23337E+04  0.00000E+00  0.00000E+00  0.00000E+00  0.00000E+00  0.00000E+00  0.00000E+00  0.00000E+00
       265  6.69872E+01  1.24007E+04  0.00000E+00  0.00000E+00  0.00000E+00  0.00000E+00  0.00000E+00  0.00000E+00  0.00000E+00
       266  6.69872E+01  1.24677E+04  0.00000E+00  0.00000E+00  0.00000E+00  0.00000E+00  0.00000E+00  0.00000E+00  0.00000E+00
       267  6.69872E+01  1.25347E+04  0.00000E+00  0.00000E+00  0.00000E+00  0.00000E+00  0.00000E+00  0.00000E+00  0.00000E+00
       268  6.69872E+01  1.26017E+04  0.00000E+00  0.00000E+00  0.00000E+00  0.00000E+00  0.00000E+00  0.00000E+00  0.00000E+00
       269  6.69872E+01  1.26686E+04  0.00000E+00  0.00000E+00  0.00000E+00  0.00000E+00  0.00000E+00  0.00000E+00  0.00000E+00
       270  6.69872E+01  1.27356E+04  0.00000E+00  0.00000E+00  0.00000E+00  0.00000E+00  0.00000E+00  0.00000E+00  0.00000E+00
       271  6.69872E+01  1.28026E+04  0.00000E+00  0.00000E+00  0.00000E+00  0.00000E+00  0.00000E+00  0.00000E+00  0.00000E+00
       272  6.69872E+01  1.28696E+04  0.00000E+00  0.00000E+00  0.00000E+00  0.00000E+00  0.00000E+00  0.00000E+00  0.00000E+00
       273  6.69872E+01  1.29366E+04  0.00000E+00  0.00000E+00  0.00000E+00  0.00000E+00  0.00000E+00  0.00000E+00  0.00000E+00
       274  6.69872E+01  1.30036E+04  0.00000E+00  0.00000E+00  0.00000E+00  0.00000E+00  0.00000E+00  0.00000E+00  0.00000E+00
       275  6.69872E+01  1.30706E+04  0.00000E+00  0.00000E+00  0.00000E+00  0.00000E+00  0.00000E+00  0.00000E+00  0.00000E+00
       276  6.69872E+01  1.31376E+04  0.00000E+00  0.00000E+00  0.00000E+00  0.00000E+00  0.00000E+00  0.00000E+00  0.00000E+00
       277  6.69872E+01  1.32045E+04  0.00000E+00  0.00000E+00  0.00000E+00  0.00000E+00  0.00000E+00  0.00000E+00  0.00000E+00
       278  6.69872E+01  1.32715E+04  0.00000E+00  0.00000E+00  0.00000E+00  0.00000E+00  0.00000E+00  0.00000E+00  0.00000E+00
       279  6.69872E+01  1.33385E+04  0.00000E+00  0.00000E+00  0.00000E+00  0.00000E+00  0.00000E+00  0.00000E+00  0.00000E+00
       280  6.69872E+01  1.34055E+04  0.00000E+00  0.00000E+00  0.00000E+00  0.00000E+00  0.00000E+00  0.00000E+00  0.00000E+00
       281  6.69872E+01  1.34725E+04  0.00000E+00  0.00000E+00  0.00000E+00  0.00000E+00  0.00000E+00  0.00000E+00  0.00000E+00
       282  7.36859E+01  1.35462E+04  0.00000E+00  0.00000E+00  0.00000E+00  0.00000E+00  0.00000E+00  0.00000E+00  0.00000E+00
       283  7.36859E+01  1.36199E+04  0.00000E+00  0.00000E+00  0.00000E+00  0.00000E+00  0.00000E+00  0.00000E+00  0.00000E+00
       284  7.36859E+01  1.36936E+04  0.00000E+00  0.00000E+00  0.00000E+00  0.00000E+00  0.00000E+00  0.00000E+00  0.00000E+00
       285  8.10545E+01  1.37746E+04  0.00000E+00  0.00000E+00  0.00000E+00  0.00000E+00  0.00000E+00  0.00000E+00  0.00000E+00
       286  8.10545E+01  1.38557E+04  0.00000E+00  0.00000E+00  0.00000E+00  0.00000E+00  0.00000E+00  0.00000E+00  0.00000E+00
       287  8.10545E+01  1.39367E+04  0.00000E+00  0.00000E+00  0.00000E+00  0.00000E+00  0.00000E+00  0.00000E+00  0.00000E+00
       288  8.91599E+01  1.40259E+04  0.00000E+00  0.00000E+00  0.00000E+00  0.00000E+00  0.00000E+00  0.00000E+00  0.00000E+00
       289  8.91599E+01  1.41150E+04  0.00000E+00  0.00000E+00  0.00000E+00  0.00000E+00  0.00000E+00  0.00000E+00  0.00000E+00
       290  8.91599E+01  1.42042E+04  0.00000E+00  0.00000E+00  0.00000E+00  0.00000E+00  0.00000E+00  0.00000E+00  0.00000E+00
       291  8.91599E+01  1.42934E+04  0.00000E+00  0.00000E+00  0.00000E+00  0.00000E+00  0.00000E+00  0.00000E+00  0.00000E+00
       292  9.80759E+01  1.43914E+04  0.00000E+00  0.00000E+00  0.00000E+00  0.00000E+00  0.00000E+00  0.00000E+00  0.00000E+00
       293  9.80759E+01  1.44895E+04  0.00000E+00  0.00000E+00  0.00000E+00  0.00000E+00  0.00000E+00  0.00000E+00  0.00000E+00
       294  9.80759E+01  1.45876E+04  0.00000E+00  0.00000E+00  0.00000E+00  0.00000E+00  0.00000E+00  0.00000E+00  0.00000E+00
       295  1.07883E+02  1.46955E+04  0.00000E+00  0.00000E+00  0.00000E+00  0.00000E+00  0.00000E+00  0.00000E+00  0.00000E+00
       296  1.07883E+02  1.48034E+04  0.00000E+00  0.00000E+00  0.00000E+00  0.00000E+00  0.00000E+00  0.00000E+00  0.00000E+00
       297  1.18672E+02  1.49220E+04  0.00000E+00  0.00000E+00  0.00000E+00  0.00000E+00  0.00000E+00  0.00000E+00  0.00000E+00
       298  1.18672E+02  1.50407E+04  0.00000E+00  0.00000E+00  0.00000E+00  0.00000E+00  0.00000E+00  0.00000E+00  0.00000E+00
       299  1.30539E+02  1.51712E+04  0.00000E+00  0.00000E+00  0.00000E+00  0.00000E+00  0.00000E+00  0.00000E+00  0.00000E+00
       300  1.30539E+02  1.53018E+04  0.00000E+00  0.00000E+00  0.00000E+00  0.00000E+00  0.00000E+00  0.00000E+00  0.00000E+00
       301  1.30539E+02  1.54323E+04  0.00000E+00  0.00000E+00  0.00000E+00  0.00000E+00  0.00000E+00  0.00000E+00  0.00000E+00
       302  1.43593E+02  1.55759E+04  0.00000E+00  0.00000E+00  0.00000E+00  0.00000E+00  0.00000E+00  0.00000E+00  0.00000E+00
       303  1.43593E+02  1.57195E+04  0.00000E+00  0.00000E+00  0.00000E+00  0.00000E+00  0.00000E+00  0.00000E+00  0.00000E+00
       304  1.43593E+02  1.58631E+04  0.00000E+00  0.00000E+00  0.00000E+00  0.00000E+00  0.00000E+00  0.00000E+00  0.00000E+00
       305  1.57952E+02  1.60210E+04  0.00000E+00  0.00000E+00  0.00000E+00  0.00000E+00  0.00000E+00  0.00000E+00  0.00000E+00
       306  1.57952E+02  1.61790E+04  0.00000E+00  0.00000E+00  0.00000E+00  0.00000E+00  0.00000E+00  0.00000E+00  0.00000E+00
       307  1.73747E+02  1.63527E+04  0.00000E+00  0.00000E+00  0.00000E+00  0.00000E+00  0.00000E+00  0.00000E+00  0.00000E+00
       308  1.73747E+02  1.65265E+04  0.00000E+00  0.00000E+00  0.00000E+00  0.00000E+00  0.00000E+00  0.00000E+00  0.00000E+00
       309  1.73747E+02  1.67002E+04  0.00000E+00  0.00000E+00  0.00000E+00  0.00000E+00  0.00000E+00  0.00000E+00  0.00000E+00
       310  1.91122E+02  1.68914E+04  0.00000E+00  0.00000E+00  0.00000E+00  0.00000E+00  0.00000E+00  0.00000E+00  0.00000E+00
       311  1.91122E+02  1.70825E+04  0.00000E+00  0.00000E+00  0.00000E+00  0.00000E+00  0.00000E+00  0.00000E+00  0.00000E+00
       312  2.10234E+02  1.72927E+04  0.00000E+00  0.00000E+00  0.00000E+00  0.00000E+00  0.00000E+00  0.00000E+00  0.00000E+00
       313  2.10234E+02  1.75029E+04  0.00000E+00  0.00000E+00  0.00000E+00  0.00000E+00  0.00000E+00  0.00000E+00  0.00000E+00
       314  2.31258E+02  1.77342E+04  0.00000E+00  0.00000E+00  0.00000E+00  0.00000E+00  0.00000E+00  0.00000E+00  0.00000E+00
       315  1.32896E+02  1.78671E+04  0.00000E+00  0.00000E+00  0.00000E+00  0.00000E+00  0.00000E+00  0.00000E+00  0.00000E+00
       316  1.32896E+02  1.80000E+04  0.00000E+00  0.00000E+00  0.00000E+00  0.00000E+00  0.00000E+00  0.00000E+00  0.00000E+00
