# NSTEP            DELTAT              TIME NET NANSF NEU VOL NET NANSF NEU FLX
      1      1.250000000E+02      1.250000000E+02      6.600000000E-02      5.280000000E-04
      2      6.250000000E+01      1.875000000E+02      3.300000000E-02      5.280000000E-04
      3      6.250000000E+01      2.500000000E+02      3.300000000E-02      5.280000000E-04
      4      6.250000000E+01      3.125000000E+02      3.300000000E-02      5.280000000E-04
      5      6.250000000E+01      3.750000000E+02      3.300000000E-02      5.280000000E-04
      6      6.250000000E+01      4.375000000E+02      3.300000000E-02      5.280000000E-04
      7      6.250000000E+01      5.000000000E+02      3.300000000E-02      5.280000000E-04
      8      6.250000000E+01      5.625000000E+02      3.300000000E-02      5.280000000E-04
      9      6.250000000E+01      6.250000000E+02      3.300000000E-02      5.280000000E-04
     10      6.250000000E+01      6.875000000E+02      3.300000000E-02      5.280000000E-04
     11      3.125000000E+01      7.187500000E+02      1.650000000E-02      5.280000000E-04
     12      3.125000000E+01      7.500000000E+02      1.650000000E-02      5.280000000E-04
     13      3.125000000E+01      7.812500000E+02      1.650000000E-02      5.280000000E-04
     14      3.125000000E+01      8.125000000E+02      1.650000000E-02      5.280000000E-04
     15      3.125000000E+01      8.437500000E+02      1.650000000E-02      5.280000000E-04
     16      3.125000000E+01      8.750000000E+02      1.650000000E-02      5.280000000E-04
     17      3.125000000E+01      9.062500000E+02      1.650000000E-02      5.280000000E-04
     18      3.125000000E+01      9.375000000E+02      1.650000000E-02      5.280000000E-04
     19      3.125000000E+01      9.687500000E+02      1.650000000E-02      5.280000000E-04
     20      3.125000000E+01      1.000000000E+03      1.650000000E-02      5.280000000E-04
     21      3.125000000E+01      1.031250000E+03      1.650000000E-02      5.280000000E-04
     22      3.125000000E+01      1.062500000E+03      1.650000000E-02      5.280000000E-04
     23      3.125000000E+01      1.093750000E+03      1.650000000E-02      5.280000000E-04
     24      3.125000000E+01      1.125000000E+03      1.650000000E-02      5.280000000E-04
     25      3.125000000E+01      1.156250000E+03      1.650000000E-02      5.280000000E-04
     26      3.125000000E+01      1.187500000E+03      1.650000000E-02      5.280000000E-04
     27      3.125000000E+01      1.218750000E+03      1.650000000E-02      5.280000000E-04
     28      3.125000000E+01      1.250000000E+03      1.650000000E-02      5.280000000E-04
     29      3.125000000E+01      1.281250000E+03      1.650000000E-02      5.280000000E-04
     30      3.125000000E+01      1.312500000E+03      1.650000000E-02      5.280000000E-04
     31      3.125000000E+01      1.343750000E+03      1.650000000E-02      5.280000000E-04
     32      3.125000000E+01      1.375000000E+03      1.650000000E-02      5.280000000E-04
     33      3.125000000E+01      1.406250000E+03      1.650000000E-02      5.280000000E-04
     34      3.125000000E+01      1.437500000E+03      1.650000000E-02      5.280000000E-04
     35      3.125000000E+01      1.468750000E+03      1.650000000E-02      5.280000000E-04
     36      3.125000000E+01      1.500000000E+03      1.650000000E-02      5.280000000E-04
     37      3.125000000E+01      1.531250000E+03      1.650000000E-02      5.280000000E-04
     38      3.125000000E+01      1.562500000E+03      1.650000000E-02      5.280000000E-04
     39      3.125000000E+01      1.593750000E+03      1.650000000E-02      5.280000000E-04
     40      3.437500000E+01      1.628125000E+03      1.815000000E-02      5.280000000E-04
     41      3.437500000E+01      1.662500000E+03      1.815000000E-02      5.280000000E-04
     42      3.437500000E+01      1.696875000E+03      1.815000000E-02      5.280000000E-04
     43      3.437500000E+01      1.731250000E+03      1.815000000E-02      5.280000000E-04
     44      3.781250000E+01      1.769062500E+03      1.996500000E-02      5.280000000E-04
     45      3.781250000E+01      1.806875000E+03      1.996500000E-02      5.280000000E-04
     46      3.781250000E+01      1.844687500E+03      1.996500000E-02      5.280000000E-04
     47      3.781250000E+01      1.882500000E+03      1.996500000E-02      5.280000000E-04
     48      4.159375000E+01      1.924093750E+03      2.196150000E-02      5.280000000E-04
     49      4.159375000E+01      1.965687500E+03      2.196150000E-02      5.280000000E-04
     50      4.159375000E+01      2.007281250E+03      2.196150000E-02      5.280000000E-04
     51      4.159375000E+01      2.048875000E+03      2.196150000E-02      5.280000000E-04
     52      4.159375000E+01      2.090468750E+03      2.196150000E-02      5.280000000E-04
     53      4.159375000E+01      2.132062500E+03      2.196150000E-02      5.280000000E-04
     54      4.159375000E+01      2.173656250E+03      2.196150000E-02      5.280000000E-04
     55      4.159375000E+01      2.215250000E+03      2.196150000E-02      5.280000000E-04
     56      4.159375000E+01      2.256843750E+03      2.196150000E-02      5.280000000E-04
     57      4.159375000E+01      2.298437500E+03      2.196150000E-02      5.280000000E-04
     58      4.159375000E+01      2.340031250E+03      2.196150000E-02      5.280000000E-04
     59      4.159375000E+01      2.381625000E+03      2.196150000E-02      5.280000000E-04
     60      4.159375000E+01      2.423218750E+03      2.196150000E-02      5.280000000E-04
     61      4.159375000E+01      2.464812500E+03      2.196150000E-02      5.280000000E-04
     62      4.159375000E+01      2.506406250E+03      2.196150000E-02      5.280000000E-04
     63      4.159375000E+01      2.548000000E+03      2.196150000E-02      5.280000000E-04
     64      4.159375000E+01      2.589593750E+03      2.196150000E-02      5.280000000E-04
     65      4.159375000E+01      2.631187500E+03      2.196150000E-02      5.280000000E-04
     66      4.159375000E+01      2.672781250E+03      2.196150000E-02      5.280000000E-04
     67      4.159375000E+01      2.714375000E+03      2.196150000E-02      5.280000000E-04
     68      4.159375000E+01      2.755968750E+03      2.196150000E-02      5.280000000E-04
     69      4.159375000E+01      2.797562500E+03      2.196150000E-02      5.280000000E-04
     70      4.159375000E+01      2.839156250E+03      2.196150000E-02      5.280000000E-04
     71      4.159375000E+01      2.880750000E+03      2.196150000E-02      5.280000000E-04
     72      4.159375000E+01      2.922343750E+03      2.196150000E-02      5.280000000E-04
     73      4.159375000E+01      2.963937500E+03      2.196150000E-02      5.280000000E-04
     74      4.159375000E+01      3.005531250E+03      2.196150000E-02      5.280000000E-04
     75      4.159375000E+01      3.047125000E+03      2.196150000E-02      5.280000000E-04
     76      4.159375000E+01      3.088718750E+03      2.196150000E-02      5.280000000E-04
     77      4.159375000E+01      3.130312500E+03      2.196150000E-02      5.280000000E-04
     78      4.159375000E+01      3.171906250E+03      2.196150000E-02      5.280000000E-04
     79      4.159375000E+01      3.213500000E+03      2.196150000E-02      5.280000000E-04
     80      4.159375000E+01      3.255093750E+03      2.196150000E-02      5.280000000E-04
     81      4.159375000E+01      3.296687500E+03      2.196150000E-02      5.280000000E-04
     82      4.159375000E+01      3.338281250E+03      2.196150000E-02      5.280000000E-04
     83      4.159375000E+01      3.379875000E+03      2.196150000E-02      5.280000000E-04
     84      4.159375000E+01      3.421468750E+03      2.196150000E-02      5.280000000E-04
     85      4.159375000E+01      3.463062500E+03      2.196150000E-02      5.280000000E-04
     86      4.159375000E+01      3.504656250E+03      2.196150000E-02      5.280000000E-04
     87      4.159375000E+01      3.546250000E+03      2.196150000E-02      5.280000000E-04
     88      4.159375000E+01      3.587843750E+03      2.196150000E-02      5.280000000E-04
     89      4.159375000E+01      3.629437500E+03      2.196150000E-02      5.280000000E-04
     90      4.159375000E+01      3.671031250E+03      2.196150000E-02      5.280000000E-04
     91      4.159375000E+01      3.712625000E+03      2.196150000E-02      5.280000000E-04
     92      4.159375000E+01      3.754218750E+03      2.196150000E-02      5.280000000E-04
     93      4.159375000E+01      3.795812500E+03      2.196150000E-02      5.280000000E-04
     94      4.159375000E+01      3.837406250E+03      2.196150000E-02      5.280000000E-04
     95      4.159375000E+01      3.879000000E+03      2.196150000E-02      5.280000000E-04
     96      4.159375000E+01      3.920593750E+03      2.196150000E-02      5.280000000E-04
     97      4.159375000E+01      3.962187500E+03      2.196150000E-02      5.280000000E-04
     98      4.159375000E+01      4.003781250E+03      2.196150000E-02      5.280000000E-04
     99      4.159375000E+01      4.045375000E+03      2.196150000E-02      5.280000000E-04
    100      4.159375000E+01      4.086968750E+03      2.196150000E-02      5.280000000E-04
    101      4.159375000E+01      4.128562500E+03      2.196150000E-02      5.280000000E-04
    102      4.159375000E+01      4.170156250E+03      2.196150000E-02      5.280000000E-04
    103      4.159375000E+01      4.211750000E+03      2.196150000E-02      5.280000000E-04
    104      4.159375000E+01      4.253343750E+03      2.196150000E-02      5.280000000E-04
    105      4.159375000E+01      4.294937500E+03      2.196150000E-02      5.280000000E-04
    106      4.159375000E+01      4.336531250E+03      2.196150000E-02      5.280000000E-04
    107      4.159375000E+01      4.378125000E+03      2.196150000E-02      5.280000000E-04
    108      4.159375000E+01      4.419718750E+03      2.196150000E-02      5.280000000E-04
    109      4.159375000E+01      4.461312500E+03      2.196150000E-02      5.280000000E-04
    110      4.159375000E+01      4.502906250E+03      2.196150000E-02      5.280000000E-04
    111      4.575312500E+01      4.548659375E+03      2.415765000E-02      5.280000000E-04
    112      4.575312500E+01      4.594412500E+03      2.415765000E-02      5.280000000E-04
    113      4.575312500E+01      4.640165625E+03      2.415765000E-02      5.280000000E-04
    114      4.575312500E+01      4.685918750E+03      2.415765000E-02      5.280000000E-04
    115      4.575312500E+01      4.731671875E+03      2.415765000E-02      5.280000000E-04
    116      4.575312500E+01      4.777425000E+03      2.415765000E-02      5.280000000E-04
    117      4.575312500E+01      4.823178125E+03      2.415765000E-02      5.280000000E-04
    118      4.575312500E+01      4.868931250E+03      2.415765000E-02      5.280000000E-04
    119      4.575312500E+01      4.914684375E+03      2.415765000E-02      5.280000000E-04
    120      4.575312500E+01      4.960437500E+03      2.415765000E-02      5.280000000E-04
    121      4.575312500E+01      5.006190625E+03      2.415765000E-02      5.280000000E-04
    122      4.575312500E+01      5.051943750E+03      2.415765000E-02      5.280000000E-04
    123      5.032843750E+01      5.102272188E+03      2.657341500E-02      5.280000000E-04
    124      5.032843750E+01      5.152600625E+03      2.657341500E-02      5.280000000E-04
    125      5.032843750E+01      5.202929063E+03      2.657341500E-02      5.280000000E-04
    126      5.032843750E+01      5.253257500E+03      2.657341500E-02      5.280000000E-04
    127      5.032843750E+01      5.303585938E+03      2.657341500E-02      5.280000000E-04
    128      5.032843750E+01      5.353914375E+03      2.657341500E-02      5.280000000E-04
    129      5.032843750E+01      5.404242813E+03      2.657341500E-02      5.280000000E-04
    130      5.032843750E+01      5.454571250E+03      2.657341500E-02      5.280000000E-04
    131      5.032843750E+01      5.504899688E+03      2.657341500E-02      5.280000000E-04
    132      5.032843750E+01      5.555228125E+03      2.657341500E-02      5.280000000E-04
    133      5.032843750E+01      5.605556563E+03      2.657341500E-02      5.280000000E-04
    134      5.032843750E+01      5.655885000E+03      2.657341500E-02      5.280000000E-04
    135      5.032843750E+01      5.706213438E+03      2.657341500E-02      5.280000000E-04
    136      5.032843750E+01      5.756541875E+03      2.657341500E-02      5.280000000E-04
    137      5.032843750E+01      5.806870313E+03      2.657341500E-02      5.280000000E-04
    138      5.032843750E+01      5.857198750E+03      2.657341500E-02      5.280000000E-04
    139      5.032843750E+01      5.907527188E+03      2.657341500E-02      5.280000000E-04
    140      5.032843750E+01      5.957855625E+03      2.657341500E-02      5.280000000E-04
    141      5.032843750E+01      6.008184063E+03      2.657341500E-02      5.280000000E-04
    142      5.032843750E+01      6.058512500E+03      2.657341500E-02      5.280000000E-04
    143      5.032843750E+01      6.108840938E+03      2.657341500E-02      5.280000000E-04
    144      5.032843750E+01      6.159169375E+03      2.657341500E-02      5.280000000E-04
    145      5.032843750E+01      6.209497813E+03      2.657341500E-02      5.280000000E-04
    146      5.032843750E+01      6.259826250E+03      2.657341500E-02      5.280000000E-04
    147      5.032843750E+01      6.310154688E+03      2.657341500E-02      5.280000000E-04
    148      5.032843750E+01      6.360483125E+03      2.657341500E-02      5.280000000E-04
    149      5.032843750E+01      6.410811563E+03      2.657341500E-02      5.280000000E-04
    150      5.032843750E+01      6.461140000E+03      2.657341500E-02      5.280000000E-04
    151      5.032843750E+01      6.511468438E+03      2.657341500E-02      5.280000000E-04
    152      5.032843750E+01      6.561796875E+03      2.657341500E-02      5.280000000E-04
    153      5.032843750E+01      6.612125313E+03      2.657341500E-02      5.280000000E-04
    154      5.032843750E+01      6.662453750E+03      2.657341500E-02      5.280000000E-04
    155      5.032843750E+01      6.712782188E+03      2.657341500E-02      5.280000000E-04
    156      5.032843750E+01      6.763110625E+03      2.657341500E-02      5.280000000E-04
    157      5.032843750E+01      6.813439063E+03      2.657341500E-02      5.280000000E-04
    158      5.032843750E+01      6.863767500E+03      2.657341500E-02      5.280000000E-04
    159      5.032843750E+01      6.914095938E+03      2.657341500E-02      5.280000000E-04
    160      5.032843750E+01      6.964424375E+03      2.657341500E-02      5.280000000E-04
    161      5.032843750E+01      7.014752813E+03      2.657341500E-02      5.280000000E-04
    162      5.032843750E+01      7.065081250E+03      2.657341500E-02      5.280000000E-04
    163      5.032843750E+01      7.115409688E+03      2.657341500E-02      5.280000000E-04
    164      5.032843750E+01      7.165738125E+03      2.657341500E-02      5.280000000E-04
    165      5.032843750E+01      7.216066563E+03      2.657341500E-02      5.280000000E-04
    166      5.032843750E+01      7.266395000E+03      2.657341500E-02      5.280000000E-04
    167      5.032843750E+01      7.316723438E+03      2.657341500E-02      5.280000000E-04
    168      5.032843750E+01      7.367051875E+03      2.657341500E-02      5.280000000E-04
    169      5.032843750E+01      7.417380313E+03      2.657341500E-02      5.280000000E-04
    170      5.032843750E+01      7.467708750E+03      2.657341500E-02      5.280000000E-04
    171      5.032843750E+01      7.518037188E+03      2.657341500E-02      5.280000000E-04
    172      5.032843750E+01      7.568365625E+03      2.657341500E-02      5.280000000E-04
    173      5.032843750E+01      7.618694063E+03      2.657341500E-02      5.280000000E-04
    174      5.032843750E+01      7.669022500E+03      2.657341500E-02      5.280000000E-04
    175      5.032843750E+01      7.719350938E+03      2.657341500E-02      5.280000000E-04
    176      5.032843750E+01      7.769679375E+03      2.657341500E-02      5.280000000E-04
    177      5.032843750E+01      7.820007813E+03      2.657341500E-02      5.280000000E-04
    178      5.032843750E+01      7.870336250E+03      2.657341500E-02      5.280000000E-04
    179      5.032843750E+01      7.920664688E+03      2.657341500E-02      5.280000000E-04
    180      5.032843750E+01      7.970993125E+03      2.657341500E-02      5.280000000E-04
    181      5.032843750E+01      8.021321563E+03      2.657341500E-02      5.280000000E-04
    182      5.032843750E+01      8.071650000E+03      2.657341500E-02      5.280000000E-04
    183      5.032843750E+01      8.121978438E+03      2.657341500E-02      5.280000000E-04
    184      5.032843750E+01      8.172306875E+03      2.657341500E-02      5.280000000E-04
    185      5.032843750E+01      8.222635313E+03      2.657341500E-02      5.280000000E-04
    186      5.032843750E+01      8.272963750E+03      2.657341500E-02      5.280000000E-04
    187      5.032843750E+01      8.323292188E+03      2.657341500E-02      5.280000000E-04
    188      5.032843750E+01      8.373620625E+03      2.657341500E-02      5.280000000E-04
    189      5.032843750E+01      8.423949063E+03      2.657341500E-02      5.280000000E-04
    190      5.032843750E+01      8.474277500E+03      2.657341500E-02      5.280000000E-04
    191      5.032843750E+01      8.524605938E+03      2.657341500E-02      5.280000000E-04
    192      5.032843750E+01      8.574934375E+03      2.657341500E-02      5.280000000E-04
    193      5.032843750E+01      8.625262813E+03      2.657341500E-02      5.280000000E-04
    194      5.032843750E+01      8.675591250E+03      2.657341500E-02      5.280000000E-04
    195      5.032843750E+01      8.725919688E+03      2.657341500E-02      5.280000000E-04
    196      5.032843750E+01      8.776248125E+03      2.657341500E-02      5.280000000E-04
    197      5.032843750E+01      8.826576563E+03      2.657341500E-02      5.280000000E-04
    198      5.032843750E+01      8.876905000E+03      2.657341500E-02      5.280000000E-04
    199      5.032843750E+01      8.927233438E+03      2.657341500E-02      5.280000000E-04
    200      5.032843750E+01      8.977561875E+03      2.657341500E-02      5.280000000E-04
    201      5.032843750E+01      9.027890313E+03      2.657341500E-02      5.280000000E-04
    202      5.032843750E+01      9.078218750E+03      2.657341500E-02      5.280000000E-04
    203      5.032843750E+01      9.128547188E+03      2.657341500E-02      5.280000000E-04
    204      5.032843750E+01      9.178875625E+03      2.657341500E-02      5.280000000E-04
    205      5.032843750E+01      9.229204063E+03      2.657341500E-02      5.280000000E-04
    206      5.032843750E+01      9.279532500E+03      2.657341500E-02      5.280000000E-04
    207      5.032843750E+01      9.329860938E+03      2.657341500E-02      5.280000000E-04
    208      5.032843750E+01      9.380189375E+03      2.657341500E-02      5.280000000E-04
    209      5.032843750E+01      9.430517813E+03      2.657341500E-02      5.280000000E-04
    210      5.032843750E+01      9.480846250E+03      2.657341500E-02      5.280000000E-04
    211      5.032843750E+01      9.531174688E+03      2.657341500E-02      5.280000000E-04
    212      5.032843750E+01      9.581503125E+03      2.657341500E-02      5.280000000E-04
    213      5.032843750E+01      9.631831563E+03      2.657341500E-02      5.280000000E-04
    214      5.032843750E+01      9.682160000E+03      2.657341500E-02      5.280000000E-04
    215      5.032843750E+01      9.732488438E+03      2.657341500E-02      5.280000000E-04
    216      5.032843750E+01      9.782816875E+03      2.657341500E-02      5.280000000E-04
    217      5.032843750E+01      9.833145313E+03      2.657341500E-02      5.280000000E-04
    218      5.032843750E+01      9.883473750E+03      2.657341500E-02      5.280000000E-04
    219      5.032843750E+01      9.933802188E+03      2.657341500E-02      5.280000000E-04
    220      5.032843750E+01      9.984130625E+03      2.657341500E-02      5.280000000E-04
    221      5.032843750E+01      1.003445906E+04      2.657341500E-02      5.280000000E-04
    222      5.032843750E+01      1.008478750E+04      2.657341500E-02      5.280000000E-04
    223      5.032843750E+01      1.013511594E+04      2.657341500E-02      5.280000000E-04
    224      5.032843750E+01      1.018544438E+04      2.657341500E-02      5.280000000E-04
    225      5.032843750E+01      1.023577281E+04      2.657341500E-02      5.280000000E-04
    226      5.032843750E+01      1.028610125E+04      2.657341500E-02      5.280000000E-04
    227      5.032843750E+01      1.033642969E+04      2.657341500E-02      5.280000000E-04
    228      5.032843750E+01      1.038675813E+04      2.657341500E-02      5.280000000E-04
    229      5.032843750E+01      1.043708656E+04      2.657341500E-02      5.280000000E-04
    230      5.032843750E+01      1.048741500E+04      2.657341500E-02      5.280000000E-04
    231      5.032843750E+01      1.053774344E+04      2.657341500E-02      5.280000000E-04
    232      5.032843750E+01      1.058807188E+04      2.657341500E-02      5.280000000E-04
    233      5.032843750E+01      1.063840031E+04      2.657341500E-02      5.280000000E-04
    234      5.032843750E+01      1.068872875E+04      2.657341500E-02      5.280000000E-04
    235      5.032843750E+01      1.073905719E+04      2.657341500E-02      5.280000000E-04
    236      5.032843750E+01      1.078938563E+04      2.657341500E-02      5.280000000E-04
    237      5.032843750E+01      1.083971406E+04      2.657341500E-02      5.280000000E-04
    238      5.032843750E+01      1.089004250E+04      2.657341500E-02      5.280000000E-04
    239      5.032843750E+01      1.094037094E+04      2.657341500E-02      5.280000000E-04
    240      5.032843750E+01      1.099069938E+04      2.657341500E-02      5.280000000E-04
    241      5.032843750E+01      1.104102781E+04      2.657341500E-02      5.280000000E-04
    242      5.032843750E+01      1.109135625E+04      2.657341500E-02      5.280000000E-04
    243      5.032843750E+01      1.114168469E+04      2.657341500E-02      5.280000000E-04
    244      5.032843750E+01      1.119201313E+04      2.657341500E-02      5.280000000E-04
    245      5.032843750E+01      1.124234156E+04      2.657341500E-02      5.280000000E-04
    246      5.032843750E+01      1.129267000E+04      2.657341500E-02      5.280000000E-04
    247      5.032843750E+01      1.134299844E+04      2.657341500E-02      5.280000000E-04
    248      5.032843750E+01      1.139332688E+04      2.657341500E-02      5.280000000E-04
    249      5.032843750E+01      1.144365531E+04      2.657341500E-02      5.280000000E-04
    250      5.032843750E+01      1.149398375E+04      2.657341500E-02      5.280000000E-04
    251      5.032843750E+01      1.154431219E+04      2.657341500E-02      5.280000000E-04
    252      5.032843750E+01      1.159464063E+04      2.657341500E-02      5.280000000E-04
    253      5.536128125E+01      1.165000191E+04      2.923075650E-02      5.280000000E-04
    254      5.536128125E+01      1.170536319E+04      2.923075650E-02      5.280000000E-04
    255      5.536128125E+01      1.176072447E+04      2.923075650E-02      5.280000000E-04
    256      5.536128125E+01      1.181608575E+04      2.923075650E-02      5.280000000E-04
    257      6.089740938E+01      1.187698316E+04      3.215383215E-02      5.280000000E-04
    258      6.089740938E+01      1.193788057E+04      3.215383215E-02      5.280000000E-04
    259      6.089740938E+01      1.199877798E+04      3.215383215E-02      5.280000000E-04
    260      6.698715031E+01      1.206576513E+04      3.536921536E-02      5.280000000E-04
    261      6.698715031E+01      1.213275228E+04      3.536921536E-02      5.280000000E-04
    262      6.698715031E+01      1.219973943E+04      3.536921536E-02      5.280000000E-04
    263      6.698715031E+01      1.226672658E+04      3.536921536E-02      5.280000000E-04
    264      6.698715031E+01      1.233371373E+04      3.536921536E-02      5.280000000E-04
    265      6.698715031E+01      1.240070088E+04      3.536921536E-02      5.280000000E-04
    266      6.698715031E+01      1.246768803E+04      3.536921536E-02      5.280000000E-04
    267      6.698715031E+01      1.253467518E+04      3.536921536E-02      5.280000000E-04
    268      6.698715031E+01      1.260166233E+04      3.536921536E-02      5.280000000E-04
    269      6.698715031E+01      1.266864948E+04      3.536921536E-02      5.280000000E-04
    270      6.698715031E+01      1.273563663E+04      3.536921536E-02      5.280000000E-04
    271      6.698715031E+01      1.280262378E+04      3.536921536E-02      5.280000000E-04
    272      6.698715031E+01      1.286961093E+04      3.536921536E-02      5.280000000E-04
    273      6.698715031E+01      1.293659808E+04      3.536921536E-02      5.280000000E-04
    274      6.698715031E+01      1.300358523E+04      3.536921536E-02      5.280000000E-04
    275      6.698715031E+01      1.307057238E+04      3.536921536E-02      5.280000000E-04
    276      6.698715031E+01      1.313755953E+04      3.536921536E-02      5.280000000E-04
    277      6.698715031E+01      1.320454668E+04      3.536921536E-02      5.280000000E-04
    278      6.698715031E+01      1.327153383E+04      3.536921536E-02      5.280000000E-04
    279      6.698715031E+01      1.333852098E+04      3.536921536E-02      5.280000000E-04
    280      6.698715031E+01      1.340550813E+04      3.536921536E-02      5.280000000E-04
    281      6.698715031E+01      1.347249529E+04      3.536921536E-02      5.280000000E-04
    282      7.368586534E+01      1.354618115E+04      3.890613690E-02      5.280000000E-04
    283      7.368586534E+01      1.361986702E+04      3.890613690E-02      5.280000000E-04
    284      7.368586534E+01      1.369355288E+04      3.890613690E-02      5.280000000E-04
    285      8.105445188E+01      1.377460733E+04      4.279675059E-02      5.280000000E-04
    286      8.105445188E+01      1.385566178E+04      4.279675059E-02      5.280000000E-04
    287      8.105445188E+01      1.393671624E+04      4.279675059E-02      5.280000000E-04
    288      8.915989707E+01      1.402587613E+04      4.707642565E-02      5.280000000E-04
    289      8.915989707E+01      1.411503603E+04      4.707642565E-02      5.280000000E-04
    290      8.915989707E+01      1.420419593E+04      4.707642565E-02      5.280000000E-04
    291      8.915989707E+01      1.429335582E+04      4.707642565E-02      5.280000000E-04
    292      9.807588677E+01      1.439143171E+04      5.178406822E-02      5.280000000E-04
    293      9.807588677E+01      1.448950760E+04      5.178406822E-02      5.280000000E-04
    294      9.807588677E+01      1.458758349E+04      5.178406822E-02      5.280000000E-04
    295      1.078834754E+02      1.469546696E+04      5.696247504E-02      5.280000000E-04
    296      1.078834754E+02      1.480335044E+04      5.696247504E-02      5.280000000E-04
    297      1.186718230E+02      1.492202226E+04      6.265872254E-02      5.280000000E-04
    298      1.186718230E+02      1.504069408E+04      6.265872254E-02      5.280000000E-04
    299      1.305390053E+02      1.517123309E+04      6.892459480E-02      5.280000000E-04
    300      1.305390053E+02      1.530177209E+04      6.892459480E-02      5.280000000E-04
    301      1.305390053E+02      1.543231110E+04      6.892459480E-02      5.280000000E-04
    302      1.435929058E+02      1.557590400E+04      7.581705427E-02      5.280000000E-04
    303      1.435929058E+02      1.571949691E+04      7.581705427E-02      5.280000000E-04
    304      1.435929058E+02      1.586308982E+04      7.581705427E-02      5.280000000E-04
    305      1.579521964E+02      1.602104201E+04      8.339875970E-02      5.280000000E-04
    306      1.579521964E+02      1.617899421E+04      8.339875970E-02      5.280000000E-04
    307      1.737474160E+02      1.635274162E+04      9.173863567E-02      5.280000000E-04
    308      1.737474160E+02      1.652648904E+04      9.173863567E-02      5.280000000E-04
    309      1.737474160E+02      1.670023646E+04      9.173863567E-02      5.280000000E-04
    310      1.911221577E+02      1.689135861E+04      1.009124992E-01      5.280000000E-04
    311      1.911221577E+02      1.708248077E+04      1.009124992E-01      5.280000000E-04
    312      2.102343734E+02      1.729271515E+04      1.110037492E-01      5.280000000E-04
    313      2.102343734E+02      1.750294952E+04      1.110037492E-01      5.280000000E-04
    314      2.312578108E+02      1.773420733E+04      1.221041241E-01      5.280000000E-04
    315      1.328963353E+02      1.786710366E+04      7.016926506E-02      5.280000000E-04
    316      1.328963353E+02      1.800000000E+04      7.016926506E-02      5.280000000E-04
