#NSTEP     DELTAT       TIME   NET NATM,NSF DIR FLUX   NET NATM,NSF NEU FLUX
     1  1.250E+02  1.250E+02             0.00000E+00             5.28000E-04
     2  6.250E+01  1.875E+02             0.00000E+00             5.28000E-04
     3  6.250E+01  2.500E+02             0.00000E+00             5.28000E-04
     4  6.250E+01  3.125E+02             0.00000E+00             5.28000E-04
     5  6.250E+01  3.750E+02             0.00000E+00             5.28000E-04
     6  6.250E+01  4.375E+02             0.00000E+00             5.28000E-04
     7  6.250E+01  5.000E+02             0.00000E+00             5.28000E-04
     8  6.250E+01  5.625E+02             0.00000E+00             5.28000E-04
     9  6.250E+01  6.250E+02             0.00000E+00             5.28000E-04
    10  6.250E+01  6.875E+02             0.00000E+00             5.28000E-04
    11  3.125E+01  7.188E+02             0.00000E+00             5.28000E-04
    12  3.125E+01  7.500E+02             0.00000E+00             5.28000E-04
    13  3.125E+01  7.812E+02             0.00000E+00             5.28000E-04
    14  3.125E+01  8.125E+02             0.00000E+00             5.28000E-04
    15  3.125E+01  8.438E+02             0.00000E+00             5.28000E-04
    16  3.125E+01  8.750E+02             0.00000E+00             5.28000E-04
    17  3.125E+01  9.062E+02             0.00000E+00             5.28000E-04
    18  3.125E+01  9.375E+02             0.00000E+00             5.28000E-04
    19  3.125E+01  9.688E+02             0.00000E+00             5.28000E-04
    20  3.125E+01  1.000E+03             0.00000E+00             5.28000E-04
    21  3.125E+01  1.031E+03             0.00000E+00             5.28000E-04
    22  3.125E+01  1.062E+03             0.00000E+00             5.28000E-04
    23  3.125E+01  1.094E+03             0.00000E+00             5.28000E-04
    24  3.125E+01  1.125E+03             0.00000E+00             5.28000E-04
    25  3.125E+01  1.156E+03             0.00000E+00             5.28000E-04
    26  3.125E+01  1.188E+03             0.00000E+00             5.28000E-04
    27  3.125E+01  1.219E+03             0.00000E+00             5.28000E-04
    28  3.125E+01  1.250E+03             0.00000E+00             5.28000E-04
    29  3.125E+01  1.281E+03             0.00000E+00             5.28000E-04
    30  3.125E+01  1.312E+03             0.00000E+00             5.28000E-04
    31  3.125E+01  1.344E+03             0.00000E+00             5.28000E-04
    32  3.125E+01  1.375E+03             0.00000E+00             5.28000E-04
    33  3.125E+01  1.406E+03             0.00000E+00             5.28000E-04
    34  3.125E+01  1.438E+03             0.00000E+00             5.28000E-04
    35  3.125E+01  1.469E+03             0.00000E+00             5.28000E-04
    36  3.125E+01  1.500E+03             0.00000E+00             5.28000E-04
    37  3.125E+01  1.531E+03             0.00000E+00             5.28000E-04
    38  3.125E+01  1.562E+03             0.00000E+00             5.28000E-04
    39  3.125E+01  1.594E+03             0.00000E+00             5.28000E-04
    40  3.438E+01  1.628E+03             0.00000E+00             5.28000E-04
    41  3.438E+01  1.662E+03             0.00000E+00             5.28000E-04
    42  3.438E+01  1.697E+03             0.00000E+00             5.28000E-04
    43  3.438E+01  1.731E+03             0.00000E+00             5.28000E-04
    44  3.781E+01  1.769E+03             0.00000E+00             5.28000E-04
    45  3.781E+01  1.807E+03             0.00000E+00             5.28000E-04
    46  3.781E+01  1.845E+03             0.00000E+00             5.28000E-04
    47  3.781E+01  1.882E+03             0.00000E+00             5.28000E-04
    48  4.159E+01  1.924E+03             0.00000E+00             5.28000E-04
    49  4.159E+01  1.966E+03             0.00000E+00             5.28000E-04
    50  4.159E+01  2.007E+03             0.00000E+00             5.28000E-04
    51  4.159E+01  2.049E+03             0.00000E+00             5.28000E-04
    52  4.159E+01  2.090E+03             0.00000E+00             5.28000E-04
    53  4.159E+01  2.132E+03             0.00000E+00             5.28000E-04
    54  4.159E+01  2.174E+03             0.00000E+00             5.28000E-04
    55  4.159E+01  2.215E+03             0.00000E+00             5.28000E-04
    56  4.159E+01  2.257E+03             0.00000E+00             5.28000E-04
    57  4.159E+01  2.298E+03             0.00000E+00             5.28000E-04
    58  4.159E+01  2.340E+03             0.00000E+00             5.28000E-04
    59  4.159E+01  2.382E+03             0.00000E+00             5.28000E-04
    60  4.159E+01  2.423E+03             0.00000E+00             5.28000E-04
    61  4.159E+01  2.465E+03             0.00000E+00             5.28000E-04
    62  4.159E+01  2.506E+03             0.00000E+00             5.28000E-04
    63  4.159E+01  2.548E+03             0.00000E+00             5.28000E-04
    64  4.159E+01  2.590E+03             0.00000E+00             5.28000E-04
    65  4.159E+01  2.631E+03             0.00000E+00             5.28000E-04
    66  4.159E+01  2.673E+03             0.00000E+00             5.28000E-04
    67  4.159E+01  2.714E+03             0.00000E+00             5.28000E-04
    68  4.159E+01  2.756E+03             0.00000E+00             5.28000E-04
    69  4.159E+01  2.798E+03             0.00000E+00             5.28000E-04
    70  4.159E+01  2.839E+03             0.00000E+00             5.28000E-04
    71  4.159E+01  2.881E+03             0.00000E+00             5.28000E-04
    72  4.159E+01  2.922E+03             0.00000E+00             5.28000E-04
    73  4.159E+01  2.964E+03             0.00000E+00             5.28000E-04
    74  4.159E+01  3.006E+03             0.00000E+00             5.28000E-04
    75  4.159E+01  3.047E+03             0.00000E+00             5.28000E-04
    76  4.159E+01  3.089E+03             0.00000E+00             5.28000E-04
    77  4.159E+01  3.130E+03             0.00000E+00             5.28000E-04
    78  4.159E+01  3.172E+03             0.00000E+00             5.28000E-04
    79  4.159E+01  3.214E+03             0.00000E+00             5.28000E-04
    80  4.159E+01  3.255E+03             0.00000E+00             5.28000E-04
    81  4.159E+01  3.297E+03             0.00000E+00             5.28000E-04
    82  4.159E+01  3.338E+03             0.00000E+00             5.28000E-04
    83  4.159E+01  3.380E+03             0.00000E+00             5.28000E-04
    84  4.159E+01  3.421E+03             0.00000E+00             5.28000E-04
    85  4.159E+01  3.463E+03             0.00000E+00             5.28000E-04
    86  4.159E+01  3.505E+03             0.00000E+00             5.28000E-04
    87  4.159E+01  3.546E+03             0.00000E+00             5.28000E-04
    88  4.159E+01  3.588E+03             0.00000E+00             5.28000E-04
    89  4.159E+01  3.629E+03             0.00000E+00             5.28000E-04
    90  4.159E+01  3.671E+03             0.00000E+00             5.28000E-04
    91  4.159E+01  3.713E+03             0.00000E+00             5.28000E-04
    92  4.159E+01  3.754E+03             0.00000E+00             5.28000E-04
    93  4.159E+01  3.796E+03             0.00000E+00             5.28000E-04
    94  4.159E+01  3.837E+03             0.00000E+00             5.28000E-04
    95  4.159E+01  3.879E+03             0.00000E+00             5.28000E-04
    96  4.159E+01  3.921E+03             0.00000E+00             5.28000E-04
    97  4.159E+01  3.962E+03             0.00000E+00             5.28000E-04
    98  4.159E+01  4.004E+03             0.00000E+00             5.28000E-04
    99  4.159E+01  4.045E+03             0.00000E+00             5.28000E-04
   100  4.159E+01  4.087E+03             0.00000E+00             5.28000E-04
   101  4.159E+01  4.129E+03             0.00000E+00             5.28000E-04
   102  4.159E+01  4.170E+03             0.00000E+00             5.28000E-04
   103  4.159E+01  4.212E+03             0.00000E+00             5.28000E-04
   104  4.159E+01  4.253E+03             0.00000E+00             5.28000E-04
   105  4.159E+01  4.295E+03             0.00000E+00             5.28000E-04
   106  4.159E+01  4.337E+03             0.00000E+00             5.28000E-04
   107  4.159E+01  4.378E+03             0.00000E+00             5.28000E-04
   108  4.159E+01  4.420E+03             0.00000E+00             5.28000E-04
   109  4.159E+01  4.461E+03             0.00000E+00             5.28000E-04
   110  4.159E+01  4.503E+03             0.00000E+00             5.28000E-04
   111  4.575E+01  4.549E+03             0.00000E+00             5.28000E-04
   112  4.575E+01  4.594E+03             0.00000E+00             5.28000E-04
   113  4.575E+01  4.640E+03             0.00000E+00             5.28000E-04
   114  4.575E+01  4.686E+03             0.00000E+00             5.28000E-04
   115  4.575E+01  4.732E+03             0.00000E+00             5.28000E-04
   116  4.575E+01  4.777E+03             0.00000E+00             5.28000E-04
   117  4.575E+01  4.823E+03             0.00000E+00             5.28000E-04
   118  4.575E+01  4.869E+03             0.00000E+00             5.28000E-04
   119  4.575E+01  4.915E+03             0.00000E+00             5.28000E-04
   120  4.575E+01  4.960E+03             0.00000E+00             5.28000E-04
   121  4.575E+01  5.006E+03             0.00000E+00             5.28000E-04
   122  4.575E+01  5.052E+03             0.00000E+00             5.28000E-04
   123  5.033E+01  5.102E+03             0.00000E+00             5.28000E-04
   124  5.033E+01  5.153E+03             0.00000E+00             5.28000E-04
   125  5.033E+01  5.203E+03             0.00000E+00             5.28000E-04
   126  5.033E+01  5.253E+03             0.00000E+00             5.28000E-04
   127  5.033E+01  5.304E+03             0.00000E+00             5.28000E-04
   128  5.033E+01  5.354E+03             0.00000E+00             5.28000E-04
   129  5.033E+01  5.404E+03             0.00000E+00             5.28000E-04
   130  5.033E+01  5.455E+03             0.00000E+00             5.28000E-04
   131  5.033E+01  5.505E+03             0.00000E+00             5.28000E-04
   132  5.033E+01  5.555E+03             0.00000E+00             5.28000E-04
   133  5.033E+01  5.606E+03             0.00000E+00             5.28000E-04
   134  5.033E+01  5.656E+03             0.00000E+00             5.28000E-04
   135  5.033E+01  5.706E+03             0.00000E+00             5.28000E-04
   136  5.033E+01  5.757E+03             0.00000E+00             5.28000E-04
   137  5.033E+01  5.807E+03             0.00000E+00             5.28000E-04
   138  5.033E+01  5.857E+03             0.00000E+00             5.28000E-04
   139  5.033E+01  5.908E+03             0.00000E+00             5.28000E-04
   140  5.033E+01  5.958E+03             0.00000E+00             5.28000E-04
   141  5.033E+01  6.008E+03             0.00000E+00             5.28000E-04
   142  5.033E+01  6.059E+03             0.00000E+00             5.28000E-04
   143  5.033E+01  6.109E+03             0.00000E+00             5.28000E-04
   144  5.033E+01  6.159E+03             0.00000E+00             5.28000E-04
   145  5.033E+01  6.209E+03             0.00000E+00             5.28000E-04
   146  5.033E+01  6.260E+03             0.00000E+00             5.28000E-04
   147  5.033E+01  6.310E+03             0.00000E+00             5.28000E-04
   148  5.033E+01  6.360E+03             0.00000E+00             5.28000E-04
   149  5.033E+01  6.411E+03             0.00000E+00             5.28000E-04
   150  5.033E+01  6.461E+03             0.00000E+00             5.28000E-04
   151  5.033E+01  6.511E+03             0.00000E+00             5.28000E-04
   152  5.033E+01  6.562E+03             0.00000E+00             5.28000E-04
   153  5.033E+01  6.612E+03             0.00000E+00             5.28000E-04
   154  5.033E+01  6.662E+03             0.00000E+00             5.28000E-04
   155  5.033E+01  6.713E+03             0.00000E+00             5.28000E-04
   156  5.033E+01  6.763E+03             0.00000E+00             5.28000E-04
   157  5.033E+01  6.813E+03             0.00000E+00             5.28000E-04
   158  5.033E+01  6.864E+03             0.00000E+00             5.28000E-04
   159  5.033E+01  6.914E+03             0.00000E+00             5.28000E-04
   160  5.033E+01  6.964E+03             0.00000E+00             5.28000E-04
   161  5.033E+01  7.015E+03             0.00000E+00             5.28000E-04
   162  5.033E+01  7.065E+03             0.00000E+00             5.28000E-04
   163  5.033E+01  7.115E+03             0.00000E+00             5.28000E-04
   164  5.033E+01  7.166E+03             0.00000E+00             5.28000E-04
   165  5.033E+01  7.216E+03             0.00000E+00             5.28000E-04
   166  5.033E+01  7.266E+03             0.00000E+00             5.28000E-04
   167  5.033E+01  7.317E+03             0.00000E+00             5.28000E-04
   168  5.033E+01  7.367E+03             0.00000E+00             5.28000E-04
   169  5.033E+01  7.417E+03             0.00000E+00             5.28000E-04
   170  5.033E+01  7.468E+03             0.00000E+00             5.28000E-04
   171  5.033E+01  7.518E+03             0.00000E+00             5.28000E-04
   172  5.033E+01  7.568E+03             0.00000E+00             5.28000E-04
   173  5.033E+01  7.619E+03             0.00000E+00             5.28000E-04
   174  5.033E+01  7.669E+03             0.00000E+00             5.28000E-04
   175  5.033E+01  7.719E+03             0.00000E+00             5.28000E-04
   176  5.033E+01  7.770E+03             0.00000E+00             5.28000E-04
   177  5.033E+01  7.820E+03             0.00000E+00             5.28000E-04
   178  5.033E+01  7.870E+03             0.00000E+00             5.28000E-04
   179  5.033E+01  7.921E+03             0.00000E+00             5.28000E-04
   180  5.033E+01  7.971E+03             0.00000E+00             5.28000E-04
   181  5.033E+01  8.021E+03             0.00000E+00             5.28000E-04
   182  5.033E+01  8.072E+03             0.00000E+00             5.28000E-04
   183  5.033E+01  8.122E+03             0.00000E+00             5.28000E-04
   184  5.033E+01  8.172E+03             0.00000E+00             5.28000E-04
   185  5.033E+01  8.223E+03             0.00000E+00             5.28000E-04
   186  5.033E+01  8.273E+03             0.00000E+00             5.28000E-04
   187  5.033E+01  8.323E+03             0.00000E+00             5.28000E-04
   188  5.033E+01  8.374E+03             0.00000E+00             5.28000E-04
   189  5.033E+01  8.424E+03             0.00000E+00             5.28000E-04
   190  5.033E+01  8.474E+03             0.00000E+00             5.28000E-04
   191  5.033E+01  8.525E+03             0.00000E+00             5.28000E-04
   192  5.033E+01  8.575E+03             0.00000E+00             5.28000E-04
   193  5.033E+01  8.625E+03             0.00000E+00             5.28000E-04
   194  5.033E+01  8.676E+03             0.00000E+00             5.28000E-04
   195  5.033E+01  8.726E+03             0.00000E+00             5.28000E-04
   196  5.033E+01  8.776E+03             0.00000E+00             5.28000E-04
   197  5.033E+01  8.827E+03             0.00000E+00             5.28000E-04
   198  5.033E+01  8.877E+03             0.00000E+00             5.28000E-04
   199  5.033E+01  8.927E+03             0.00000E+00             5.28000E-04
   200  5.033E+01  8.978E+03             0.00000E+00             5.28000E-04
   201  5.033E+01  9.028E+03             0.00000E+00             5.28000E-04
   202  5.033E+01  9.078E+03             0.00000E+00             5.28000E-04
   203  5.033E+01  9.129E+03             0.00000E+00             5.28000E-04
   204  5.033E+01  9.179E+03             0.00000E+00             5.28000E-04
   205  5.033E+01  9.229E+03             0.00000E+00             5.28000E-04
   206  5.033E+01  9.280E+03             0.00000E+00             5.28000E-04
   207  5.033E+01  9.330E+03             0.00000E+00             5.28000E-04
   208  5.033E+01  9.380E+03             0.00000E+00             5.28000E-04
   209  5.033E+01  9.431E+03             0.00000E+00             5.28000E-04
   210  5.033E+01  9.481E+03             0.00000E+00             5.28000E-04
   211  5.033E+01  9.531E+03             0.00000E+00             5.28000E-04
   212  5.033E+01  9.582E+03             0.00000E+00             5.28000E-04
   213  5.033E+01  9.632E+03             0.00000E+00             5.28000E-04
   214  5.033E+01  9.682E+03             0.00000E+00             5.28000E-04
   215  5.033E+01  9.732E+03             0.00000E+00             5.28000E-04
   216  5.033E+01  9.783E+03             0.00000E+00             5.28000E-04
   217  5.033E+01  9.833E+03             0.00000E+00             5.28000E-04
   218  5.033E+01  9.883E+03             0.00000E+00             5.28000E-04
   219  5.033E+01  9.934E+03             0.00000E+00             5.28000E-04
   220  5.033E+01  9.984E+03             0.00000E+00             5.28000E-04
   221  5.033E+01  1.003E+04             0.00000E+00             5.28000E-04
   222  5.033E+01  1.008E+04             0.00000E+00             5.28000E-04
   223  5.033E+01  1.014E+04             0.00000E+00             5.28000E-04
   224  5.033E+01  1.019E+04             0.00000E+00             5.28000E-04
   225  5.033E+01  1.024E+04             0.00000E+00             5.28000E-04
   226  5.033E+01  1.029E+04             0.00000E+00             5.28000E-04
   227  5.033E+01  1.034E+04             0.00000E+00             5.28000E-04
   228  5.033E+01  1.039E+04             0.00000E+00             5.28000E-04
   229  5.033E+01  1.044E+04             0.00000E+00             5.28000E-04
   230  5.033E+01  1.049E+04             0.00000E+00             5.28000E-04
   231  5.033E+01  1.054E+04             0.00000E+00             5.28000E-04
   232  5.033E+01  1.059E+04             0.00000E+00             5.28000E-04
   233  5.033E+01  1.064E+04             0.00000E+00             5.28000E-04
   234  5.033E+01  1.069E+04             0.00000E+00             5.28000E-04
   235  5.033E+01  1.074E+04             0.00000E+00             5.28000E-04
   236  5.033E+01  1.079E+04             0.00000E+00             5.28000E-04
   237  5.033E+01  1.084E+04             0.00000E+00             5.28000E-04
   238  5.033E+01  1.089E+04             0.00000E+00             5.28000E-04
   239  5.033E+01  1.094E+04             0.00000E+00             5.28000E-04
   240  5.033E+01  1.099E+04             0.00000E+00             5.28000E-04
   241  5.033E+01  1.104E+04             0.00000E+00             5.28000E-04
   242  5.033E+01  1.109E+04             0.00000E+00             5.28000E-04
   243  5.033E+01  1.114E+04             0.00000E+00             5.28000E-04
   244  5.033E+01  1.119E+04             0.00000E+00             5.28000E-04
   245  5.033E+01  1.124E+04             0.00000E+00             5.28000E-04
   246  5.033E+01  1.129E+04             0.00000E+00             5.28000E-04
   247  5.033E+01  1.134E+04             0.00000E+00             5.28000E-04
   248  5.033E+01  1.139E+04             0.00000E+00             5.28000E-04
   249  5.033E+01  1.144E+04             0.00000E+00             5.28000E-04
   250  5.033E+01  1.149E+04             0.00000E+00             5.28000E-04
   251  5.033E+01  1.154E+04             0.00000E+00             5.28000E-04
   252  5.033E+01  1.159E+04             0.00000E+00             5.28000E-04
   253  5.536E+01  1.165E+04             0.00000E+00             5.28000E-04
   254  5.536E+01  1.171E+04             0.00000E+00             5.28000E-04
   255  5.536E+01  1.176E+04             0.00000E+00             5.28000E-04
   256  5.536E+01  1.182E+04             0.00000E+00             5.28000E-04
   257  6.090E+01  1.188E+04             0.00000E+00             5.28000E-04
   258  6.090E+01  1.194E+04             0.00000E+00             5.28000E-04
   259  6.090E+01  1.200E+04             0.00000E+00             5.28000E-04
   260  6.699E+01  1.207E+04             0.00000E+00             5.28000E-04
   261  6.699E+01  1.213E+04             0.00000E+00             5.28000E-04
   262  6.699E+01  1.220E+04             0.00000E+00             5.28000E-04
   263  6.699E+01  1.227E+04             0.00000E+00             5.28000E-04
   264  6.699E+01  1.233E+04             0.00000E+00             5.28000E-04
   265  6.699E+01  1.240E+04             0.00000E+00             5.28000E-04
   266  6.699E+01  1.247E+04             0.00000E+00             5.28000E-04
   267  6.699E+01  1.253E+04             0.00000E+00             5.28000E-04
   268  6.699E+01  1.260E+04             0.00000E+00             5.28000E-04
   269  6.699E+01  1.267E+04             0.00000E+00             5.28000E-04
   270  6.699E+01  1.274E+04             0.00000E+00             5.28000E-04
   271  6.699E+01  1.280E+04             0.00000E+00             5.28000E-04
   272  6.699E+01  1.287E+04             0.00000E+00             5.28000E-04
   273  6.699E+01  1.294E+04             0.00000E+00             5.28000E-04
   274  6.699E+01  1.300E+04             0.00000E+00             5.28000E-04
   275  6.699E+01  1.307E+04             0.00000E+00             5.28000E-04
   276  6.699E+01  1.314E+04             0.00000E+00             5.28000E-04
   277  6.699E+01  1.320E+04             0.00000E+00             5.28000E-04
   278  6.699E+01  1.327E+04             0.00000E+00             5.28000E-04
   279  6.699E+01  1.334E+04             0.00000E+00             5.28000E-04
   280  6.699E+01  1.341E+04             0.00000E+00             5.28000E-04
   281  6.699E+01  1.347E+04             0.00000E+00             5.28000E-04
   282  7.369E+01  1.355E+04             0.00000E+00             5.28000E-04
   283  7.369E+01  1.362E+04             0.00000E+00             5.28000E-04
   284  7.369E+01  1.369E+04             0.00000E+00             5.28000E-04
   285  8.105E+01  1.377E+04             0.00000E+00             5.28000E-04
   286  8.105E+01  1.386E+04             0.00000E+00             5.28000E-04
   287  8.105E+01  1.394E+04             0.00000E+00             5.28000E-04
   288  8.916E+01  1.403E+04             0.00000E+00             5.28000E-04
   289  8.916E+01  1.412E+04             0.00000E+00             5.28000E-04
   290  8.916E+01  1.420E+04             0.00000E+00             5.28000E-04
   291  8.916E+01  1.429E+04             0.00000E+00             5.28000E-04
   292  9.808E+01  1.439E+04             0.00000E+00             5.28000E-04
   293  9.808E+01  1.449E+04             0.00000E+00             5.28000E-04
   294  9.808E+01  1.459E+04             0.00000E+00             5.28000E-04
   295  1.079E+02  1.470E+04             0.00000E+00             5.28000E-04
   296  1.079E+02  1.480E+04             0.00000E+00             5.28000E-04
   297  1.187E+02  1.492E+04             0.00000E+00             5.28000E-04
   298  1.187E+02  1.504E+04             0.00000E+00             5.28000E-04
   299  1.305E+02  1.517E+04             0.00000E+00             5.28000E-04
   300  1.305E+02  1.530E+04             0.00000E+00             5.28000E-04
   301  1.305E+02  1.543E+04             0.00000E+00             5.28000E-04
   302  1.436E+02  1.558E+04             0.00000E+00             5.28000E-04
   303  1.436E+02  1.572E+04             0.00000E+00             5.28000E-04
   304  1.436E+02  1.586E+04             0.00000E+00             5.28000E-04
   305  1.580E+02  1.602E+04             0.00000E+00             5.28000E-04
   306  1.580E+02  1.618E+04             0.00000E+00             5.28000E-04
   307  1.737E+02  1.635E+04             0.00000E+00             5.28000E-04
   308  1.737E+02  1.653E+04             0.00000E+00             5.28000E-04
   309  1.737E+02  1.670E+04             0.00000E+00             5.28000E-04
   310  1.911E+02  1.689E+04             0.00000E+00             5.28000E-04
   311  1.911E+02  1.708E+04             0.00000E+00             5.28000E-04
   312  2.102E+02  1.729E+04             0.00000E+00             5.28000E-04
   313  2.102E+02  1.750E+04             0.00000E+00             5.28000E-04
   314  2.313E+02  1.773E+04             0.00000E+00             5.28000E-04
   315  1.329E+02  1.787E+04             0.00000E+00             5.28000E-04
   316  1.329E+02  1.800E+04             0.00000E+00             5.28000E-04
