#       1
#          TIME               20
  1.25000000E+02  0.00000000E+00  0.00000000E+00  0.00000000E+00  0.00000000E+00
  1.87500000E+02  0.00000000E+00  0.00000000E+00  0.00000000E+00  0.00000000E+00
  2.50000000E+02  0.00000000E+00  0.00000000E+00  0.00000000E+00  0.00000000E+00
  3.12500000E+02  0.00000000E+00  0.00000000E+00  0.00000000E+00  0.00000000E+00
  3.75000000E+02  0.00000000E+00  0.00000000E+00  0.00000000E+00  0.00000000E+00
  4.37500000E+02  0.00000000E+00  0.00000000E+00  0.00000000E+00  0.00000000E+00
  5.00000000E+02  0.00000000E+00  0.00000000E+00  0.00000000E+00  0.00000000E+00
  5.62500000E+02  0.00000000E+00  0.00000000E+00  0.00000000E+00  0.00000000E+00
  6.25000000E+02  0.00000000E+00  0.00000000E+00  0.00000000E+00  0.00000000E+00
  6.87500000E+02  0.00000000E+00  0.00000000E+00  0.00000000E+00  0.00000000E+00
  7.18750000E+02  0.00000000E+00  0.00000000E+00  0.00000000E+00  0.00000000E+00
  7.50000000E+02  0.00000000E+00  0.00000000E+00  0.00000000E+00  0.00000000E+00
  7.81250000E+02  0.00000000E+00  0.00000000E+00  0.00000000E+00  0.00000000E+00
  8.12500000E+02  0.00000000E+00  0.00000000E+00  0.00000000E+00  0.00000000E+00
  8.43750000E+02  0.00000000E+00  0.00000000E+00  0.00000000E+00  0.00000000E+00
  8.75000000E+02  0.00000000E+00  0.00000000E+00  0.00000000E+00  0.00000000E+00
  9.06250000E+02  0.00000000E+00  0.00000000E+00  0.00000000E+00  0.00000000E+00
  9.37500000E+02  0.00000000E+00  0.00000000E+00  0.00000000E+00  0.00000000E+00
  9.68750000E+02  0.00000000E+00  0.00000000E+00  0.00000000E+00  0.00000000E+00
  1.00000000E+03  0.00000000E+00  0.00000000E+00  0.00000000E+00  0.00000000E+00
  1.03125000E+03  0.00000000E+00  0.00000000E+00  0.00000000E+00  0.00000000E+00
  1.06250000E+03  0.00000000E+00  0.00000000E+00  0.00000000E+00  0.00000000E+00
  1.09375000E+03  0.00000000E+00  0.00000000E+00  0.00000000E+00  0.00000000E+00
  1.12500000E+03  0.00000000E+00  0.00000000E+00  0.00000000E+00  0.00000000E+00
  1.15625000E+03  0.00000000E+00  0.00000000E+00  0.00000000E+00  0.00000000E+00
  1.18750000E+03  0.00000000E+00  0.00000000E+00  0.00000000E+00  0.00000000E+00
  1.21875000E+03  0.00000000E+00  0.00000000E+00  0.00000000E+00  0.00000000E+00
  1.25000000E+03  0.00000000E+00  0.00000000E+00  0.00000000E+00  0.00000000E+00
  1.28125000E+03  0.00000000E+00  0.00000000E+00  0.00000000E+00  0.00000000E+00
  1.31250000E+03  0.00000000E+00  0.00000000E+00  0.00000000E+00  0.00000000E+00
  1.34375000E+03  0.00000000E+00  0.00000000E+00  0.00000000E+00  0.00000000E+00
  1.37500000E+03  0.00000000E+00  0.00000000E+00  0.00000000E+00  0.00000000E+00
  1.40625000E+03  0.00000000E+00  0.00000000E+00  0.00000000E+00  0.00000000E+00
  1.43750000E+03  0.00000000E+00  0.00000000E+00  0.00000000E+00  0.00000000E+00
  1.46875000E+03  0.00000000E+00  0.00000000E+00  0.00000000E+00  0.00000000E+00
  1.50000000E+03  0.00000000E+00  0.00000000E+00  0.00000000E+00  0.00000000E+00
  1.53125000E+03  0.00000000E+00  0.00000000E+00  0.00000000E+00  0.00000000E+00
  1.56250000E+03  0.00000000E+00  0.00000000E+00  0.00000000E+00  0.00000000E+00
  1.59375000E+03  0.00000000E+00  0.00000000E+00  0.00000000E+00  0.00000000E+00
  1.62812500E+03  0.00000000E+00  0.00000000E+00  0.00000000E+00  0.00000000E+00
  1.66250000E+03  0.00000000E+00  0.00000000E+00  0.00000000E+00  0.00000000E+00
  1.69687500E+03  0.00000000E+00  0.00000000E+00  0.00000000E+00  0.00000000E+00
  1.73125000E+03  0.00000000E+00  0.00000000E+00  0.00000000E+00  0.00000000E+00
  1.76906250E+03  0.00000000E+00  0.00000000E+00  0.00000000E+00  0.00000000E+00
  1.80687500E+03  0.00000000E+00  0.00000000E+00  0.00000000E+00  0.00000000E+00
  1.84468750E+03  0.00000000E+00  0.00000000E+00  0.00000000E+00  0.00000000E+00
  1.88250000E+03  0.00000000E+00  0.00000000E+00  0.00000000E+00  0.00000000E+00
  1.92409375E+03  0.00000000E+00  0.00000000E+00  0.00000000E+00  0.00000000E+00
  1.96568750E+03  0.00000000E+00  0.00000000E+00  0.00000000E+00  0.00000000E+00
  2.00728125E+03  0.00000000E+00  0.00000000E+00  0.00000000E+00  0.00000000E+00
  2.04887500E+03  0.00000000E+00  0.00000000E+00  0.00000000E+00  0.00000000E+00
  2.09046875E+03  0.00000000E+00  0.00000000E+00  0.00000000E+00  0.00000000E+00
  2.13206250E+03  0.00000000E+00  0.00000000E+00  0.00000000E+00  0.00000000E+00
  2.17365625E+03  0.00000000E+00  0.00000000E+00  0.00000000E+00  0.00000000E+00
  2.21525000E+03  0.00000000E+00  0.00000000E+00  0.00000000E+00  0.00000000E+00
  2.25684375E+03  0.00000000E+00  0.00000000E+00  0.00000000E+00  0.00000000E+00
  2.29843750E+03  0.00000000E+00  0.00000000E+00  0.00000000E+00  0.00000000E+00
  2.34003125E+03  0.00000000E+00  0.00000000E+00  0.00000000E+00  0.00000000E+00
  2.38162500E+03  0.00000000E+00  0.00000000E+00  0.00000000E+00  0.00000000E+00
  2.42321875E+03  0.00000000E+00  0.00000000E+00  0.00000000E+00  0.00000000E+00
  2.46481250E+03  0.00000000E+00  0.00000000E+00  0.00000000E+00  0.00000000E+00
  2.50640625E+03  0.00000000E+00  0.00000000E+00  0.00000000E+00  0.00000000E+00
  2.54800000E+03  0.00000000E+00  0.00000000E+00  0.00000000E+00  0.00000000E+00
  2.58959375E+03  0.00000000E+00  0.00000000E+00  0.00000000E+00  0.00000000E+00
  2.63118750E+03  0.00000000E+00  0.00000000E+00  0.00000000E+00  0.00000000E+00
  2.67278125E+03  0.00000000E+00  0.00000000E+00  0.00000000E+00  0.00000000E+00
  2.71437500E+03  0.00000000E+00  0.00000000E+00  0.00000000E+00  0.00000000E+00
  2.75596875E+03  0.00000000E+00  0.00000000E+00  0.00000000E+00  0.00000000E+00
  2.79756250E+03  0.00000000E+00  0.00000000E+00  0.00000000E+00  0.00000000E+00
  2.83915625E+03  0.00000000E+00  0.00000000E+00  0.00000000E+00  0.00000000E+00
  2.88075000E+03  0.00000000E+00  0.00000000E+00  0.00000000E+00  0.00000000E+00
  2.92234375E+03  0.00000000E+00  0.00000000E+00  0.00000000E+00  0.00000000E+00
  2.96393750E+03  0.00000000E+00  0.00000000E+00  0.00000000E+00  0.00000000E+00
  3.00553125E+03  0.00000000E+00  0.00000000E+00  0.00000000E+00  0.00000000E+00
  3.04712500E+03  0.00000000E+00  0.00000000E+00  0.00000000E+00  0.00000000E+00
  3.08871875E+03  0.00000000E+00  0.00000000E+00  0.00000000E+00  0.00000000E+00
  3.13031250E+03  0.00000000E+00  0.00000000E+00  0.00000000E+00  0.00000000E+00
  3.17190625E+03  0.00000000E+00  0.00000000E+00  0.00000000E+00  0.00000000E+00
  3.21350000E+03  0.00000000E+00  0.00000000E+00  0.00000000E+00  0.00000000E+00
  3.25509375E+03  0.00000000E+00  0.00000000E+00  0.00000000E+00  0.00000000E+00
  3.29668750E+03  0.00000000E+00  0.00000000E+00  0.00000000E+00  0.00000000E+00
  3.33828125E+03  0.00000000E+00  0.00000000E+00  0.00000000E+00  0.00000000E+00
  3.37987500E+03  0.00000000E+00  0.00000000E+00  0.00000000E+00  0.00000000E+00
  3.42146875E+03  0.00000000E+00  0.00000000E+00  0.00000000E+00  0.00000000E+00
  3.46306250E+03  0.00000000E+00  0.00000000E+00  0.00000000E+00  0.00000000E+00
  3.50465625E+03  0.00000000E+00  0.00000000E+00  0.00000000E+00  0.00000000E+00
  3.54625000E+03  0.00000000E+00  0.00000000E+00  0.00000000E+00  0.00000000E+00
  3.58784375E+03  0.00000000E+00  0.00000000E+00  0.00000000E+00  0.00000000E+00
  3.62943750E+03  0.00000000E+00  0.00000000E+00  0.00000000E+00  0.00000000E+00
  3.67103125E+03  0.00000000E+00  0.00000000E+00  0.00000000E+00  0.00000000E+00
  3.71262500E+03  0.00000000E+00  0.00000000E+00  0.00000000E+00  0.00000000E+00
  3.75421875E+03  0.00000000E+00  0.00000000E+00  0.00000000E+00  0.00000000E+00
  3.79581250E+03  0.00000000E+00  0.00000000E+00  0.00000000E+00  0.00000000E+00
  3.83740625E+03  0.00000000E+00  0.00000000E+00  0.00000000E+00  0.00000000E+00
  3.87900000E+03  0.00000000E+00  0.00000000E+00  0.00000000E+00  0.00000000E+00
  3.92059375E+03  0.00000000E+00  0.00000000E+00  0.00000000E+00  0.00000000E+00
  3.96218750E+03  0.00000000E+00  0.00000000E+00  0.00000000E+00  0.00000000E+00
  4.00378125E+03  0.00000000E+00  0.00000000E+00  0.00000000E+00  0.00000000E+00
  4.04537500E+03  0.00000000E+00  0.00000000E+00  0.00000000E+00  0.00000000E+00
  4.08696875E+03  0.00000000E+00  0.00000000E+00  0.00000000E+00  0.00000000E+00
  4.12856250E+03  0.00000000E+00  0.00000000E+00  0.00000000E+00  0.00000000E+00
  4.17015625E+03  0.00000000E+00  0.00000000E+00  0.00000000E+00  0.00000000E+00
  4.21175000E+03  0.00000000E+00  0.00000000E+00  0.00000000E+00  0.00000000E+00
  4.25334375E+03  0.00000000E+00  0.00000000E+00  0.00000000E+00  0.00000000E+00
  4.29493750E+03  0.00000000E+00  0.00000000E+00  0.00000000E+00  0.00000000E+00
  4.33653125E+03  0.00000000E+00  0.00000000E+00  0.00000000E+00  0.00000000E+00
  4.37812500E+03  0.00000000E+00  0.00000000E+00  0.00000000E+00  0.00000000E+00
  4.41971875E+03  0.00000000E+00  0.00000000E+00  0.00000000E+00  0.00000000E+00
  4.46131250E+03  0.00000000E+00  0.00000000E+00  0.00000000E+00  0.00000000E+00
  4.50290625E+03  0.00000000E+00  0.00000000E+00  0.00000000E+00  0.00000000E+00
  4.54865938E+03  0.00000000E+00  0.00000000E+00  0.00000000E+00  0.00000000E+00
  4.59441250E+03  0.00000000E+00  0.00000000E+00  0.00000000E+00  0.00000000E+00
  4.64016563E+03  0.00000000E+00  0.00000000E+00  0.00000000E+00  0.00000000E+00
  4.68591875E+03  0.00000000E+00  0.00000000E+00  0.00000000E+00  0.00000000E+00
  4.73167188E+03  0.00000000E+00  0.00000000E+00  0.00000000E+00  0.00000000E+00
  4.77742500E+03  0.00000000E+00  0.00000000E+00  0.00000000E+00  0.00000000E+00
  4.82317813E+03  0.00000000E+00  0.00000000E+00  0.00000000E+00  0.00000000E+00
  4.86893125E+03  0.00000000E+00  0.00000000E+00  0.00000000E+00  0.00000000E+00
  4.91468438E+03  0.00000000E+00  0.00000000E+00  0.00000000E+00  0.00000000E+00
  4.96043750E+03  0.00000000E+00  0.00000000E+00  0.00000000E+00  0.00000000E+00
  5.00619063E+03  0.00000000E+00  0.00000000E+00  0.00000000E+00  0.00000000E+00
  5.05194375E+03  0.00000000E+00  0.00000000E+00  0.00000000E+00  0.00000000E+00
  5.10227219E+03  0.00000000E+00  0.00000000E+00  0.00000000E+00  0.00000000E+00
  5.15260063E+03  0.00000000E+00  0.00000000E+00  0.00000000E+00  0.00000000E+00
  5.20292906E+03  0.00000000E+00  0.00000000E+00  0.00000000E+00  0.00000000E+00
  5.25325750E+03  0.00000000E+00  0.00000000E+00  0.00000000E+00  0.00000000E+00
  5.30358594E+03  0.00000000E+00  0.00000000E+00  0.00000000E+00  0.00000000E+00
  5.35391438E+03  0.00000000E+00  0.00000000E+00  0.00000000E+00  0.00000000E+00
  5.40424281E+03  0.00000000E+00  0.00000000E+00  0.00000000E+00  0.00000000E+00
  5.45457125E+03  0.00000000E+00  0.00000000E+00  0.00000000E+00  0.00000000E+00
  5.50489969E+03  0.00000000E+00  0.00000000E+00  0.00000000E+00  0.00000000E+00
  5.55522813E+03  0.00000000E+00  0.00000000E+00  0.00000000E+00  0.00000000E+00
  5.60555656E+03  0.00000000E+00  0.00000000E+00  0.00000000E+00  0.00000000E+00
  5.65588500E+03  0.00000000E+00  0.00000000E+00  0.00000000E+00  0.00000000E+00
  5.70621344E+03  0.00000000E+00  0.00000000E+00  0.00000000E+00  0.00000000E+00
  5.75654188E+03  0.00000000E+00  0.00000000E+00  0.00000000E+00  0.00000000E+00
  5.80687031E+03  0.00000000E+00  0.00000000E+00  0.00000000E+00  0.00000000E+00
  5.85719875E+03  0.00000000E+00  0.00000000E+00  0.00000000E+00  0.00000000E+00
  5.90752719E+03  0.00000000E+00  0.00000000E+00  0.00000000E+00  0.00000000E+00
  5.95785563E+03  0.00000000E+00  0.00000000E+00  0.00000000E+00  0.00000000E+00
  6.00818406E+03  0.00000000E+00  0.00000000E+00  0.00000000E+00  0.00000000E+00
  6.05851250E+03  0.00000000E+00  0.00000000E+00  0.00000000E+00  0.00000000E+00
  6.10884094E+03  0.00000000E+00  0.00000000E+00  0.00000000E+00  0.00000000E+00
  6.15916938E+03  0.00000000E+00  0.00000000E+00  0.00000000E+00  0.00000000E+00
  6.20949781E+03  0.00000000E+00  0.00000000E+00  0.00000000E+00  0.00000000E+00
  6.25982625E+03  0.00000000E+00  0.00000000E+00  0.00000000E+00  0.00000000E+00
  6.31015469E+03  0.00000000E+00  0.00000000E+00  0.00000000E+00  0.00000000E+00
  6.36048313E+03  0.00000000E+00  0.00000000E+00  0.00000000E+00  0.00000000E+00
  6.41081156E+03  0.00000000E+00  0.00000000E+00  0.00000000E+00  0.00000000E+00
  6.46114000E+03  0.00000000E+00  0.00000000E+00  0.00000000E+00  0.00000000E+00
  6.51146844E+03  0.00000000E+00  0.00000000E+00  0.00000000E+00  0.00000000E+00
  6.56179688E+03  0.00000000E+00  0.00000000E+00  0.00000000E+00  0.00000000E+00
  6.61212531E+03  0.00000000E+00  0.00000000E+00  0.00000000E+00  0.00000000E+00
  6.66245375E+03  0.00000000E+00  0.00000000E+00  0.00000000E+00  0.00000000E+00
  6.71278219E+03  0.00000000E+00  0.00000000E+00  0.00000000E+00  0.00000000E+00
  6.76311063E+03  0.00000000E+00  0.00000000E+00  0.00000000E+00  0.00000000E+00
  6.81343906E+03  0.00000000E+00  0.00000000E+00  0.00000000E+00  0.00000000E+00
  6.86376750E+03  0.00000000E+00  0.00000000E+00  0.00000000E+00  0.00000000E+00
  6.91409594E+03  0.00000000E+00  0.00000000E+00  0.00000000E+00  0.00000000E+00
  6.96442438E+03  0.00000000E+00  0.00000000E+00  0.00000000E+00  0.00000000E+00
  7.01475281E+03  0.00000000E+00  0.00000000E+00  0.00000000E+00  0.00000000E+00
  7.06508125E+03  0.00000000E+00  0.00000000E+00  0.00000000E+00  0.00000000E+00
  7.11540969E+03  0.00000000E+00  0.00000000E+00  0.00000000E+00  0.00000000E+00
  7.16573813E+03  0.00000000E+00  0.00000000E+00  0.00000000E+00  0.00000000E+00
  7.21606656E+03  0.00000000E+00  0.00000000E+00  0.00000000E+00  0.00000000E+00
  7.26639500E+03  0.00000000E+00  0.00000000E+00  0.00000000E+00  0.00000000E+00
  7.31672344E+03  0.00000000E+00  0.00000000E+00  0.00000000E+00  0.00000000E+00
  7.36705188E+03  0.00000000E+00  0.00000000E+00  0.00000000E+00  0.00000000E+00
  7.41738031E+03  0.00000000E+00  0.00000000E+00  0.00000000E+00  0.00000000E+00
  7.46770875E+03  0.00000000E+00  0.00000000E+00  0.00000000E+00  0.00000000E+00
  7.51803719E+03  0.00000000E+00  0.00000000E+00  0.00000000E+00  0.00000000E+00
  7.56836563E+03  0.00000000E+00  0.00000000E+00  0.00000000E+00  0.00000000E+00
  7.61869406E+03  0.00000000E+00  0.00000000E+00  0.00000000E+00  0.00000000E+00
  7.66902250E+03  0.00000000E+00  0.00000000E+00  0.00000000E+00  0.00000000E+00
  7.71935094E+03  0.00000000E+00  0.00000000E+00  0.00000000E+00  0.00000000E+00
  7.76967938E+03  0.00000000E+00  0.00000000E+00  0.00000000E+00  0.00000000E+00
  7.82000781E+03  0.00000000E+00  0.00000000E+00  0.00000000E+00  0.00000000E+00
  7.87033625E+03  0.00000000E+00  0.00000000E+00  0.00000000E+00  0.00000000E+00
  7.92066469E+03  0.00000000E+00  0.00000000E+00  0.00000000E+00  0.00000000E+00
  7.97099313E+03  0.00000000E+00  0.00000000E+00  0.00000000E+00  0.00000000E+00
  8.02132156E+03  0.00000000E+00  0.00000000E+00  0.00000000E+00  0.00000000E+00
  8.07165000E+03  0.00000000E+00  0.00000000E+00  0.00000000E+00  0.00000000E+00
  8.12197844E+03  0.00000000E+00  0.00000000E+00  0.00000000E+00  0.00000000E+00
  8.17230688E+03  0.00000000E+00  0.00000000E+00  0.00000000E+00  0.00000000E+00
  8.22263531E+03  0.00000000E+00  0.00000000E+00  0.00000000E+00  0.00000000E+00
  8.27296375E+03  0.00000000E+00  0.00000000E+00  0.00000000E+00  0.00000000E+00
  8.32329219E+03  0.00000000E+00  0.00000000E+00  0.00000000E+00  0.00000000E+00
  8.37362063E+03  0.00000000E+00  0.00000000E+00  0.00000000E+00  0.00000000E+00
  8.42394906E+03  0.00000000E+00  0.00000000E+00  0.00000000E+00  0.00000000E+00
  8.47427750E+03  0.00000000E+00  0.00000000E+00  0.00000000E+00  0.00000000E+00
  8.52460594E+03  0.00000000E+00  0.00000000E+00  0.00000000E+00  0.00000000E+00
  8.57493438E+03  0.00000000E+00  0.00000000E+00  0.00000000E+00  0.00000000E+00
  8.62526281E+03  0.00000000E+00  0.00000000E+00  0.00000000E+00  0.00000000E+00
  8.67559125E+03  0.00000000E+00  0.00000000E+00  0.00000000E+00  0.00000000E+00
  8.72591969E+03  0.00000000E+00  0.00000000E+00  0.00000000E+00  0.00000000E+00
  8.77624813E+03  0.00000000E+00  0.00000000E+00  0.00000000E+00  0.00000000E+00
  8.82657656E+03  0.00000000E+00  0.00000000E+00  0.00000000E+00  0.00000000E+00
  8.87690500E+03  0.00000000E+00  0.00000000E+00  0.00000000E+00  0.00000000E+00
  8.92723344E+03  0.00000000E+00  0.00000000E+00  0.00000000E+00  0.00000000E+00
  8.97756188E+03  0.00000000E+00  0.00000000E+00  0.00000000E+00  0.00000000E+00
  9.02789031E+03  0.00000000E+00  0.00000000E+00  0.00000000E+00  0.00000000E+00
  9.07821875E+03  0.00000000E+00  0.00000000E+00  0.00000000E+00  0.00000000E+00
  9.12854719E+03  0.00000000E+00  0.00000000E+00  0.00000000E+00  0.00000000E+00
  9.17887563E+03  0.00000000E+00  0.00000000E+00  0.00000000E+00  0.00000000E+00
  9.22920406E+03  0.00000000E+00  0.00000000E+00  0.00000000E+00  0.00000000E+00
  9.27953250E+03  0.00000000E+00  0.00000000E+00  0.00000000E+00  0.00000000E+00
  9.32986094E+03  0.00000000E+00  0.00000000E+00  0.00000000E+00  0.00000000E+00
  9.38018938E+03  0.00000000E+00  0.00000000E+00  0.00000000E+00  0.00000000E+00
  9.43051781E+03  0.00000000E+00  0.00000000E+00  0.00000000E+00  0.00000000E+00
  9.48084625E+03  0.00000000E+00  0.00000000E+00  0.00000000E+00  0.00000000E+00
  9.53117469E+03  0.00000000E+00  0.00000000E+00  0.00000000E+00  0.00000000E+00
  9.58150313E+03  0.00000000E+00  0.00000000E+00  0.00000000E+00  0.00000000E+00
  9.63183156E+03  0.00000000E+00  0.00000000E+00  0.00000000E+00  0.00000000E+00
  9.68216000E+03  0.00000000E+00  0.00000000E+00  0.00000000E+00  0.00000000E+00
  9.73248844E+03  0.00000000E+00  0.00000000E+00  0.00000000E+00  0.00000000E+00
  9.78281688E+03  0.00000000E+00  0.00000000E+00  0.00000000E+00  0.00000000E+00
  9.83314531E+03  0.00000000E+00  0.00000000E+00  0.00000000E+00  0.00000000E+00
  9.88347375E+03  0.00000000E+00  0.00000000E+00  0.00000000E+00  0.00000000E+00
  9.93380219E+03  0.00000000E+00  0.00000000E+00  0.00000000E+00  0.00000000E+00
  9.98413063E+03  0.00000000E+00  0.00000000E+00  0.00000000E+00  0.00000000E+00
  1.00344591E+04  0.00000000E+00  0.00000000E+00  0.00000000E+00  0.00000000E+00
  1.00847875E+04  0.00000000E+00  0.00000000E+00  0.00000000E+00  0.00000000E+00
  1.01351159E+04  0.00000000E+00  0.00000000E+00  0.00000000E+00  0.00000000E+00
  1.01854444E+04  0.00000000E+00  0.00000000E+00  0.00000000E+00  0.00000000E+00
  1.02357728E+04  0.00000000E+00  0.00000000E+00  0.00000000E+00  0.00000000E+00
  1.02861013E+04  0.00000000E+00  0.00000000E+00  0.00000000E+00  0.00000000E+00
  1.03364297E+04  0.00000000E+00  0.00000000E+00  0.00000000E+00  0.00000000E+00
  1.03867581E+04  0.00000000E+00  0.00000000E+00  0.00000000E+00  0.00000000E+00
  1.04370866E+04  0.00000000E+00  0.00000000E+00  0.00000000E+00  0.00000000E+00
  1.04874150E+04  0.00000000E+00  0.00000000E+00  0.00000000E+00  0.00000000E+00
  1.05377434E+04  0.00000000E+00  0.00000000E+00  0.00000000E+00  0.00000000E+00
  1.05880719E+04  0.00000000E+00  0.00000000E+00  0.00000000E+00  0.00000000E+00
  1.06384003E+04  0.00000000E+00  0.00000000E+00  0.00000000E+00  0.00000000E+00
  1.06887288E+04  0.00000000E+00  0.00000000E+00  0.00000000E+00  0.00000000E+00
  1.07390572E+04  0.00000000E+00  0.00000000E+00  0.00000000E+00  0.00000000E+00
  1.07893856E+04  0.00000000E+00  0.00000000E+00  0.00000000E+00  0.00000000E+00
  1.08397141E+04  0.00000000E+00  0.00000000E+00  0.00000000E+00  0.00000000E+00
  1.08900425E+04  0.00000000E+00  0.00000000E+00  0.00000000E+00  0.00000000E+00
  1.09403709E+04  0.00000000E+00  0.00000000E+00  0.00000000E+00  0.00000000E+00
  1.09906994E+04  0.00000000E+00  0.00000000E+00  0.00000000E+00  0.00000000E+00
  1.10410278E+04  0.00000000E+00  0.00000000E+00  0.00000000E+00  0.00000000E+00
  1.10913563E+04  0.00000000E+00  0.00000000E+00  0.00000000E+00  0.00000000E+00
  1.11416847E+04  0.00000000E+00  0.00000000E+00  0.00000000E+00  0.00000000E+00
  1.11920131E+04  0.00000000E+00  0.00000000E+00  0.00000000E+00  0.00000000E+00
  1.12423416E+04  0.00000000E+00  0.00000000E+00  0.00000000E+00  0.00000000E+00
  1.12926700E+04  0.00000000E+00  0.00000000E+00  0.00000000E+00  0.00000000E+00
  1.13429984E+04  0.00000000E+00  0.00000000E+00  0.00000000E+00  0.00000000E+00
  1.13933269E+04  0.00000000E+00  0.00000000E+00  0.00000000E+00  0.00000000E+00
  1.14436553E+04  0.00000000E+00  0.00000000E+00  0.00000000E+00  0.00000000E+00
  1.14939838E+04  0.00000000E+00  0.00000000E+00  0.00000000E+00  0.00000000E+00
  1.15443122E+04  0.00000000E+00  0.00000000E+00  0.00000000E+00  0.00000000E+00
  1.15946406E+04  0.00000000E+00  0.00000000E+00  0.00000000E+00  0.00000000E+00
  1.16500019E+04  0.00000000E+00  0.00000000E+00  0.00000000E+00  0.00000000E+00
  1.17053632E+04  0.00000000E+00  0.00000000E+00  0.00000000E+00  0.00000000E+00
  1.17607245E+04  0.00000000E+00  0.00000000E+00  0.00000000E+00  0.00000000E+00
  1.18160858E+04  0.00000000E+00  0.00000000E+00  0.00000000E+00  0.00000000E+00
  1.18769832E+04  0.00000000E+00  0.00000000E+00  0.00000000E+00  0.00000000E+00
  1.19378806E+04  0.00000000E+00  0.00000000E+00  0.00000000E+00  0.00000000E+00
  1.19987780E+04  0.00000000E+00  0.00000000E+00  0.00000000E+00  0.00000000E+00
  1.20657651E+04  0.00000000E+00  0.00000000E+00  0.00000000E+00  0.00000000E+00
  1.21327523E+04  0.00000000E+00  0.00000000E+00  0.00000000E+00  0.00000000E+00
  1.21997394E+04  0.00000000E+00  0.00000000E+00  0.00000000E+00  0.00000000E+00
  1.22667266E+04  0.00000000E+00  0.00000000E+00  0.00000000E+00  0.00000000E+00
  1.23337137E+04  0.00000000E+00  0.00000000E+00  0.00000000E+00  0.00000000E+00
  1.24007009E+04  0.00000000E+00  0.00000000E+00  0.00000000E+00  0.00000000E+00
  1.24676880E+04  0.00000000E+00  0.00000000E+00  0.00000000E+00  0.00000000E+00
  1.25346752E+04  0.00000000E+00  0.00000000E+00  0.00000000E+00  0.00000000E+00
  1.26016623E+04  0.00000000E+00  0.00000000E+00  0.00000000E+00  0.00000000E+00
  1.26686495E+04  0.00000000E+00  0.00000000E+00  0.00000000E+00  0.00000000E+00
  1.27356366E+04  0.00000000E+00  0.00000000E+00  0.00000000E+00  0.00000000E+00
  1.28026238E+04  0.00000000E+00  0.00000000E+00  0.00000000E+00  0.00000000E+00
  1.28696109E+04  0.00000000E+00  0.00000000E+00  0.00000000E+00  0.00000000E+00
  1.29365981E+04  0.00000000E+00  0.00000000E+00  0.00000000E+00  0.00000000E+00
  1.30035852E+04  0.00000000E+00  0.00000000E+00  0.00000000E+00  0.00000000E+00
  1.30705724E+04  0.00000000E+00  0.00000000E+00  0.00000000E+00  0.00000000E+00
  1.31375595E+04  0.00000000E+00  0.00000000E+00  0.00000000E+00  0.00000000E+00
  1.32045467E+04  0.00000000E+00  0.00000000E+00  0.00000000E+00  0.00000000E+00
  1.32715338E+04  0.00000000E+00  0.00000000E+00  0.00000000E+00  0.00000000E+00
  1.33385210E+04  0.00000000E+00  0.00000000E+00  0.00000000E+00  0.00000000E+00
  1.34055081E+04  0.00000000E+00  0.00000000E+00  0.00000000E+00  0.00000000E+00
  1.34724953E+04  0.00000000E+00  0.00000000E+00  0.00000000E+00  0.00000000E+00
  1.35461812E+04  0.00000000E+00  0.00000000E+00  0.00000000E+00  0.00000000E+00
  1.36198670E+04  0.00000000E+00  0.00000000E+00  0.00000000E+00  0.00000000E+00
  1.36935529E+04  0.00000000E+00  0.00000000E+00  0.00000000E+00  0.00000000E+00
  1.37746073E+04  0.00000000E+00  0.00000000E+00  0.00000000E+00  0.00000000E+00
  1.38556618E+04  0.00000000E+00  0.00000000E+00  0.00000000E+00  0.00000000E+00
  1.39367162E+04  0.00000000E+00  0.00000000E+00  0.00000000E+00  0.00000000E+00
  1.40258761E+04  0.00000000E+00  0.00000000E+00  0.00000000E+00  0.00000000E+00
  1.41150360E+04  0.00000000E+00  0.00000000E+00  0.00000000E+00  0.00000000E+00
  1.42041959E+04  0.00000000E+00  0.00000000E+00  0.00000000E+00  0.00000000E+00
  1.42933558E+04  0.00000000E+00  0.00000000E+00  0.00000000E+00  0.00000000E+00
  1.43914317E+04  0.00000000E+00  0.00000000E+00  0.00000000E+00  0.00000000E+00
  1.44895076E+04  0.00000000E+00  0.00000000E+00  0.00000000E+00  0.00000000E+00
  1.45875835E+04  0.00000000E+00  0.00000000E+00  0.00000000E+00  0.00000000E+00
  1.46954670E+04  0.00000000E+00  0.00000000E+00  0.00000000E+00  0.00000000E+00
  1.48033504E+04  0.00000000E+00  0.00000000E+00  0.00000000E+00  0.00000000E+00
  1.49220223E+04  0.00000000E+00  0.00000000E+00  0.00000000E+00  0.00000000E+00
  1.50406941E+04  0.00000000E+00  0.00000000E+00  0.00000000E+00  0.00000000E+00
  1.51712331E+04  0.00000000E+00  0.00000000E+00  0.00000000E+00  0.00000000E+00
  1.53017721E+04  0.00000000E+00  0.00000000E+00  0.00000000E+00  0.00000000E+00
  1.54323111E+04  0.00000000E+00  0.00000000E+00  0.00000000E+00  0.00000000E+00
  1.55759040E+04  0.00000000E+00  0.00000000E+00  0.00000000E+00  0.00000000E+00
  1.57194969E+04  0.00000000E+00  0.00000000E+00  0.00000000E+00  0.00000000E+00
  1.58630898E+04  0.00000000E+00  0.00000000E+00  0.00000000E+00  0.00000000E+00
  1.60210420E+04  0.00000000E+00  0.00000000E+00  0.00000000E+00  0.00000000E+00
  1.61789942E+04  0.00000000E+00  0.00000000E+00  0.00000000E+00  0.00000000E+00
  1.63527416E+04  0.00000000E+00  0.00000000E+00  0.00000000E+00  0.00000000E+00
  1.65264890E+04  0.00000000E+00  0.00000000E+00  0.00000000E+00  0.00000000E+00
  1.67002365E+04  0.00000000E+00  0.00000000E+00  0.00000000E+00  0.00000000E+00
  1.68913586E+04  0.00000000E+00  0.00000000E+00  0.00000000E+00  0.00000000E+00
  1.70824808E+04  0.00000000E+00  0.00000000E+00  0.00000000E+00  0.00000000E+00
  1.72927151E+04  0.00000000E+00  0.00000000E+00  0.00000000E+00  0.00000000E+00
  1.75029495E+04  0.00000000E+00  0.00000000E+00  0.00000000E+00  0.00000000E+00
  1.77342073E+04  0.00000000E+00  0.00000000E+00  0.00000000E+00  0.00000000E+00
  1.78671037E+04  0.00000000E+00  0.00000000E+00  0.00000000E+00  0.00000000E+00
  1.80000000E+04  0.00000000E+00  0.00000000E+00  0.00000000E+00  0.00000000E+00
