north:     0
south:           0.00000000
east:      0
west:            0.00000000
rows:     40
cols:     20
          0.00          0.00          0.00          0.00          0.00          0.00          0.00          0.00          0.00          0.00          0.00          0.00          0.00          0.00          0.00          0.00          0.00          0.00          0.00          0.00
          0.25          0.25          0.25          0.25          0.25          0.25          0.25          0.25          0.25          0.25          0.25          0.25          0.25          0.25          0.25          0.25          0.25          0.25          0.25          0.25
          0.50          0.50          0.50          0.50          0.50          0.50          0.50          0.50          0.50          0.50          0.50          0.50          0.50          0.50          0.50          0.50          0.50          0.50          0.50          0.50
          0.75          0.75          0.75          0.75          0.75          0.75          0.75          0.75          0.75          0.75          0.75          0.75          0.75          0.75          0.75          0.75          0.75          0.75          0.75          0.75
          1.00          1.00          1.00          1.00          1.00          1.00          1.00          1.00          1.00          1.00          1.00          1.00          1.00          1.00          1.00          1.00          1.00          1.00          1.00          1.00
          1.25          1.25          1.25          1.25          1.25          1.25          1.25          1.25          1.25          1.25          1.25          1.25          1.25          1.25          1.25          1.25          1.25          1.25          1.25          1.25
          1.50          1.50          1.50          1.50          1.50          1.50          1.50          1.50          1.50          1.50          1.50          1.50          1.50          1.50          1.50          1.50          1.50          1.50          1.50          1.50
          1.75          1.75          1.75          1.75          1.75          1.75          1.75          1.75          1.75          1.75          1.75          1.75          1.75          1.75          1.75          1.75          1.75          1.75          1.75          1.75
          2.00          2.00          2.00          2.00          2.00          2.00          2.00          2.00          2.00          2.00          2.00          2.00          2.00          2.00          2.00          2.00          2.00          2.00          2.00          2.00
          2.25          2.25          2.25          2.25          2.25          2.25          2.25          2.25          2.25          2.25          2.25          2.25          2.25          2.25          2.25          2.25          2.25          2.25          2.25          2.25
          2.50          2.50          2.50          2.50          2.50          2.50          2.50          2.50          2.50          2.50          2.50          2.50          2.50          2.50          2.50          2.50          2.50          2.50          2.50          2.50
          2.75          2.75          2.75          2.75          2.75          2.75          2.75          2.75          2.75          2.75          2.75          2.75          2.75          2.75          2.75          2.75          2.75          2.75          2.75          2.75
          3.00          3.00          3.00          3.00          3.00          3.00          3.00          3.00          3.00          3.00          3.00          3.00          3.00          3.00          3.00          3.00          3.00          3.00          3.00          3.00
          3.25          3.25          3.25          3.25          3.25          3.25          3.25          3.25          3.25          3.25          3.25          3.25          3.25          3.25          3.25          3.25          3.25          3.25          3.25          3.25
          3.50          3.50          3.50          3.50          3.50          3.50          3.50          3.50          3.50          3.50          3.50          3.50          3.50          3.50          3.50          3.50          3.50          3.50          3.50          3.50
          3.75          3.75          3.75          3.75          3.75          3.75          3.75          3.75          3.75          3.75          3.75          3.75          3.75          3.75          3.75          3.75          3.75          3.75          3.75          3.75
          4.00          4.00          4.00          4.00          4.00          4.00          4.00          4.00          4.00          4.00          4.00          4.00          4.00          4.00          4.00          4.00          4.00          4.00          4.00          4.00
          4.25          4.25          4.25          4.25          4.25          4.25          4.25          4.25          4.25          4.25          4.25          4.25          4.25          4.25          4.25          4.25          4.25          4.25          4.25          4.25
          4.50          4.50          4.50          4.50          4.50          4.50          4.50          4.50          4.50          4.50          4.50          4.50          4.50          4.50          4.50          4.50          4.50          4.50          4.50          4.50
          4.75          4.75          4.75          4.75          4.75          4.75          4.75          4.75          4.75          4.75          4.75          4.75          4.75          4.75          4.75          4.75          4.75          4.75          4.75          4.75
          5.00          5.00          5.00          5.00          5.00          5.00          5.00          5.00          5.00          5.00          5.00          5.00          5.00          5.00          5.00          5.00          5.00          5.00          5.00          5.00
          0.00         10.75          5.25          5.25          5.25          5.25          5.25          5.25          5.25          5.25          5.25          5.25          5.25          5.25          5.25          5.25          5.25          5.25          5.25          5.25
          0.00          0.25         17.00          5.50          5.50          5.50          5.50          5.50          5.50          5.50          5.50          5.50          5.50          5.50          5.50          5.50          5.50          5.50          5.50          5.50
          0.00          0.25          0.50         23.75          5.75          5.75          5.75          5.75          5.75          5.75          5.75          5.75          5.75          5.75          5.75          5.75          5.75          5.75          5.75          5.75
          0.00          0.25          0.50          0.75         31.00          6.00          6.00          6.00          6.00          6.00          6.00          6.00          6.00          6.00          6.00          6.00          6.00          6.00          6.00          6.00
          0.00          0.25          0.50          0.75          1.00         38.75          6.25          6.25          6.25          6.25          6.25          6.25          6.25          6.25          6.25          6.25          6.25          6.25          6.25          6.25
          0.00          0.25          0.50          0.75          1.00          1.25         47.00          6.50          6.50          6.50          6.50          6.50          6.50          6.50          6.50          6.50          6.50          6.50          6.50          6.50
          0.00          0.25          0.50          0.75          1.00          1.25          1.50         55.75          6.75          6.75          6.75          6.75          6.75          6.75          6.75          6.75          6.75          6.75          6.75          6.75
          0.00          0.25          0.50          0.75          1.00          1.25          1.50          1.75         65.00          7.00          7.00          7.00          7.00          7.00          7.00          7.00          7.00          7.00          7.00          7.00
          0.00          0.25          0.50          0.75          1.00          1.25          1.50          1.75          2.00         74.75          7.25          7.25          7.25          7.25          7.25          7.25          7.25          7.25          7.25          7.25
          0.00          0.25          0.50          0.75          1.00          1.25          1.50          1.75          2.00          2.25         85.00          7.50          7.50          7.50          7.50          7.50          7.50          7.50          7.50          7.50
          0.00          0.25          0.50          0.75          1.00          1.25          1.50          1.75          2.00          2.25          2.50         95.75          7.75          7.75          7.75          7.75          7.75          7.75          7.75          7.75
          0.00          0.25          0.50          0.75          1.00          1.25          1.50          1.75          2.00          2.25          2.50          2.75        107.00          8.00          8.00          8.00          8.00          8.00          8.00          8.00
          0.00          0.25          0.50          0.75          1.00          1.25          1.50          1.75          2.00          2.25          2.50          2.75          3.00        118.75          8.25          8.25          8.25          8.25          8.25          8.25
          0.00          0.25          0.50          0.75          1.00          1.25          1.50          1.75          2.00          2.25          2.50          2.75          3.00          3.25        131.00          8.50          8.50          8.50          8.50          8.50
          0.00          0.25          0.50          0.75          1.00          1.25          1.50          1.75          2.00          2.25          2.50          2.75          3.00          3.25          3.50        143.75          8.75          8.75          8.75          8.75
          0.00          0.25          0.50          0.75          1.00          1.25          1.50          1.75          2.00          2.25          2.50          2.75          3.00          3.25          3.50          3.75        157.00          9.00          9.00          9.00
          0.00          0.25          0.50          0.75          1.00          1.25          1.50          1.75          2.00          2.25          2.50          2.75          3.00          3.25          3.50          3.75          4.00        170.75          9.25          9.25
          0.00          0.25          0.50          0.75          1.00          1.25          1.50          1.75          2.00          2.25          2.50          2.75          3.00          3.25          3.50          3.75          4.00          4.25        185.00          9.50
          0.00          0.25          0.50          0.75          1.00          1.25          1.50          1.75          2.00          2.25          2.50          2.75          3.00          3.25          3.50          3.75          4.00          4.25          4.50        199.75
