         800
         800
         480
         520
         440
         720
         640
         680
         560
         600
         760
         280
          40
          80
         360
         320
         200
         240
         120
         160
         400
         399
         799
         239
         519
         759
         479
         279
         319
          39
         599
         119
          79
         159
         719
         199
         679
         639
         559
         439
         359
          38
         518
         718
         278
         358
         198
          78
         398
         558
         438
         798
         238
         758
         158
         678
         318
         478
         598
         118
         638
         797
         637
         397
         237
         197
         157
         717
         437
         597
         677
          37
         117
          77
         317
         277
         517
         357
         477
         557
         757
         796
         636
         316
         196
         756
         396
         476
          36
         156
         676
         236
         276
         556
         116
         356
         716
          76
         596
         436
         516
         275
         235
         555
         675
         315
         195
         635
         795
         515
         155
         355
         475
         435
         395
         595
         115
         755
          75
         715
          35
          74
         794
         194
         594
         234
         554
         714
         154
         514
         394
         434
         274
         474
         634
         754
         314
         354
          34
         114
         674
         393
         593
         793
         753
         633
         113
         473
         313
         193
          73
         273
         513
         673
         233
         433
         353
         153
         553
         713
          33
         192
          32
         312
         672
         232
         512
          72
         552
         272
         472
         632
         592
         392
         112
         432
         152
         792
         352
         712
         752
         551
         191
          71
         711
         271
         431
         391
         791
          31
         111
         151
         351
         751
         511
         471
         631
         311
         671
         231
         591
          70
         230
         390
          30
         350
         470
         270
         790
         310
         510
         430
         110
         750
         550
         190
         630
         150
         710
         590
         670
         349
          69
         149
         549
         789
         469
         109
         509
         389
         269
         629
         709
         669
          29
         749
         429
         189
         309
         589
         229
         308
         548
         508
         788
         748
         628
         188
         268
         428
         708
         108
          28
         468
         588
         668
         148
         348
          68
         388
         228
         187
         627
         147
         227
         427
         507
         747
         387
         307
          27
         587
         707
         547
         787
         267
         667
         107
         467
          67
         347
         146
         386
         506
         626
         706
         346
          26
         466
         306
         586
         786
         426
         186
          66
         226
         666
         266
         746
         106
         546
          65
         145
         425
         545
         265
         705
         225
         345
         105
         665
         465
         185
         745
         505
         585
          25
         785
         305
         385
         625
         464
         424
         144
         264
          64
         104
         184
          24
         224
         504
         624
         744
         304
         344
         384
         784
         544
         584
         664
         704
         783
         143
         383
         583
         183
         423
         543
         343
         743
         623
         503
          63
         303
         663
         703
         263
         103
         223
          23
         463
         422
          22
         662
         262
         142
         582
         542
         622
          62
         702
         102
         222
         182
         382
         742
         462
         342
         502
         782
         302
         341
          21
         301
         101
          61
         261
         381
         221
         141
         181
         781
         421
         581
         741
         661
         461
         501
         621
         541
         701
         500
         580
         300
         220
         740
          60
          18
          17
          20
         620
         100
         460
          19
         380
         660
         780
         260
         180
         140
         340
          15
         700
           2
          10
           9
         540
           1
           6
           5
           4
           3
           8
           7
          16
         420
          12
          14
          13
          11
         299
          44
         139
         179
          50
          43
         619
         339
         499
         259
          51
         539
          52
          42
          99
         659
          48
          47
          41
          53
          49
          45
         579
          55
         379
          58
         419
          59
          57
         739
         699
         779
          46
          56
         219
          54
         459
         378
          91
          92
          93
          94
          98
          96
         498
         298
         538
          81
         418
          95
          97
          90
         178
          83
         138
         258
          84
          89
         618
         338
         778
         738
          82
         698
         218
         458
          86
         658
          88
         578
          85
          87
         217
         177
         617
         577
         257
         737
         537
         497
         297
         126
         127
         128
         134
         129
         137
         457
         777
         657
         131
         135
         136
         123
         337
         697
         130
         125
         377
         124
         133
         121
         122
         417
         132
         776
         736
         576
         696
         376
         416
         216
         174
         456
         173
         163
         169
         162
         168
         170
         166
         164
         536
         165
         175
         176
         167
         171
         616
         336
         256
         161
         296
         656
         172
         496
         209
         208
         695
         615
         207
         201
         202
         211
         210
         735
         204
         206
         655
         203
         205
         213
         295
         495
         535
         775
         255
         375
         415
         335
         455
         212
         214
         215
         575
         244
         254
         494
         334
         294
         534
         774
         242
         454
         694
         374
         414
         574
         241
         243
         734
         248
         245
         246
         249
         614
         247
         250
         251
         654
         253
         252
         493
         413
         773
         573
         453
         733
         613
         333
         653
         693
         285
         281
         284
         373
         286
         287
         283
         288
         282
         290
         291
         533
         292
         293
         289
         372
         692
         331
         452
         732
         332
         612
         330
         327
         328
         532
         412
         572
         492
         772
         321
         329
         322
         323
         324
         325
         652
         326
         371
         370
         369
         691
         411
         731
         367
         531
         571
         491
         771
         651
         451
         368
         364
         366
         365
         611
         361
         362
         363
         770
         730
         410
         530
         409
         490
         450
         401
         570
         403
         610
         405
         406
         407
         408
         402
         404
         690
         650
         449
         609
         443
         729
         447
         448
         446
         445
         689
         569
         649
         529
         444
         489
         769
         442
         441
         648
         568
         482
         528
         481
         486
         485
         728
         688
         487
         488
         768
         483
         608
         484
         525
         523
         767
         524
         521
         522
         527
         687
         727
         607
         647
         567
         526
         565
         561
         686
         766
         562
         566
         563
         564
         606
         726
         646
         685
         645
         725
         605
         604
         603
         602
         765
         601
         724
         644
         684
         764
         643
         642
         641
         723
         683
         682
         763
         681
         722
         721
         762
         761
