#NSTEP     DELTAT       TIME   NET NATM,NSF DIR FLUX   NET NATM,NSF NEU FLUX
     1  1.000E-02  1.000E-02             0.00000E+00             0.00000E+00
     2  5.000E-03  1.500E-02             0.00000E+00             0.00000E+00
     3  5.500E-03  2.050E-02             0.00000E+00             0.00000E+00
     4  6.050E-03  2.655E-02             0.00000E+00             0.00000E+00
     5  6.655E-03  3.320E-02             0.00000E+00             0.00000E+00
     6  3.328E-03  3.653E-02             0.00000E+00             0.00000E+00
     7  3.660E-03  4.019E-02             0.00000E+00             0.00000E+00
     8  3.660E-03  4.385E-02             0.00000E+00             0.00000E+00
     9  4.026E-03  4.788E-02             0.00000E+00             0.00000E+00
    10  4.026E-03  5.191E-02             0.00000E+00             0.00000E+00
    11  4.026E-03  5.593E-02             0.00000E+00             0.00000E+00
    12  2.013E-03  5.794E-02             0.00000E+00             0.00000E+00
    13  2.214E-03  6.016E-02             0.00000E+00             0.00000E+00
    14  2.436E-03  6.260E-02             0.00000E+00             0.00000E+00
    15  2.679E-03  6.527E-02             0.00000E+00             0.00000E+00
    16  2.679E-03  6.795E-02             0.00000E+00             0.00000E+00
    17  2.679E-03  7.063E-02             0.00000E+00             0.00000E+00
    18  2.679E-03  7.331E-02             0.00000E+00             0.00000E+00
    19  2.679E-03  7.599E-02             0.00000E+00             0.00000E+00
    20  2.679E-03  7.867E-02             0.00000E+00             0.00000E+00
    21  2.679E-03  8.135E-02             0.00000E+00             0.00000E+00
    22  2.679E-03  8.403E-02             0.00000E+00             0.00000E+00
    23  2.679E-03  8.671E-02             0.00000E+00             0.00000E+00
    24  2.679E-03  8.939E-02             0.00000E+00             0.00000E+00
    25  2.679E-03  9.207E-02             0.00000E+00             0.00000E+00
    26  2.947E-03  9.502E-02             0.00000E+00             0.00000E+00
    27  2.947E-03  9.796E-02             0.00000E+00             0.00000E+00
    28  3.242E-03  1.012E-01             0.00000E+00             0.00000E+00
    29  3.242E-03  1.044E-01             0.00000E+00             0.00000E+00
    30  3.242E-03  1.077E-01             0.00000E+00             0.00000E+00
    31  3.566E-03  1.113E-01             0.00000E+00             0.00000E+00
    32  3.566E-03  1.148E-01             0.00000E+00             0.00000E+00
    33  3.566E-03  1.184E-01             0.00000E+00             0.00000E+00
    34  3.566E-03  1.220E-01             0.00000E+00             0.00000E+00
    35  3.566E-03  1.255E-01             0.00000E+00             0.00000E+00
    36  3.566E-03  1.291E-01             0.00000E+00             0.00000E+00
    37  3.566E-03  1.327E-01             0.00000E+00             0.00000E+00
    38  3.923E-03  1.366E-01             0.00000E+00             0.00000E+00
    39  3.923E-03  1.405E-01             0.00000E+00             0.00000E+00
    40  3.923E-03  1.444E-01             0.00000E+00             0.00000E+00
    41  3.923E-03  1.483E-01             0.00000E+00             0.00000E+00
    42  3.923E-03  1.523E-01             0.00000E+00             0.00000E+00
    43  3.923E-03  1.562E-01             0.00000E+00             0.00000E+00
    44  3.923E-03  1.601E-01             0.00000E+00             0.00000E+00
    45  3.923E-03  1.640E-01             0.00000E+00             0.00000E+00
    46  4.315E-03  1.684E-01             0.00000E+00             0.00000E+00
    47  4.315E-03  1.727E-01             0.00000E+00             0.00000E+00
    48  4.315E-03  1.770E-01             0.00000E+00             0.00000E+00
    49  4.747E-03  1.817E-01             0.00000E+00             0.00000E+00
    50  4.747E-03  1.865E-01             0.00000E+00             0.00000E+00
    51  4.747E-03  1.912E-01             0.00000E+00             0.00000E+00
    52  4.747E-03  1.960E-01             0.00000E+00             0.00000E+00
    53  5.222E-03  2.012E-01             0.00000E+00             0.00000E+00
    54  5.222E-03  2.064E-01             0.00000E+00             0.00000E+00
    55  5.222E-03  2.116E-01             0.00000E+00             0.00000E+00
    56  5.222E-03  2.169E-01             0.00000E+00             0.00000E+00
    57  5.222E-03  2.221E-01             0.00000E+00             0.00000E+00
    58  5.744E-03  2.278E-01             0.00000E+00             0.00000E+00
    59  5.744E-03  2.336E-01             0.00000E+00             0.00000E+00
    60  5.744E-03  2.393E-01             0.00000E+00             0.00000E+00
    61  6.318E-03  2.456E-01             0.00000E+00             0.00000E+00
    62  6.318E-03  2.519E-01             0.00000E+00             0.00000E+00
    63  6.318E-03  2.583E-01             0.00000E+00             0.00000E+00
    64  6.950E-03  2.652E-01             0.00000E+00             0.00000E+00
    65  6.950E-03  2.722E-01             0.00000E+00             0.00000E+00
    66  6.950E-03  2.791E-01             0.00000E+00             0.00000E+00
    67  7.645E-03  2.868E-01             0.00000E+00             0.00000E+00
    68  7.645E-03  2.944E-01             0.00000E+00             0.00000E+00
    69  7.645E-03  3.021E-01             0.00000E+00             0.00000E+00
    70  8.409E-03  3.105E-01             0.00000E+00             0.00000E+00
    71  8.409E-03  3.189E-01             0.00000E+00             0.00000E+00
    72  8.409E-03  3.273E-01             0.00000E+00             0.00000E+00
    73  8.409E-03  3.357E-01             0.00000E+00             0.00000E+00
    74  9.250E-03  3.449E-01             0.00000E+00             0.00000E+00
    75  1.018E-02  3.551E-01             0.00000E+00             0.00000E+00
    76  1.119E-02  3.663E-01             0.00000E+00             0.00000E+00
    77  1.119E-02  3.775E-01             0.00000E+00             0.00000E+00
    78  1.119E-02  3.887E-01             0.00000E+00             0.00000E+00
    79  1.119E-02  3.999E-01             0.00000E+00             0.00000E+00
    80  1.231E-02  4.122E-01             0.00000E+00             0.00000E+00
    81  1.354E-02  4.257E-01             0.00000E+00             0.00000E+00
    82  1.490E-02  4.406E-01             0.00000E+00             0.00000E+00
    83  1.490E-02  4.555E-01             0.00000E+00             0.00000E+00
    84  1.490E-02  4.704E-01             0.00000E+00             0.00000E+00
    85  1.639E-02  4.868E-01             0.00000E+00             0.00000E+00
    86  1.803E-02  5.048E-01             0.00000E+00             0.00000E+00
    87  1.983E-02  5.247E-01             0.00000E+00             0.00000E+00
    88  1.983E-02  5.445E-01             0.00000E+00             0.00000E+00
    89  2.181E-02  5.663E-01             0.00000E+00             0.00000E+00
    90  2.399E-02  5.903E-01             0.00000E+00             0.00000E+00
    91  2.399E-02  6.143E-01             0.00000E+00             0.00000E+00
    92  2.399E-02  6.383E-01             0.00000E+00             0.00000E+00
    93  2.399E-02  6.623E-01             0.00000E+00             0.00000E+00
    94  2.639E-02  6.887E-01             0.00000E+00             0.00000E+00
    95  2.639E-02  7.151E-01             0.00000E+00             0.00000E+00
    96  2.903E-02  7.441E-01             0.00000E+00             0.00000E+00
    97  3.193E-02  7.760E-01             0.00000E+00             0.00000E+00
    98  3.193E-02  8.080E-01             0.00000E+00             0.00000E+00
    99  3.513E-02  8.431E-01             0.00000E+00             0.00000E+00
   100  3.864E-02  8.817E-01             0.00000E+00             0.00000E+00
   101  4.250E-02  9.242E-01             0.00000E+00             0.00000E+00
   102  4.676E-02  9.710E-01             0.00000E+00             0.00000E+00
   103  5.143E-02  1.022E+00             0.00000E+00             0.00000E+00
   104  5.657E-02  1.079E+00             0.00000E+00             0.00000E+00
   105  6.223E-02  1.141E+00             0.00000E+00             0.00000E+00
   106  6.223E-02  1.203E+00             0.00000E+00             0.00000E+00
   107  6.223E-02  1.266E+00             0.00000E+00             0.00000E+00
   108  6.223E-02  1.328E+00             0.00000E+00             0.00000E+00
   109  6.845E-02  1.396E+00             0.00000E+00             0.00000E+00
   110  7.530E-02  1.472E+00             0.00000E+00             0.00000E+00
   111  7.530E-02  1.547E+00             0.00000E+00             0.00000E+00
   112  8.283E-02  1.630E+00             0.00000E+00             0.00000E+00
   113  9.111E-02  1.721E+00             0.00000E+00             0.00000E+00
   114  9.111E-02  1.812E+00             0.00000E+00             0.00000E+00
   115  1.002E-01  1.912E+00             0.00000E+00             0.00000E+00
   116  1.002E-01  2.012E+00             0.00000E+00             0.00000E+00
   117  1.002E-01  2.113E+00             0.00000E+00             0.00000E+00
   118  1.002E-01  2.213E+00             0.00000E+00             0.00000E+00
   119  1.102E-01  2.323E+00             0.00000E+00             0.00000E+00
   120  1.213E-01  2.444E+00             0.00000E+00             0.00000E+00
   121  1.334E-01  2.578E+00             0.00000E+00             0.00000E+00
   122  1.334E-01  2.711E+00             0.00000E+00             0.00000E+00
   123  1.467E-01  2.858E+00             0.00000E+00             0.00000E+00
   124  1.467E-01  3.005E+00             0.00000E+00             0.00000E+00
   125  1.614E-01  3.166E+00             0.00000E+00             0.00000E+00
   126  1.776E-01  3.344E+00             0.00000E+00             0.00000E+00
   127  1.776E-01  3.521E+00             0.00000E+00             0.00000E+00
   128  1.953E-01  3.717E+00             0.00000E+00             0.00000E+00
   129  2.148E-01  3.931E+00             0.00000E+00             0.00000E+00
   130  2.363E-01  4.168E+00             0.00000E+00             0.00000E+00
   131  2.363E-01  4.404E+00             0.00000E+00             0.00000E+00
   132  2.600E-01  4.664E+00             0.00000E+00             0.00000E+00
   133  2.860E-01  4.950E+00             0.00000E+00             0.00000E+00
   134  2.860E-01  5.236E+00             0.00000E+00             0.00000E+00
   135  3.145E-01  5.550E+00             0.00000E+00             0.00000E+00
   136  3.460E-01  5.896E+00             0.00000E+00             0.00000E+00
   137  3.806E-01  6.277E+00             0.00000E+00             0.00000E+00
   138  3.806E-01  6.658E+00             0.00000E+00             0.00000E+00
   139  4.187E-01  7.076E+00             0.00000E+00             0.00000E+00
   140  4.187E-01  7.495E+00             0.00000E+00             0.00000E+00
   141  4.605E-01  7.956E+00             0.00000E+00             0.00000E+00
   142  5.066E-01  8.462E+00             0.00000E+00             0.00000E+00
   143  5.572E-01  9.019E+00             0.00000E+00             0.00000E+00
   144  5.572E-01  9.577E+00             0.00000E+00             0.00000E+00
   145  6.130E-01  1.019E+01             0.00000E+00             0.00000E+00
   146  6.743E-01  1.086E+01             0.00000E+00             0.00000E+00
   147  6.743E-01  1.154E+01             0.00000E+00             0.00000E+00
   148  7.417E-01  1.228E+01             0.00000E+00             0.00000E+00
   149  8.159E-01  1.310E+01             0.00000E+00             0.00000E+00
   150  8.974E-01  1.399E+01             0.00000E+00             0.00000E+00
   151  9.872E-01  1.498E+01             0.00000E+00             0.00000E+00
   152  1.086E+00  1.607E+01             0.00000E+00             0.00000E+00
   153  1.194E+00  1.726E+01             0.00000E+00             0.00000E+00
   154  1.194E+00  1.846E+01             0.00000E+00             0.00000E+00
   155  1.194E+00  1.965E+01             0.00000E+00             0.00000E+00
   156  1.314E+00  2.096E+01             0.00000E+00             0.00000E+00
   157  1.445E+00  2.241E+01             0.00000E+00             0.00000E+00
   158  1.590E+00  2.400E+01             0.00000E+00             0.00000E+00
   159  1.590E+00  2.559E+01             0.00000E+00             0.00000E+00
   160  1.749E+00  2.734E+01             0.00000E+00             0.00000E+00
   161  1.749E+00  2.909E+01             0.00000E+00             0.00000E+00
   162  1.924E+00  3.101E+01             0.00000E+00             0.00000E+00
   163  2.116E+00  3.313E+01             0.00000E+00             0.00000E+00
   164  2.116E+00  3.524E+01             0.00000E+00             0.00000E+00
   165  2.328E+00  3.757E+01             0.00000E+00             0.00000E+00
   166  2.561E+00  4.013E+01             0.00000E+00             0.00000E+00
   167  2.817E+00  4.295E+01             0.00000E+00             0.00000E+00
   168  3.098E+00  4.605E+01             0.00000E+00             0.00000E+00
   169  3.408E+00  4.945E+01             0.00000E+00             0.00000E+00
   170  3.408E+00  5.286E+01             0.00000E+00             0.00000E+00
   171  3.749E+00  5.661E+01             0.00000E+00             0.00000E+00
   172  4.124E+00  6.073E+01             0.00000E+00             0.00000E+00
   173  4.536E+00  6.527E+01             0.00000E+00             0.00000E+00
   174  4.536E+00  6.981E+01             0.00000E+00             0.00000E+00
   175  4.990E+00  7.480E+01             0.00000E+00             0.00000E+00
   176  4.990E+00  7.979E+01             0.00000E+00             0.00000E+00
   177  5.489E+00  8.527E+01             0.00000E+00             0.00000E+00
   178  6.038E+00  9.131E+01             0.00000E+00             0.00000E+00
   179  6.641E+00  9.795E+01             0.00000E+00             0.00000E+00
   180  7.305E+00  1.053E+02             0.00000E+00             0.00000E+00
   181  8.036E+00  1.133E+02             0.00000E+00             0.00000E+00
   182  8.840E+00  1.221E+02             0.00000E+00             0.00000E+00
   183  9.723E+00  1.319E+02             0.00000E+00             0.00000E+00
   184  1.000E+01  1.419E+02             0.00000E+00             0.00000E+00
   185  1.000E+01  1.519E+02             0.00000E+00             0.00000E+00
   186  1.000E+01  1.619E+02             0.00000E+00             0.00000E+00
   187  1.000E+01  1.719E+02             0.00000E+00             0.00000E+00
   188  1.000E+01  1.819E+02             0.00000E+00             0.00000E+00
   189  1.000E+01  1.919E+02             0.00000E+00             0.00000E+00
   190  5.000E+00  1.969E+02             0.00000E+00             0.00000E+00
   191  5.500E+00  2.024E+02             0.00000E+00             0.00000E+00
   192  6.050E+00  2.084E+02             0.00000E+00             0.00000E+00
   193  6.655E+00  2.151E+02             0.00000E+00             0.00000E+00
   194  6.655E+00  2.217E+02             0.00000E+00             0.00000E+00
   195  7.321E+00  2.290E+02             0.00000E+00             0.00000E+00
   196  8.053E+00  2.371E+02             0.00000E+00             0.00000E+00
   197  8.858E+00  2.459E+02             0.00000E+00             0.00000E+00
   198  9.744E+00  2.557E+02             0.00000E+00             0.00000E+00
   199  9.744E+00  2.654E+02             0.00000E+00             0.00000E+00
   200  1.000E+01  2.754E+02             0.00000E+00             0.00000E+00
   201  1.000E+01  2.854E+02             0.00000E+00             0.00000E+00
   202  1.000E+01  2.954E+02             0.00000E+00             0.00000E+00
   203  1.000E+01  3.054E+02             0.00000E+00             0.00000E+00
   204  1.000E+01  3.154E+02             0.00000E+00             0.00000E+00
   205  1.000E+01  3.254E+02             0.00000E+00             0.00000E+00
   206  1.000E+01  3.354E+02             0.00000E+00             0.00000E+00
   207  1.000E+01  3.454E+02             0.00000E+00             0.00000E+00
   208  1.000E+01  3.554E+02             0.00000E+00             0.00000E+00
   209  1.000E+01  3.654E+02             0.00000E+00             0.00000E+00
   210  1.000E+01  3.754E+02             0.00000E+00             0.00000E+00
   211  1.000E+01  3.854E+02             0.00000E+00             0.00000E+00
   212  1.000E+01  3.954E+02             0.00000E+00             0.00000E+00
   213  1.000E+01  4.054E+02             0.00000E+00             0.00000E+00
   214  1.000E+01  4.154E+02             0.00000E+00             0.00000E+00
   215  1.000E+01  4.254E+02             0.00000E+00             0.00000E+00
   216  1.000E+01  4.354E+02             0.00000E+00             0.00000E+00
   217  1.000E+01  4.454E+02             0.00000E+00             0.00000E+00
   218  1.000E+01  4.554E+02             0.00000E+00             0.00000E+00
   219  1.000E+01  4.654E+02             0.00000E+00             0.00000E+00
   220  1.000E+01  4.754E+02             0.00000E+00             0.00000E+00
   221  1.000E+01  4.854E+02             0.00000E+00             0.00000E+00
   222  1.000E+01  4.954E+02             0.00000E+00             0.00000E+00
   223  1.000E+01  5.054E+02             0.00000E+00             0.00000E+00
   224  1.000E+01  5.154E+02             0.00000E+00             0.00000E+00
   225  1.000E+01  5.254E+02             0.00000E+00             0.00000E+00
   226  1.000E+01  5.354E+02             0.00000E+00             0.00000E+00
   227  1.000E+01  5.454E+02             0.00000E+00             0.00000E+00
   228  1.000E+01  5.554E+02             0.00000E+00             0.00000E+00
   229  1.000E+01  5.654E+02             0.00000E+00             0.00000E+00
   230  1.000E+01  5.754E+02             0.00000E+00             0.00000E+00
   231  1.000E+01  5.854E+02             0.00000E+00             0.00000E+00
   232  1.000E+01  5.954E+02             0.00000E+00             0.00000E+00
   233  1.000E+01  6.054E+02             0.00000E+00             0.00000E+00
   234  1.000E+01  6.154E+02             0.00000E+00             0.00000E+00
   235  1.000E+01  6.254E+02             0.00000E+00             0.00000E+00
   236  1.000E+01  6.354E+02             0.00000E+00             0.00000E+00
   237  1.000E+01  6.454E+02             0.00000E+00             0.00000E+00
   238  1.000E+01  6.554E+02             0.00000E+00             0.00000E+00
   239  1.000E+01  6.654E+02             0.00000E+00             0.00000E+00
   240  1.000E+01  6.754E+02             0.00000E+00             0.00000E+00
   241  1.000E+01  6.854E+02             0.00000E+00             0.00000E+00
   242  1.000E+01  6.954E+02             0.00000E+00             0.00000E+00
   243  1.000E+01  7.054E+02             0.00000E+00             0.00000E+00
   244  1.000E+01  7.154E+02             0.00000E+00             0.00000E+00
   245  1.000E+01  7.254E+02             0.00000E+00             0.00000E+00
   246  1.000E+01  7.354E+02             0.00000E+00             0.00000E+00
   247  1.000E+01  7.454E+02             0.00000E+00             0.00000E+00
   248  1.000E+01  7.554E+02             0.00000E+00             0.00000E+00
   249  1.000E+01  7.654E+02             0.00000E+00             0.00000E+00
   250  1.000E+01  7.754E+02             0.00000E+00             0.00000E+00
   251  1.000E+01  7.854E+02             0.00000E+00             0.00000E+00
   252  1.000E+01  7.954E+02             0.00000E+00             0.00000E+00
   253  1.000E+01  8.054E+02             0.00000E+00             0.00000E+00
   254  1.000E+01  8.154E+02             0.00000E+00             0.00000E+00
   255  1.000E+01  8.254E+02             0.00000E+00             0.00000E+00
   256  1.000E+01  8.354E+02             0.00000E+00             0.00000E+00
   257  1.000E+01  8.454E+02             0.00000E+00             0.00000E+00
   258  1.000E+01  8.554E+02             0.00000E+00             0.00000E+00
   259  1.000E+01  8.654E+02             0.00000E+00             0.00000E+00
   260  1.000E+01  8.754E+02             0.00000E+00             0.00000E+00
   261  1.000E+01  8.854E+02             0.00000E+00             0.00000E+00
   262  1.000E+01  8.954E+02             0.00000E+00             0.00000E+00
   263  1.000E+01  9.054E+02             0.00000E+00             0.00000E+00
   264  1.000E+01  9.154E+02             0.00000E+00             0.00000E+00
   265  1.000E+01  9.254E+02             0.00000E+00             0.00000E+00
   266  1.000E+01  9.354E+02             0.00000E+00             0.00000E+00
   267  1.000E+01  9.454E+02             0.00000E+00             0.00000E+00
   268  1.000E+01  9.554E+02             0.00000E+00             0.00000E+00
   269  1.000E+01  9.654E+02             0.00000E+00             0.00000E+00
   270  1.000E+01  9.754E+02             0.00000E+00             0.00000E+00
   271  1.000E+01  9.854E+02             0.00000E+00             0.00000E+00
   272  1.000E+01  9.954E+02             0.00000E+00             0.00000E+00
   273  1.000E+01  1.005E+03             0.00000E+00             0.00000E+00
   274  1.000E+01  1.015E+03             0.00000E+00             0.00000E+00
   275  1.000E+01  1.025E+03             0.00000E+00             0.00000E+00
   276  1.000E+01  1.035E+03             0.00000E+00             0.00000E+00
   277  1.000E+01  1.045E+03             0.00000E+00             0.00000E+00
   278  1.000E+01  1.055E+03             0.00000E+00             0.00000E+00
   279  1.000E+01  1.065E+03             0.00000E+00             0.00000E+00
   280  1.000E+01  1.075E+03             0.00000E+00             0.00000E+00
   281  1.000E+01  1.085E+03             0.00000E+00             0.00000E+00
   282  1.000E+01  1.095E+03             0.00000E+00             0.00000E+00
   283  1.000E+01  1.105E+03             0.00000E+00             0.00000E+00
   284  1.000E+01  1.115E+03             0.00000E+00             0.00000E+00
   285  1.000E+01  1.125E+03             0.00000E+00             0.00000E+00
   286  1.000E+01  1.135E+03             0.00000E+00             0.00000E+00
   287  1.000E+01  1.145E+03             0.00000E+00             0.00000E+00
   288  1.000E+01  1.155E+03             0.00000E+00             0.00000E+00
   289  1.000E+01  1.165E+03             0.00000E+00             0.00000E+00
   290  1.000E+01  1.175E+03             0.00000E+00             0.00000E+00
   291  1.000E+01  1.185E+03             0.00000E+00             0.00000E+00
   292  1.000E+01  1.195E+03             0.00000E+00             0.00000E+00
   293  1.000E+01  1.205E+03             0.00000E+00             0.00000E+00
   294  1.000E+01  1.215E+03             0.00000E+00             0.00000E+00
   295  1.000E+01  1.225E+03             0.00000E+00             0.00000E+00
   296  1.000E+01  1.235E+03             0.00000E+00             0.00000E+00
   297  1.000E+01  1.245E+03             0.00000E+00             0.00000E+00
   298  1.000E+01  1.255E+03             0.00000E+00             0.00000E+00
   299  1.000E+01  1.265E+03             0.00000E+00             0.00000E+00
   300  1.000E+01  1.275E+03             0.00000E+00             0.00000E+00
   301  1.000E+01  1.285E+03             0.00000E+00             0.00000E+00
   302  1.000E+01  1.295E+03             0.00000E+00             0.00000E+00
   303  1.000E+01  1.305E+03             0.00000E+00             0.00000E+00
   304  1.000E+01  1.315E+03             0.00000E+00             0.00000E+00
   305  1.000E+01  1.325E+03             0.00000E+00             0.00000E+00
   306  1.000E+01  1.335E+03             0.00000E+00             0.00000E+00
   307  1.000E+01  1.345E+03             0.00000E+00             0.00000E+00
   308  1.000E+01  1.355E+03             0.00000E+00             0.00000E+00
   309  1.000E+01  1.365E+03             0.00000E+00             0.00000E+00
   310  1.000E+01  1.375E+03             0.00000E+00             0.00000E+00
   311  1.000E+01  1.385E+03             0.00000E+00             0.00000E+00
   312  1.000E+01  1.395E+03             0.00000E+00             0.00000E+00
   313  1.000E+01  1.405E+03             0.00000E+00             0.00000E+00
   314  1.000E+01  1.415E+03             0.00000E+00             0.00000E+00
   315  1.000E+01  1.425E+03             0.00000E+00             0.00000E+00
   316  1.000E+01  1.435E+03             0.00000E+00             0.00000E+00
   317  1.000E+01  1.445E+03             0.00000E+00             0.00000E+00
   318  1.000E+01  1.455E+03             0.00000E+00             0.00000E+00
   319  1.000E+01  1.465E+03             0.00000E+00             0.00000E+00
   320  1.000E+01  1.475E+03             0.00000E+00             0.00000E+00
   321  1.000E+01  1.485E+03             0.00000E+00             0.00000E+00
   322  1.000E+01  1.495E+03             0.00000E+00             0.00000E+00
   323  1.000E+01  1.505E+03             0.00000E+00             0.00000E+00
   324  1.000E+01  1.515E+03             0.00000E+00             0.00000E+00
   325  1.000E+01  1.525E+03             0.00000E+00             0.00000E+00
   326  1.000E+01  1.535E+03             0.00000E+00             0.00000E+00
   327  1.000E+01  1.545E+03             0.00000E+00             0.00000E+00
   328  1.000E+01  1.555E+03             0.00000E+00             0.00000E+00
   329  1.000E+01  1.565E+03             0.00000E+00             0.00000E+00
   330  1.000E+01  1.575E+03             0.00000E+00             0.00000E+00
   331  1.000E+01  1.585E+03             0.00000E+00             0.00000E+00
   332  1.000E+01  1.595E+03             0.00000E+00             0.00000E+00
   333  1.000E+01  1.605E+03             0.00000E+00             0.00000E+00
   334  1.000E+01  1.615E+03             0.00000E+00             0.00000E+00
   335  1.000E+01  1.625E+03             0.00000E+00             0.00000E+00
   336  1.000E+01  1.635E+03             0.00000E+00             0.00000E+00
   337  1.000E+01  1.645E+03             0.00000E+00             0.00000E+00
   338  1.000E+01  1.655E+03             0.00000E+00             0.00000E+00
   339  1.000E+01  1.665E+03             0.00000E+00             0.00000E+00
   340  1.000E+01  1.675E+03             0.00000E+00             0.00000E+00
   341  1.000E+01  1.685E+03             0.00000E+00             0.00000E+00
   342  1.000E+01  1.695E+03             0.00000E+00             0.00000E+00
   343  1.000E+01  1.705E+03             0.00000E+00             0.00000E+00
   344  1.000E+01  1.715E+03             0.00000E+00             0.00000E+00
   345  1.000E+01  1.725E+03             0.00000E+00             0.00000E+00
   346  1.000E+01  1.735E+03             0.00000E+00             0.00000E+00
   347  1.000E+01  1.745E+03             0.00000E+00             0.00000E+00
   348  1.000E+01  1.755E+03             0.00000E+00             0.00000E+00
   349  1.000E+01  1.765E+03             0.00000E+00             0.00000E+00
   350  1.000E+01  1.775E+03             0.00000E+00             0.00000E+00
   351  1.000E+01  1.785E+03             0.00000E+00             0.00000E+00
   352  1.000E+01  1.795E+03             0.00000E+00             0.00000E+00
   353  1.000E+01  1.805E+03             0.00000E+00             0.00000E+00
   354  1.000E+01  1.815E+03             0.00000E+00             0.00000E+00
   355  1.000E+01  1.825E+03             0.00000E+00             0.00000E+00
   356  1.000E+01  1.835E+03             0.00000E+00             0.00000E+00
   357  1.000E+01  1.845E+03             0.00000E+00             0.00000E+00
   358  1.000E+01  1.855E+03             0.00000E+00             0.00000E+00
   359  1.000E+01  1.865E+03             0.00000E+00             0.00000E+00
   360  1.000E+01  1.875E+03             0.00000E+00             0.00000E+00
   361  1.000E+01  1.885E+03             0.00000E+00             0.00000E+00
   362  1.000E+01  1.895E+03             0.00000E+00             0.00000E+00
   363  1.000E+01  1.905E+03             0.00000E+00             0.00000E+00
   364  1.000E+01  1.915E+03             0.00000E+00             0.00000E+00
   365  1.000E+01  1.925E+03             0.00000E+00             0.00000E+00
   366  1.000E+01  1.935E+03             0.00000E+00             0.00000E+00
   367  1.000E+01  1.945E+03             0.00000E+00             0.00000E+00
   368  1.000E+01  1.955E+03             0.00000E+00             0.00000E+00
   369  1.000E+01  1.965E+03             0.00000E+00             0.00000E+00
   370  1.000E+01  1.975E+03             0.00000E+00             0.00000E+00
   371  1.000E+01  1.985E+03             0.00000E+00             0.00000E+00
   372  1.000E+01  1.995E+03             0.00000E+00             0.00000E+00
   373  1.000E+01  2.005E+03             0.00000E+00             0.00000E+00
   374  1.000E+01  2.015E+03             0.00000E+00             0.00000E+00
   375  1.000E+01  2.025E+03             0.00000E+00             0.00000E+00
   376  1.000E+01  2.035E+03             0.00000E+00             0.00000E+00
   377  1.000E+01  2.045E+03             0.00000E+00             0.00000E+00
   378  1.000E+01  2.055E+03             0.00000E+00             0.00000E+00
   379  1.000E+01  2.065E+03             0.00000E+00             0.00000E+00
   380  1.000E+01  2.075E+03             0.00000E+00             0.00000E+00
   381  1.000E+01  2.085E+03             0.00000E+00             0.00000E+00
   382  1.000E+01  2.095E+03             0.00000E+00             0.00000E+00
   383  1.000E+01  2.105E+03             0.00000E+00             0.00000E+00
   384  1.000E+01  2.115E+03             0.00000E+00             0.00000E+00
   385  1.000E+01  2.125E+03             0.00000E+00             0.00000E+00
   386  1.000E+01  2.135E+03             0.00000E+00             0.00000E+00
   387  1.000E+01  2.145E+03             0.00000E+00             0.00000E+00
   388  1.000E+01  2.155E+03             0.00000E+00             0.00000E+00
   389  1.000E+01  2.165E+03             0.00000E+00             0.00000E+00
   390  1.000E+01  2.175E+03             0.00000E+00             0.00000E+00
   391  1.000E+01  2.185E+03             0.00000E+00             0.00000E+00
   392  1.000E+01  2.195E+03             0.00000E+00             0.00000E+00
   393  1.000E+01  2.205E+03             0.00000E+00             0.00000E+00
   394  1.000E+01  2.215E+03             0.00000E+00             0.00000E+00
   395  1.000E+01  2.225E+03             0.00000E+00             0.00000E+00
   396  1.000E+01  2.235E+03             0.00000E+00             0.00000E+00
   397  1.000E+01  2.245E+03             0.00000E+00             0.00000E+00
   398  1.000E+01  2.255E+03             0.00000E+00             0.00000E+00
   399  1.000E+01  2.265E+03             0.00000E+00             0.00000E+00
   400  1.000E+01  2.275E+03             0.00000E+00             0.00000E+00
   401  1.000E+01  2.285E+03             0.00000E+00             0.00000E+00
   402  1.000E+01  2.295E+03             0.00000E+00             0.00000E+00
   403  1.000E+01  2.305E+03             0.00000E+00             0.00000E+00
   404  1.000E+01  2.315E+03             0.00000E+00             0.00000E+00
   405  1.000E+01  2.325E+03             0.00000E+00             0.00000E+00
   406  1.000E+01  2.335E+03             0.00000E+00             0.00000E+00
   407  1.000E+01  2.345E+03             0.00000E+00             0.00000E+00
   408  1.000E+01  2.355E+03             0.00000E+00             0.00000E+00
   409  1.000E+01  2.365E+03             0.00000E+00             0.00000E+00
   410  1.000E+01  2.375E+03             0.00000E+00             0.00000E+00
   411  1.000E+01  2.385E+03             0.00000E+00             0.00000E+00
   412  1.000E+01  2.395E+03             0.00000E+00             0.00000E+00
   413  1.000E+01  2.405E+03             0.00000E+00             0.00000E+00
   414  1.000E+01  2.415E+03             0.00000E+00             0.00000E+00
   415  1.000E+01  2.425E+03             0.00000E+00             0.00000E+00
   416  1.000E+01  2.435E+03             0.00000E+00             0.00000E+00
   417  1.000E+01  2.445E+03             0.00000E+00             0.00000E+00
   418  1.000E+01  2.455E+03             0.00000E+00             0.00000E+00
   419  1.000E+01  2.465E+03             0.00000E+00             0.00000E+00
   420  1.000E+01  2.475E+03             0.00000E+00             0.00000E+00
   421  1.000E+01  2.485E+03             0.00000E+00             0.00000E+00
   422  1.000E+01  2.495E+03             0.00000E+00             0.00000E+00
   423  1.000E+01  2.505E+03             0.00000E+00             0.00000E+00
   424  1.000E+01  2.515E+03             0.00000E+00             0.00000E+00
   425  1.000E+01  2.525E+03             0.00000E+00             0.00000E+00
   426  1.000E+01  2.535E+03             0.00000E+00             0.00000E+00
   427  1.000E+01  2.545E+03             0.00000E+00             0.00000E+00
   428  1.000E+01  2.555E+03             0.00000E+00             0.00000E+00
   429  1.000E+01  2.565E+03             0.00000E+00             0.00000E+00
   430  1.000E+01  2.575E+03             0.00000E+00             0.00000E+00
   431  1.000E+01  2.585E+03             0.00000E+00             0.00000E+00
   432  1.000E+01  2.595E+03             0.00000E+00             0.00000E+00
   433  1.000E+01  2.605E+03             0.00000E+00             0.00000E+00
   434  1.000E+01  2.615E+03             0.00000E+00             0.00000E+00
   435  1.000E+01  2.625E+03             0.00000E+00             0.00000E+00
   436  1.000E+01  2.635E+03             0.00000E+00             0.00000E+00
   437  1.000E+01  2.645E+03             0.00000E+00             0.00000E+00
   438  1.000E+01  2.655E+03             0.00000E+00             0.00000E+00
   439  1.000E+01  2.665E+03             0.00000E+00             0.00000E+00
   440  1.000E+01  2.675E+03             0.00000E+00             0.00000E+00
   441  1.000E+01  2.685E+03             0.00000E+00             0.00000E+00
   442  1.000E+01  2.695E+03             0.00000E+00             0.00000E+00
   443  1.000E+01  2.705E+03             0.00000E+00             0.00000E+00
   444  1.000E+01  2.715E+03             0.00000E+00             0.00000E+00
   445  1.000E+01  2.725E+03             0.00000E+00             0.00000E+00
   446  1.000E+01  2.735E+03             0.00000E+00             0.00000E+00
   447  1.000E+01  2.745E+03             0.00000E+00             0.00000E+00
   448  1.000E+01  2.755E+03             0.00000E+00             0.00000E+00
   449  1.000E+01  2.765E+03             0.00000E+00             0.00000E+00
   450  1.000E+01  2.775E+03             0.00000E+00             0.00000E+00
   451  1.000E+01  2.785E+03             0.00000E+00             0.00000E+00
   452  1.000E+01  2.795E+03             0.00000E+00             0.00000E+00
   453  1.000E+01  2.805E+03             0.00000E+00             0.00000E+00
   454  1.000E+01  2.815E+03             0.00000E+00             0.00000E+00
   455  1.000E+01  2.825E+03             0.00000E+00             0.00000E+00
   456  1.000E+01  2.835E+03             0.00000E+00             0.00000E+00
   457  1.000E+01  2.845E+03             0.00000E+00             0.00000E+00
   458  1.000E+01  2.855E+03             0.00000E+00             0.00000E+00
   459  1.000E+01  2.865E+03             0.00000E+00             0.00000E+00
   460  1.000E+01  2.875E+03             0.00000E+00             0.00000E+00
   461  1.000E+01  2.885E+03             0.00000E+00             0.00000E+00
   462  1.000E+01  2.895E+03             0.00000E+00             0.00000E+00
   463  1.000E+01  2.905E+03             0.00000E+00             0.00000E+00
   464  1.000E+01  2.915E+03             0.00000E+00             0.00000E+00
   465  1.000E+01  2.925E+03             0.00000E+00             0.00000E+00
   466  1.000E+01  2.935E+03             0.00000E+00             0.00000E+00
   467  1.000E+01  2.945E+03             0.00000E+00             0.00000E+00
   468  1.000E+01  2.955E+03             0.00000E+00             0.00000E+00
   469  1.000E+01  2.965E+03             0.00000E+00             0.00000E+00
   470  1.000E+01  2.975E+03             0.00000E+00             0.00000E+00
   471  1.000E+01  2.985E+03             0.00000E+00             0.00000E+00
   472  1.000E+01  2.995E+03             0.00000E+00             0.00000E+00
   473  1.000E+01  3.005E+03             0.00000E+00             0.00000E+00
   474  1.000E+01  3.015E+03             0.00000E+00             0.00000E+00
   475  1.000E+01  3.025E+03             0.00000E+00             0.00000E+00
   476  1.000E+01  3.035E+03             0.00000E+00             0.00000E+00
   477  1.000E+01  3.045E+03             0.00000E+00             0.00000E+00
   478  1.000E+01  3.055E+03             0.00000E+00             0.00000E+00
   479  1.000E+01  3.065E+03             0.00000E+00             0.00000E+00
   480  1.000E+01  3.075E+03             0.00000E+00             0.00000E+00
   481  1.000E+01  3.085E+03             0.00000E+00             0.00000E+00
   482  1.000E+01  3.095E+03             0.00000E+00             0.00000E+00
   483  1.000E+01  3.105E+03             0.00000E+00             0.00000E+00
   484  1.000E+01  3.115E+03             0.00000E+00             0.00000E+00
   485  1.000E+01  3.125E+03             0.00000E+00             0.00000E+00
   486  1.000E+01  3.135E+03             0.00000E+00             0.00000E+00
   487  1.000E+01  3.145E+03             0.00000E+00             0.00000E+00
   488  1.000E+01  3.155E+03             0.00000E+00             0.00000E+00
   489  1.000E+01  3.165E+03             0.00000E+00             0.00000E+00
   490  1.000E+01  3.175E+03             0.00000E+00             0.00000E+00
   491  1.000E+01  3.185E+03             0.00000E+00             0.00000E+00
   492  1.000E+01  3.195E+03             0.00000E+00             0.00000E+00
   493  1.000E+01  3.205E+03             0.00000E+00             0.00000E+00
   494  1.000E+01  3.215E+03             0.00000E+00             0.00000E+00
   495  1.000E+01  3.225E+03             0.00000E+00             0.00000E+00
   496  1.000E+01  3.235E+03             0.00000E+00             0.00000E+00
   497  1.000E+01  3.245E+03             0.00000E+00             0.00000E+00
   498  1.000E+01  3.255E+03             0.00000E+00             0.00000E+00
   499  1.000E+01  3.265E+03             0.00000E+00             0.00000E+00
   500  1.000E+01  3.275E+03             0.00000E+00             0.00000E+00
   501  1.000E+01  3.285E+03             0.00000E+00             0.00000E+00
   502  1.000E+01  3.295E+03             0.00000E+00             0.00000E+00
   503  1.000E+01  3.305E+03             0.00000E+00             0.00000E+00
   504  1.000E+01  3.315E+03             0.00000E+00             0.00000E+00
   505  1.000E+01  3.325E+03             0.00000E+00             0.00000E+00
   506  1.000E+01  3.335E+03             0.00000E+00             0.00000E+00
   507  1.000E+01  3.345E+03             0.00000E+00             0.00000E+00
   508  1.000E+01  3.355E+03             0.00000E+00             0.00000E+00
   509  1.000E+01  3.365E+03             0.00000E+00             0.00000E+00
   510  1.000E+01  3.375E+03             0.00000E+00             0.00000E+00
   511  1.000E+01  3.385E+03             0.00000E+00             0.00000E+00
   512  1.000E+01  3.395E+03             0.00000E+00             0.00000E+00
   513  1.000E+01  3.405E+03             0.00000E+00             0.00000E+00
   514  1.000E+01  3.415E+03             0.00000E+00             0.00000E+00
   515  1.000E+01  3.425E+03             0.00000E+00             0.00000E+00
   516  1.000E+01  3.435E+03             0.00000E+00             0.00000E+00
   517  1.000E+01  3.445E+03             0.00000E+00             0.00000E+00
   518  1.000E+01  3.455E+03             0.00000E+00             0.00000E+00
   519  1.000E+01  3.465E+03             0.00000E+00             0.00000E+00
   520  1.000E+01  3.475E+03             0.00000E+00             0.00000E+00
   521  1.000E+01  3.485E+03             0.00000E+00             0.00000E+00
   522  1.000E+01  3.495E+03             0.00000E+00             0.00000E+00
   523  1.000E+01  3.505E+03             0.00000E+00             0.00000E+00
   524  1.000E+01  3.515E+03             0.00000E+00             0.00000E+00
   525  1.000E+01  3.525E+03             0.00000E+00             0.00000E+00
   526  1.000E+01  3.535E+03             0.00000E+00             0.00000E+00
   527  1.000E+01  3.545E+03             0.00000E+00             0.00000E+00
   528  1.000E+01  3.555E+03             0.00000E+00             0.00000E+00
   529  1.000E+01  3.565E+03             0.00000E+00             0.00000E+00
   530  1.000E+01  3.575E+03             0.00000E+00             0.00000E+00
   531  1.000E+01  3.585E+03             0.00000E+00             0.00000E+00
   532  1.000E+01  3.595E+03             0.00000E+00             0.00000E+00
   533  1.000E+01  3.605E+03             0.00000E+00             0.00000E+00
   534  1.000E+01  3.615E+03             0.00000E+00             0.00000E+00
   535  1.000E+01  3.625E+03             0.00000E+00             0.00000E+00
   536  1.000E+01  3.635E+03             0.00000E+00             0.00000E+00
   537  1.000E+01  3.645E+03             0.00000E+00             0.00000E+00
   538  1.000E+01  3.655E+03             0.00000E+00             0.00000E+00
   539  1.000E+01  3.665E+03             0.00000E+00             0.00000E+00
