      0  0.00000000E+00     NSTEP   TIME
 SURFACE NODE              X              Y  PRESSURE HEAD
            1   0.000000E+00   1.000000E+01   0.000000E+00
            2   5.000000E-01   1.000000E+01   0.000000E+00
            3   1.000000E+00   1.000000E+01   0.000000E+00
            4   1.500000E+00   1.000000E+01   0.000000E+00
            5   2.000000E+00   1.000000E+01   0.000000E+00
            6   2.500000E+00   1.000000E+01   0.000000E+00
            7   3.000000E+00   1.000000E+01   0.000000E+00
            8   3.500000E+00   1.000000E+01   0.000000E+00
            9   4.000000E+00   1.000000E+01   0.000000E+00
           10   4.500000E+00   1.000000E+01   0.000000E+00
           11   5.000000E+00   1.000000E+01   0.000000E+00
           12   5.500000E+00   1.000000E+01   0.000000E+00
           13   6.000000E+00   1.000000E+01   0.000000E+00
           14   6.500000E+00   1.000000E+01   0.000000E+00
           15   7.000000E+00   1.000000E+01   0.000000E+00
           16   7.500000E+00   1.000000E+01   0.000000E+00
           17   8.000000E+00   1.000000E+01   0.000000E+00
           18   8.500000E+00   1.000000E+01   0.000000E+00
           19   9.000000E+00   1.000000E+01   0.000000E+00
           20   9.500000E+00   1.000000E+01   0.000000E+00
           21   1.000000E+01   1.000000E+01   0.000000E+00
           22   0.000000E+00   9.500000E+00   0.000000E+00
           23   5.000000E-01   9.500000E+00   0.000000E+00
           24   1.000000E+00   9.500000E+00   0.000000E+00
           25   1.500000E+00   9.500000E+00   0.000000E+00
           26   2.000000E+00   9.500000E+00   0.000000E+00
           27   2.500000E+00   9.500000E+00   0.000000E+00
           28   3.000000E+00   9.500000E+00   0.000000E+00
           29   3.500000E+00   9.500000E+00   0.000000E+00
           30   4.000000E+00   9.500000E+00   0.000000E+00
           31   4.500000E+00   9.500000E+00   0.000000E+00
           32   5.000000E+00   9.500000E+00   0.000000E+00
           33   5.500000E+00   9.500000E+00   0.000000E+00
           34   6.000000E+00   9.500000E+00   0.000000E+00
           35   6.500000E+00   9.500000E+00   0.000000E+00
           36   7.000000E+00   9.500000E+00   0.000000E+00
           37   7.500000E+00   9.500000E+00   0.000000E+00
           38   8.000000E+00   9.500000E+00   0.000000E+00
           39   8.500000E+00   9.500000E+00   0.000000E+00
           40   9.000000E+00   9.500000E+00   0.000000E+00
           41   9.500000E+00   9.500000E+00   0.000000E+00
           42   1.000000E+01   9.500000E+00   0.000000E+00
           43   0.000000E+00   9.000000E+00   0.000000E+00
           44   5.000000E-01   9.000000E+00   0.000000E+00
           45   1.000000E+00   9.000000E+00   0.000000E+00
           46   1.500000E+00   9.000000E+00   0.000000E+00
           47   2.000000E+00   9.000000E+00   0.000000E+00
           48   2.500000E+00   9.000000E+00   0.000000E+00
           49   3.000000E+00   9.000000E+00   0.000000E+00
           50   3.500000E+00   9.000000E+00   0.000000E+00
           51   4.000000E+00   9.000000E+00   0.000000E+00
           52   4.500000E+00   9.000000E+00   0.000000E+00
           53   5.000000E+00   9.000000E+00   0.000000E+00
           54   5.500000E+00   9.000000E+00   0.000000E+00
           55   6.000000E+00   9.000000E+00   0.000000E+00
           56   6.500000E+00   9.000000E+00   0.000000E+00
           57   7.000000E+00   9.000000E+00   0.000000E+00
           58   7.500000E+00   9.000000E+00   0.000000E+00
           59   8.000000E+00   9.000000E+00   0.000000E+00
           60   8.500000E+00   9.000000E+00   0.000000E+00
           61   9.000000E+00   9.000000E+00   0.000000E+00
           62   9.500000E+00   9.000000E+00   0.000000E+00
           63   1.000000E+01   9.000000E+00   0.000000E+00
           64   0.000000E+00   8.500000E+00   0.000000E+00
           65   5.000000E-01   8.500000E+00   0.000000E+00
           66   1.000000E+00   8.500000E+00   0.000000E+00
           67   1.500000E+00   8.500000E+00   0.000000E+00
           68   2.000000E+00   8.500000E+00   0.000000E+00
           69   2.500000E+00   8.500000E+00   0.000000E+00
           70   3.000000E+00   8.500000E+00   0.000000E+00
           71   3.500000E+00   8.500000E+00   0.000000E+00
           72   4.000000E+00   8.500000E+00   0.000000E+00
           73   4.500000E+00   8.500000E+00   0.000000E+00
           74   5.000000E+00   8.500000E+00   0.000000E+00
           75   5.500000E+00   8.500000E+00   0.000000E+00
           76   6.000000E+00   8.500000E+00   0.000000E+00
           77   6.500000E+00   8.500000E+00   0.000000E+00
           78   7.000000E+00   8.500000E+00   0.000000E+00
           79   7.500000E+00   8.500000E+00   0.000000E+00
           80   8.000000E+00   8.500000E+00   0.000000E+00
           81   8.500000E+00   8.500000E+00   0.000000E+00
           82   9.000000E+00   8.500000E+00   0.000000E+00
           83   9.500000E+00   8.500000E+00   0.000000E+00
           84   1.000000E+01   8.500000E+00   0.000000E+00
           85   0.000000E+00   8.000000E+00   0.000000E+00
           86   5.000000E-01   8.000000E+00   0.000000E+00
           87   1.000000E+00   8.000000E+00   0.000000E+00
           88   1.500000E+00   8.000000E+00   0.000000E+00
           89   2.000000E+00   8.000000E+00   0.000000E+00
           90   2.500000E+00   8.000000E+00   0.000000E+00
           91   3.000000E+00   8.000000E+00   0.000000E+00
           92   3.500000E+00   8.000000E+00   0.000000E+00
           93   4.000000E+00   8.000000E+00   0.000000E+00
           94   4.500000E+00   8.000000E+00   0.000000E+00
           95   5.000000E+00   8.000000E+00   0.000000E+00
           96   5.500000E+00   8.000000E+00   0.000000E+00
           97   6.000000E+00   8.000000E+00   0.000000E+00
           98   6.500000E+00   8.000000E+00   0.000000E+00
           99   7.000000E+00   8.000000E+00   0.000000E+00
          100   7.500000E+00   8.000000E+00   0.000000E+00
          101   8.000000E+00   8.000000E+00   0.000000E+00
          102   8.500000E+00   8.000000E+00   0.000000E+00
          103   9.000000E+00   8.000000E+00   0.000000E+00
          104   9.500000E+00   8.000000E+00   0.000000E+00
          105   1.000000E+01   8.000000E+00   0.000000E+00
          106   0.000000E+00   7.500000E+00   0.000000E+00
          107   5.000000E-01   7.500000E+00   0.000000E+00
          108   1.000000E+00   7.500000E+00   0.000000E+00
          109   1.500000E+00   7.500000E+00   0.000000E+00
          110   2.000000E+00   7.500000E+00   0.000000E+00
          111   2.500000E+00   7.500000E+00   0.000000E+00
          112   3.000000E+00   7.500000E+00   0.000000E+00
          113   3.500000E+00   7.500000E+00   0.000000E+00
          114   4.000000E+00   7.500000E+00   0.000000E+00
          115   4.500000E+00   7.500000E+00   0.000000E+00
          116   5.000000E+00   7.500000E+00   0.000000E+00
          117   5.500000E+00   7.500000E+00   0.000000E+00
          118   6.000000E+00   7.500000E+00   0.000000E+00
          119   6.500000E+00   7.500000E+00   0.000000E+00
          120   7.000000E+00   7.500000E+00   0.000000E+00
          121   7.500000E+00   7.500000E+00   0.000000E+00
          122   8.000000E+00   7.500000E+00   0.000000E+00
          123   8.500000E+00   7.500000E+00   0.000000E+00
          124   9.000000E+00   7.500000E+00   0.000000E+00
          125   9.500000E+00   7.500000E+00   0.000000E+00
          126   1.000000E+01   7.500000E+00   0.000000E+00
          127   0.000000E+00   7.000000E+00   0.000000E+00
          128   5.000000E-01   7.000000E+00   0.000000E+00
          129   1.000000E+00   7.000000E+00   0.000000E+00
          130   1.500000E+00   7.000000E+00   0.000000E+00
          131   2.000000E+00   7.000000E+00   0.000000E+00
          132   2.500000E+00   7.000000E+00   0.000000E+00
          133   3.000000E+00   7.000000E+00   0.000000E+00
          134   3.500000E+00   7.000000E+00   0.000000E+00
          135   4.000000E+00   7.000000E+00   0.000000E+00
          136   4.500000E+00   7.000000E+00   0.000000E+00
          137   5.000000E+00   7.000000E+00   0.000000E+00
          138   5.500000E+00   7.000000E+00   0.000000E+00
          139   6.000000E+00   7.000000E+00   0.000000E+00
          140   6.500000E+00   7.000000E+00   0.000000E+00
          141   7.000000E+00   7.000000E+00   0.000000E+00
          142   7.500000E+00   7.000000E+00   0.000000E+00
          143   8.000000E+00   7.000000E+00   0.000000E+00
          144   8.500000E+00   7.000000E+00   0.000000E+00
          145   9.000000E+00   7.000000E+00   0.000000E+00
          146   9.500000E+00   7.000000E+00   0.000000E+00
          147   1.000000E+01   7.000000E+00   0.000000E+00
          148   0.000000E+00   6.500000E+00   0.000000E+00
          149   5.000000E-01   6.500000E+00   0.000000E+00
          150   1.000000E+00   6.500000E+00   0.000000E+00
          151   1.500000E+00   6.500000E+00   0.000000E+00
          152   2.000000E+00   6.500000E+00   0.000000E+00
          153   2.500000E+00   6.500000E+00   0.000000E+00
          154   3.000000E+00   6.500000E+00   0.000000E+00
          155   3.500000E+00   6.500000E+00   0.000000E+00
          156   4.000000E+00   6.500000E+00   0.000000E+00
          157   4.500000E+00   6.500000E+00   0.000000E+00
          158   5.000000E+00   6.500000E+00   0.000000E+00
          159   5.500000E+00   6.500000E+00   0.000000E+00
          160   6.000000E+00   6.500000E+00   0.000000E+00
          161   6.500000E+00   6.500000E+00   0.000000E+00
          162   7.000000E+00   6.500000E+00   0.000000E+00
          163   7.500000E+00   6.500000E+00   0.000000E+00
          164   8.000000E+00   6.500000E+00   0.000000E+00
          165   8.500000E+00   6.500000E+00   0.000000E+00
          166   9.000000E+00   6.500000E+00   0.000000E+00
          167   9.500000E+00   6.500000E+00   0.000000E+00
          168   1.000000E+01   6.500000E+00   0.000000E+00
          169   0.000000E+00   6.000000E+00   0.000000E+00
          170   5.000000E-01   6.000000E+00   0.000000E+00
          171   1.000000E+00   6.000000E+00   0.000000E+00
          172   1.500000E+00   6.000000E+00   0.000000E+00
          173   2.000000E+00   6.000000E+00   0.000000E+00
          174   2.500000E+00   6.000000E+00   0.000000E+00
          175   3.000000E+00   6.000000E+00   0.000000E+00
          176   3.500000E+00   6.000000E+00   0.000000E+00
          177   4.000000E+00   6.000000E+00   0.000000E+00
          178   4.500000E+00   6.000000E+00   0.000000E+00
          179   5.000000E+00   6.000000E+00   0.000000E+00
          180   5.500000E+00   6.000000E+00   0.000000E+00
          181   6.000000E+00   6.000000E+00   0.000000E+00
          182   6.500000E+00   6.000000E+00   0.000000E+00
          183   7.000000E+00   6.000000E+00   0.000000E+00
          184   7.500000E+00   6.000000E+00   0.000000E+00
          185   8.000000E+00   6.000000E+00   0.000000E+00
          186   8.500000E+00   6.000000E+00   0.000000E+00
          187   9.000000E+00   6.000000E+00   0.000000E+00
          188   9.500000E+00   6.000000E+00   0.000000E+00
          189   1.000000E+01   6.000000E+00   0.000000E+00
          190   0.000000E+00   5.500000E+00   0.000000E+00
          191   5.000000E-01   5.500000E+00   0.000000E+00
          192   1.000000E+00   5.500000E+00   0.000000E+00
          193   1.500000E+00   5.500000E+00   0.000000E+00
          194   2.000000E+00   5.500000E+00   0.000000E+00
          195   2.500000E+00   5.500000E+00   0.000000E+00
          196   3.000000E+00   5.500000E+00   0.000000E+00
          197   3.500000E+00   5.500000E+00   0.000000E+00
          198   4.000000E+00   5.500000E+00   0.000000E+00
          199   4.500000E+00   5.500000E+00   0.000000E+00
          200   5.000000E+00   5.500000E+00   0.000000E+00
          201   5.500000E+00   5.500000E+00   0.000000E+00
          202   6.000000E+00   5.500000E+00   0.000000E+00
          203   6.500000E+00   5.500000E+00   0.000000E+00
          204   7.000000E+00   5.500000E+00   0.000000E+00
          205   7.500000E+00   5.500000E+00   0.000000E+00
          206   8.000000E+00   5.500000E+00   0.000000E+00
          207   8.500000E+00   5.500000E+00   0.000000E+00
          208   9.000000E+00   5.500000E+00   0.000000E+00
          209   9.500000E+00   5.500000E+00   0.000000E+00
          210   1.000000E+01   5.500000E+00   0.000000E+00
          211   0.000000E+00   5.000000E+00   0.000000E+00
          212   5.000000E-01   5.000000E+00   0.000000E+00
          213   1.000000E+00   5.000000E+00   0.000000E+00
          214   1.500000E+00   5.000000E+00   0.000000E+00
          215   2.000000E+00   5.000000E+00   0.000000E+00
          216   2.500000E+00   5.000000E+00   0.000000E+00
          217   3.000000E+00   5.000000E+00   0.000000E+00
          218   3.500000E+00   5.000000E+00   0.000000E+00
          219   4.000000E+00   5.000000E+00   0.000000E+00
          220   4.500000E+00   5.000000E+00   0.000000E+00
          221   5.000000E+00   5.000000E+00   0.000000E+00
          222   5.500000E+00   5.000000E+00   0.000000E+00
          223   6.000000E+00   5.000000E+00   0.000000E+00
          224   6.500000E+00   5.000000E+00   0.000000E+00
          225   7.000000E+00   5.000000E+00   0.000000E+00
          226   7.500000E+00   5.000000E+00   0.000000E+00
          227   8.000000E+00   5.000000E+00   0.000000E+00
          228   8.500000E+00   5.000000E+00   0.000000E+00
          229   9.000000E+00   5.000000E+00   0.000000E+00
          230   9.500000E+00   5.000000E+00   0.000000E+00
          231   1.000000E+01   5.000000E+00   0.000000E+00
          232   0.000000E+00   4.500000E+00   0.000000E+00
          233   5.000000E-01   4.500000E+00   0.000000E+00
          234   1.000000E+00   4.500000E+00   0.000000E+00
          235   1.500000E+00   4.500000E+00   0.000000E+00
          236   2.000000E+00   4.500000E+00   0.000000E+00
          237   2.500000E+00   4.500000E+00   0.000000E+00
          238   3.000000E+00   4.500000E+00   0.000000E+00
          239   3.500000E+00   4.500000E+00   0.000000E+00
          240   4.000000E+00   4.500000E+00   0.000000E+00
          241   4.500000E+00   4.500000E+00   0.000000E+00
          242   5.000000E+00   4.500000E+00   0.000000E+00
          243   5.500000E+00   4.500000E+00   0.000000E+00
          244   6.000000E+00   4.500000E+00   0.000000E+00
          245   6.500000E+00   4.500000E+00   0.000000E+00
          246   7.000000E+00   4.500000E+00   0.000000E+00
          247   7.500000E+00   4.500000E+00   0.000000E+00
          248   8.000000E+00   4.500000E+00   0.000000E+00
          249   8.500000E+00   4.500000E+00   0.000000E+00
          250   9.000000E+00   4.500000E+00   0.000000E+00
          251   9.500000E+00   4.500000E+00   0.000000E+00
          252   1.000000E+01   4.500000E+00   0.000000E+00
          253   0.000000E+00   4.000000E+00   0.000000E+00
          254   5.000000E-01   4.000000E+00   0.000000E+00
          255   1.000000E+00   4.000000E+00   0.000000E+00
          256   1.500000E+00   4.000000E+00   0.000000E+00
          257   2.000000E+00   4.000000E+00   0.000000E+00
          258   2.500000E+00   4.000000E+00   0.000000E+00
          259   3.000000E+00   4.000000E+00   0.000000E+00
          260   3.500000E+00   4.000000E+00   0.000000E+00
          261   4.000000E+00   4.000000E+00   0.000000E+00
          262   4.500000E+00   4.000000E+00   0.000000E+00
          263   5.000000E+00   4.000000E+00   0.000000E+00
          264   5.500000E+00   4.000000E+00   0.000000E+00
          265   6.000000E+00   4.000000E+00   0.000000E+00
          266   6.500000E+00   4.000000E+00   0.000000E+00
          267   7.000000E+00   4.000000E+00   0.000000E+00
          268   7.500000E+00   4.000000E+00   0.000000E+00
          269   8.000000E+00   4.000000E+00   0.000000E+00
          270   8.500000E+00   4.000000E+00   0.000000E+00
          271   9.000000E+00   4.000000E+00   0.000000E+00
          272   9.500000E+00   4.000000E+00   0.000000E+00
          273   1.000000E+01   4.000000E+00   0.000000E+00
          274   0.000000E+00   3.500000E+00   0.000000E+00
          275   5.000000E-01   3.500000E+00   0.000000E+00
          276   1.000000E+00   3.500000E+00   0.000000E+00
          277   1.500000E+00   3.500000E+00   0.000000E+00
          278   2.000000E+00   3.500000E+00   0.000000E+00
          279   2.500000E+00   3.500000E+00   0.000000E+00
          280   3.000000E+00   3.500000E+00   0.000000E+00
          281   3.500000E+00   3.500000E+00   0.000000E+00
          282   4.000000E+00   3.500000E+00   0.000000E+00
          283   4.500000E+00   3.500000E+00   0.000000E+00
          284   5.000000E+00   3.500000E+00   0.000000E+00
          285   5.500000E+00   3.500000E+00   0.000000E+00
          286   6.000000E+00   3.500000E+00   0.000000E+00
          287   6.500000E+00   3.500000E+00   0.000000E+00
          288   7.000000E+00   3.500000E+00   0.000000E+00
          289   7.500000E+00   3.500000E+00   0.000000E+00
          290   8.000000E+00   3.500000E+00   0.000000E+00
          291   8.500000E+00   3.500000E+00   0.000000E+00
          292   9.000000E+00   3.500000E+00   0.000000E+00
          293   9.500000E+00   3.500000E+00   0.000000E+00
          294   1.000000E+01   3.500000E+00   0.000000E+00
          295   0.000000E+00   3.000000E+00   0.000000E+00
          296   5.000000E-01   3.000000E+00   0.000000E+00
          297   1.000000E+00   3.000000E+00   0.000000E+00
          298   1.500000E+00   3.000000E+00   0.000000E+00
          299   2.000000E+00   3.000000E+00   0.000000E+00
          300   2.500000E+00   3.000000E+00   0.000000E+00
          301   3.000000E+00   3.000000E+00   0.000000E+00
          302   3.500000E+00   3.000000E+00   0.000000E+00
          303   4.000000E+00   3.000000E+00   0.000000E+00
          304   4.500000E+00   3.000000E+00   0.000000E+00
          305   5.000000E+00   3.000000E+00   0.000000E+00
          306   5.500000E+00   3.000000E+00   0.000000E+00
          307   6.000000E+00   3.000000E+00   0.000000E+00
          308   6.500000E+00   3.000000E+00   0.000000E+00
          309   7.000000E+00   3.000000E+00   0.000000E+00
          310   7.500000E+00   3.000000E+00   0.000000E+00
          311   8.000000E+00   3.000000E+00   0.000000E+00
          312   8.500000E+00   3.000000E+00   0.000000E+00
          313   9.000000E+00   3.000000E+00   0.000000E+00
          314   9.500000E+00   3.000000E+00   0.000000E+00
          315   1.000000E+01   3.000000E+00   0.000000E+00
          316   0.000000E+00   2.500000E+00   0.000000E+00
          317   5.000000E-01   2.500000E+00   0.000000E+00
          318   1.000000E+00   2.500000E+00   0.000000E+00
          319   1.500000E+00   2.500000E+00   0.000000E+00
          320   2.000000E+00   2.500000E+00   0.000000E+00
          321   2.500000E+00   2.500000E+00   0.000000E+00
          322   3.000000E+00   2.500000E+00   0.000000E+00
          323   3.500000E+00   2.500000E+00   0.000000E+00
          324   4.000000E+00   2.500000E+00   0.000000E+00
          325   4.500000E+00   2.500000E+00   0.000000E+00
          326   5.000000E+00   2.500000E+00   0.000000E+00
          327   5.500000E+00   2.500000E+00   0.000000E+00
          328   6.000000E+00   2.500000E+00   0.000000E+00
          329   6.500000E+00   2.500000E+00   0.000000E+00
          330   7.000000E+00   2.500000E+00   0.000000E+00
          331   7.500000E+00   2.500000E+00   0.000000E+00
          332   8.000000E+00   2.500000E+00   0.000000E+00
          333   8.500000E+00   2.500000E+00   0.000000E+00
          334   9.000000E+00   2.500000E+00   0.000000E+00
          335   9.500000E+00   2.500000E+00   0.000000E+00
          336   1.000000E+01   2.500000E+00   0.000000E+00
          337   0.000000E+00   2.000000E+00   0.000000E+00
          338   5.000000E-01   2.000000E+00   0.000000E+00
          339   1.000000E+00   2.000000E+00   0.000000E+00
          340   1.500000E+00   2.000000E+00   0.000000E+00
          341   2.000000E+00   2.000000E+00   0.000000E+00
          342   2.500000E+00   2.000000E+00   0.000000E+00
          343   3.000000E+00   2.000000E+00   0.000000E+00
          344   3.500000E+00   2.000000E+00   0.000000E+00
          345   4.000000E+00   2.000000E+00   0.000000E+00
          346   4.500000E+00   2.000000E+00   0.000000E+00
          347   5.000000E+00   2.000000E+00   0.000000E+00
          348   5.500000E+00   2.000000E+00   0.000000E+00
          349   6.000000E+00   2.000000E+00   0.000000E+00
          350   6.500000E+00   2.000000E+00   0.000000E+00
          351   7.000000E+00   2.000000E+00   0.000000E+00
          352   7.500000E+00   2.000000E+00   0.000000E+00
          353   8.000000E+00   2.000000E+00   0.000000E+00
          354   8.500000E+00   2.000000E+00   0.000000E+00
          355   9.000000E+00   2.000000E+00   0.000000E+00
          356   9.500000E+00   2.000000E+00   0.000000E+00
          357   1.000000E+01   2.000000E+00   0.000000E+00
          358   0.000000E+00   1.500000E+00   0.000000E+00
          359   5.000000E-01   1.500000E+00   0.000000E+00
          360   1.000000E+00   1.500000E+00   0.000000E+00
          361   1.500000E+00   1.500000E+00   0.000000E+00
          362   2.000000E+00   1.500000E+00   0.000000E+00
          363   2.500000E+00   1.500000E+00   0.000000E+00
          364   3.000000E+00   1.500000E+00   0.000000E+00
          365   3.500000E+00   1.500000E+00   0.000000E+00
          366   4.000000E+00   1.500000E+00   0.000000E+00
          367   4.500000E+00   1.500000E+00   0.000000E+00
          368   5.000000E+00   1.500000E+00   0.000000E+00
          369   5.500000E+00   1.500000E+00   0.000000E+00
          370   6.000000E+00   1.500000E+00   0.000000E+00
          371   6.500000E+00   1.500000E+00   0.000000E+00
          372   7.000000E+00   1.500000E+00   0.000000E+00
          373   7.500000E+00   1.500000E+00   0.000000E+00
          374   8.000000E+00   1.500000E+00   0.000000E+00
          375   8.500000E+00   1.500000E+00   0.000000E+00
          376   9.000000E+00   1.500000E+00   0.000000E+00
          377   9.500000E+00   1.500000E+00   0.000000E+00
          378   1.000000E+01   1.500000E+00   0.000000E+00
          379   0.000000E+00   1.000000E+00   0.000000E+00
          380   5.000000E-01   1.000000E+00   0.000000E+00
          381   1.000000E+00   1.000000E+00   0.000000E+00
          382   1.500000E+00   1.000000E+00   0.000000E+00
          383   2.000000E+00   1.000000E+00   0.000000E+00
          384   2.500000E+00   1.000000E+00   0.000000E+00
          385   3.000000E+00   1.000000E+00   0.000000E+00
          386   3.500000E+00   1.000000E+00   0.000000E+00
          387   4.000000E+00   1.000000E+00   0.000000E+00
          388   4.500000E+00   1.000000E+00   0.000000E+00
          389   5.000000E+00   1.000000E+00   0.000000E+00
          390   5.500000E+00   1.000000E+00   0.000000E+00
          391   6.000000E+00   1.000000E+00   0.000000E+00
          392   6.500000E+00   1.000000E+00   0.000000E+00
          393   7.000000E+00   1.000000E+00   0.000000E+00
          394   7.500000E+00   1.000000E+00   0.000000E+00
          395   8.000000E+00   1.000000E+00   0.000000E+00
          396   8.500000E+00   1.000000E+00   0.000000E+00
          397   9.000000E+00   1.000000E+00   0.000000E+00
          398   9.500000E+00   1.000000E+00   0.000000E+00
          399   1.000000E+01   1.000000E+00   0.000000E+00
          400   0.000000E+00   5.000000E-01   0.000000E+00
          401   5.000000E-01   5.000000E-01   0.000000E+00
          402   1.000000E+00   5.000000E-01   0.000000E+00
          403   1.500000E+00   5.000000E-01   0.000000E+00
          404   2.000000E+00   5.000000E-01   0.000000E+00
          405   2.500000E+00   5.000000E-01   0.000000E+00
          406   3.000000E+00   5.000000E-01   0.000000E+00
          407   3.500000E+00   5.000000E-01   0.000000E+00
          408   4.000000E+00   5.000000E-01   0.000000E+00
          409   4.500000E+00   5.000000E-01   0.000000E+00
          410   5.000000E+00   5.000000E-01   0.000000E+00
          411   5.500000E+00   5.000000E-01   0.000000E+00
          412   6.000000E+00   5.000000E-01   0.000000E+00
          413   6.500000E+00   5.000000E-01   0.000000E+00
          414   7.000000E+00   5.000000E-01   0.000000E+00
          415   7.500000E+00   5.000000E-01   0.000000E+00
          416   8.000000E+00   5.000000E-01   0.000000E+00
          417   8.500000E+00   5.000000E-01   0.000000E+00
          418   9.000000E+00   5.000000E-01   0.000000E+00
          419   9.500000E+00   5.000000E-01   0.000000E+00
          420   1.000000E+01   5.000000E-01   0.000000E+00
          421   0.000000E+00   0.000000E+00   0.000000E+00
          422   5.000000E-01   0.000000E+00   0.000000E+00
          423   1.000000E+00   0.000000E+00   0.000000E+00
          424   1.500000E+00   0.000000E+00   0.000000E+00
          425   2.000000E+00   0.000000E+00   0.000000E+00
          426   2.500000E+00   0.000000E+00   0.000000E+00
          427   3.000000E+00   0.000000E+00   0.000000E+00
          428   3.500000E+00   0.000000E+00   0.000000E+00
          429   4.000000E+00   0.000000E+00   0.000000E+00
          430   4.500000E+00   0.000000E+00   0.000000E+00
          431   5.000000E+00   0.000000E+00   0.000000E+00
          432   5.500000E+00   0.000000E+00   0.000000E+00
          433   6.000000E+00   0.000000E+00   0.000000E+00
          434   6.500000E+00   0.000000E+00   0.000000E+00
          435   7.000000E+00   0.000000E+00   0.000000E+00
          436   7.500000E+00   0.000000E+00   0.000000E+00
          437   8.000000E+00   0.000000E+00   0.000000E+00
          438   8.500000E+00   0.000000E+00   0.000000E+00
          439   9.000000E+00   0.000000E+00   0.000000E+00
          440   9.500000E+00   0.000000E+00   0.000000E+00
          441   1.000000E+01   0.000000E+00   0.000000E+00
    353  1.80543531E+03     NSTEP   TIME
 SURFACE NODE              X              Y  PRESSURE HEAD
            1   0.000000E+00   1.000000E+01  -9.303537E-02
            2   5.000000E-01   1.000000E+01  -9.203199E-02
            3   1.000000E+00   1.000000E+01  -9.153490E-02
            4   1.500000E+00   1.000000E+01  -9.122186E-02
            5   2.000000E+00   1.000000E+01  -9.093024E-02
            6   2.500000E+00   1.000000E+01  -9.065992E-02
            7   3.000000E+00   1.000000E+01  -9.042686E-02
            8   3.500000E+00   1.000000E+01  -9.020028E-02
            9   4.000000E+00   1.000000E+01  -8.997936E-02
           10   4.500000E+00   1.000000E+01  -8.976210E-02
           11   5.000000E+00   1.000000E+01  -8.953854E-02
           12   5.500000E+00   1.000000E+01  -8.928873E-02
           13   6.000000E+00   1.000000E+01  -8.900362E-02
           14   6.500000E+00   1.000000E+01  -8.866418E-02
           15   7.000000E+00   1.000000E+01  -8.823531E-02
           16   7.500000E+00   1.000000E+01  -8.767696E-02
           17   8.000000E+00   1.000000E+01  -8.691731E-02
           18   8.500000E+00   1.000000E+01  -8.586127E-02
           19   9.000000E+00   1.000000E+01  -8.445302E-02
           20   9.500000E+00   1.000000E+01  -8.108011E-02
           21   1.000000E+01   1.000000E+01  -7.994242E-02
           22   0.000000E+00   9.500000E+00  -9.109031E-02
           23   5.000000E-01   9.500000E+00  -9.087321E-02
           24   1.000000E+00   9.500000E+00  -8.968107E-02
           25   1.500000E+00   9.500000E+00  -8.942649E-02
           26   2.000000E+00   9.500000E+00  -8.909315E-02
           27   2.500000E+00   9.500000E+00  -8.878568E-02
           28   3.000000E+00   9.500000E+00  -8.849708E-02
           29   3.500000E+00   9.500000E+00  -8.822190E-02
           30   4.000000E+00   9.500000E+00  -8.794429E-02
           31   4.500000E+00   9.500000E+00  -8.766717E-02
           32   5.000000E+00   9.500000E+00  -8.736836E-02
           33   5.500000E+00   9.500000E+00  -8.703849E-02
           34   6.000000E+00   9.500000E+00  -8.665689E-02
           35   6.500000E+00   9.500000E+00  -8.619830E-02
           36   7.000000E+00   9.500000E+00  -8.562659E-02
           37   7.500000E+00   9.500000E+00  -8.489258E-02
           38   8.000000E+00   9.500000E+00  -8.390957E-02
           39   8.500000E+00   9.500000E+00  -8.253523E-02
           40   9.000000E+00   9.500000E+00  -8.058279E-02
           41   9.500000E+00   9.500000E+00  -7.656639E-02
           42   1.000000E+01   9.500000E+00  -7.647163E-02
           43   0.000000E+00   9.000000E+00  -8.917339E-02
           44   5.000000E-01   9.000000E+00  -8.872230E-02
           45   1.000000E+00   9.000000E+00  -8.691924E-02
           46   1.500000E+00   9.000000E+00  -8.634554E-02
           47   2.000000E+00   9.000000E+00  -8.567474E-02
           48   2.500000E+00   9.000000E+00  -8.506616E-02
           49   3.000000E+00   9.000000E+00  -8.449657E-02
           50   3.500000E+00   9.000000E+00  -8.395378E-02
           51   4.000000E+00   9.000000E+00  -8.342542E-02
           52   4.500000E+00   9.000000E+00  -8.289280E-02
           53   5.000000E+00   9.000000E+00  -8.233726E-02
           54   5.500000E+00   9.000000E+00  -8.173261E-02
           55   6.000000E+00   9.000000E+00  -8.104522E-02
           56   6.500000E+00   9.000000E+00  -8.022617E-02
           57   7.000000E+00   9.000000E+00  -7.920874E-02
           58   7.500000E+00   9.000000E+00  -7.788888E-02
           59   8.000000E+00   9.000000E+00  -7.611279E-02
           60   8.500000E+00   9.000000E+00  -7.367329E-02
           61   9.000000E+00   9.000000E+00  -7.049104E-02
           62   9.500000E+00   9.000000E+00  -6.558782E-02
           63   1.000000E+01   9.000000E+00  -6.527033E-02
           64   0.000000E+00   8.500000E+00  -8.733011E-02
           65   5.000000E-01   8.500000E+00  -8.718376E-02
           66   1.000000E+00   8.500000E+00  -8.491754E-02
           67   1.500000E+00   8.500000E+00  -8.394136E-02
           68   2.000000E+00   8.500000E+00  -8.291659E-02
           69   2.500000E+00   8.500000E+00  -8.198003E-02
           70   3.000000E+00   8.500000E+00  -8.109898E-02
           71   3.500000E+00   8.500000E+00  -8.025203E-02
           72   4.000000E+00   8.500000E+00  -7.941309E-02
           73   4.500000E+00   8.500000E+00  -7.855358E-02
           74   5.000000E+00   8.500000E+00  -7.763797E-02
           75   5.500000E+00   8.500000E+00  -7.662345E-02
           76   6.000000E+00   8.500000E+00  -7.545292E-02
           77   6.500000E+00   8.500000E+00  -7.405818E-02
           78   7.000000E+00   8.500000E+00  -7.238253E-02
           79   7.500000E+00   8.500000E+00  -7.036692E-02
           80   8.000000E+00   8.500000E+00  -6.789301E-02
           81   8.500000E+00   8.500000E+00  -6.480363E-02
           82   9.000000E+00   8.500000E+00  -6.092311E-02
           83   9.500000E+00   8.500000E+00  -5.507499E-02
           84   1.000000E+01   8.500000E+00  -5.476005E-02
           85   0.000000E+00   8.000000E+00  -8.524640E-02
           86   5.000000E-01   8.000000E+00  -8.524232E-02
           87   1.000000E+00   8.000000E+00  -8.249389E-02
           88   1.500000E+00   8.000000E+00  -8.109283E-02
           89   2.000000E+00   8.000000E+00  -7.968376E-02
           90   2.500000E+00   8.000000E+00  -7.835370E-02
           91   3.000000E+00   8.000000E+00  -7.706796E-02
           92   3.500000E+00   8.000000E+00  -7.579858E-02
           93   4.000000E+00   8.000000E+00  -7.451891E-02
           94   4.500000E+00   8.000000E+00  -7.320402E-02
           95   5.000000E+00   8.000000E+00  -7.184389E-02
           96   5.500000E+00   8.000000E+00  -7.041048E-02
           97   6.000000E+00   8.000000E+00  -6.884878E-02
           98   6.500000E+00   8.000000E+00  -6.708703E-02
           99   7.000000E+00   8.000000E+00  -6.504036E-02
          100   7.500000E+00   8.000000E+00  -6.260673E-02
          101   8.000000E+00   8.000000E+00  -5.963508E-02
          102   8.500000E+00   8.000000E+00  -5.564676E-02
          103   9.000000E+00   8.000000E+00  -5.029290E-02
          104   9.500000E+00   8.000000E+00  -4.355425E-02
          105   1.000000E+01   8.000000E+00  -4.329894E-02
          106   0.000000E+00   7.500000E+00  -8.295272E-02
          107   5.000000E-01   7.500000E+00  -8.303929E-02
          108   1.000000E+00   7.500000E+00  -7.983914E-02
          109   1.500000E+00   7.500000E+00  -7.792091E-02
          110   2.000000E+00   7.500000E+00  -7.599477E-02
          111   2.500000E+00   7.500000E+00  -7.413145E-02
          112   3.000000E+00   7.500000E+00  -7.233581E-02
          113   3.500000E+00   7.500000E+00  -7.063714E-02
          114   4.000000E+00   7.500000E+00  -6.901513E-02
          115   4.500000E+00   7.500000E+00  -6.742135E-02
          116   5.000000E+00   7.500000E+00  -6.580232E-02
          117   5.500000E+00   7.500000E+00  -6.409691E-02
          118   6.000000E+00   7.500000E+00  -6.223718E-02
          119   6.500000E+00   7.500000E+00  -6.013508E-02
          120   7.000000E+00   7.500000E+00  -5.761268E-02
          121   7.500000E+00   7.500000E+00  -5.426682E-02
          122   8.000000E+00   7.500000E+00  -5.024140E-02
          123   8.500000E+00   7.500000E+00  -4.552740E-02
          124   9.000000E+00   7.500000E+00  -4.002446E-02
          125   9.500000E+00   7.500000E+00  -3.330726E-02
          126   1.000000E+01   7.500000E+00  -3.311637E-02
          127   0.000000E+00   7.000000E+00  -8.044917E-02
          128   5.000000E-01   7.000000E+00  -8.056430E-02
          129   1.000000E+00   7.000000E+00  -7.682158E-02
          130   1.500000E+00   7.000000E+00  -7.424340E-02
          131   2.000000E+00   7.000000E+00  -7.172970E-02
          132   2.500000E+00   7.000000E+00  -6.944319E-02
          133   3.000000E+00   7.000000E+00  -6.735044E-02
          134   3.500000E+00   7.000000E+00  -6.539372E-02
          135   4.000000E+00   7.000000E+00  -6.351238E-02
          136   4.500000E+00   7.000000E+00  -6.164707E-02
          137   5.000000E+00   7.000000E+00  -5.972943E-02
          138   5.500000E+00   7.000000E+00  -5.763171E-02
          139   6.000000E+00   7.000000E+00  -5.510905E-02
          140   6.500000E+00   7.000000E+00  -5.220793E-02
          141   7.000000E+00   7.000000E+00  -4.899943E-02
          142   7.500000E+00   7.000000E+00  -4.537007E-02
          143   8.000000E+00   7.000000E+00  -4.123316E-02
          144   8.500000E+00   7.000000E+00  -3.661365E-02
          145   9.000000E+00   7.000000E+00  -3.047950E-02
          146   9.500000E+00   7.000000E+00  -2.304657E-02
          147   1.000000E+01   7.000000E+00  -2.283234E-02
          148   0.000000E+00   6.500000E+00  -7.759060E-02
          149   5.000000E-01   6.500000E+00  -7.769694E-02
          150   1.000000E+00   6.500000E+00  -7.329759E-02
          151   1.500000E+00   6.500000E+00  -7.014210E-02
          152   2.000000E+00   6.500000E+00  -6.729159E-02
          153   2.500000E+00   6.500000E+00  -6.471769E-02
          154   3.000000E+00   6.500000E+00  -6.233598E-02
          155   3.500000E+00   6.500000E+00  -6.006732E-02
          156   4.000000E+00   6.500000E+00  -5.780293E-02
          157   4.500000E+00   6.500000E+00  -5.532645E-02
          158   5.000000E+00   6.500000E+00  -5.268989E-02
          159   5.500000E+00   6.500000E+00  -5.001245E-02
          160   6.000000E+00   6.500000E+00  -4.723010E-02
          161   6.500000E+00   6.500000E+00  -4.425849E-02
          162   7.000000E+00   6.500000E+00  -4.100140E-02
          163   7.500000E+00   6.500000E+00  -3.742608E-02
          164   8.000000E+00   6.500000E+00  -3.301427E-02
          165   8.500000E+00   6.500000E+00  -2.755149E-02
          166   9.000000E+00   6.500000E+00  -2.125906E-02
          167   9.500000E+00   6.500000E+00  -1.417168E-02
          168   1.000000E+01   6.500000E+00  -1.410867E-02
          169   0.000000E+00   6.000000E+00  -7.419301E-02
          170   5.000000E-01   6.000000E+00  -7.429034E-02
          171   1.000000E+00   6.000000E+00  -6.944236E-02
          172   1.500000E+00   6.000000E+00  -6.592533E-02
          173   2.000000E+00   6.000000E+00  -6.275145E-02
          174   2.500000E+00   6.000000E+00  -5.982007E-02
          175   3.000000E+00   6.000000E+00  -5.694578E-02
          176   3.500000E+00   6.000000E+00  -5.389132E-02
          177   4.000000E+00   6.000000E+00  -5.095780E-02
          178   4.500000E+00   6.000000E+00  -4.817086E-02
          179   5.000000E+00   6.000000E+00  -4.547725E-02
          180   5.500000E+00   6.000000E+00  -4.277882E-02
          181   6.000000E+00   6.000000E+00  -3.998643E-02
          182   6.500000E+00   6.000000E+00  -3.707758E-02
          183   7.000000E+00   6.000000E+00  -3.359353E-02
          184   7.500000E+00   6.000000E+00  -2.941340E-02
          185   8.000000E+00   6.000000E+00  -2.466455E-02
          186   8.500000E+00   6.000000E+00  -1.929686E-02
          187   9.000000E+00   6.000000E+00  -1.276761E-02
          188   9.500000E+00   6.000000E+00  -6.227201E-03
          189   1.000000E+01   6.000000E+00  -6.351425E-03
          190   0.000000E+00   5.500000E+00  -7.042753E-02
          191   5.000000E-01   5.500000E+00  -7.051067E-02
          192   1.000000E+00   5.500000E+00  -6.539452E-02
          193   1.500000E+00   5.500000E+00  -6.148780E-02
          194   2.000000E+00   5.500000E+00  -5.783272E-02
          195   2.500000E+00   5.500000E+00  -5.401856E-02
          196   3.000000E+00   5.500000E+00  -5.042375E-02
          197   3.500000E+00   5.500000E+00  -4.717608E-02
          198   4.000000E+00   5.500000E+00  -4.421687E-02
          199   4.500000E+00   5.500000E+00  -4.142783E-02
          200   5.000000E+00   5.500000E+00  -3.874669E-02
          201   5.500000E+00   5.500000E+00  -3.611993E-02
          202   6.000000E+00   5.500000E+00  -3.298034E-02
          203   6.500000E+00   5.500000E+00  -2.956221E-02
          204   7.000000E+00   5.500000E+00  -2.586016E-02
          205   7.500000E+00   5.500000E+00  -2.177700E-02
          206   8.000000E+00   5.500000E+00  -1.734258E-02
          207   8.500000E+00   5.500000E+00  -1.153590E-02
          208   9.000000E+00   5.500000E+00  -4.000240E-03
          209   9.500000E+00   5.500000E+00   2.172067E-04
          210   1.000000E+01   5.500000E+00   1.896296E-04
          211   0.000000E+00   5.000000E+00  -6.642219E-02
          212   5.000000E-01   5.000000E+00  -6.642302E-02
          213   1.000000E+00   5.000000E+00  -6.099797E-02
          214   1.500000E+00   5.000000E+00  -5.640282E-02
          215   2.000000E+00   5.000000E+00  -5.171700E-02
          216   2.500000E+00   5.000000E+00  -4.756537E-02
          217   3.000000E+00   5.000000E+00  -4.393576E-02
          218   3.500000E+00   5.000000E+00  -4.069508E-02
          219   4.000000E+00   5.000000E+00  -3.777351E-02
          220   4.500000E+00   5.000000E+00  -3.495419E-02
          221   5.000000E+00   5.000000E+00  -3.182869E-02
          222   5.500000E+00   5.000000E+00  -2.872656E-02
          223   6.000000E+00   5.000000E+00  -2.557282E-02
          224   6.500000E+00   5.000000E+00  -2.229054E-02
          225   7.000000E+00   5.000000E+00  -1.886625E-02
          226   7.500000E+00   5.000000E+00  -1.493469E-02
          227   8.000000E+00   5.000000E+00  -1.048845E-02
          228   8.500000E+00   5.000000E+00  -5.778789E-03
          229   9.000000E+00   5.000000E+00   2.774588E-04
          230   9.500000E+00   5.000000E+00   6.631138E-04
          231   1.000000E+01   5.000000E+00   7.652595E-04
          232   0.000000E+00   4.500000E+00  -6.196616E-02
          233   5.000000E-01   4.500000E+00  -6.185007E-02
          234   1.000000E+00   4.500000E+00  -5.569864E-02
          235   1.500000E+00   4.500000E+00  -5.009927E-02
          236   2.000000E+00   4.500000E+00  -4.525810E-02
          237   2.500000E+00   4.500000E+00  -4.111285E-02
          238   3.000000E+00   4.500000E+00  -3.754232E-02
          239   3.500000E+00   4.500000E+00  -3.417265E-02
          240   4.000000E+00   4.500000E+00  -3.076152E-02
          241   4.500000E+00   4.500000E+00  -2.757453E-02
          242   5.000000E+00   4.500000E+00  -2.453999E-02
          243   5.500000E+00   4.500000E+00  -2.159980E-02
          244   6.000000E+00   4.500000E+00  -1.871850E-02
          245   6.500000E+00   4.500000E+00  -1.555950E-02
          246   7.000000E+00   4.500000E+00  -1.211126E-02
          247   7.500000E+00   4.500000E+00  -8.182258E-03
          248   8.000000E+00   4.500000E+00  -4.347307E-03
          249   8.500000E+00   4.500000E+00   1.500854E-04
          250   9.000000E+00   4.500000E+00   6.334175E-04
          251   9.500000E+00   4.500000E+00   1.179715E-03
          252   1.000000E+01   4.500000E+00   1.235330E-03
          253   0.000000E+00   4.000000E+00  -5.642244E-02
          254   5.000000E-01   4.000000E+00  -5.623524E-02
          255   1.000000E+00   4.000000E+00  -4.917682E-02
          256   1.500000E+00   4.000000E+00  -4.344750E-02
          257   2.000000E+00   4.000000E+00  -3.864239E-02
          258   2.500000E+00   4.000000E+00  -3.447311E-02
          259   3.000000E+00   4.000000E+00  -3.036380E-02
          260   3.500000E+00   4.000000E+00  -2.668677E-02
          261   4.000000E+00   4.000000E+00  -2.338684E-02
          262   4.500000E+00   4.000000E+00  -2.039857E-02
          263   5.000000E+00   4.000000E+00  -1.766552E-02
          264   5.500000E+00   4.000000E+00  -1.478323E-02
          265   6.000000E+00   4.000000E+00  -1.186352E-02
          266   6.500000E+00   4.000000E+00  -8.619943E-03
          267   7.000000E+00   4.000000E+00  -5.623118E-03
          268   7.500000E+00   4.000000E+00   1.904562E-05
          269   8.000000E+00   4.000000E+00   1.901604E-04
          270   8.500000E+00   4.000000E+00   4.773787E-04
          271   9.000000E+00   4.000000E+00   1.063002E-03
          272   9.500000E+00   4.000000E+00   1.581093E-03
          273   1.000000E+01   4.000000E+00   1.634501E-03
          274   0.000000E+00   3.500000E+00  -4.927259E-02
          275   5.000000E-01   3.500000E+00  -4.910502E-02
          276   1.000000E+00   3.500000E+00  -4.208059E-02
          277   1.500000E+00   3.500000E+00  -3.650628E-02
          278   2.000000E+00   3.500000E+00  -3.127323E-02
          279   2.500000E+00   3.500000E+00  -2.665608E-02
          280   3.000000E+00   3.500000E+00  -2.264706E-02
          281   3.500000E+00   3.500000E+00  -1.921510E-02
          282   4.000000E+00   3.500000E+00  -1.619820E-02
          283   4.500000E+00   3.500000E+00  -1.328120E-02
          284   5.000000E+00   3.500000E+00  -1.038970E-02
          285   5.500000E+00   3.500000E+00  -7.751549E-03
          286   6.000000E+00   3.500000E+00  -5.207775E-03
          287   6.500000E+00   3.500000E+00   3.627754E-06
          288   7.000000E+00   3.500000E+00   1.332114E-04
          289   7.500000E+00   3.500000E+00   3.050557E-04
          290   8.000000E+00   3.500000E+00   5.536181E-04
          291   8.500000E+00   3.500000E+00   9.117375E-04
          292   9.000000E+00   3.500000E+00   1.444965E-03
          293   9.500000E+00   3.500000E+00   1.964568E-03
          294   1.000000E+01   3.500000E+00   2.030439E-03
          295   0.000000E+00   3.000000E+00  -4.154697E-02
          296   5.000000E-01   3.000000E+00  -4.133929E-02
          297   1.000000E+00   3.000000E+00  -3.443105E-02
          298   1.500000E+00   3.000000E+00  -2.819281E-02
          299   2.000000E+00   3.000000E+00  -2.290044E-02
          300   2.500000E+00   3.000000E+00  -1.865600E-02
          301   3.000000E+00   3.000000E+00  -1.488080E-02
          302   3.500000E+00   3.000000E+00  -1.130671E-02
          303   4.000000E+00   3.000000E+00  -8.521467E-03
          304   4.500000E+00   3.000000E+00  -6.159396E-03
          305   5.000000E+00   3.000000E+00  -2.964887E-03
          306   5.500000E+00   3.000000E+00   7.042606E-05
          307   6.000000E+00   3.000000E+00   1.961731E-04
          308   6.500000E+00   3.000000E+00   3.242901E-04
          309   7.000000E+00   3.000000E+00   5.006932E-04
          310   7.500000E+00   3.000000E+00   7.464990E-04
          311   8.000000E+00   3.000000E+00   1.000872E-03
          312   8.500000E+00   3.000000E+00   1.306391E-03
          313   9.000000E+00   3.000000E+00   1.825623E-03
          314   9.500000E+00   3.000000E+00   2.305914E-03
          315   1.000000E+01   3.000000E+00   2.389598E-03
          316   0.000000E+00   2.500000E+00  -3.283180E-02
          317   5.000000E-01   2.500000E+00  -3.268641E-02
          318   1.000000E+00   2.500000E+00  -2.514898E-02
          319   1.500000E+00   2.500000E+00  -1.917660E-02
          320   2.000000E+00   2.500000E+00  -1.410348E-02
          321   2.500000E+00   2.500000E+00  -1.002293E-02
          322   3.000000E+00   2.500000E+00  -6.697125E-03
          323   3.500000E+00   2.500000E+00  -1.841254E-03
          324   4.000000E+00   2.500000E+00   9.973394E-05
          325   4.500000E+00   2.500000E+00   2.304767E-04
          326   5.000000E+00   2.500000E+00   3.414485E-04
          327   5.500000E+00   2.500000E+00   4.746322E-04
          328   6.000000E+00   2.500000E+00   6.647662E-04
          329   6.500000E+00   2.500000E+00   8.483366E-04
          330   7.000000E+00   2.500000E+00   1.026036E-03
          331   7.500000E+00   2.500000E+00   1.214446E-03
          332   8.000000E+00   2.500000E+00   1.440469E-03
          333   8.500000E+00   2.500000E+00   1.733950E-03
          334   9.000000E+00   2.500000E+00   2.251941E-03
          335   9.500000E+00   2.500000E+00   2.631672E-03
          336   1.000000E+01   2.500000E+00   2.636368E-03
          337   0.000000E+00   2.000000E+00  -2.249377E-02
          338   5.000000E-01   2.000000E+00  -2.236234E-02
          339   1.000000E+00   2.000000E+00  -1.486250E-02
          340   1.500000E+00   2.000000E+00  -9.458972E-03
          341   2.000000E+00   2.000000E+00  -3.727849E-03
          342   2.500000E+00   2.000000E+00   1.252998E-04
          343   3.000000E+00   2.000000E+00   3.052373E-04
          344   3.500000E+00   2.000000E+00   4.501879E-04
          345   4.000000E+00   2.000000E+00   6.102402E-04
          346   4.500000E+00   2.000000E+00   8.146360E-04
          347   5.000000E+00   2.000000E+00   9.879986E-04
          348   5.500000E+00   2.000000E+00   1.139208E-03
          349   6.000000E+00   2.000000E+00   1.277240E-03
          350   6.500000E+00   2.000000E+00   1.417058E-03
          351   7.000000E+00   2.000000E+00   1.569301E-03
          352   7.500000E+00   2.000000E+00   1.745481E-03
          353   8.000000E+00   2.000000E+00   1.963926E-03
          354   8.500000E+00   2.000000E+00   2.251239E-03
          355   9.000000E+00   2.000000E+00   2.771289E-03
          356   9.500000E+00   2.000000E+00   3.003956E-03
          357   1.000000E+01   2.000000E+00   2.868031E-03
          358   0.000000E+00   1.500000E+00  -1.134419E-02
          359   5.000000E-01   1.500000E+00  -1.108003E-02
          360   1.000000E+00   1.500000E+00   4.069891E-05
          361   1.500000E+00   1.500000E+00   3.177050E-04
          362   2.000000E+00   1.500000E+00   5.680480E-04
          363   2.500000E+00   1.500000E+00   7.988684E-04
          364   3.000000E+00   1.500000E+00   1.082624E-03
          365   3.500000E+00   1.500000E+00   1.305707E-03
          366   4.000000E+00   1.500000E+00   1.479258E-03
          367   4.500000E+00   1.500000E+00   1.620118E-03
          368   5.000000E+00   1.500000E+00   1.746852E-03
          369   5.500000E+00   1.500000E+00   1.868018E-03
          370   6.000000E+00   1.500000E+00   1.990153E-03
          371   6.500000E+00   1.500000E+00   2.119545E-03
          372   7.000000E+00   1.500000E+00   2.263849E-03
          373   7.500000E+00   1.500000E+00   2.434199E-03
          374   8.000000E+00   1.500000E+00   2.648760E-03
          375   8.500000E+00   1.500000E+00   2.931063E-03
          376   9.000000E+00   1.500000E+00   3.458058E-03
          377   9.500000E+00   1.500000E+00   3.488751E-03
          378   1.000000E+01   1.500000E+00   3.149875E-03
          379   0.000000E+00   1.000000E+00   4.942756E-04
          380   5.000000E-01   1.000000E+00   5.285222E-04
          381   1.000000E+00   1.000000E+00   9.489270E-04
          382   1.500000E+00   1.000000E+00   1.401859E-03
          383   2.000000E+00   1.000000E+00   1.834272E-03
          384   2.500000E+00   1.000000E+00   2.125449E-03
          385   3.000000E+00   1.000000E+00   2.337643E-03
          386   3.500000E+00   1.000000E+00   2.506843E-03
          387   4.000000E+00   1.000000E+00   2.650286E-03
          388   4.500000E+00   1.000000E+00   2.777739E-03
          389   5.000000E+00   1.000000E+00   2.895857E-03
          390   5.500000E+00   1.000000E+00   3.010300E-03
          391   6.000000E+00   1.000000E+00   3.127315E-03
          392   6.500000E+00   1.000000E+00   3.253321E-03
          393   7.000000E+00   1.000000E+00   3.395803E-03
          394   7.500000E+00   1.000000E+00   3.565525E-03
          395   8.000000E+00   1.000000E+00   3.780409E-03
          396   8.500000E+00   1.000000E+00   4.064612E-03
          397   9.000000E+00   1.000000E+00   4.593976E-03
          398   9.500000E+00   1.000000E+00   4.266146E-03
          399   1.000000E+01   1.000000E+00   3.584765E-03
          400   0.000000E+00   5.000000E-01   3.113891E-03
          401   5.000000E-01   5.000000E-01   2.891629E-03
          402   1.000000E+00   5.000000E-01   3.756614E-03
          403   1.500000E+00   5.000000E-01   4.490042E-03
          404   2.000000E+00   5.000000E-01   4.712870E-03
          405   2.500000E+00   5.000000E-01   4.699630E-03
          406   3.000000E+00   5.000000E-01   4.632957E-03
          407   3.500000E+00   5.000000E-01   4.569695E-03
          408   4.000000E+00   5.000000E-01   4.524973E-03
          409   4.500000E+00   5.000000E-01   4.502134E-03
          410   5.000000E+00   5.000000E-01   4.501108E-03
          411   5.500000E+00   5.000000E-01   4.521144E-03
          412   6.000000E+00   5.000000E-01   4.562286E-03
          413   6.500000E+00   5.000000E-01   4.625871E-03
          414   7.000000E+00   5.000000E-01   4.714550E-03
          415   7.500000E+00   5.000000E-01   4.833445E-03
          416   8.000000E+00   5.000000E-01   4.992630E-03
          417   8.500000E+00   5.000000E-01   5.209795E-03
          418   9.000000E+00   5.000000E-01   5.576235E-03
          419   9.500000E+00   5.000000E-01   5.698391E-03
          420   1.000000E+01   5.000000E-01   4.778193E-03
          421   0.000000E+00   0.000000E+00   4.276127E-03
          422   5.000000E-01   0.000000E+00   4.558627E-03
          423   1.000000E+00   0.000000E+00   5.539554E-03
          424   1.500000E+00   0.000000E+00   6.558433E-03
          425   2.000000E+00   0.000000E+00   6.908610E-03
          426   2.500000E+00   0.000000E+00   6.673634E-03
          427   3.000000E+00   0.000000E+00   6.323142E-03
          428   3.500000E+00   0.000000E+00   6.003508E-03
          429   4.000000E+00   0.000000E+00   5.746691E-03
          430   4.500000E+00   0.000000E+00   5.553243E-03
          431   5.000000E+00   0.000000E+00   5.415653E-03
          432   5.500000E+00   0.000000E+00   5.326613E-03
          433   6.000000E+00   0.000000E+00   5.279859E-03
          434   6.500000E+00   0.000000E+00   5.270847E-03
          435   7.000000E+00   0.000000E+00   5.297063E-03
          436   7.500000E+00   0.000000E+00   5.357886E-03
          437   8.000000E+00   0.000000E+00   5.455846E-03
          438   8.500000E+00   0.000000E+00   5.599220E-03
          439   9.000000E+00   0.000000E+00   5.823689E-03
          440   9.500000E+00   0.000000E+00   6.136668E-03
          441   1.000000E+01   0.000000E+00   6.347122E-03
    533  3.60543531E+03     NSTEP   TIME
 SURFACE NODE              X              Y  PRESSURE HEAD
            1   0.000000E+00   1.000000E+01  -1.144925E-01
            2   5.000000E-01   1.000000E+01  -1.134307E-01
            3   1.000000E+00   1.000000E+01  -1.130180E-01
            4   1.500000E+00   1.000000E+01  -1.127332E-01
            5   2.000000E+00   1.000000E+01  -1.124483E-01
            6   2.500000E+00   1.000000E+01  -1.121746E-01
            7   3.000000E+00   1.000000E+01  -1.119246E-01
            8   3.500000E+00   1.000000E+01  -1.116755E-01
            9   4.000000E+00   1.000000E+01  -1.114286E-01
           10   4.500000E+00   1.000000E+01  -1.111789E-01
           11   5.000000E+00   1.000000E+01  -1.109198E-01
           12   5.500000E+00   1.000000E+01  -1.106352E-01
           13   6.000000E+00   1.000000E+01  -1.103171E-01
           14   6.500000E+00   1.000000E+01  -1.099490E-01
           15   7.000000E+00   1.000000E+01  -1.095022E-01
           16   7.500000E+00   1.000000E+01  -1.089394E-01
           17   8.000000E+00   1.000000E+01  -1.081982E-01
           18   8.500000E+00   1.000000E+01  -1.071788E-01
           19   9.000000E+00   1.000000E+01  -1.059146E-01
           20   9.500000E+00   1.000000E+01  -1.026546E-01
           21   1.000000E+01   1.000000E+01  -1.018897E-01
           22   0.000000E+00   9.500000E+00  -1.126328E-01
           23   5.000000E-01   9.500000E+00  -1.121289E-01
           24   1.000000E+00   9.500000E+00  -1.109799E-01
           25   1.500000E+00   9.500000E+00  -1.108403E-01
           26   2.000000E+00   9.500000E+00  -1.105650E-01
           27   2.500000E+00   9.500000E+00  -1.103078E-01
           28   3.000000E+00   9.500000E+00  -1.100577E-01
           29   3.500000E+00   9.500000E+00  -1.098116E-01
           30   4.000000E+00   9.500000E+00  -1.095574E-01
           31   4.500000E+00   9.500000E+00  -1.092973E-01
           32   5.000000E+00   9.500000E+00  -1.090133E-01
           33   5.500000E+00   9.500000E+00  -1.086971E-01
           34   6.000000E+00   9.500000E+00  -1.083296E-01
           35   6.500000E+00   9.500000E+00  -1.078851E-01
           36   7.000000E+00   9.500000E+00  -1.073287E-01
           37   7.500000E+00   9.500000E+00  -1.066097E-01
           38   8.000000E+00   9.500000E+00  -1.056497E-01
           39   8.500000E+00   9.500000E+00  -1.043283E-01
           40   9.000000E+00   9.500000E+00  -1.025656E-01
           41   9.500000E+00   9.500000E+00  -9.886704E-02
           42   1.000000E+01   9.500000E+00  -9.890201E-02
           43   0.000000E+00   9.000000E+00  -1.109717E-01
           44   5.000000E-01   9.000000E+00  -1.102702E-01
           45   1.000000E+00   9.000000E+00  -1.085830E-01
           46   1.500000E+00   9.000000E+00  -1.082210E-01
           47   2.000000E+00   9.000000E+00  -1.076640E-01
           48   2.500000E+00   9.000000E+00  -1.071582E-01
           49   3.000000E+00   9.000000E+00  -1.066750E-01
           50   3.500000E+00   9.000000E+00  -1.062031E-01
           51   4.000000E+00   9.000000E+00  -1.057295E-01
           52   4.500000E+00   9.000000E+00  -1.052389E-01
           53   5.000000E+00   9.000000E+00  -1.047135E-01
           54   5.500000E+00   9.000000E+00  -1.041295E-01
           55   6.000000E+00   9.000000E+00  -1.034571E-01
           56   6.500000E+00   9.000000E+00  -1.026529E-01
           57   7.000000E+00   9.000000E+00  -1.016584E-01
           58   7.500000E+00   9.000000E+00  -1.003888E-01
           59   8.000000E+00   9.000000E+00  -9.872802E-02
           60   8.500000E+00   9.000000E+00  -9.652448E-02
           61   9.000000E+00   9.000000E+00  -9.371569E-02
           62   9.500000E+00   9.000000E+00  -8.911576E-02
           63   1.000000E+01   9.000000E+00  -8.863658E-02
           64   0.000000E+00   8.500000E+00  -1.093622E-01
           65   5.000000E-01   8.500000E+00  -1.091359E-01
           66   1.000000E+00   8.500000E+00  -1.070840E-01
           67   1.500000E+00   8.500000E+00  -1.064464E-01
           68   2.000000E+00   8.500000E+00  -1.056326E-01
           69   2.500000E+00   8.500000E+00  -1.048695E-01
           70   3.000000E+00   8.500000E+00  -1.041222E-01
           71   3.500000E+00   8.500000E+00  -1.033769E-01
           72   4.000000E+00   8.500000E+00  -1.026154E-01
           73   4.500000E+00   8.500000E+00  -1.018150E-01
           74   5.000000E+00   8.500000E+00  -1.009478E-01
           75   5.500000E+00   8.500000E+00  -9.997652E-02
           76   6.000000E+00   8.500000E+00  -9.885269E-02
           77   6.500000E+00   8.500000E+00  -9.751318E-02
           78   7.000000E+00   8.500000E+00  -9.588326E-02
           79   7.500000E+00   8.500000E+00  -9.389152E-02
           80   8.000000E+00   8.500000E+00  -9.145695E-02
           81   8.500000E+00   8.500000E+00  -8.843394E-02
           82   9.000000E+00   8.500000E+00  -8.464789E-02
           83   9.500000E+00   8.500000E+00  -7.885100E-02
           84   1.000000E+01   8.500000E+00  -7.841013E-02
           85   0.000000E+00   8.000000E+00  -1.075706E-01
           86   5.000000E-01   8.000000E+00  -1.076103E-01
           87   1.000000E+00   8.000000E+00  -1.051557E-01
           88   1.500000E+00   8.000000E+00  -1.041818E-01
           89   2.000000E+00   8.000000E+00  -1.030516E-01
           90   2.500000E+00   8.000000E+00  -1.019584E-01
           91   3.000000E+00   8.000000E+00  -1.008724E-01
           92   3.500000E+00   8.000000E+00  -9.977224E-02
           93   4.000000E+00   8.000000E+00  -9.863261E-02
           94   4.500000E+00   8.000000E+00  -9.742197E-02
           95   5.000000E+00   8.000000E+00  -9.610613E-02
           96   5.500000E+00   8.000000E+00  -9.464593E-02
           97   6.000000E+00   8.000000E+00  -9.300799E-02
           98   6.500000E+00   8.000000E+00  -9.113953E-02
           99   7.000000E+00   8.000000E+00  -8.895421E-02
          100   7.500000E+00   8.000000E+00  -8.633886E-02
          101   8.000000E+00   8.000000E+00  -8.311301E-02
          102   8.500000E+00   8.000000E+00  -7.895479E-02
          103   9.000000E+00   8.000000E+00  -7.390770E-02
          104   9.500000E+00   8.000000E+00  -6.744844E-02
          105   1.000000E+01   8.000000E+00  -6.708479E-02
          106   0.000000E+00   7.500000E+00  -1.056052E-01
          107   5.000000E-01   7.500000E+00  -1.058040E-01
          108   1.000000E+00   7.500000E+00  -1.029500E-01
          109   1.500000E+00   7.500000E+00  -1.015558E-01
          110   2.000000E+00   7.500000E+00  -1.000226E-01
          111   2.500000E+00   7.500000E+00  -9.850748E-02
          112   3.000000E+00   7.500000E+00  -9.698046E-02
          113   3.500000E+00   7.500000E+00  -9.542198E-02
          114   4.000000E+00   7.500000E+00  -9.381806E-02
          115   4.500000E+00   7.500000E+00  -9.215872E-02
          116   5.000000E+00   7.500000E+00  -9.040973E-02
          117   5.500000E+00   7.500000E+00  -8.851394E-02
          118   6.000000E+00   7.500000E+00  -8.639885E-02
          119   6.500000E+00   7.500000E+00  -8.396048E-02
          120   7.000000E+00   7.500000E+00  -8.102685E-02
          121   7.500000E+00   7.500000E+00  -7.744528E-02
          122   8.000000E+00   7.500000E+00  -7.331321E-02
          123   8.500000E+00   7.500000E+00  -6.855554E-02
          124   9.000000E+00   7.500000E+00  -6.311347E-02
          125   9.500000E+00   7.500000E+00  -5.626297E-02
          126   1.000000E+01   7.500000E+00  -5.588872E-02
          127   0.000000E+00   7.000000E+00  -1.033754E-01
          128   5.000000E-01   7.000000E+00  -1.036342E-01
          129   1.000000E+00   7.000000E+00  -1.003399E-01
          130   1.500000E+00   7.000000E+00  -9.842469E-02
          131   2.000000E+00   7.000000E+00  -9.638147E-02
          132   2.500000E+00   7.000000E+00  -9.435135E-02
          133   3.000000E+00   7.000000E+00  -9.234219E-02
          134   3.500000E+00   7.000000E+00  -9.034997E-02
          135   4.000000E+00   7.000000E+00  -8.833404E-02
          136   4.500000E+00   7.000000E+00  -8.624195E-02
          137   5.000000E+00   7.000000E+00  -8.400260E-02
          138   5.500000E+00   7.000000E+00  -8.150787E-02
          139   6.000000E+00   7.000000E+00  -7.863459E-02
          140   6.500000E+00   7.000000E+00  -7.543933E-02
          141   7.000000E+00   7.000000E+00  -7.191378E-02
          142   7.500000E+00   7.000000E+00  -6.796781E-02
          143   8.000000E+00   7.000000E+00  -6.354845E-02
          144   8.500000E+00   7.000000E+00  -5.854130E-02
          145   9.000000E+00   7.000000E+00  -5.199883E-02
          146   9.500000E+00   7.000000E+00  -4.426997E-02
          147   1.000000E+01   7.000000E+00  -4.387088E-02
          148   0.000000E+00   6.500000E+00  -1.007413E-01
          149   5.000000E-01   6.500000E+00  -1.009934E-01
          150   1.000000E+00   6.500000E+00  -9.717612E-02
          151   1.500000E+00   6.500000E+00  -9.463542E-02
          152   2.000000E+00   6.500000E+00  -9.205742E-02
          153   2.500000E+00   6.500000E+00  -8.956383E-02
          154   3.000000E+00   6.500000E+00  -8.710783E-02
          155   3.500000E+00   6.500000E+00  -8.463164E-02
          156   4.000000E+00   6.500000E+00  -8.205579E-02
          157   4.500000E+00   6.500000E+00  -7.927907E-02
          158   5.000000E+00   6.500000E+00  -7.634127E-02
          159   5.500000E+00   6.500000E+00  -7.330021E-02
          160   6.000000E+00   6.500000E+00  -7.009366E-02
          161   6.500000E+00   6.500000E+00  -6.665304E-02
          162   7.000000E+00   6.500000E+00  -6.292733E-02
          163   7.500000E+00   6.500000E+00  -5.879786E-02
          164   8.000000E+00   6.500000E+00  -5.354855E-02
          165   8.500000E+00   6.500000E+00  -4.758240E-02
          166   9.000000E+00   6.500000E+00  -4.088941E-02
          167   9.500000E+00   6.500000E+00  -3.337189E-02
          168   1.000000E+01   6.500000E+00  -3.308150E-02
          169   0.000000E+00   6.000000E+00  -9.750609E-02
          170   5.000000E-01   6.000000E+00  -9.770869E-02
          171   1.000000E+00   6.000000E+00  -9.332875E-02
          172   1.500000E+00   6.000000E+00  -9.021751E-02
          173   2.000000E+00   6.000000E+00  -8.713537E-02
          174   2.500000E+00   6.000000E+00  -8.408962E-02
          175   3.000000E+00   6.000000E+00  -8.097627E-02
          176   3.500000E+00   6.000000E+00  -7.774003E-02
          177   4.000000E+00   6.000000E+00  -7.454418E-02
          178   4.500000E+00   6.000000E+00  -7.139449E-02
          179   5.000000E+00   6.000000E+00  -6.823516E-02
          180   5.500000E+00   6.000000E+00  -6.500613E-02
          181   6.000000E+00   6.000000E+00  -6.166328E-02
          182   6.500000E+00   6.000000E+00  -5.800453E-02
          183   7.000000E+00   6.000000E+00  -5.353156E-02
          184   7.500000E+00   6.000000E+00  -4.864071E-02
          185   8.000000E+00   6.000000E+00  -4.327040E-02
          186   8.500000E+00   6.000000E+00  -3.747118E-02
          187   9.000000E+00   6.000000E+00  -3.064405E-02
          188   9.500000E+00   6.000000E+00  -2.266409E-02
          189   1.000000E+01   6.000000E+00  -2.236017E-02
          190   0.000000E+00   5.500000E+00  -9.355663E-02
          191   5.000000E-01   5.500000E+00  -9.367554E-02
          192   1.000000E+00   5.500000E+00  -8.884158E-02
          193   1.500000E+00   5.500000E+00  -8.509412E-02
          194   2.000000E+00   5.500000E+00  -8.127976E-02
          195   2.500000E+00   5.500000E+00  -7.738004E-02
          196   3.000000E+00   5.500000E+00  -7.365096E-02
          197   3.500000E+00   5.500000E+00  -7.011432E-02
          198   4.000000E+00   5.500000E+00  -6.672016E-02
          199   4.500000E+00   5.500000E+00  -6.341584E-02
          200   5.000000E+00   5.500000E+00  -6.014528E-02
          201   5.500000E+00   5.500000E+00  -5.651044E-02
          202   6.000000E+00   5.500000E+00  -5.248555E-02
          203   6.500000E+00   5.500000E+00  -4.828091E-02
          204   7.000000E+00   5.500000E+00  -4.381216E-02
          205   7.500000E+00   5.500000E+00  -3.906018E-02
          206   8.000000E+00   5.500000E+00  -3.389877E-02
          207   8.500000E+00   5.500000E+00  -2.771327E-02
          208   9.000000E+00   5.500000E+00  -2.079827E-02
          209   9.500000E+00   5.500000E+00  -1.317473E-02
          210   1.000000E+01   5.500000E+00  -1.304866E-02
          211   0.000000E+00   5.000000E+00  -8.890922E-02
          212   5.000000E-01   5.000000E+00  -8.889994E-02
          213   1.000000E+00   5.000000E+00  -8.346387E-02
          214   1.500000E+00   5.000000E+00  -7.872156E-02
          215   2.000000E+00   5.000000E+00  -7.413789E-02
          216   2.500000E+00   5.000000E+00  -6.989426E-02
          217   3.000000E+00   5.000000E+00  -6.595563E-02
          218   3.500000E+00   5.000000E+00  -6.227738E-02
          219   4.000000E+00   5.000000E+00  -5.873869E-02
          220   4.500000E+00   5.000000E+00  -5.483303E-02
          221   5.000000E+00   5.000000E+00  -5.092262E-02
          222   5.500000E+00   5.000000E+00  -4.702637E-02
          223   6.000000E+00   5.000000E+00  -4.306997E-02
          224   6.500000E+00   5.000000E+00  -3.904243E-02
          225   7.000000E+00   5.000000E+00  -3.486996E-02
          226   7.500000E+00   5.000000E+00  -2.994314E-02
          227   8.000000E+00   5.000000E+00  -2.451495E-02
          228   8.500000E+00   5.000000E+00  -1.855931E-02
          229   9.000000E+00   5.000000E+00  -1.165979E-02
          230   9.500000E+00   5.000000E+00  -4.796310E-03
          231   1.000000E+01   5.000000E+00  -4.929460E-03
          232   0.000000E+00   4.500000E+00  -8.314167E-02
          233   5.000000E-01   4.500000E+00  -8.300879E-02
          234   1.000000E+00   4.500000E+00  -7.661287E-02
          235   1.500000E+00   4.500000E+00  -7.128277E-02
          236   2.000000E+00   4.500000E+00  -6.642736E-02
          237   2.500000E+00   4.500000E+00  -6.202512E-02
          238   3.000000E+00   4.500000E+00  -5.786912E-02
          239   3.500000E+00   4.500000E+00  -5.347963E-02
          240   4.000000E+00   4.500000E+00  -4.934189E-02
          241   4.500000E+00   4.500000E+00  -4.539625E-02
          242   5.000000E+00   4.500000E+00  -4.159038E-02
          243   5.500000E+00   4.500000E+00  -3.793500E-02
          244   6.000000E+00   4.500000E+00  -3.420555E-02
          245   6.500000E+00   4.500000E+00  -3.007878E-02
          246   7.000000E+00   4.500000E+00  -2.571974E-02
          247   7.500000E+00   4.500000E+00  -2.104097E-02
          248   8.000000E+00   4.500000E+00  -1.593612E-02
          249   8.500000E+00   4.500000E+00  -9.660449E-03
          250   9.000000E+00   4.500000E+00   5.253896E-05
          251   9.500000E+00   4.500000E+00   2.927113E-04
          252   1.000000E+01   4.500000E+00   2.416325E-04
          253   0.000000E+00   4.000000E+00  -7.564107E-02
          254   5.000000E-01   4.000000E+00  -7.546221E-02
          255   1.000000E+00   4.000000E+00  -6.879373E-02
          256   1.500000E+00   4.000000E+00  -6.321077E-02
          257   2.000000E+00   4.000000E+00  -5.816828E-02
          258   2.500000E+00   4.000000E+00  -5.298011E-02
          259   3.000000E+00   4.000000E+00  -4.822286E-02
          260   3.500000E+00   4.000000E+00  -4.385888E-02
          261   4.000000E+00   4.000000E+00  -3.988566E-02
          262   4.500000E+00   4.000000E+00  -3.629583E-02
          263   5.000000E+00   4.000000E+00  -3.251882E-02
          264   5.500000E+00   4.000000E+00  -2.875299E-02
          265   6.000000E+00   4.000000E+00  -2.498100E-02
          266   6.500000E+00   4.000000E+00  -2.114908E-02
          267   7.000000E+00   4.000000E+00  -1.727076E-02
          268   7.500000E+00   4.000000E+00  -1.293364E-02
          269   8.000000E+00   4.000000E+00  -7.828257E-03
          270   8.500000E+00   4.000000E+00   1.026460E-05
          271   9.000000E+00   4.000000E+00   4.056511E-04
          272   9.500000E+00   4.000000E+00   8.310336E-04
          273   1.000000E+01   4.000000E+00   9.168952E-04
          274   0.000000E+00   3.500000E+00  -6.724605E-02
          275   5.000000E-01   3.500000E+00  -6.698033E-02
          276   1.000000E+00   3.500000E+00  -6.024659E-02
          277   1.500000E+00   3.500000E+00  -5.394313E-02
          278   2.000000E+00   3.500000E+00  -4.813783E-02
          279   2.500000E+00   3.500000E+00  -4.294863E-02
          280   3.000000E+00   3.500000E+00  -3.841838E-02
          281   3.500000E+00   3.500000E+00  -3.434902E-02
          282   4.000000E+00   3.500000E+00  -3.034788E-02
          283   4.500000E+00   3.500000E+00  -2.659810E-02
          284   5.000000E+00   3.500000E+00  -2.299566E-02
          285   5.500000E+00   3.500000E+00  -1.957392E-02
          286   6.000000E+00   3.500000E+00  -1.630587E-02
          287   6.500000E+00   3.500000E+00  -1.283531E-02
          288   7.000000E+00   3.500000E+00  -9.050748E-03
          289   7.500000E+00   3.500000E+00  -5.502184E-03
          290   8.000000E+00   3.500000E+00   7.460621E-05
          291   8.500000E+00   3.500000E+00   3.339550E-04
          292   9.000000E+00   3.500000E+00   8.600706E-04
          293   9.500000E+00   3.500000E+00   1.424824E-03
          294   1.000000E+01   3.500000E+00   1.456664E-03
          295   0.000000E+00   3.000000E+00  -5.779583E-02
          296   5.000000E-01   3.000000E+00  -5.752702E-02
          297   1.000000E+00   3.000000E+00  -4.984267E-02
          298   1.500000E+00   3.000000E+00  -4.326543E-02
          299   2.000000E+00   3.000000E+00  -3.769540E-02
          300   2.500000E+00   3.000000E+00  -3.276045E-02
          301   3.000000E+00   3.000000E+00  -2.817053E-02
          302   3.500000E+00   3.000000E+00  -2.398800E-02
          303   4.000000E+00   3.000000E+00  -2.035580E-02
          304   4.500000E+00   3.000000E+00  -1.713826E-02
          305   5.000000E+00   3.000000E+00  -1.390702E-02
          306   5.500000E+00   3.000000E+00  -1.057714E-02
          307   6.000000E+00   3.000000E+00  -7.848664E-03
          308   6.500000E+00   3.000000E+00  -5.025090E-03
          309   7.000000E+00   3.000000E+00   4.559041E-05
          310   7.500000E+00   3.000000E+00   2.197513E-04
          311   8.000000E+00   3.000000E+00   4.560223E-04
          312   8.500000E+00   3.000000E+00   8.209543E-04
          313   9.000000E+00   3.000000E+00   1.413234E-03
          314   9.500000E+00   3.000000E+00   1.854045E-03
          315   1.000000E+01   3.000000E+00   1.882428E-03
          316   0.000000E+00   2.500000E+00  -4.613674E-02
          317   5.000000E-01   2.500000E+00  -4.587918E-02
          318   1.000000E+00   2.500000E+00  -3.840773E-02
          319   1.500000E+00   2.500000E+00  -3.207187E-02
          320   2.000000E+00   2.500000E+00  -2.643949E-02
          321   2.500000E+00   2.500000E+00  -2.167624E-02
          322   3.000000E+00   2.500000E+00  -1.761630E-02
          323   3.500000E+00   2.500000E+00  -1.359648E-02
          324   4.000000E+00   2.500000E+00  -1.048238E-02
          325   4.500000E+00   2.500000E+00  -7.668664E-03
          326   5.000000E+00   2.500000E+00  -5.090406E-03
          327   5.500000E+00   2.500000E+00   2.528350E-05
          328   6.000000E+00   2.500000E+00   1.620549E-04
          329   6.500000E+00   2.500000E+00   3.090801E-04
          330   7.000000E+00   2.500000E+00   4.774668E-04
          331   7.500000E+00   2.500000E+00   7.280333E-04
          332   8.000000E+00   2.500000E+00   1.042123E-03
          333   8.500000E+00   2.500000E+00   1.381799E-03
          334   9.000000E+00   2.500000E+00   1.920779E-03
          335   9.500000E+00   2.500000E+00   2.241906E-03
          336   1.000000E+01   2.500000E+00   2.173391E-03
          337   0.000000E+00   2.000000E+00  -3.357230E-02
          338   5.000000E-01   2.000000E+00  -3.346776E-02
          339   1.000000E+00   2.000000E+00  -2.600944E-02
          340   1.500000E+00   2.000000E+00  -1.978602E-02
          341   2.000000E+00   2.000000E+00  -1.455299E-02
          342   2.500000E+00   2.000000E+00  -1.063071E-02
          343   3.000000E+00   2.000000E+00  -7.102855E-03
          344   3.500000E+00   2.000000E+00  -1.273827E-03
          345   4.000000E+00   2.000000E+00   1.248912E-04
          346   4.500000E+00   2.000000E+00   2.761289E-04
          347   5.000000E+00   2.000000E+00   4.085946E-04
          348   5.500000E+00   2.000000E+00   5.480626E-04
          349   6.000000E+00   2.000000E+00   7.390521E-04
          350   6.500000E+00   2.000000E+00   9.681104E-04
          351   7.000000E+00   2.000000E+00   1.188830E-03
          352   7.500000E+00   2.000000E+00   1.410747E-03
          353   8.000000E+00   2.000000E+00   1.657351E-03
          354   8.500000E+00   2.000000E+00   1.962509E-03
          355   9.000000E+00   2.000000E+00   2.493877E-03
          356   9.500000E+00   2.000000E+00   2.673053E-03
          357   1.000000E+01   2.000000E+00   2.462135E-03
          358   0.000000E+00   1.500000E+00  -1.899184E-02
          359   5.000000E-01   1.500000E+00  -1.912350E-02
          360   1.000000E+00   1.500000E+00  -1.278139E-02
          361   1.500000E+00   1.500000E+00  -6.634150E-03
          362   2.000000E+00   1.500000E+00   9.640792E-05
          363   2.500000E+00   1.500000E+00   3.095242E-04
          364   3.000000E+00   1.500000E+00   4.959824E-04
          365   3.500000E+00   1.500000E+00   6.566364E-04
          366   4.000000E+00   1.500000E+00   8.404194E-04
          367   4.500000E+00   1.500000E+00   1.074620E-03
          368   5.000000E+00   1.500000E+00   1.277594E-03
          369   5.500000E+00   1.500000E+00   1.464383E-03
          370   6.000000E+00   1.500000E+00   1.632279E-03
          371   6.500000E+00   1.500000E+00   1.793169E-03
          372   7.000000E+00   1.500000E+00   1.963998E-03
