      0  0.00000000E+00     NSTEP   TIME
 SURFACE NODE              X              Y         SATSUR
            1   0.000000E+00   1.000000E+01              3
            2   5.000000E-01   1.000000E+01              3
            3   1.000000E+00   1.000000E+01              3
            4   1.500000E+00   1.000000E+01              3
            5   2.000000E+00   1.000000E+01              3
            6   2.500000E+00   1.000000E+01              3
            7   3.000000E+00   1.000000E+01              3
            8   3.500000E+00   1.000000E+01              3
            9   4.000000E+00   1.000000E+01              3
           10   4.500000E+00   1.000000E+01              3
           11   5.000000E+00   1.000000E+01              3
           12   5.500000E+00   1.000000E+01              3
           13   6.000000E+00   1.000000E+01              3
           14   6.500000E+00   1.000000E+01              3
           15   7.000000E+00   1.000000E+01              3
           16   7.500000E+00   1.000000E+01              3
           17   8.000000E+00   1.000000E+01              3
           18   8.500000E+00   1.000000E+01              3
           19   9.000000E+00   1.000000E+01              3
           20   9.500000E+00   1.000000E+01              3
           21   1.000000E+01   1.000000E+01              3
           22   0.000000E+00   9.500000E+00              3
           23   5.000000E-01   9.500000E+00              3
           24   1.000000E+00   9.500000E+00              3
           25   1.500000E+00   9.500000E+00              3
           26   2.000000E+00   9.500000E+00              3
           27   2.500000E+00   9.500000E+00              3
           28   3.000000E+00   9.500000E+00              3
           29   3.500000E+00   9.500000E+00              3
           30   4.000000E+00   9.500000E+00              3
           31   4.500000E+00   9.500000E+00              3
           32   5.000000E+00   9.500000E+00              3
           33   5.500000E+00   9.500000E+00              3
           34   6.000000E+00   9.500000E+00              3
           35   6.500000E+00   9.500000E+00              3
           36   7.000000E+00   9.500000E+00              3
           37   7.500000E+00   9.500000E+00              3
           38   8.000000E+00   9.500000E+00              3
           39   8.500000E+00   9.500000E+00              3
           40   9.000000E+00   9.500000E+00              3
           41   9.500000E+00   9.500000E+00              3
           42   1.000000E+01   9.500000E+00              3
           43   0.000000E+00   9.000000E+00              3
           44   5.000000E-01   9.000000E+00              3
           45   1.000000E+00   9.000000E+00              3
           46   1.500000E+00   9.000000E+00              3
           47   2.000000E+00   9.000000E+00              3
           48   2.500000E+00   9.000000E+00              3
           49   3.000000E+00   9.000000E+00              3
           50   3.500000E+00   9.000000E+00              3
           51   4.000000E+00   9.000000E+00              3
           52   4.500000E+00   9.000000E+00              3
           53   5.000000E+00   9.000000E+00              3
           54   5.500000E+00   9.000000E+00              3
           55   6.000000E+00   9.000000E+00              3
           56   6.500000E+00   9.000000E+00              3
           57   7.000000E+00   9.000000E+00              3
           58   7.500000E+00   9.000000E+00              3
           59   8.000000E+00   9.000000E+00              3
           60   8.500000E+00   9.000000E+00              3
           61   9.000000E+00   9.000000E+00              3
           62   9.500000E+00   9.000000E+00              3
           63   1.000000E+01   9.000000E+00              3
           64   0.000000E+00   8.500000E+00              3
           65   5.000000E-01   8.500000E+00              3
           66   1.000000E+00   8.500000E+00              3
           67   1.500000E+00   8.500000E+00              3
           68   2.000000E+00   8.500000E+00              3
           69   2.500000E+00   8.500000E+00              3
           70   3.000000E+00   8.500000E+00              3
           71   3.500000E+00   8.500000E+00              3
           72   4.000000E+00   8.500000E+00              3
           73   4.500000E+00   8.500000E+00              3
           74   5.000000E+00   8.500000E+00              3
           75   5.500000E+00   8.500000E+00              3
           76   6.000000E+00   8.500000E+00              3
           77   6.500000E+00   8.500000E+00              3
           78   7.000000E+00   8.500000E+00              3
           79   7.500000E+00   8.500000E+00              3
           80   8.000000E+00   8.500000E+00              3
           81   8.500000E+00   8.500000E+00              3
           82   9.000000E+00   8.500000E+00              3
           83   9.500000E+00   8.500000E+00              3
           84   1.000000E+01   8.500000E+00              3
           85   0.000000E+00   8.000000E+00              3
           86   5.000000E-01   8.000000E+00              3
           87   1.000000E+00   8.000000E+00              3
           88   1.500000E+00   8.000000E+00              3
           89   2.000000E+00   8.000000E+00              3
           90   2.500000E+00   8.000000E+00              3
           91   3.000000E+00   8.000000E+00              3
           92   3.500000E+00   8.000000E+00              3
           93   4.000000E+00   8.000000E+00              3
           94   4.500000E+00   8.000000E+00              3
           95   5.000000E+00   8.000000E+00              3
           96   5.500000E+00   8.000000E+00              3
           97   6.000000E+00   8.000000E+00              3
           98   6.500000E+00   8.000000E+00              3
           99   7.000000E+00   8.000000E+00              3
          100   7.500000E+00   8.000000E+00              3
          101   8.000000E+00   8.000000E+00              3
          102   8.500000E+00   8.000000E+00              3
          103   9.000000E+00   8.000000E+00              3
          104   9.500000E+00   8.000000E+00              3
          105   1.000000E+01   8.000000E+00              3
          106   0.000000E+00   7.500000E+00              3
          107   5.000000E-01   7.500000E+00              3
          108   1.000000E+00   7.500000E+00              3
          109   1.500000E+00   7.500000E+00              3
          110   2.000000E+00   7.500000E+00              3
          111   2.500000E+00   7.500000E+00              3
          112   3.000000E+00   7.500000E+00              3
          113   3.500000E+00   7.500000E+00              3
          114   4.000000E+00   7.500000E+00              3
          115   4.500000E+00   7.500000E+00              3
          116   5.000000E+00   7.500000E+00              3
          117   5.500000E+00   7.500000E+00              3
          118   6.000000E+00   7.500000E+00              3
          119   6.500000E+00   7.500000E+00              3
          120   7.000000E+00   7.500000E+00              3
          121   7.500000E+00   7.500000E+00              3
          122   8.000000E+00   7.500000E+00              3
          123   8.500000E+00   7.500000E+00              3
          124   9.000000E+00   7.500000E+00              3
          125   9.500000E+00   7.500000E+00              3
          126   1.000000E+01   7.500000E+00              3
          127   0.000000E+00   7.000000E+00              3
          128   5.000000E-01   7.000000E+00              3
          129   1.000000E+00   7.000000E+00              3
          130   1.500000E+00   7.000000E+00              3
          131   2.000000E+00   7.000000E+00              3
          132   2.500000E+00   7.000000E+00              3
          133   3.000000E+00   7.000000E+00              3
          134   3.500000E+00   7.000000E+00              3
          135   4.000000E+00   7.000000E+00              3
          136   4.500000E+00   7.000000E+00              3
          137   5.000000E+00   7.000000E+00              3
          138   5.500000E+00   7.000000E+00              3
          139   6.000000E+00   7.000000E+00              3
          140   6.500000E+00   7.000000E+00              3
          141   7.000000E+00   7.000000E+00              3
          142   7.500000E+00   7.000000E+00              3
          143   8.000000E+00   7.000000E+00              3
          144   8.500000E+00   7.000000E+00              3
          145   9.000000E+00   7.000000E+00              3
          146   9.500000E+00   7.000000E+00              3
          147   1.000000E+01   7.000000E+00              3
          148   0.000000E+00   6.500000E+00              3
          149   5.000000E-01   6.500000E+00              3
          150   1.000000E+00   6.500000E+00              3
          151   1.500000E+00   6.500000E+00              3
          152   2.000000E+00   6.500000E+00              3
          153   2.500000E+00   6.500000E+00              3
          154   3.000000E+00   6.500000E+00              3
          155   3.500000E+00   6.500000E+00              3
          156   4.000000E+00   6.500000E+00              3
          157   4.500000E+00   6.500000E+00              3
          158   5.000000E+00   6.500000E+00              3
          159   5.500000E+00   6.500000E+00              3
          160   6.000000E+00   6.500000E+00              3
          161   6.500000E+00   6.500000E+00              3
          162   7.000000E+00   6.500000E+00              3
          163   7.500000E+00   6.500000E+00              3
          164   8.000000E+00   6.500000E+00              3
          165   8.500000E+00   6.500000E+00              3
          166   9.000000E+00   6.500000E+00              3
          167   9.500000E+00   6.500000E+00              3
          168   1.000000E+01   6.500000E+00              3
          169   0.000000E+00   6.000000E+00              3
          170   5.000000E-01   6.000000E+00              3
          171   1.000000E+00   6.000000E+00              3
          172   1.500000E+00   6.000000E+00              3
          173   2.000000E+00   6.000000E+00              3
          174   2.500000E+00   6.000000E+00              3
          175   3.000000E+00   6.000000E+00              3
          176   3.500000E+00   6.000000E+00              3
          177   4.000000E+00   6.000000E+00              3
          178   4.500000E+00   6.000000E+00              3
          179   5.000000E+00   6.000000E+00              3
          180   5.500000E+00   6.000000E+00              3
          181   6.000000E+00   6.000000E+00              3
          182   6.500000E+00   6.000000E+00              3
          183   7.000000E+00   6.000000E+00              3
          184   7.500000E+00   6.000000E+00              3
          185   8.000000E+00   6.000000E+00              3
          186   8.500000E+00   6.000000E+00              3
          187   9.000000E+00   6.000000E+00              3
          188   9.500000E+00   6.000000E+00              3
          189   1.000000E+01   6.000000E+00              3
          190   0.000000E+00   5.500000E+00              3
          191   5.000000E-01   5.500000E+00              3
          192   1.000000E+00   5.500000E+00              3
          193   1.500000E+00   5.500000E+00              3
          194   2.000000E+00   5.500000E+00              3
          195   2.500000E+00   5.500000E+00              3
          196   3.000000E+00   5.500000E+00              3
          197   3.500000E+00   5.500000E+00              3
          198   4.000000E+00   5.500000E+00              3
          199   4.500000E+00   5.500000E+00              3
          200   5.000000E+00   5.500000E+00              3
          201   5.500000E+00   5.500000E+00              3
          202   6.000000E+00   5.500000E+00              3
          203   6.500000E+00   5.500000E+00              3
          204   7.000000E+00   5.500000E+00              3
          205   7.500000E+00   5.500000E+00              3
          206   8.000000E+00   5.500000E+00              3
          207   8.500000E+00   5.500000E+00              3
          208   9.000000E+00   5.500000E+00              3
          209   9.500000E+00   5.500000E+00              3
          210   1.000000E+01   5.500000E+00              3
          211   0.000000E+00   5.000000E+00              3
          212   5.000000E-01   5.000000E+00              3
          213   1.000000E+00   5.000000E+00              3
          214   1.500000E+00   5.000000E+00              3
          215   2.000000E+00   5.000000E+00              3
          216   2.500000E+00   5.000000E+00              3
          217   3.000000E+00   5.000000E+00              3
          218   3.500000E+00   5.000000E+00              3
          219   4.000000E+00   5.000000E+00              3
          220   4.500000E+00   5.000000E+00              3
          221   5.000000E+00   5.000000E+00              3
          222   5.500000E+00   5.000000E+00              3
          223   6.000000E+00   5.000000E+00              3
          224   6.500000E+00   5.000000E+00              3
          225   7.000000E+00   5.000000E+00              3
          226   7.500000E+00   5.000000E+00              3
          227   8.000000E+00   5.000000E+00              3
          228   8.500000E+00   5.000000E+00              3
          229   9.000000E+00   5.000000E+00              3
          230   9.500000E+00   5.000000E+00              3
          231   1.000000E+01   5.000000E+00              3
          232   0.000000E+00   4.500000E+00              3
          233   5.000000E-01   4.500000E+00              3
          234   1.000000E+00   4.500000E+00              3
          235   1.500000E+00   4.500000E+00              3
          236   2.000000E+00   4.500000E+00              3
          237   2.500000E+00   4.500000E+00              3
          238   3.000000E+00   4.500000E+00              3
          239   3.500000E+00   4.500000E+00              3
          240   4.000000E+00   4.500000E+00              3
          241   4.500000E+00   4.500000E+00              3
          242   5.000000E+00   4.500000E+00              3
          243   5.500000E+00   4.500000E+00              3
          244   6.000000E+00   4.500000E+00              3
          245   6.500000E+00   4.500000E+00              3
          246   7.000000E+00   4.500000E+00              3
          247   7.500000E+00   4.500000E+00              3
          248   8.000000E+00   4.500000E+00              3
          249   8.500000E+00   4.500000E+00              3
          250   9.000000E+00   4.500000E+00              3
          251   9.500000E+00   4.500000E+00              3
          252   1.000000E+01   4.500000E+00              3
          253   0.000000E+00   4.000000E+00              3
          254   5.000000E-01   4.000000E+00              3
          255   1.000000E+00   4.000000E+00              3
          256   1.500000E+00   4.000000E+00              3
          257   2.000000E+00   4.000000E+00              3
          258   2.500000E+00   4.000000E+00              3
          259   3.000000E+00   4.000000E+00              3
          260   3.500000E+00   4.000000E+00              3
          261   4.000000E+00   4.000000E+00              3
          262   4.500000E+00   4.000000E+00              3
          263   5.000000E+00   4.000000E+00              3
          264   5.500000E+00   4.000000E+00              3
          265   6.000000E+00   4.000000E+00              3
          266   6.500000E+00   4.000000E+00              3
          267   7.000000E+00   4.000000E+00              3
          268   7.500000E+00   4.000000E+00              3
          269   8.000000E+00   4.000000E+00              3
          270   8.500000E+00   4.000000E+00              3
          271   9.000000E+00   4.000000E+00              3
          272   9.500000E+00   4.000000E+00              3
          273   1.000000E+01   4.000000E+00              3
          274   0.000000E+00   3.500000E+00              3
          275   5.000000E-01   3.500000E+00              3
          276   1.000000E+00   3.500000E+00              3
          277   1.500000E+00   3.500000E+00              3
          278   2.000000E+00   3.500000E+00              3
          279   2.500000E+00   3.500000E+00              3
          280   3.000000E+00   3.500000E+00              3
          281   3.500000E+00   3.500000E+00              3
          282   4.000000E+00   3.500000E+00              3
          283   4.500000E+00   3.500000E+00              3
          284   5.000000E+00   3.500000E+00              3
          285   5.500000E+00   3.500000E+00              3
          286   6.000000E+00   3.500000E+00              3
          287   6.500000E+00   3.500000E+00              3
          288   7.000000E+00   3.500000E+00              3
          289   7.500000E+00   3.500000E+00              3
          290   8.000000E+00   3.500000E+00              3
          291   8.500000E+00   3.500000E+00              3
          292   9.000000E+00   3.500000E+00              3
          293   9.500000E+00   3.500000E+00              3
          294   1.000000E+01   3.500000E+00              3
          295   0.000000E+00   3.000000E+00              3
          296   5.000000E-01   3.000000E+00              3
          297   1.000000E+00   3.000000E+00              3
          298   1.500000E+00   3.000000E+00              3
          299   2.000000E+00   3.000000E+00              3
          300   2.500000E+00   3.000000E+00              3
          301   3.000000E+00   3.000000E+00              3
          302   3.500000E+00   3.000000E+00              3
          303   4.000000E+00   3.000000E+00              3
          304   4.500000E+00   3.000000E+00              3
          305   5.000000E+00   3.000000E+00              3
          306   5.500000E+00   3.000000E+00              3
          307   6.000000E+00   3.000000E+00              3
          308   6.500000E+00   3.000000E+00              3
          309   7.000000E+00   3.000000E+00              3
          310   7.500000E+00   3.000000E+00              3
          311   8.000000E+00   3.000000E+00              3
          312   8.500000E+00   3.000000E+00              3
          313   9.000000E+00   3.000000E+00              3
          314   9.500000E+00   3.000000E+00              3
          315   1.000000E+01   3.000000E+00              3
          316   0.000000E+00   2.500000E+00              3
          317   5.000000E-01   2.500000E+00              3
          318   1.000000E+00   2.500000E+00              3
          319   1.500000E+00   2.500000E+00              3
          320   2.000000E+00   2.500000E+00              3
          321   2.500000E+00   2.500000E+00              3
          322   3.000000E+00   2.500000E+00              3
          323   3.500000E+00   2.500000E+00              3
          324   4.000000E+00   2.500000E+00              3
          325   4.500000E+00   2.500000E+00              3
          326   5.000000E+00   2.500000E+00              3
          327   5.500000E+00   2.500000E+00              3
          328   6.000000E+00   2.500000E+00              3
          329   6.500000E+00   2.500000E+00              3
          330   7.000000E+00   2.500000E+00              3
          331   7.500000E+00   2.500000E+00              3
          332   8.000000E+00   2.500000E+00              3
          333   8.500000E+00   2.500000E+00              3
          334   9.000000E+00   2.500000E+00              3
          335   9.500000E+00   2.500000E+00              3
          336   1.000000E+01   2.500000E+00              3
          337   0.000000E+00   2.000000E+00              3
          338   5.000000E-01   2.000000E+00              3
          339   1.000000E+00   2.000000E+00              3
          340   1.500000E+00   2.000000E+00              3
          341   2.000000E+00   2.000000E+00              3
          342   2.500000E+00   2.000000E+00              3
          343   3.000000E+00   2.000000E+00              3
          344   3.500000E+00   2.000000E+00              3
          345   4.000000E+00   2.000000E+00              3
          346   4.500000E+00   2.000000E+00              3
          347   5.000000E+00   2.000000E+00              3
          348   5.500000E+00   2.000000E+00              3
          349   6.000000E+00   2.000000E+00              3
          350   6.500000E+00   2.000000E+00              3
          351   7.000000E+00   2.000000E+00              3
          352   7.500000E+00   2.000000E+00              3
          353   8.000000E+00   2.000000E+00              3
          354   8.500000E+00   2.000000E+00              3
          355   9.000000E+00   2.000000E+00              3
          356   9.500000E+00   2.000000E+00              3
          357   1.000000E+01   2.000000E+00              3
          358   0.000000E+00   1.500000E+00              3
          359   5.000000E-01   1.500000E+00              3
          360   1.000000E+00   1.500000E+00              3
          361   1.500000E+00   1.500000E+00              3
          362   2.000000E+00   1.500000E+00              3
          363   2.500000E+00   1.500000E+00              3
          364   3.000000E+00   1.500000E+00              3
          365   3.500000E+00   1.500000E+00              3
          366   4.000000E+00   1.500000E+00              3
          367   4.500000E+00   1.500000E+00              3
          368   5.000000E+00   1.500000E+00              3
          369   5.500000E+00   1.500000E+00              3
          370   6.000000E+00   1.500000E+00              3
          371   6.500000E+00   1.500000E+00              3
          372   7.000000E+00   1.500000E+00              3
          373   7.500000E+00   1.500000E+00              3
          374   8.000000E+00   1.500000E+00              3
          375   8.500000E+00   1.500000E+00              3
          376   9.000000E+00   1.500000E+00              3
          377   9.500000E+00   1.500000E+00              3
          378   1.000000E+01   1.500000E+00              3
          379   0.000000E+00   1.000000E+00              3
          380   5.000000E-01   1.000000E+00              3
          381   1.000000E+00   1.000000E+00              3
          382   1.500000E+00   1.000000E+00              3
          383   2.000000E+00   1.000000E+00              3
          384   2.500000E+00   1.000000E+00              3
          385   3.000000E+00   1.000000E+00              3
          386   3.500000E+00   1.000000E+00              3
          387   4.000000E+00   1.000000E+00              3
          388   4.500000E+00   1.000000E+00              3
          389   5.000000E+00   1.000000E+00              3
          390   5.500000E+00   1.000000E+00              3
          391   6.000000E+00   1.000000E+00              3
          392   6.500000E+00   1.000000E+00              3
          393   7.000000E+00   1.000000E+00              3
          394   7.500000E+00   1.000000E+00              3
          395   8.000000E+00   1.000000E+00              3
          396   8.500000E+00   1.000000E+00              3
          397   9.000000E+00   1.000000E+00              3
          398   9.500000E+00   1.000000E+00              3
          399   1.000000E+01   1.000000E+00              3
          400   0.000000E+00   5.000000E-01              3
          401   5.000000E-01   5.000000E-01              3
          402   1.000000E+00   5.000000E-01              3
          403   1.500000E+00   5.000000E-01              3
          404   2.000000E+00   5.000000E-01              3
          405   2.500000E+00   5.000000E-01              3
          406   3.000000E+00   5.000000E-01              3
          407   3.500000E+00   5.000000E-01              3
          408   4.000000E+00   5.000000E-01              3
          409   4.500000E+00   5.000000E-01              3
          410   5.000000E+00   5.000000E-01              3
          411   5.500000E+00   5.000000E-01              3
          412   6.000000E+00   5.000000E-01              3
          413   6.500000E+00   5.000000E-01              3
          414   7.000000E+00   5.000000E-01              3
          415   7.500000E+00   5.000000E-01              3
          416   8.000000E+00   5.000000E-01              3
          417   8.500000E+00   5.000000E-01              3
          418   9.000000E+00   5.000000E-01              3
          419   9.500000E+00   5.000000E-01              3
          420   1.000000E+01   5.000000E-01              3
          421   0.000000E+00   0.000000E+00              3
          422   5.000000E-01   0.000000E+00              3
          423   1.000000E+00   0.000000E+00              3
          424   1.500000E+00   0.000000E+00              3
          425   2.000000E+00   0.000000E+00              3
          426   2.500000E+00   0.000000E+00              3
          427   3.000000E+00   0.000000E+00              3
          428   3.500000E+00   0.000000E+00              3
          429   4.000000E+00   0.000000E+00              3
          430   4.500000E+00   0.000000E+00              3
          431   5.000000E+00   0.000000E+00              3
          432   5.500000E+00   0.000000E+00              3
          433   6.000000E+00   0.000000E+00              3
          434   6.500000E+00   0.000000E+00              3
          435   7.000000E+00   0.000000E+00              3
          436   7.500000E+00   0.000000E+00              3
          437   8.000000E+00   0.000000E+00              3
          438   8.500000E+00   0.000000E+00              3
          439   9.000000E+00   0.000000E+00              3
          440   9.500000E+00   0.000000E+00              3
          441   1.000000E+01   0.000000E+00              3
    353  1.80543531E+03     NSTEP   TIME
 SURFACE NODE              X              Y         SATSUR
            1   0.000000E+00   1.000000E+01              1
            2   5.000000E-01   1.000000E+01              1
            3   1.000000E+00   1.000000E+01              1
            4   1.500000E+00   1.000000E+01              1
            5   2.000000E+00   1.000000E+01              1
            6   2.500000E+00   1.000000E+01              1
            7   3.000000E+00   1.000000E+01              1
            8   3.500000E+00   1.000000E+01              1
            9   4.000000E+00   1.000000E+01              1
           10   4.500000E+00   1.000000E+01              1
           11   5.000000E+00   1.000000E+01              1
           12   5.500000E+00   1.000000E+01              1
           13   6.000000E+00   1.000000E+01              1
           14   6.500000E+00   1.000000E+01              1
           15   7.000000E+00   1.000000E+01              1
           16   7.500000E+00   1.000000E+01              1
           17   8.000000E+00   1.000000E+01              1
           18   8.500000E+00   1.000000E+01              1
           19   9.000000E+00   1.000000E+01              1
           20   9.500000E+00   1.000000E+01              1
           21   1.000000E+01   1.000000E+01              1
           22   0.000000E+00   9.500000E+00              1
           23   5.000000E-01   9.500000E+00              1
           24   1.000000E+00   9.500000E+00              1
           25   1.500000E+00   9.500000E+00              1
           26   2.000000E+00   9.500000E+00              1
           27   2.500000E+00   9.500000E+00              1
           28   3.000000E+00   9.500000E+00              1
           29   3.500000E+00   9.500000E+00              1
           30   4.000000E+00   9.500000E+00              1
           31   4.500000E+00   9.500000E+00              1
           32   5.000000E+00   9.500000E+00              1
           33   5.500000E+00   9.500000E+00              1
           34   6.000000E+00   9.500000E+00              1
           35   6.500000E+00   9.500000E+00              1
           36   7.000000E+00   9.500000E+00              1
           37   7.500000E+00   9.500000E+00              1
           38   8.000000E+00   9.500000E+00              1
           39   8.500000E+00   9.500000E+00              1
           40   9.000000E+00   9.500000E+00              1
           41   9.500000E+00   9.500000E+00              1
           42   1.000000E+01   9.500000E+00              1
           43   0.000000E+00   9.000000E+00              1
           44   5.000000E-01   9.000000E+00              1
           45   1.000000E+00   9.000000E+00              1
           46   1.500000E+00   9.000000E+00              1
           47   2.000000E+00   9.000000E+00              1
           48   2.500000E+00   9.000000E+00              1
           49   3.000000E+00   9.000000E+00              1
           50   3.500000E+00   9.000000E+00              1
           51   4.000000E+00   9.000000E+00              1
           52   4.500000E+00   9.000000E+00              1
           53   5.000000E+00   9.000000E+00              1
           54   5.500000E+00   9.000000E+00              1
           55   6.000000E+00   9.000000E+00              1
           56   6.500000E+00   9.000000E+00              1
           57   7.000000E+00   9.000000E+00              1
           58   7.500000E+00   9.000000E+00              1
           59   8.000000E+00   9.000000E+00              1
           60   8.500000E+00   9.000000E+00              1
           61   9.000000E+00   9.000000E+00              1
           62   9.500000E+00   9.000000E+00              1
           63   1.000000E+01   9.000000E+00              1
           64   0.000000E+00   8.500000E+00              1
           65   5.000000E-01   8.500000E+00              1
           66   1.000000E+00   8.500000E+00              1
           67   1.500000E+00   8.500000E+00              1
           68   2.000000E+00   8.500000E+00              1
           69   2.500000E+00   8.500000E+00              1
           70   3.000000E+00   8.500000E+00              1
           71   3.500000E+00   8.500000E+00              1
           72   4.000000E+00   8.500000E+00              1
           73   4.500000E+00   8.500000E+00              1
           74   5.000000E+00   8.500000E+00              1
           75   5.500000E+00   8.500000E+00              1
           76   6.000000E+00   8.500000E+00              1
           77   6.500000E+00   8.500000E+00              1
           78   7.000000E+00   8.500000E+00              1
           79   7.500000E+00   8.500000E+00              1
           80   8.000000E+00   8.500000E+00              1
           81   8.500000E+00   8.500000E+00              1
           82   9.000000E+00   8.500000E+00              1
           83   9.500000E+00   8.500000E+00              1
           84   1.000000E+01   8.500000E+00              1
           85   0.000000E+00   8.000000E+00              1
           86   5.000000E-01   8.000000E+00              1
           87   1.000000E+00   8.000000E+00              1
           88   1.500000E+00   8.000000E+00              1
           89   2.000000E+00   8.000000E+00              1
           90   2.500000E+00   8.000000E+00              1
           91   3.000000E+00   8.000000E+00              1
           92   3.500000E+00   8.000000E+00              1
           93   4.000000E+00   8.000000E+00              1
           94   4.500000E+00   8.000000E+00              1
           95   5.000000E+00   8.000000E+00              1
           96   5.500000E+00   8.000000E+00              1
           97   6.000000E+00   8.000000E+00              1
           98   6.500000E+00   8.000000E+00              1
           99   7.000000E+00   8.000000E+00              1
          100   7.500000E+00   8.000000E+00              1
          101   8.000000E+00   8.000000E+00              1
          102   8.500000E+00   8.000000E+00              1
          103   9.000000E+00   8.000000E+00              1
          104   9.500000E+00   8.000000E+00              1
          105   1.000000E+01   8.000000E+00              1
          106   0.000000E+00   7.500000E+00              1
          107   5.000000E-01   7.500000E+00              1
          108   1.000000E+00   7.500000E+00              1
          109   1.500000E+00   7.500000E+00              1
          110   2.000000E+00   7.500000E+00              1
          111   2.500000E+00   7.500000E+00              1
          112   3.000000E+00   7.500000E+00              1
          113   3.500000E+00   7.500000E+00              1
          114   4.000000E+00   7.500000E+00              1
          115   4.500000E+00   7.500000E+00              1
          116   5.000000E+00   7.500000E+00              1
          117   5.500000E+00   7.500000E+00              1
          118   6.000000E+00   7.500000E+00              1
          119   6.500000E+00   7.500000E+00              1
          120   7.000000E+00   7.500000E+00              1
          121   7.500000E+00   7.500000E+00              1
          122   8.000000E+00   7.500000E+00              1
          123   8.500000E+00   7.500000E+00              1
          124   9.000000E+00   7.500000E+00              1
          125   9.500000E+00   7.500000E+00              1
          126   1.000000E+01   7.500000E+00              1
          127   0.000000E+00   7.000000E+00              1
          128   5.000000E-01   7.000000E+00              1
          129   1.000000E+00   7.000000E+00              1
          130   1.500000E+00   7.000000E+00              1
          131   2.000000E+00   7.000000E+00              1
          132   2.500000E+00   7.000000E+00              1
          133   3.000000E+00   7.000000E+00              1
          134   3.500000E+00   7.000000E+00              1
          135   4.000000E+00   7.000000E+00              1
          136   4.500000E+00   7.000000E+00              1
          137   5.000000E+00   7.000000E+00              1
          138   5.500000E+00   7.000000E+00              1
          139   6.000000E+00   7.000000E+00              1
          140   6.500000E+00   7.000000E+00              1
          141   7.000000E+00   7.000000E+00              1
          142   7.500000E+00   7.000000E+00              1
          143   8.000000E+00   7.000000E+00              1
          144   8.500000E+00   7.000000E+00              1
          145   9.000000E+00   7.000000E+00              1
          146   9.500000E+00   7.000000E+00              1
          147   1.000000E+01   7.000000E+00              1
          148   0.000000E+00   6.500000E+00              1
          149   5.000000E-01   6.500000E+00              1
          150   1.000000E+00   6.500000E+00              1
          151   1.500000E+00   6.500000E+00              1
          152   2.000000E+00   6.500000E+00              1
          153   2.500000E+00   6.500000E+00              1
          154   3.000000E+00   6.500000E+00              1
          155   3.500000E+00   6.500000E+00              1
          156   4.000000E+00   6.500000E+00              1
          157   4.500000E+00   6.500000E+00              1
          158   5.000000E+00   6.500000E+00              1
          159   5.500000E+00   6.500000E+00              1
          160   6.000000E+00   6.500000E+00              1
          161   6.500000E+00   6.500000E+00              1
          162   7.000000E+00   6.500000E+00              1
          163   7.500000E+00   6.500000E+00              1
          164   8.000000E+00   6.500000E+00              1
          165   8.500000E+00   6.500000E+00              1
          166   9.000000E+00   6.500000E+00              1
          167   9.500000E+00   6.500000E+00              1
          168   1.000000E+01   6.500000E+00              1
          169   0.000000E+00   6.000000E+00              1
          170   5.000000E-01   6.000000E+00              1
          171   1.000000E+00   6.000000E+00              1
          172   1.500000E+00   6.000000E+00              1
          173   2.000000E+00   6.000000E+00              1
          174   2.500000E+00   6.000000E+00              1
          175   3.000000E+00   6.000000E+00              1
          176   3.500000E+00   6.000000E+00              1
          177   4.000000E+00   6.000000E+00              1
          178   4.500000E+00   6.000000E+00              1
          179   5.000000E+00   6.000000E+00              1
          180   5.500000E+00   6.000000E+00              1
          181   6.000000E+00   6.000000E+00              1
          182   6.500000E+00   6.000000E+00              1
          183   7.000000E+00   6.000000E+00              1
          184   7.500000E+00   6.000000E+00              1
          185   8.000000E+00   6.000000E+00              1
          186   8.500000E+00   6.000000E+00              1
          187   9.000000E+00   6.000000E+00              1
          188   9.500000E+00   6.000000E+00              1
          189   1.000000E+01   6.000000E+00              1
          190   0.000000E+00   5.500000E+00              1
          191   5.000000E-01   5.500000E+00              1
          192   1.000000E+00   5.500000E+00              1
          193   1.500000E+00   5.500000E+00              1
          194   2.000000E+00   5.500000E+00              1
          195   2.500000E+00   5.500000E+00              1
          196   3.000000E+00   5.500000E+00              1
          197   3.500000E+00   5.500000E+00              1
          198   4.000000E+00   5.500000E+00              1
          199   4.500000E+00   5.500000E+00              1
          200   5.000000E+00   5.500000E+00              1
          201   5.500000E+00   5.500000E+00              1
          202   6.000000E+00   5.500000E+00              1
          203   6.500000E+00   5.500000E+00              1
          204   7.000000E+00   5.500000E+00              1
          205   7.500000E+00   5.500000E+00              1
          206   8.000000E+00   5.500000E+00              1
          207   8.500000E+00   5.500000E+00              1
          208   9.000000E+00   5.500000E+00              1
          209   9.500000E+00   5.500000E+00              3
          210   1.000000E+01   5.500000E+00              3
          211   0.000000E+00   5.000000E+00              1
          212   5.000000E-01   5.000000E+00              1
          213   1.000000E+00   5.000000E+00              1
          214   1.500000E+00   5.000000E+00              1
          215   2.000000E+00   5.000000E+00              1
          216   2.500000E+00   5.000000E+00              1
          217   3.000000E+00   5.000000E+00              1
          218   3.500000E+00   5.000000E+00              1
          219   4.000000E+00   5.000000E+00              1
          220   4.500000E+00   5.000000E+00              1
          221   5.000000E+00   5.000000E+00              1
          222   5.500000E+00   5.000000E+00              1
          223   6.000000E+00   5.000000E+00              1
          224   6.500000E+00   5.000000E+00              1
          225   7.000000E+00   5.000000E+00              1
          226   7.500000E+00   5.000000E+00              1
          227   8.000000E+00   5.000000E+00              1
          228   8.500000E+00   5.000000E+00              1
          229   9.000000E+00   5.000000E+00              3
          230   9.500000E+00   5.000000E+00              3
          231   1.000000E+01   5.000000E+00              3
          232   0.000000E+00   4.500000E+00              1
          233   5.000000E-01   4.500000E+00              1
          234   1.000000E+00   4.500000E+00              1
          235   1.500000E+00   4.500000E+00              1
          236   2.000000E+00   4.500000E+00              1
          237   2.500000E+00   4.500000E+00              1
          238   3.000000E+00   4.500000E+00              1
          239   3.500000E+00   4.500000E+00              1
          240   4.000000E+00   4.500000E+00              1
          241   4.500000E+00   4.500000E+00              1
          242   5.000000E+00   4.500000E+00              1
          243   5.500000E+00   4.500000E+00              1
          244   6.000000E+00   4.500000E+00              1
          245   6.500000E+00   4.500000E+00              1
          246   7.000000E+00   4.500000E+00              1
          247   7.500000E+00   4.500000E+00              1
          248   8.000000E+00   4.500000E+00              1
          249   8.500000E+00   4.500000E+00              3
          250   9.000000E+00   4.500000E+00              3
          251   9.500000E+00   4.500000E+00              3
          252   1.000000E+01   4.500000E+00              3
          253   0.000000E+00   4.000000E+00              1
          254   5.000000E-01   4.000000E+00              1
          255   1.000000E+00   4.000000E+00              1
          256   1.500000E+00   4.000000E+00              1
          257   2.000000E+00   4.000000E+00              1
          258   2.500000E+00   4.000000E+00              1
          259   3.000000E+00   4.000000E+00              1
          260   3.500000E+00   4.000000E+00              1
          261   4.000000E+00   4.000000E+00              1
          262   4.500000E+00   4.000000E+00              1
          263   5.000000E+00   4.000000E+00              1
          264   5.500000E+00   4.000000E+00              1
          265   6.000000E+00   4.000000E+00              1
          266   6.500000E+00   4.000000E+00              1
          267   7.000000E+00   4.000000E+00              1
          268   7.500000E+00   4.000000E+00              3
          269   8.000000E+00   4.000000E+00              3
          270   8.500000E+00   4.000000E+00              3
          271   9.000000E+00   4.000000E+00              3
          272   9.500000E+00   4.000000E+00              3
          273   1.000000E+01   4.000000E+00              3
          274   0.000000E+00   3.500000E+00              1
          275   5.000000E-01   3.500000E+00              1
          276   1.000000E+00   3.500000E+00              1
          277   1.500000E+00   3.500000E+00              1
          278   2.000000E+00   3.500000E+00              1
          279   2.500000E+00   3.500000E+00              1
          280   3.000000E+00   3.500000E+00              1
          281   3.500000E+00   3.500000E+00              1
          282   4.000000E+00   3.500000E+00              1
          283   4.500000E+00   3.500000E+00              1
          284   5.000000E+00   3.500000E+00              1
          285   5.500000E+00   3.500000E+00              1
          286   6.000000E+00   3.500000E+00              1
          287   6.500000E+00   3.500000E+00              3
          288   7.000000E+00   3.500000E+00              3
          289   7.500000E+00   3.500000E+00              3
          290   8.000000E+00   3.500000E+00              3
          291   8.500000E+00   3.500000E+00              3
          292   9.000000E+00   3.500000E+00              3
          293   9.500000E+00   3.500000E+00              3
          294   1.000000E+01   3.500000E+00              3
          295   0.000000E+00   3.000000E+00              1
          296   5.000000E-01   3.000000E+00              1
          297   1.000000E+00   3.000000E+00              1
          298   1.500000E+00   3.000000E+00              1
          299   2.000000E+00   3.000000E+00              1
          300   2.500000E+00   3.000000E+00              1
          301   3.000000E+00   3.000000E+00              1
          302   3.500000E+00   3.000000E+00              1
          303   4.000000E+00   3.000000E+00              1
          304   4.500000E+00   3.000000E+00              1
          305   5.000000E+00   3.000000E+00              1
          306   5.500000E+00   3.000000E+00              3
          307   6.000000E+00   3.000000E+00              3
          308   6.500000E+00   3.000000E+00              3
          309   7.000000E+00   3.000000E+00              3
          310   7.500000E+00   3.000000E+00              3
          311   8.000000E+00   3.000000E+00              3
          312   8.500000E+00   3.000000E+00              3
          313   9.000000E+00   3.000000E+00              3
          314   9.500000E+00   3.000000E+00              3
          315   1.000000E+01   3.000000E+00              3
          316   0.000000E+00   2.500000E+00              1
          317   5.000000E-01   2.500000E+00              1
          318   1.000000E+00   2.500000E+00              1
          319   1.500000E+00   2.500000E+00              1
          320   2.000000E+00   2.500000E+00              1
          321   2.500000E+00   2.500000E+00              1
          322   3.000000E+00   2.500000E+00              1
          323   3.500000E+00   2.500000E+00              1
          324   4.000000E+00   2.500000E+00              3
          325   4.500000E+00   2.500000E+00              3
          326   5.000000E+00   2.500000E+00              3
          327   5.500000E+00   2.500000E+00              3
          328   6.000000E+00   2.500000E+00              3
          329   6.500000E+00   2.500000E+00              3
          330   7.000000E+00   2.500000E+00              3
          331   7.500000E+00   2.500000E+00              3
          332   8.000000E+00   2.500000E+00              3
          333   8.500000E+00   2.500000E+00              3
          334   9.000000E+00   2.500000E+00              3
          335   9.500000E+00   2.500000E+00              3
          336   1.000000E+01   2.500000E+00              3
          337   0.000000E+00   2.000000E+00              1
          338   5.000000E-01   2.000000E+00              1
          339   1.000000E+00   2.000000E+00              1
          340   1.500000E+00   2.000000E+00              1
          341   2.000000E+00   2.000000E+00              1
          342   2.500000E+00   2.000000E+00              3
          343   3.000000E+00   2.000000E+00              3
          344   3.500000E+00   2.000000E+00              3
          345   4.000000E+00   2.000000E+00              3
          346   4.500000E+00   2.000000E+00              3
          347   5.000000E+00   2.000000E+00              3
          348   5.500000E+00   2.000000E+00              3
          349   6.000000E+00   2.000000E+00              3
          350   6.500000E+00   2.000000E+00              3
          351   7.000000E+00   2.000000E+00              3
          352   7.500000E+00   2.000000E+00              3
          353   8.000000E+00   2.000000E+00              3
          354   8.500000E+00   2.000000E+00              3
          355   9.000000E+00   2.000000E+00              3
          356   9.500000E+00   2.000000E+00              3
          357   1.000000E+01   2.000000E+00              3
          358   0.000000E+00   1.500000E+00              1
          359   5.000000E-01   1.500000E+00              1
          360   1.000000E+00   1.500000E+00              3
          361   1.500000E+00   1.500000E+00              3
          362   2.000000E+00   1.500000E+00              3
          363   2.500000E+00   1.500000E+00              3
          364   3.000000E+00   1.500000E+00              3
          365   3.500000E+00   1.500000E+00              3
          366   4.000000E+00   1.500000E+00              3
          367   4.500000E+00   1.500000E+00              3
          368   5.000000E+00   1.500000E+00              3
          369   5.500000E+00   1.500000E+00              3
          370   6.000000E+00   1.500000E+00              3
          371   6.500000E+00   1.500000E+00              3
          372   7.000000E+00   1.500000E+00              3
          373   7.500000E+00   1.500000E+00              3
          374   8.000000E+00   1.500000E+00              3
          375   8.500000E+00   1.500000E+00              3
          376   9.000000E+00   1.500000E+00              3
          377   9.500000E+00   1.500000E+00              3
          378   1.000000E+01   1.500000E+00              3
          379   0.000000E+00   1.000000E+00              3
          380   5.000000E-01   1.000000E+00              3
          381   1.000000E+00   1.000000E+00              3
          382   1.500000E+00   1.000000E+00              3
          383   2.000000E+00   1.000000E+00              3
          384   2.500000E+00   1.000000E+00              3
          385   3.000000E+00   1.000000E+00              3
          386   3.500000E+00   1.000000E+00              3
          387   4.000000E+00   1.000000E+00              3
          388   4.500000E+00   1.000000E+00              3
          389   5.000000E+00   1.000000E+00              3
          390   5.500000E+00   1.000000E+00              3
          391   6.000000E+00   1.000000E+00              3
          392   6.500000E+00   1.000000E+00              3
          393   7.000000E+00   1.000000E+00              3
          394   7.500000E+00   1.000000E+00              3
          395   8.000000E+00   1.000000E+00              3
          396   8.500000E+00   1.000000E+00              3
          397   9.000000E+00   1.000000E+00              3
          398   9.500000E+00   1.000000E+00              3
          399   1.000000E+01   1.000000E+00              3
          400   0.000000E+00   5.000000E-01              3
          401   5.000000E-01   5.000000E-01              3
          402   1.000000E+00   5.000000E-01              3
          403   1.500000E+00   5.000000E-01              3
          404   2.000000E+00   5.000000E-01              3
          405   2.500000E+00   5.000000E-01              3
          406   3.000000E+00   5.000000E-01              3
          407   3.500000E+00   5.000000E-01              3
          408   4.000000E+00   5.000000E-01              3
          409   4.500000E+00   5.000000E-01              3
          410   5.000000E+00   5.000000E-01              3
          411   5.500000E+00   5.000000E-01              3
          412   6.000000E+00   5.000000E-01              3
          413   6.500000E+00   5.000000E-01              3
          414   7.000000E+00   5.000000E-01              3
          415   7.500000E+00   5.000000E-01              3
          416   8.000000E+00   5.000000E-01              3
          417   8.500000E+00   5.000000E-01              3
          418   9.000000E+00   5.000000E-01              3
          419   9.500000E+00   5.000000E-01              3
          420   1.000000E+01   5.000000E-01              3
          421   0.000000E+00   0.000000E+00              3
          422   5.000000E-01   0.000000E+00              3
          423   1.000000E+00   0.000000E+00              3
          424   1.500000E+00   0.000000E+00              3
          425   2.000000E+00   0.000000E+00              3
          426   2.500000E+00   0.000000E+00              3
          427   3.000000E+00   0.000000E+00              3
          428   3.500000E+00   0.000000E+00              3
          429   4.000000E+00   0.000000E+00              3
          430   4.500000E+00   0.000000E+00              3
          431   5.000000E+00   0.000000E+00              3
          432   5.500000E+00   0.000000E+00              3
          433   6.000000E+00   0.000000E+00              3
          434   6.500000E+00   0.000000E+00              3
          435   7.000000E+00   0.000000E+00              3
          436   7.500000E+00   0.000000E+00              3
          437   8.000000E+00   0.000000E+00              3
          438   8.500000E+00   0.000000E+00              3
          439   9.000000E+00   0.000000E+00              3
          440   9.500000E+00   0.000000E+00              3
          441   1.000000E+01   0.000000E+00              3
    533  3.60543531E+03     NSTEP   TIME
 SURFACE NODE              X              Y         SATSUR
            1   0.000000E+00   1.000000E+01              1
            2   5.000000E-01   1.000000E+01              1
            3   1.000000E+00   1.000000E+01              1
            4   1.500000E+00   1.000000E+01              1
            5   2.000000E+00   1.000000E+01              1
            6   2.500000E+00   1.000000E+01              1
            7   3.000000E+00   1.000000E+01              1
            8   3.500000E+00   1.000000E+01              1
            9   4.000000E+00   1.000000E+01              1
           10   4.500000E+00   1.000000E+01              1
           11   5.000000E+00   1.000000E+01              1
           12   5.500000E+00   1.000000E+01              1
           13   6.000000E+00   1.000000E+01              1
           14   6.500000E+00   1.000000E+01              1
           15   7.000000E+00   1.000000E+01              1
           16   7.500000E+00   1.000000E+01              1
           17   8.000000E+00   1.000000E+01              1
           18   8.500000E+00   1.000000E+01              1
           19   9.000000E+00   1.000000E+01              1
           20   9.500000E+00   1.000000E+01              1
           21   1.000000E+01   1.000000E+01              1
           22   0.000000E+00   9.500000E+00              1
           23   5.000000E-01   9.500000E+00              1
           24   1.000000E+00   9.500000E+00              1
           25   1.500000E+00   9.500000E+00              1
           26   2.000000E+00   9.500000E+00              1
           27   2.500000E+00   9.500000E+00              1
           28   3.000000E+00   9.500000E+00              1
           29   3.500000E+00   9.500000E+00              1
           30   4.000000E+00   9.500000E+00              1
           31   4.500000E+00   9.500000E+00              1
           32   5.000000E+00   9.500000E+00              1
           33   5.500000E+00   9.500000E+00              1
           34   6.000000E+00   9.500000E+00              1
           35   6.500000E+00   9.500000E+00              1
           36   7.000000E+00   9.500000E+00              1
           37   7.500000E+00   9.500000E+00              1
           38   8.000000E+00   9.500000E+00              1
           39   8.500000E+00   9.500000E+00              1
           40   9.000000E+00   9.500000E+00              1
           41   9.500000E+00   9.500000E+00              1
           42   1.000000E+01   9.500000E+00              1
           43   0.000000E+00   9.000000E+00              1
           44   5.000000E-01   9.000000E+00              1
           45   1.000000E+00   9.000000E+00              1
           46   1.500000E+00   9.000000E+00              1
           47   2.000000E+00   9.000000E+00              1
           48   2.500000E+00   9.000000E+00              1
           49   3.000000E+00   9.000000E+00              1
           50   3.500000E+00   9.000000E+00              1
           51   4.000000E+00   9.000000E+00              1
           52   4.500000E+00   9.000000E+00              1
           53   5.000000E+00   9.000000E+00              1
           54   5.500000E+00   9.000000E+00              1
           55   6.000000E+00   9.000000E+00              1
           56   6.500000E+00   9.000000E+00              1
           57   7.000000E+00   9.000000E+00              1
           58   7.500000E+00   9.000000E+00              1
           59   8.000000E+00   9.000000E+00              1
           60   8.500000E+00   9.000000E+00              1
           61   9.000000E+00   9.000000E+00              1
           62   9.500000E+00   9.000000E+00              1
           63   1.000000E+01   9.000000E+00              1
           64   0.000000E+00   8.500000E+00              1
           65   5.000000E-01   8.500000E+00              1
           66   1.000000E+00   8.500000E+00              1
           67   1.500000E+00   8.500000E+00              1
           68   2.000000E+00   8.500000E+00              1
           69   2.500000E+00   8.500000E+00              1
           70   3.000000E+00   8.500000E+00              1
           71   3.500000E+00   8.500000E+00              1
           72   4.000000E+00   8.500000E+00              1
           73   4.500000E+00   8.500000E+00              1
           74   5.000000E+00   8.500000E+00              1
           75   5.500000E+00   8.500000E+00              1
           76   6.000000E+00   8.500000E+00              1
           77   6.500000E+00   8.500000E+00              1
           78   7.000000E+00   8.500000E+00              1
           79   7.500000E+00   8.500000E+00              1
           80   8.000000E+00   8.500000E+00              1
           81   8.500000E+00   8.500000E+00              1
           82   9.000000E+00   8.500000E+00              1
           83   9.500000E+00   8.500000E+00              1
           84   1.000000E+01   8.500000E+00              1
           85   0.000000E+00   8.000000E+00              1
           86   5.000000E-01   8.000000E+00              1
           87   1.000000E+00   8.000000E+00              1
           88   1.500000E+00   8.000000E+00              1
           89   2.000000E+00   8.000000E+00              1
           90   2.500000E+00   8.000000E+00              1
           91   3.000000E+00   8.000000E+00              1
           92   3.500000E+00   8.000000E+00              1
           93   4.000000E+00   8.000000E+00              1
           94   4.500000E+00   8.000000E+00              1
           95   5.000000E+00   8.000000E+00              1
           96   5.500000E+00   8.000000E+00              1
           97   6.000000E+00   8.000000E+00              1
           98   6.500000E+00   8.000000E+00              1
           99   7.000000E+00   8.000000E+00              1
          100   7.500000E+00   8.000000E+00              1
          101   8.000000E+00   8.000000E+00              1
          102   8.500000E+00   8.000000E+00              1
          103   9.000000E+00   8.000000E+00              1
          104   9.500000E+00   8.000000E+00              1
          105   1.000000E+01   8.000000E+00              1
          106   0.000000E+00   7.500000E+00              1
          107   5.000000E-01   7.500000E+00              1
          108   1.000000E+00   7.500000E+00              1
          109   1.500000E+00   7.500000E+00              1
          110   2.000000E+00   7.500000E+00              1
          111   2.500000E+00   7.500000E+00              1
          112   3.000000E+00   7.500000E+00              1
          113   3.500000E+00   7.500000E+00              1
          114   4.000000E+00   7.500000E+00              1
          115   4.500000E+00   7.500000E+00              1
          116   5.000000E+00   7.500000E+00              1
          117   5.500000E+00   7.500000E+00              1
          118   6.000000E+00   7.500000E+00              1
          119   6.500000E+00   7.500000E+00              1
          120   7.000000E+00   7.500000E+00              1
          121   7.500000E+00   7.500000E+00              1
          122   8.000000E+00   7.500000E+00              1
          123   8.500000E+00   7.500000E+00              1
          124   9.000000E+00   7.500000E+00              1
          125   9.500000E+00   7.500000E+00              1
          126   1.000000E+01   7.500000E+00              1
          127   0.000000E+00   7.000000E+00              1
          128   5.000000E-01   7.000000E+00              1
          129   1.000000E+00   7.000000E+00              1
          130   1.500000E+00   7.000000E+00              1
          131   2.000000E+00   7.000000E+00              1
          132   2.500000E+00   7.000000E+00              1
          133   3.000000E+00   7.000000E+00              1
          134   3.500000E+00   7.000000E+00              1
          135   4.000000E+00   7.000000E+00              1
          136   4.500000E+00   7.000000E+00              1
          137   5.000000E+00   7.000000E+00              1
          138   5.500000E+00   7.000000E+00              1
          139   6.000000E+00   7.000000E+00              1
          140   6.500000E+00   7.000000E+00              1
          141   7.000000E+00   7.000000E+00              1
          142   7.500000E+00   7.000000E+00              1
          143   8.000000E+00   7.000000E+00              1
          144   8.500000E+00   7.000000E+00              1
          145   9.000000E+00   7.000000E+00              1
          146   9.500000E+00   7.000000E+00              1
          147   1.000000E+01   7.000000E+00              1
          148   0.000000E+00   6.500000E+00              1
          149   5.000000E-01   6.500000E+00              1
          150   1.000000E+00   6.500000E+00              1
          151   1.500000E+00   6.500000E+00              1
          152   2.000000E+00   6.500000E+00              1
          153   2.500000E+00   6.500000E+00              1
          154   3.000000E+00   6.500000E+00              1
          155   3.500000E+00   6.500000E+00              1
          156   4.000000E+00   6.500000E+00              1
          157   4.500000E+00   6.500000E+00              1
          158   5.000000E+00   6.500000E+00              1
          159   5.500000E+00   6.500000E+00              1
          160   6.000000E+00   6.500000E+00              1
          161   6.500000E+00   6.500000E+00              1
          162   7.000000E+00   6.500000E+00              1
          163   7.500000E+00   6.500000E+00              1
          164   8.000000E+00   6.500000E+00              1
          165   8.500000E+00   6.500000E+00              1
          166   9.000000E+00   6.500000E+00              1
          167   9.500000E+00   6.500000E+00              1
          168   1.000000E+01   6.500000E+00              1
          169   0.000000E+00   6.000000E+00              1
          170   5.000000E-01   6.000000E+00              1
          171   1.000000E+00   6.000000E+00              1
          172   1.500000E+00   6.000000E+00              1
          173   2.000000E+00   6.000000E+00              1
          174   2.500000E+00   6.000000E+00              1
          175   3.000000E+00   6.000000E+00              1
          176   3.500000E+00   6.000000E+00              1
          177   4.000000E+00   6.000000E+00              1
          178   4.500000E+00   6.000000E+00              1
          179   5.000000E+00   6.000000E+00              1
          180   5.500000E+00   6.000000E+00              1
          181   6.000000E+00   6.000000E+00              1
          182   6.500000E+00   6.000000E+00              1
          183   7.000000E+00   6.000000E+00              1
          184   7.500000E+00   6.000000E+00              1
          185   8.000000E+00   6.000000E+00              1
          186   8.500000E+00   6.000000E+00              1
          187   9.000000E+00   6.000000E+00              1
          188   9.500000E+00   6.000000E+00              1
          189   1.000000E+01   6.000000E+00              1
          190   0.000000E+00   5.500000E+00              1
          191   5.000000E-01   5.500000E+00              1
          192   1.000000E+00   5.500000E+00              1
          193   1.500000E+00   5.500000E+00              1
          194   2.000000E+00   5.500000E+00              1
          195   2.500000E+00   5.500000E+00              1
          196   3.000000E+00   5.500000E+00              1
          197   3.500000E+00   5.500000E+00              1
          198   4.000000E+00   5.500000E+00              1
          199   4.500000E+00   5.500000E+00              1
          200   5.000000E+00   5.500000E+00              1
          201   5.500000E+00   5.500000E+00              1
          202   6.000000E+00   5.500000E+00              1
          203   6.500000E+00   5.500000E+00              1
          204   7.000000E+00   5.500000E+00              1
          205   7.500000E+00   5.500000E+00              1
          206   8.000000E+00   5.500000E+00              1
          207   8.500000E+00   5.500000E+00              1
          208   9.000000E+00   5.500000E+00              1
          209   9.500000E+00   5.500000E+00              1
          210   1.000000E+01   5.500000E+00              1
          211   0.000000E+00   5.000000E+00              1
          212   5.000000E-01   5.000000E+00              1
          213   1.000000E+00   5.000000E+00              1
          214   1.500000E+00   5.000000E+00              1
          215   2.000000E+00   5.000000E+00              1
          216   2.500000E+00   5.000000E+00              1
          217   3.000000E+00   5.000000E+00              1
          218   3.500000E+00   5.000000E+00              1
          219   4.000000E+00   5.000000E+00              1
          220   4.500000E+00   5.000000E+00              1
          221   5.000000E+00   5.000000E+00              1
          222   5.500000E+00   5.000000E+00              1
          223   6.000000E+00   5.000000E+00              1
          224   6.500000E+00   5.000000E+00              1
          225   7.000000E+00   5.000000E+00              1
          226   7.500000E+00   5.000000E+00              1
          227   8.000000E+00   5.000000E+00              1
          228   8.500000E+00   5.000000E+00              1
          229   9.000000E+00   5.000000E+00              1
          230   9.500000E+00   5.000000E+00              1
          231   1.000000E+01   5.000000E+00              1
          232   0.000000E+00   4.500000E+00              1
          233   5.000000E-01   4.500000E+00              1
          234   1.000000E+00   4.500000E+00              1
          235   1.500000E+00   4.500000E+00              1
          236   2.000000E+00   4.500000E+00              1
          237   2.500000E+00   4.500000E+00              1
          238   3.000000E+00   4.500000E+00              1
          239   3.500000E+00   4.500000E+00              1
          240   4.000000E+00   4.500000E+00              1
          241   4.500000E+00   4.500000E+00              1
          242   5.000000E+00   4.500000E+00              1
          243   5.500000E+00   4.500000E+00              1
          244   6.000000E+00   4.500000E+00              1
          245   6.500000E+00   4.500000E+00              1
          246   7.000000E+00   4.500000E+00              1
          247   7.500000E+00   4.500000E+00              1
          248   8.000000E+00   4.500000E+00              1
          249   8.500000E+00   4.500000E+00              1
          250   9.000000E+00   4.500000E+00              3
          251   9.500000E+00   4.500000E+00              3
          252   1.000000E+01   4.500000E+00              3
          253   0.000000E+00   4.000000E+00              1
          254   5.000000E-01   4.000000E+00              1
          255   1.000000E+00   4.000000E+00              1
          256   1.500000E+00   4.000000E+00              1
          257   2.000000E+00   4.000000E+00              1
          258   2.500000E+00   4.000000E+00              1
          259   3.000000E+00   4.000000E+00              1
          260   3.500000E+00   4.000000E+00              1
          261   4.000000E+00   4.000000E+00              1
          262   4.500000E+00   4.000000E+00              1
          263   5.000000E+00   4.000000E+00              1
          264   5.500000E+00   4.000000E+00              1
          265   6.000000E+00   4.000000E+00              1
          266   6.500000E+00   4.000000E+00              1
          267   7.000000E+00   4.000000E+00              1
          268   7.500000E+00   4.000000E+00              1
          269   8.000000E+00   4.000000E+00              1
          270   8.500000E+00   4.000000E+00              3
          271   9.000000E+00   4.000000E+00              3
          272   9.500000E+00   4.000000E+00              3
          273   1.000000E+01   4.000000E+00              3
          274   0.000000E+00   3.500000E+00              1
          275   5.000000E-01   3.500000E+00              1
          276   1.000000E+00   3.500000E+00              1
          277   1.500000E+00   3.500000E+00              1
          278   2.000000E+00   3.500000E+00              1
          279   2.500000E+00   3.500000E+00              1
          280   3.000000E+00   3.500000E+00              1
          281   3.500000E+00   3.500000E+00              1
          282   4.000000E+00   3.500000E+00              1
          283   4.500000E+00   3.500000E+00              1
          284   5.000000E+00   3.500000E+00              1
          285   5.500000E+00   3.500000E+00              1
          286   6.000000E+00   3.500000E+00              1
          287   6.500000E+00   3.500000E+00              1
          288   7.000000E+00   3.500000E+00              1
          289   7.500000E+00   3.500000E+00              1
          290   8.000000E+00   3.500000E+00              3
          291   8.500000E+00   3.500000E+00              3
          292   9.000000E+00   3.500000E+00              3
          293   9.500000E+00   3.500000E+00              3
          294   1.000000E+01   3.500000E+00              3
          295   0.000000E+00   3.000000E+00              1
          296   5.000000E-01   3.000000E+00              1
          297   1.000000E+00   3.000000E+00              1
          298   1.500000E+00   3.000000E+00              1
          299   2.000000E+00   3.000000E+00              1
          300   2.500000E+00   3.000000E+00              1
          301   3.000000E+00   3.000000E+00              1
          302   3.500000E+00   3.000000E+00              1
          303   4.000000E+00   3.000000E+00              1
          304   4.500000E+00   3.000000E+00              1
          305   5.000000E+00   3.000000E+00              1
          306   5.500000E+00   3.000000E+00              1
          307   6.000000E+00   3.000000E+00              1
          308   6.500000E+00   3.000000E+00              1
          309   7.000000E+00   3.000000E+00              3
          310   7.500000E+00   3.000000E+00              3
          311   8.000000E+00   3.000000E+00              3
          312   8.500000E+00   3.000000E+00              3
          313   9.000000E+00   3.000000E+00              3
          314   9.500000E+00   3.000000E+00              3
          315   1.000000E+01   3.000000E+00              3
          316   0.000000E+00   2.500000E+00              1
          317   5.000000E-01   2.500000E+00              1
          318   1.000000E+00   2.500000E+00              1
          319   1.500000E+00   2.500000E+00              1
          320   2.000000E+00   2.500000E+00              1
          321   2.500000E+00   2.500000E+00              1
          322   3.000000E+00   2.500000E+00              1
          323   3.500000E+00   2.500000E+00              1
          324   4.000000E+00   2.500000E+00              1
          325   4.500000E+00   2.500000E+00              1
          326   5.000000E+00   2.500000E+00              1
          327   5.500000E+00   2.500000E+00              3
          328   6.000000E+00   2.500000E+00              3
          329   6.500000E+00   2.500000E+00              3
          330   7.000000E+00   2.500000E+00              3
          331   7.500000E+00   2.500000E+00              3
          332   8.000000E+00   2.500000E+00              3
          333   8.500000E+00   2.500000E+00              3
          334   9.000000E+00   2.500000E+00              3
          335   9.500000E+00   2.500000E+00              3
          336   1.000000E+01   2.500000E+00              3
          337   0.000000E+00   2.000000E+00              1
          338   5.000000E-01   2.000000E+00              1
          339   1.000000E+00   2.000000E+00              1
          340   1.500000E+00   2.000000E+00              1
          341   2.000000E+00   2.000000E+00              1
          342   2.500000E+00   2.000000E+00              1
          343   3.000000E+00   2.000000E+00              1
          344   3.500000E+00   2.000000E+00              1
          345   4.000000E+00   2.000000E+00              3
          346   4.500000E+00   2.000000E+00              3
          347   5.000000E+00   2.000000E+00              3
          348   5.500000E+00   2.000000E+00              3
          349   6.000000E+00   2.000000E+00              3
          350   6.500000E+00   2.000000E+00              3
          351   7.000000E+00   2.000000E+00              3
          352   7.500000E+00   2.000000E+00              3
          353   8.000000E+00   2.000000E+00              3
          354   8.500000E+00   2.000000E+00              3
          355   9.000000E+00   2.000000E+00              3
          356   9.500000E+00   2.000000E+00              3
          357   1.000000E+01   2.000000E+00              3
          358   0.000000E+00   1.500000E+00              1
          359   5.000000E-01   1.500000E+00              1
          360   1.000000E+00   1.500000E+00              1
          361   1.500000E+00   1.500000E+00              1
          362   2.000000E+00   1.500000E+00              3
          363   2.500000E+00   1.500000E+00              3
          364   3.000000E+00   1.500000E+00              3
          365   3.500000E+00   1.500000E+00              3
          366   4.000000E+00   1.500000E+00              3
          367   4.500000E+00   1.500000E+00              3
          368   5.000000E+00   1.500000E+00              3
          369   5.500000E+00   1.500000E+00              3
          370   6.000000E+00   1.500000E+00              3
          371   6.500000E+00   1.500000E+00              3
          372   7.000000E+00   1.500000E+00              3
