#TIME      <--- WTDEPTH(NODVP(I)), I=1,2,...,NUMVP --->
   1.000000E-02   3.350001E-01
   1.500000E-02   3.350001E-01
   2.050000E-02   3.350002E-01
   2.655000E-02   3.350002E-01
   3.320500E-02   3.350003E-01
   3.653250E-02   3.350003E-01
   4.019275E-02   3.350004E-01
   4.385300E-02   3.350004E-01
   4.787928E-02   3.350005E-01
   5.190555E-02   3.350005E-01
   5.593183E-02   3.350006E-01
   5.794496E-02   3.350006E-01
   6.015941E-02   3.350006E-01
   6.259531E-02   3.350007E-01
   6.527480E-02   3.350007E-01
   6.795428E-02   3.350008E-01
   7.063377E-02   3.350008E-01
   7.331325E-02   3.350008E-01
   7.599274E-02   3.350009E-01
   7.867223E-02   3.350009E-01
   8.135171E-02   3.350010E-01
   8.403120E-02   3.350010E-01
   8.671068E-02   3.350011E-01
   8.939017E-02   3.350011E-01
   9.206966E-02   3.350011E-01
   9.501709E-02   3.350012E-01
   9.796453E-02   3.350013E-01
   1.012067E-01   3.350013E-01
   1.044489E-01   3.350014E-01
   1.076911E-01   3.350014E-01
   1.112575E-01   3.350015E-01
   1.148239E-01   3.350016E-01
   1.183902E-01   3.350016E-01
   1.219566E-01   3.350017E-01
   1.255230E-01   3.350018E-01
   1.290894E-01   3.350018E-01
   1.326558E-01   3.350019E-01
   1.365789E-01   3.350020E-01
   1.405019E-01   3.350020E-01
   1.444249E-01   3.350021E-01
   1.483480E-01   3.350022E-01
   1.522710E-01   3.350023E-01
   1.561940E-01   3.350023E-01
   1.601171E-01   3.350024E-01
   1.640401E-01   3.350025E-01
   1.683555E-01   3.350026E-01
   1.726708E-01   3.350027E-01
   1.769861E-01   3.350027E-01
   1.817330E-01   3.350028E-01
   1.864799E-01   3.350029E-01
   1.912268E-01   3.350030E-01
   1.959736E-01   3.350031E-01
   2.011952E-01   3.350032E-01
   2.064167E-01   3.350033E-01
   2.116383E-01   3.350034E-01
   2.168599E-01   3.350036E-01
   2.220814E-01   3.350037E-01
   2.278251E-01   3.350038E-01
   2.335689E-01   3.350039E-01
   2.393126E-01   3.350040E-01
   2.456307E-01   3.350042E-01
   2.519487E-01   3.350043E-01
   2.582668E-01   3.350044E-01
   2.652167E-01   3.350046E-01
   2.721666E-01   3.350047E-01
   2.791165E-01   3.350049E-01
   2.867614E-01   3.350051E-01
   2.944063E-01   3.350052E-01
   3.020512E-01   3.350054E-01
   3.104606E-01   3.350056E-01
   3.188699E-01   3.350058E-01
   3.272793E-01   3.350059E-01
   3.356887E-01   3.350061E-01
   3.449390E-01   3.350063E-01
   3.551143E-01   3.350066E-01
   3.663072E-01   3.350068E-01
   3.775001E-01   3.350071E-01
   3.886930E-01   3.350073E-01
   3.998859E-01   3.350076E-01
   4.121980E-01   3.350079E-01
   4.257414E-01   3.350082E-01
   4.406391E-01   3.350085E-01
   4.555368E-01   3.350089E-01
   4.704346E-01   3.350092E-01
   4.868221E-01   3.350096E-01
   5.048483E-01   3.350100E-01
   5.246772E-01   3.350105E-01
   5.445060E-01   3.350110E-01
   5.663178E-01   3.350115E-01
   5.903107E-01   3.350121E-01
   6.143036E-01   3.350126E-01
   6.382966E-01   3.350131E-01
   6.622895E-01   3.350137E-01
   6.886817E-01   3.350143E-01
   7.150739E-01   3.350149E-01
   7.441054E-01   3.350156E-01
   7.760400E-01   3.350164E-01
   8.079746E-01   3.350171E-01
   8.431026E-01   3.350180E-01
   8.817435E-01   3.350189E-01
   9.242484E-01   3.350200E-01
   9.710038E-01   3.350211E-01
   1.022435E+00   3.350224E-01
   1.079009E+00   3.350238E-01
   1.141240E+00   3.350253E-01
   1.203472E+00   3.350267E-01
   1.265703E+00   3.350281E-01
   1.327935E+00   3.350295E-01
   1.396389E+00   3.350312E-01
   1.471689E+00   3.350330E-01
   1.546990E+00   3.350347E-01
   1.629820E+00   3.350368E-01
   1.720933E+00   3.350390E-01
   1.812046E+00   3.350410E-01
   1.912270E+00   3.350435E-01
   2.012495E+00   3.350457E-01
   2.112719E+00   3.350480E-01
   2.212944E+00   3.350502E-01
   2.323190E+00   3.350529E-01
   2.444462E+00   3.350559E-01
   2.577861E+00   3.350592E-01
   2.711259E+00   3.350622E-01
   2.857998E+00   3.350658E-01
   3.004736E+00   3.350690E-01
   3.166149E+00   3.350730E-01
   3.343703E+00   3.350774E-01
   3.521256E+00   3.350813E-01
   3.716565E+00   3.350862E-01
   3.931405E+00   3.350914E-01
   4.167729E+00   3.350973E-01
   4.404053E+00   3.351025E-01
   4.664009E+00   3.351089E-01
   4.949961E+00   3.351160E-01
   5.235913E+00   3.351223E-01
   5.550460E+00   3.351301E-01
   5.896462E+00   3.351386E-01
   6.277064E+00   3.351480E-01
   6.657666E+00   3.351565E-01
   7.076329E+00   3.351668E-01
   7.494991E+00   3.351761E-01
   7.955519E+00   3.351874E-01
   8.462101E+00   3.351999E-01
   9.019340E+00   3.352136E-01
   9.576580E+00   3.352260E-01
   1.018954E+01   3.352411E-01
   1.086380E+01   3.352577E-01
   1.153806E+01   3.352727E-01
   1.227975E+01   3.352910E-01
   1.309560E+01   3.353110E-01
   1.399304E+01   3.353331E-01
   1.498023E+01   3.353574E-01
   1.606613E+01   3.353841E-01
   1.726062E+01   3.354135E-01
   1.845511E+01   3.354401E-01
   1.964960E+01   3.354666E-01
   2.096355E+01   3.354990E-01
   2.240888E+01   3.355345E-01
   2.399875E+01   3.355736E-01
   2.558862E+01   3.356090E-01
   2.733748E+01   3.356520E-01
   2.908633E+01   3.356909E-01
   3.101007E+01   3.357382E-01
   3.312619E+01   3.357902E-01
   3.524231E+01   3.358372E-01
   3.757003E+01   3.358943E-01
   4.013053E+01   3.359572E-01
   4.294708E+01   3.360262E-01
   4.604529E+01   3.361021E-01
   4.945332E+01   3.361855E-01
   5.286134E+01   3.362608E-01
   5.661017E+01   3.363522E-01
   6.073388E+01   3.364526E-01
   6.526996E+01   3.365627E-01
   6.980605E+01   3.366618E-01
   7.479574E+01   3.367820E-01
   7.978543E+01   3.368900E-01
   8.527409E+01   3.370206E-01
   9.131161E+01   3.371633E-01
   9.795289E+01   3.373187E-01
   1.052583E+02   3.374883E-01
   1.132942E+02   3.376719E-01
   1.221338E+02   3.378682E-01
   1.318573E+02   3.380763E-01
   1.418573E+02   3.382651E-01
   1.518573E+02   3.384370E-01
   1.618573E+02   3.385990E-01
   1.718573E+02   3.387511E-01
   1.818573E+02   3.388938E-01
   1.918573E+02   3.390274E-01
   1.968573E+02   3.389651E-01
   2.023573E+02   3.390453E-01
   2.084073E+02   3.391310E-01
   2.150623E+02   3.392228E-01
   2.217173E+02   3.392968E-01
   2.290378E+02   3.393919E-01
   2.370903E+02   3.394930E-01
   2.459481E+02   3.396000E-01
   2.556917E+02   3.397128E-01
   2.654353E+02   3.397988E-01
   2.754353E+02   3.398888E-01
   2.854353E+02   3.399679E-01
   2.954353E+02   3.400428E-01
   3.054353E+02   3.401135E-01
   3.154353E+02   3.401806E-01
   3.254353E+02   3.402441E-01
   3.354353E+02   3.403040E-01
   3.454353E+02   3.403608E-01
   3.554353E+02   3.404146E-01
   3.654353E+02   3.404657E-01
   3.754353E+02   3.405143E-01
   3.854353E+02   3.405606E-01
   3.954353E+02   3.406048E-01
   4.054353E+02   3.406470E-01
   4.154353E+02   3.406872E-01
   4.254353E+02   3.407257E-01
   4.354353E+02   3.407624E-01
   4.454353E+02   3.407976E-01
   4.554353E+02   3.408312E-01
   4.654353E+02   3.408634E-01
   4.754353E+02   3.408942E-01
   4.854353E+02   3.409237E-01
   4.954353E+02   3.409519E-01
   5.054353E+02   3.409789E-01
   5.154353E+02   3.410047E-01
   5.254353E+02   3.410294E-01
   5.354353E+02   3.410531E-01
   5.454353E+02   3.410757E-01
   5.554353E+02   3.410974E-01
   5.654353E+02   3.411181E-01
   5.754353E+02   3.411379E-01
   5.854353E+02   3.411569E-01
   5.954353E+02   3.411751E-01
   6.054353E+02   3.411924E-01
   6.154353E+02   3.412090E-01
   6.254353E+02   3.412249E-01
   6.354353E+02   3.412400E-01
   6.454353E+02   3.412546E-01
   6.554353E+02   3.412684E-01
   6.654353E+02   3.412817E-01
   6.754353E+02   3.412944E-01
   6.854353E+02   3.413065E-01
   6.954353E+02   3.413181E-01
   7.054353E+02   3.413292E-01
   7.154353E+02   3.413397E-01
   7.254353E+02   3.413498E-01
   7.354353E+02   3.413593E-01
   7.454353E+02   3.413685E-01
   7.554353E+02   3.413772E-01
   7.654353E+02   3.413855E-01
   7.754353E+02   3.413934E-01
   7.854353E+02   3.414009E-01
   7.954353E+02   3.414080E-01
   8.054353E+02   3.414148E-01
   8.154353E+02   3.414212E-01
   8.254353E+02   3.414273E-01
   8.354353E+02   3.414331E-01
   8.454353E+02   3.414386E-01
   8.554353E+02   3.414437E-01
   8.654353E+02   3.414486E-01
   8.754353E+02   3.414532E-01
   8.854353E+02   3.414575E-01
   8.954353E+02   3.414616E-01
   9.054353E+02   3.414654E-01
   9.154353E+02   3.414690E-01
   9.254353E+02   3.414724E-01
   9.354353E+02   3.414756E-01
   9.454353E+02   3.414786E-01
   9.554353E+02   3.414813E-01
   9.654353E+02   3.414838E-01
   9.754353E+02   3.414862E-01
   9.854353E+02   3.414883E-01
   9.954353E+02   3.414902E-01
   1.005435E+03   3.414920E-01
   1.015435E+03   3.414935E-01
   1.025435E+03   3.414949E-01
   1.035435E+03   3.414962E-01
   1.045435E+03   3.414972E-01
   1.055435E+03   3.414981E-01
   1.065435E+03   3.414989E-01
   1.075435E+03   3.414995E-01
   1.085435E+03   3.415000E-01
   1.095435E+03   3.415003E-01
   1.105435E+03   3.415005E-01
   1.115435E+03   3.415005E-01
   1.125435E+03   3.415004E-01
   1.135435E+03   3.415002E-01
   1.145435E+03   3.414998E-01
   1.155435E+03   3.414993E-01
   1.165435E+03   3.414987E-01
   1.175435E+03   3.414979E-01
   1.185435E+03   3.414971E-01
   1.195435E+03   3.414961E-01
   1.205435E+03   3.414951E-01
   1.215435E+03   3.414939E-01
   1.225435E+03   3.414927E-01
   1.235435E+03   3.414914E-01
   1.245435E+03   3.414900E-01
   1.255435E+03   3.414885E-01
   1.265435E+03   3.414870E-01
   1.275435E+03   3.414854E-01
   1.285435E+03   3.414838E-01
   1.295435E+03   3.414820E-01
   1.305435E+03   3.414802E-01
   1.315435E+03   3.414783E-01
   1.325435E+03   3.414764E-01
   1.335435E+03   3.414745E-01
   1.345435E+03   3.414725E-01
   1.355435E+03   3.414705E-01
   1.365435E+03   3.414684E-01
   1.375435E+03   3.414663E-01
   1.385435E+03   3.414641E-01
   1.395435E+03   3.414619E-01
   1.405435E+03   3.414597E-01
   1.415435E+03   3.414574E-01
   1.425435E+03   3.414551E-01
   1.435435E+03   3.414527E-01
   1.445435E+03   3.414503E-01
   1.455435E+03   3.414479E-01
   1.465435E+03   3.414454E-01
   1.475435E+03   3.414429E-01
   1.485435E+03   3.414404E-01
   1.495435E+03   3.414379E-01
   1.505435E+03   3.414353E-01
   1.515435E+03   3.414327E-01
   1.525435E+03   3.414300E-01
   1.535435E+03   3.414274E-01
   1.545435E+03   3.414247E-01
   1.555435E+03   3.414219E-01
   1.565435E+03   3.414192E-01
   1.575435E+03   3.414164E-01
   1.585435E+03   3.414136E-01
   1.595435E+03   3.414107E-01
   1.605435E+03   3.414078E-01
   1.615435E+03   3.414049E-01
   1.625435E+03   3.414020E-01
   1.635435E+03   3.413990E-01
   1.645435E+03   3.413961E-01
   1.655435E+03   3.413931E-01
   1.665435E+03   3.413902E-01
   1.675435E+03   3.413872E-01
   1.685435E+03   3.413841E-01
   1.695435E+03   3.413811E-01
   1.705435E+03   3.413781E-01
   1.715435E+03   3.413751E-01
   1.725435E+03   3.413720E-01
   1.735435E+03   3.413689E-01
   1.745435E+03   3.413659E-01
   1.755435E+03   3.413628E-01
   1.765435E+03   3.413597E-01
   1.775435E+03   3.413566E-01
   1.785435E+03   3.413534E-01
   1.795435E+03   3.413503E-01
   1.805435E+03   3.413471E-01
   1.815435E+03   3.413439E-01
   1.825435E+03   3.413407E-01
   1.835435E+03   3.413374E-01
   1.845435E+03   3.413342E-01
   1.855435E+03   3.413309E-01
   1.865435E+03   3.413276E-01
   1.875435E+03   3.413243E-01
   1.885435E+03   3.413210E-01
   1.895435E+03   3.413176E-01
   1.905435E+03   3.413143E-01
   1.915435E+03   3.413109E-01
   1.925435E+03   3.413075E-01
   1.935435E+03   3.413042E-01
   1.945435E+03   3.413008E-01
   1.955435E+03   3.412974E-01
   1.965435E+03   3.412940E-01
   1.975435E+03   3.412906E-01
   1.985435E+03   3.412872E-01
   1.995435E+03   3.412838E-01
   2.005435E+03   3.412804E-01
   2.015435E+03   3.412770E-01
   2.025435E+03   3.412736E-01
   2.035435E+03   3.412702E-01
   2.045435E+03   3.412668E-01
   2.055435E+03   3.412634E-01
   2.065435E+03   3.412600E-01
   2.075435E+03   3.412566E-01
   2.085435E+03   3.412533E-01
   2.095435E+03   3.412499E-01
   2.105435E+03   3.412465E-01
   2.115435E+03   3.412431E-01
   2.125435E+03   3.412397E-01
   2.135435E+03   3.412363E-01
   2.145435E+03   3.412330E-01
   2.155435E+03   3.412296E-01
   2.165435E+03   3.412263E-01
   2.175435E+03   3.412229E-01
   2.185435E+03   3.412196E-01
   2.195435E+03   3.412163E-01
   2.205435E+03   3.412130E-01
   2.215435E+03   3.412097E-01
   2.225435E+03   3.412064E-01
   2.235435E+03   3.412032E-01
   2.245435E+03   3.411999E-01
   2.255435E+03   3.411967E-01
   2.265435E+03   3.411935E-01
   2.275435E+03   3.411903E-01
   2.285435E+03   3.411870E-01
   2.295435E+03   3.411838E-01
   2.305435E+03   3.411806E-01
   2.315435E+03   3.411775E-01
   2.325435E+03   3.411743E-01
   2.335435E+03   3.411711E-01
   2.345435E+03   3.411678E-01
   2.355435E+03   3.411646E-01
   2.365435E+03   3.411614E-01
   2.375435E+03   3.411582E-01
   2.385435E+03   3.411550E-01
   2.395435E+03   3.411519E-01
   2.405435E+03   3.411487E-01
   2.415435E+03   3.411455E-01
   2.425435E+03   3.411423E-01
   2.435435E+03   3.411391E-01
   2.445435E+03   3.411360E-01
   2.455435E+03   3.411328E-01
   2.465435E+03   3.411296E-01
   2.475435E+03   3.411264E-01
   2.485435E+03   3.411232E-01
   2.495435E+03   3.411200E-01
   2.505435E+03   3.411168E-01
   2.515435E+03   3.411136E-01
   2.525435E+03   3.411105E-01
   2.535435E+03   3.411073E-01
   2.545435E+03   3.411041E-01
   2.555435E+03   3.411009E-01
   2.565435E+03   3.410978E-01
   2.575435E+03   3.410946E-01
   2.585435E+03   3.410914E-01
   2.595435E+03   3.410882E-01
   2.605435E+03   3.410850E-01
   2.615435E+03   3.410818E-01
   2.625435E+03   3.410786E-01
   2.635435E+03   3.410754E-01
   2.645435E+03   3.410722E-01
   2.655435E+03   3.410690E-01
   2.665435E+03   3.410658E-01
   2.675435E+03   3.410625E-01
   2.685435E+03   3.410593E-01
   2.695435E+03   3.410561E-01
   2.705435E+03   3.410529E-01
   2.715435E+03   3.410496E-01
   2.725435E+03   3.410464E-01
   2.735435E+03   3.410432E-01
   2.745435E+03   3.410399E-01
   2.755435E+03   3.410367E-01
   2.765435E+03   3.410335E-01
   2.775435E+03   3.410302E-01
   2.785435E+03   3.410270E-01
   2.795435E+03   3.410237E-01
   2.805435E+03   3.410205E-01
   2.815435E+03   3.410173E-01
   2.825435E+03   3.410140E-01
   2.835435E+03   3.410108E-01
   2.845435E+03   3.410076E-01
   2.855435E+03   3.410043E-01
   2.865435E+03   3.410011E-01
   2.875435E+03   3.409979E-01
   2.885435E+03   3.409947E-01
   2.895435E+03   3.409915E-01
   2.905435E+03   3.409883E-01
   2.915435E+03   3.409852E-01
   2.925435E+03   3.409820E-01
   2.935435E+03   3.409788E-01
   2.945435E+03   3.409757E-01
   2.955435E+03   3.409726E-01
   2.965435E+03   3.409695E-01
   2.975435E+03   3.409664E-01
   2.985435E+03   3.409634E-01
   2.995435E+03   3.409603E-01
   3.005435E+03   3.409573E-01
   3.015435E+03   3.409543E-01
   3.025435E+03   3.409513E-01
   3.035435E+03   3.409483E-01
   3.045435E+03   3.409453E-01
   3.055435E+03   3.409423E-01
   3.065435E+03   3.409393E-01
   3.075435E+03   3.409363E-01
   3.085435E+03   3.409333E-01
   3.095435E+03   3.409304E-01
   3.105435E+03   3.409274E-01
   3.115435E+03   3.409245E-01
   3.125435E+03   3.409216E-01
   3.135435E+03   3.409187E-01
   3.145435E+03   3.409158E-01
   3.155435E+03   3.409129E-01
   3.165435E+03   3.409100E-01
   3.175435E+03   3.409071E-01
   3.185435E+03   3.409042E-01
   3.195435E+03   3.409013E-01
   3.205435E+03   3.408984E-01
   3.215435E+03   3.408956E-01
   3.225435E+03   3.408928E-01
   3.235435E+03   3.408899E-01
   3.245435E+03   3.408871E-01
   3.255435E+03   3.408843E-01
   3.265435E+03   3.408815E-01
   3.275435E+03   3.408787E-01
   3.285435E+03   3.408759E-01
   3.295435E+03   3.408731E-01
   3.305435E+03   3.408703E-01
   3.315435E+03   3.408675E-01
   3.325435E+03   3.408647E-01
   3.335435E+03   3.408619E-01
   3.345435E+03   3.408591E-01
   3.355435E+03   3.408563E-01
   3.365435E+03   3.408535E-01
   3.375435E+03   3.408507E-01
   3.385435E+03   3.408480E-01
   3.395435E+03   3.408452E-01
   3.405435E+03   3.408424E-01
   3.415435E+03   3.408397E-01
   3.425435E+03   3.408369E-01
   3.435435E+03   3.408341E-01
   3.445435E+03   3.408314E-01
   3.455435E+03   3.408286E-01
   3.465435E+03   3.408259E-01
   3.475435E+03   3.408231E-01
   3.485435E+03   3.408204E-01
   3.495435E+03   3.408177E-01
   3.505435E+03   3.408149E-01
   3.515435E+03   3.408122E-01
   3.525435E+03   3.408095E-01
   3.535435E+03   3.408068E-01
   3.545435E+03   3.408041E-01
   3.555435E+03   3.408014E-01
   3.565435E+03   3.407987E-01
   3.575435E+03   3.407959E-01
