north:     0
south:           0.00000000
east:      0
west:            0.00000000
rows:     20
cols:     20
   0.000000000000E+00   0.000000000000E+00   0.000000000000E+00   0.000000000000E+00   0.000000000000E+00   0.000000000000E+00   0.000000000000E+00   0.000000000000E+00   0.000000000000E+00   0.000000000000E+00   0.000000000000E+00   0.000000000000E+00   0.000000000000E+00   0.000000000000E+00   0.000000000000E+00   0.000000000000E+00   0.000000000000E+00   0.000000000000E+00   0.000000000000E+00   0.000000000000E+00
   0.000000000000E+00   0.100000000000E+01   0.100000000000E+01   0.100000000000E+01   0.100000000000E+01   0.100000000000E+01   0.100000000000E+01   0.100000000000E+01   0.100000000000E+01   0.100000000000E+01   0.100000000000E+01   0.100000000000E+01   0.100000000000E+01   0.100000000000E+01   0.100000000000E+01   0.100000000000E+01   0.100000000000E+01   0.100000000000E+01   0.100000000000E+01   0.000000000000E+00
   0.000000000000E+00   0.100000000000E+01   0.100000000000E+01   0.100000000000E+01   0.100000000000E+01   0.100000000000E+01   0.100000000000E+01   0.100000000000E+01   0.100000000000E+01   0.100000000000E+01   0.100000000000E+01   0.100000000000E+01   0.100000000000E+01   0.100000000000E+01   0.100000000000E+01   0.100000000000E+01   0.100000000000E+01   0.100000000000E+01   0.100000000000E+01   0.000000000000E+00
   0.000000000000E+00   0.100000000000E+01   0.100000000000E+01   0.100000000000E+01   0.100000000000E+01   0.100000000000E+01   0.100000000000E+01   0.100000000000E+01   0.100000000000E+01   0.100000000000E+01   0.100000000000E+01   0.100000000000E+01   0.100000000000E+01   0.100000000000E+01   0.100000000000E+01   0.100000000000E+01   0.100000000000E+01   0.100000000000E+01   0.100000000000E+01   0.000000000000E+00
   0.000000000000E+00   0.100000000000E+01   0.100000000000E+01   0.100000000000E+01   0.100000000000E+01   0.100000000000E+01   0.100000000000E+01   0.100000000000E+01   0.100000000000E+01   0.100000000000E+01   0.100000000000E+01   0.100000000000E+01   0.100000000000E+01   0.100000000000E+01   0.100000000000E+01   0.100000000000E+01   0.100000000000E+01   0.100000000000E+01   0.100000000000E+01   0.000000000000E+00
   0.000000000000E+00   0.100000000000E+01   0.100000000000E+01   0.100000000000E+01   0.100000000000E+01   0.100000000000E+01   0.100000000000E+01   0.100000000000E+01   0.100000000000E+01   0.100000000000E+01   0.100000000000E+01   0.100000000000E+01   0.100000000000E+01   0.100000000000E+01   0.100000000000E+01   0.100000000000E+01   0.100000000000E+01   0.100000000000E+01   0.100000000000E+01   0.000000000000E+00
   0.000000000000E+00   0.100000000000E+01   0.100000000000E+01   0.100000000000E+01   0.100000000000E+01   0.100000000000E+01   0.100000000000E+01   0.100000000000E+01   0.100000000000E+01   0.100000000000E+01   0.100000000000E+01   0.100000000000E+01   0.100000000000E+01   0.100000000000E+01   0.100000000000E+01   0.100000000000E+01   0.100000000000E+01   0.100000000000E+01   0.100000000000E+01   0.000000000000E+00
   0.000000000000E+00   0.100000000000E+01   0.100000000000E+01   0.100000000000E+01   0.100000000000E+01   0.100000000000E+01   0.100000000000E+01   0.100000000000E+01   0.100000000000E+01   0.100000000000E+01   0.100000000000E+01   0.100000000000E+01   0.100000000000E+01   0.100000000000E+01   0.100000000000E+01   0.100000000000E+01   0.100000000000E+01   0.100000000000E+01   0.100000000000E+01   0.000000000000E+00
   0.000000000000E+00   0.100000000000E+01   0.100000000000E+01   0.100000000000E+01   0.100000000000E+01   0.100000000000E+01   0.100000000000E+01   0.100000000000E+01   0.100000000000E+01   0.100000000000E+01   0.100000000000E+01   0.100000000000E+01   0.100000000000E+01   0.100000000000E+01   0.100000000000E+01   0.100000000000E+01   0.100000000000E+01   0.100000000000E+01   0.100000000000E+01   0.000000000000E+00
   0.000000000000E+00   0.100000000000E+01   0.100000000000E+01   0.100000000000E+01   0.100000000000E+01   0.100000000000E+01   0.100000000000E+01   0.100000000000E+01   0.100000000000E+01   0.100000000000E+01   0.100000000000E+01   0.100000000000E+01   0.100000000000E+01   0.100000000000E+01   0.100000000000E+01   0.100000000000E+01   0.100000000000E+01   0.100000000000E+01   0.100000000000E+01   0.000000000000E+00
   0.000000000000E+00   0.100000000000E+01   0.100000000000E+01   0.100000000000E+01   0.100000000000E+01   0.100000000000E+01   0.100000000000E+01   0.100000000000E+01   0.100000000000E+01   0.100000000000E+01   0.100000000000E+01   0.100000000000E+01   0.100000000000E+01   0.100000000000E+01   0.100000000000E+01   0.100000000000E+01   0.100000000000E+01   0.100000000000E+01   0.100000000000E+01   0.000000000000E+00
   0.000000000000E+00   0.100000000000E+01   0.100000000000E+01   0.100000000000E+01   0.100000000000E+01   0.100000000000E+01   0.100000000000E+01   0.100000000000E+01   0.100000000000E+01   0.100000000000E+01   0.100000000000E+01   0.100000000000E+01   0.100000000000E+01   0.100000000000E+01   0.100000000000E+01   0.100000000000E+01   0.100000000000E+01   0.100000000000E+01   0.100000000000E+01   0.000000000000E+00
   0.000000000000E+00   0.100000000000E+01   0.100000000000E+01   0.100000000000E+01   0.100000000000E+01   0.100000000000E+01   0.100000000000E+01   0.100000000000E+01   0.100000000000E+01   0.100000000000E+01   0.100000000000E+01   0.100000000000E+01   0.100000000000E+01   0.100000000000E+01   0.100000000000E+01   0.100000000000E+01   0.100000000000E+01   0.100000000000E+01   0.100000000000E+01   0.000000000000E+00
   0.000000000000E+00   0.100000000000E+01   0.100000000000E+01   0.100000000000E+01   0.100000000000E+01   0.100000000000E+01   0.100000000000E+01   0.100000000000E+01   0.100000000000E+01   0.100000000000E+01   0.100000000000E+01   0.100000000000E+01   0.100000000000E+01   0.100000000000E+01   0.100000000000E+01   0.100000000000E+01   0.100000000000E+01   0.100000000000E+01   0.100000000000E+01   0.000000000000E+00
   0.000000000000E+00   0.100000000000E+01   0.100000000000E+01   0.100000000000E+01   0.100000000000E+01   0.100000000000E+01   0.100000000000E+01   0.100000000000E+01   0.100000000000E+01   0.100000000000E+01   0.100000000000E+01   0.100000000000E+01   0.100000000000E+01   0.100000000000E+01   0.100000000000E+01   0.100000000000E+01   0.100000000000E+01   0.100000000000E+01   0.100000000000E+01   0.000000000000E+00
   0.000000000000E+00   0.100000000000E+01   0.100000000000E+01   0.100000000000E+01   0.100000000000E+01   0.100000000000E+01   0.100000000000E+01   0.100000000000E+01   0.100000000000E+01   0.100000000000E+01   0.100000000000E+01   0.100000000000E+01   0.100000000000E+01   0.100000000000E+01   0.100000000000E+01   0.100000000000E+01   0.100000000000E+01   0.100000000000E+01   0.100000000000E+01   0.000000000000E+00
   0.000000000000E+00   0.100000000000E+01   0.100000000000E+01   0.100000000000E+01   0.100000000000E+01   0.100000000000E+01   0.100000000000E+01   0.100000000000E+01   0.100000000000E+01   0.100000000000E+01   0.100000000000E+01   0.100000000000E+01   0.100000000000E+01   0.100000000000E+01   0.100000000000E+01   0.100000000000E+01   0.100000000000E+01   0.100000000000E+01   0.100000000000E+01   0.000000000000E+00
   0.000000000000E+00   0.100000000000E+01   0.100000000000E+01   0.100000000000E+01   0.100000000000E+01   0.100000000000E+01   0.100000000000E+01   0.100000000000E+01   0.100000000000E+01   0.100000000000E+01   0.100000000000E+01   0.100000000000E+01   0.100000000000E+01   0.100000000000E+01   0.100000000000E+01   0.100000000000E+01   0.100000000000E+01   0.100000000000E+01   0.100000000000E+01   0.000000000000E+00
   0.000000000000E+00   0.100000000000E+01   0.100000000000E+01   0.100000000000E+01   0.100000000000E+01   0.100000000000E+01   0.100000000000E+01   0.100000000000E+01   0.100000000000E+01   0.100000000000E+01   0.100000000000E+01   0.100000000000E+01   0.100000000000E+01   0.100000000000E+01   0.100000000000E+01   0.100000000000E+01   0.100000000000E+01   0.100000000000E+01   0.100000000000E+01   0.000000000000E+00
   0.000000000000E+00   0.000000000000E+00   0.000000000000E+00   0.000000000000E+00   0.000000000000E+00   0.000000000000E+00   0.000000000000E+00   0.000000000000E+00   0.000000000000E+00   0.000000000000E+00   0.000000000000E+00   0.000000000000E+00   0.000000000000E+00   0.000000000000E+00   0.000000000000E+00   0.000000000000E+00   0.000000000000E+00   0.000000000000E+00   0.000000000000E+00   0.000000000000E+00
