#NSTEP     DELTAT       TIME   NET NATM,NSF DIR FLUX   NET NATM,NSF NEU FLUX
     1  1.000E-02  1.000E-02             0.00000E+00             0.00000E+00
     2  5.000E-03  1.500E-02             0.00000E+00             0.00000E+00
     3  5.500E-03  2.050E-02             0.00000E+00             0.00000E+00
     4  6.050E-03  2.655E-02             0.00000E+00             0.00000E+00
     5  6.655E-03  3.320E-02             0.00000E+00             0.00000E+00
     6  3.328E-03  3.653E-02             0.00000E+00             0.00000E+00
     7  3.660E-03  4.019E-02             0.00000E+00             0.00000E+00
     8  3.660E-03  4.385E-02             0.00000E+00             0.00000E+00
     9  4.026E-03  4.788E-02             0.00000E+00             0.00000E+00
    10  4.026E-03  5.191E-02             0.00000E+00             0.00000E+00
    11  4.026E-03  5.593E-02             0.00000E+00             0.00000E+00
    12  2.013E-03  5.794E-02             0.00000E+00             0.00000E+00
    13  2.214E-03  6.016E-02             0.00000E+00             0.00000E+00
    14  2.436E-03  6.260E-02             0.00000E+00             0.00000E+00
    15  2.679E-03  6.527E-02             0.00000E+00             0.00000E+00
    16  2.679E-03  6.795E-02             0.00000E+00             0.00000E+00
    17  2.679E-03  7.063E-02             0.00000E+00             0.00000E+00
    18  2.679E-03  7.331E-02             0.00000E+00             0.00000E+00
    19  2.679E-03  7.599E-02             0.00000E+00             0.00000E+00
    20  2.679E-03  7.867E-02             0.00000E+00             0.00000E+00
    21  2.679E-03  8.135E-02             0.00000E+00             0.00000E+00
    22  2.679E-03  8.403E-02             0.00000E+00             0.00000E+00
    23  2.679E-03  8.671E-02             0.00000E+00             0.00000E+00
    24  2.679E-03  8.939E-02             0.00000E+00             0.00000E+00
    25  2.679E-03  9.207E-02             0.00000E+00             0.00000E+00
    26  2.947E-03  9.502E-02             0.00000E+00             0.00000E+00
    27  2.947E-03  9.796E-02             0.00000E+00             0.00000E+00
    28  3.242E-03  1.012E-01             0.00000E+00             0.00000E+00
    29  3.242E-03  1.044E-01             0.00000E+00             0.00000E+00
    30  3.242E-03  1.077E-01             0.00000E+00             0.00000E+00
    31  3.566E-03  1.113E-01             0.00000E+00             0.00000E+00
    32  3.566E-03  1.148E-01             0.00000E+00             0.00000E+00
    33  3.566E-03  1.184E-01             0.00000E+00             0.00000E+00
    34  3.566E-03  1.220E-01             0.00000E+00             0.00000E+00
    35  3.566E-03  1.255E-01             0.00000E+00             0.00000E+00
    36  3.566E-03  1.291E-01             0.00000E+00             0.00000E+00
    37  3.566E-03  1.327E-01             0.00000E+00             0.00000E+00
    38  3.923E-03  1.366E-01             0.00000E+00             0.00000E+00
    39  3.923E-03  1.405E-01             0.00000E+00             0.00000E+00
    40  3.923E-03  1.444E-01             0.00000E+00             0.00000E+00
    41  3.923E-03  1.483E-01             0.00000E+00             0.00000E+00
    42  3.923E-03  1.523E-01             0.00000E+00             0.00000E+00
    43  3.923E-03  1.562E-01             0.00000E+00             0.00000E+00
    44  3.923E-03  1.601E-01             0.00000E+00             0.00000E+00
    45  3.923E-03  1.640E-01             0.00000E+00             0.00000E+00
    46  4.315E-03  1.684E-01             0.00000E+00             0.00000E+00
    47  4.315E-03  1.727E-01             0.00000E+00             0.00000E+00
    48  4.315E-03  1.770E-01             0.00000E+00             0.00000E+00
    49  4.747E-03  1.817E-01             0.00000E+00             0.00000E+00
    50  4.747E-03  1.865E-01             0.00000E+00             0.00000E+00
    51  4.747E-03  1.912E-01             0.00000E+00             0.00000E+00
    52  4.747E-03  1.960E-01             0.00000E+00             0.00000E+00
    53  5.222E-03  2.012E-01             0.00000E+00             0.00000E+00
    54  5.222E-03  2.064E-01             0.00000E+00             0.00000E+00
    55  5.222E-03  2.116E-01             0.00000E+00             0.00000E+00
    56  5.222E-03  2.169E-01             0.00000E+00             0.00000E+00
    57  5.222E-03  2.221E-01             0.00000E+00             0.00000E+00
    58  5.744E-03  2.278E-01             0.00000E+00             0.00000E+00
    59  5.744E-03  2.336E-01             0.00000E+00             0.00000E+00
    60  5.744E-03  2.393E-01             0.00000E+00             0.00000E+00
    61  6.318E-03  2.456E-01             0.00000E+00             0.00000E+00
    62  6.318E-03  2.519E-01             0.00000E+00             0.00000E+00
    63  6.318E-03  2.583E-01             0.00000E+00             0.00000E+00
    64  6.950E-03  2.652E-01             0.00000E+00             0.00000E+00
    65  6.950E-03  2.722E-01             0.00000E+00             0.00000E+00
    66  6.950E-03  2.791E-01             0.00000E+00             0.00000E+00
    67  7.645E-03  2.868E-01             0.00000E+00             0.00000E+00
    68  7.645E-03  2.944E-01             0.00000E+00             0.00000E+00
    69  7.645E-03  3.021E-01             0.00000E+00             0.00000E+00
    70  8.409E-03  3.105E-01             0.00000E+00             0.00000E+00
    71  8.409E-03  3.189E-01             0.00000E+00             0.00000E+00
    72  8.409E-03  3.273E-01             0.00000E+00             0.00000E+00
    73  8.409E-03  3.357E-01             0.00000E+00             0.00000E+00
    74  9.250E-03  3.449E-01             0.00000E+00             0.00000E+00
    75  1.018E-02  3.551E-01             0.00000E+00             0.00000E+00
    76  1.119E-02  3.663E-01             0.00000E+00             0.00000E+00
    77  1.119E-02  3.775E-01             0.00000E+00             0.00000E+00
    78  1.119E-02  3.887E-01             0.00000E+00             0.00000E+00
    79  1.119E-02  3.999E-01             0.00000E+00             0.00000E+00
    80  1.231E-02  4.122E-01             0.00000E+00             0.00000E+00
    81  1.354E-02  4.257E-01             0.00000E+00             0.00000E+00
    82  1.490E-02  4.406E-01             0.00000E+00             0.00000E+00
    83  1.490E-02  4.555E-01             0.00000E+00             0.00000E+00
    84  1.490E-02  4.704E-01             0.00000E+00             0.00000E+00
    85  1.639E-02  4.868E-01             0.00000E+00             0.00000E+00
    86  1.803E-02  5.048E-01             0.00000E+00             0.00000E+00
    87  1.983E-02  5.247E-01             0.00000E+00             0.00000E+00
    88  1.983E-02  5.445E-01             0.00000E+00             0.00000E+00
    89  2.181E-02  5.663E-01             0.00000E+00             0.00000E+00
    90  2.399E-02  5.903E-01             0.00000E+00             0.00000E+00
    91  2.399E-02  6.143E-01             0.00000E+00             0.00000E+00
    92  2.399E-02  6.383E-01             0.00000E+00             0.00000E+00
    93  2.399E-02  6.623E-01             0.00000E+00             0.00000E+00
    94  2.639E-02  6.887E-01             0.00000E+00             0.00000E+00
    95  2.639E-02  7.151E-01             0.00000E+00             0.00000E+00
    96  2.903E-02  7.441E-01             0.00000E+00             0.00000E+00
    97  3.193E-02  7.760E-01             0.00000E+00             0.00000E+00
    98  3.193E-02  8.080E-01             0.00000E+00             0.00000E+00
    99  3.513E-02  8.431E-01             0.00000E+00             0.00000E+00
   100  3.864E-02  8.817E-01             0.00000E+00             0.00000E+00
   101  4.250E-02  9.242E-01             0.00000E+00             0.00000E+00
   102  4.676E-02  9.710E-01             0.00000E+00             0.00000E+00
   103  5.143E-02  1.022E+00             0.00000E+00             0.00000E+00
   104  5.657E-02  1.079E+00             0.00000E+00             0.00000E+00
   105  6.223E-02  1.141E+00             0.00000E+00             0.00000E+00
   106  6.223E-02  1.203E+00             0.00000E+00             0.00000E+00
   107  6.223E-02  1.266E+00             0.00000E+00             0.00000E+00
   108  6.223E-02  1.328E+00             0.00000E+00             0.00000E+00
   109  6.845E-02  1.396E+00             0.00000E+00             0.00000E+00
   110  7.530E-02  1.472E+00             0.00000E+00             0.00000E+00
   111  7.530E-02  1.547E+00             0.00000E+00             0.00000E+00
   112  8.283E-02  1.630E+00             0.00000E+00             0.00000E+00
   113  9.111E-02  1.721E+00             0.00000E+00             0.00000E+00
   114  9.111E-02  1.812E+00             0.00000E+00             0.00000E+00
   115  1.002E-01  1.912E+00             0.00000E+00             0.00000E+00
   116  1.002E-01  2.012E+00             0.00000E+00             0.00000E+00
   117  1.002E-01  2.113E+00             0.00000E+00             0.00000E+00
   118  1.002E-01  2.213E+00             0.00000E+00             0.00000E+00
   119  1.102E-01  2.323E+00             0.00000E+00             0.00000E+00
   120  1.213E-01  2.444E+00             0.00000E+00             0.00000E+00
   121  1.334E-01  2.578E+00             0.00000E+00             0.00000E+00
   122  1.334E-01  2.711E+00             0.00000E+00             0.00000E+00
   123  1.467E-01  2.858E+00             0.00000E+00             0.00000E+00
   124  1.467E-01  3.005E+00             0.00000E+00             0.00000E+00
   125  1.614E-01  3.166E+00             0.00000E+00             0.00000E+00
   126  1.776E-01  3.344E+00             0.00000E+00             0.00000E+00
   127  1.776E-01  3.521E+00             0.00000E+00             0.00000E+00
   128  1.953E-01  3.717E+00             0.00000E+00             0.00000E+00
   129  2.148E-01  3.931E+00             0.00000E+00             0.00000E+00
   130  2.363E-01  4.168E+00             0.00000E+00             0.00000E+00
   131  2.363E-01  4.404E+00             0.00000E+00             0.00000E+00
   132  2.600E-01  4.664E+00             0.00000E+00             0.00000E+00
   133  2.860E-01  4.950E+00             0.00000E+00             0.00000E+00
   134  2.860E-01  5.236E+00             0.00000E+00             0.00000E+00
   135  3.145E-01  5.550E+00             0.00000E+00             0.00000E+00
   136  3.460E-01  5.896E+00             0.00000E+00             0.00000E+00
   137  3.806E-01  6.277E+00             0.00000E+00             0.00000E+00
   138  3.806E-01  6.658E+00             0.00000E+00             0.00000E+00
   139  4.187E-01  7.076E+00             0.00000E+00             0.00000E+00
   140  4.187E-01  7.495E+00             0.00000E+00             0.00000E+00
   141  4.605E-01  7.956E+00             0.00000E+00             0.00000E+00
   142  5.066E-01  8.462E+00             0.00000E+00             0.00000E+00
   143  5.572E-01  9.019E+00             0.00000E+00             0.00000E+00
   144  5.572E-01  9.577E+00             0.00000E+00             0.00000E+00
   145  6.130E-01  1.019E+01             0.00000E+00             0.00000E+00
   146  6.743E-01  1.086E+01             0.00000E+00             0.00000E+00
   147  6.743E-01  1.154E+01             0.00000E+00             0.00000E+00
   148  7.417E-01  1.228E+01             0.00000E+00             0.00000E+00
   149  8.159E-01  1.310E+01             0.00000E+00             0.00000E+00
   150  8.974E-01  1.399E+01             0.00000E+00             0.00000E+00
   151  9.872E-01  1.498E+01             0.00000E+00             0.00000E+00
   152  1.086E+00  1.607E+01             0.00000E+00             0.00000E+00
   153  1.194E+00  1.726E+01             0.00000E+00             0.00000E+00
   154  1.194E+00  1.846E+01             0.00000E+00             0.00000E+00
   155  1.194E+00  1.965E+01             0.00000E+00             0.00000E+00
   156  1.314E+00  2.096E+01             0.00000E+00             0.00000E+00
   157  1.445E+00  2.241E+01             0.00000E+00             0.00000E+00
   158  1.590E+00  2.400E+01             0.00000E+00             0.00000E+00
   159  1.590E+00  2.559E+01             0.00000E+00             0.00000E+00
   160  1.749E+00  2.734E+01             0.00000E+00             0.00000E+00
   161  1.749E+00  2.909E+01             0.00000E+00             0.00000E+00
   162  1.749E+00  3.084E+01             0.00000E+00             0.00000E+00
   163  1.924E+00  3.276E+01             0.00000E+00             0.00000E+00
   164  2.116E+00  3.488E+01             0.00000E+00             0.00000E+00
   165  2.116E+00  3.699E+01             0.00000E+00             0.00000E+00
   166  2.328E+00  3.932E+01             0.00000E+00             0.00000E+00
   167  2.561E+00  4.188E+01             0.00000E+00             0.00000E+00
   168  2.817E+00  4.470E+01             0.00000E+00             0.00000E+00
   169  3.098E+00  4.779E+01             0.00000E+00             0.00000E+00
   170  3.408E+00  5.120E+01             0.00000E+00             0.00000E+00
   171  3.408E+00  5.461E+01             0.00000E+00             0.00000E+00
   172  3.749E+00  5.836E+01             0.00000E+00             0.00000E+00
   173  4.124E+00  6.248E+01             0.00000E+00             0.00000E+00
   174  4.536E+00  6.702E+01             0.00000E+00             0.00000E+00
   175  4.990E+00  7.201E+01             0.00000E+00             0.00000E+00
   176  4.990E+00  7.700E+01             0.00000E+00             0.00000E+00
   177  5.489E+00  8.249E+01             0.00000E+00             0.00000E+00
   178  5.489E+00  8.798E+01             0.00000E+00             0.00000E+00
   179  6.038E+00  9.401E+01             0.00000E+00             0.00000E+00
   180  6.641E+00  1.007E+02             0.00000E+00             0.00000E+00
   181  7.305E+00  1.080E+02             0.00000E+00             0.00000E+00
   182  8.036E+00  1.160E+02             0.00000E+00             0.00000E+00
   183  8.840E+00  1.248E+02             0.00000E+00             0.00000E+00
   184  9.723E+00  1.346E+02             0.00000E+00             0.00000E+00
   185  9.723E+00  1.443E+02             0.00000E+00             0.00000E+00
   186  1.000E+01  1.543E+02             0.00000E+00             0.00000E+00
   187  1.000E+01  1.643E+02             0.00000E+00             0.00000E+00
   188  1.000E+01  1.743E+02             0.00000E+00             0.00000E+00
   189  1.000E+01  1.843E+02             0.00000E+00             0.00000E+00
   190  1.000E+01  1.943E+02             0.00000E+00             0.00000E+00
   191  1.000E+01  2.043E+02             0.00000E+00             0.00000E+00
   192  1.000E+01  2.143E+02             0.00000E+00             0.00000E+00
   193  1.000E+01  2.243E+02             0.00000E+00             0.00000E+00
   194  1.000E+01  2.343E+02             0.00000E+00             0.00000E+00
   195  1.000E+01  2.443E+02             0.00000E+00             0.00000E+00
   196  5.000E+00  2.493E+02             0.00000E+00             0.00000E+00
   197  5.000E+00  2.543E+02             0.00000E+00             0.00000E+00
   198  5.500E+00  2.598E+02             0.00000E+00             0.00000E+00
   199  6.050E+00  2.658E+02             0.00000E+00             0.00000E+00
   200  6.050E+00  2.719E+02             0.00000E+00             0.00000E+00
   201  6.655E+00  2.785E+02             0.00000E+00             0.00000E+00
   202  7.321E+00  2.859E+02             0.00000E+00             0.00000E+00
   203  8.053E+00  2.939E+02             0.00000E+00             0.00000E+00
   204  8.858E+00  3.028E+02             0.00000E+00             0.00000E+00
   205  9.744E+00  3.125E+02             0.00000E+00             0.00000E+00
   206  1.000E+01  3.225E+02             0.00000E+00             0.00000E+00
   207  1.000E+01  3.325E+02             0.00000E+00             0.00000E+00
   208  1.000E+01  3.425E+02             0.00000E+00             0.00000E+00
   209  1.000E+01  3.525E+02             0.00000E+00             0.00000E+00
   210  1.000E+01  3.625E+02             0.00000E+00             0.00000E+00
   211  1.000E+01  3.725E+02             0.00000E+00             0.00000E+00
   212  1.000E+01  3.825E+02             0.00000E+00             0.00000E+00
   213  1.000E+01  3.925E+02             0.00000E+00             0.00000E+00
   214  1.000E+01  4.025E+02             0.00000E+00             0.00000E+00
   215  1.000E+01  4.125E+02             0.00000E+00             0.00000E+00
   216  1.000E+01  4.225E+02             0.00000E+00             0.00000E+00
   217  1.000E+01  4.325E+02             0.00000E+00             0.00000E+00
   218  1.000E+01  4.425E+02             0.00000E+00             0.00000E+00
   219  1.000E+01  4.525E+02             0.00000E+00             0.00000E+00
   220  1.000E+01  4.625E+02             0.00000E+00             0.00000E+00
   221  1.000E+01  4.725E+02             0.00000E+00             0.00000E+00
   222  1.000E+01  4.825E+02             0.00000E+00             0.00000E+00
   223  1.000E+01  4.925E+02             0.00000E+00             0.00000E+00
   224  1.000E+01  5.025E+02             0.00000E+00             0.00000E+00
   225  1.000E+01  5.125E+02             0.00000E+00             0.00000E+00
   226  1.000E+01  5.225E+02             0.00000E+00             0.00000E+00
   227  1.000E+01  5.325E+02             0.00000E+00             0.00000E+00
   228  1.000E+01  5.425E+02             0.00000E+00             0.00000E+00
   229  1.000E+01  5.525E+02             0.00000E+00             0.00000E+00
   230  1.000E+01  5.625E+02             0.00000E+00             0.00000E+00
   231  1.000E+01  5.725E+02             0.00000E+00             0.00000E+00
   232  1.000E+01  5.825E+02             0.00000E+00             0.00000E+00
   233  1.000E+01  5.925E+02             0.00000E+00             0.00000E+00
   234  1.000E+01  6.025E+02             0.00000E+00             0.00000E+00
   235  1.000E+01  6.125E+02             0.00000E+00             0.00000E+00
   236  1.000E+01  6.225E+02             0.00000E+00             0.00000E+00
   237  1.000E+01  6.325E+02             0.00000E+00             0.00000E+00
   238  1.000E+01  6.425E+02             0.00000E+00             0.00000E+00
   239  1.000E+01  6.525E+02             0.00000E+00             0.00000E+00
   240  1.000E+01  6.625E+02             0.00000E+00             0.00000E+00
   241  1.000E+01  6.725E+02             0.00000E+00             0.00000E+00
   242  1.000E+01  6.825E+02             0.00000E+00             0.00000E+00
   243  1.000E+01  6.925E+02             0.00000E+00             0.00000E+00
   244  1.000E+01  7.025E+02             0.00000E+00             0.00000E+00
   245  1.000E+01  7.125E+02             0.00000E+00             0.00000E+00
   246  1.000E+01  7.225E+02             0.00000E+00             0.00000E+00
   247  1.000E+01  7.325E+02             0.00000E+00             0.00000E+00
   248  1.000E+01  7.425E+02             0.00000E+00             0.00000E+00
   249  1.000E+01  7.525E+02             0.00000E+00             0.00000E+00
   250  1.000E+01  7.625E+02             0.00000E+00             0.00000E+00
   251  1.000E+01  7.725E+02             0.00000E+00             0.00000E+00
   252  1.000E+01  7.825E+02             0.00000E+00             0.00000E+00
   253  1.000E+01  7.925E+02             0.00000E+00             0.00000E+00
   254  1.000E+01  8.025E+02             0.00000E+00             0.00000E+00
   255  1.000E+01  8.125E+02             0.00000E+00             0.00000E+00
   256  1.000E+01  8.225E+02             0.00000E+00             0.00000E+00
   257  1.000E+01  8.325E+02             0.00000E+00             0.00000E+00
   258  1.000E+01  8.425E+02             0.00000E+00             0.00000E+00
   259  1.000E+01  8.525E+02             0.00000E+00             0.00000E+00
   260  1.000E+01  8.625E+02             0.00000E+00             0.00000E+00
   261  1.000E+01  8.725E+02             0.00000E+00             0.00000E+00
   262  1.000E+01  8.825E+02             0.00000E+00             0.00000E+00
   263  1.000E+01  8.925E+02             0.00000E+00             0.00000E+00
   264  1.000E+01  9.025E+02             0.00000E+00             0.00000E+00
   265  1.000E+01  9.125E+02             0.00000E+00             0.00000E+00
   266  1.000E+01  9.225E+02             0.00000E+00             0.00000E+00
   267  1.000E+01  9.325E+02             0.00000E+00             0.00000E+00
   268  1.000E+01  9.425E+02             0.00000E+00             0.00000E+00
   269  1.000E+01  9.525E+02             0.00000E+00             0.00000E+00
   270  1.000E+01  9.625E+02             0.00000E+00             0.00000E+00
   271  1.000E+01  9.725E+02             0.00000E+00             0.00000E+00
   272  1.000E+01  9.825E+02             0.00000E+00             0.00000E+00
   273  1.000E+01  9.925E+02             0.00000E+00             0.00000E+00
   274  1.000E+01  1.003E+03             0.00000E+00             0.00000E+00
   275  1.000E+01  1.013E+03             0.00000E+00             0.00000E+00
   276  1.000E+01  1.023E+03             0.00000E+00             0.00000E+00
   277  1.000E+01  1.033E+03             0.00000E+00             0.00000E+00
   278  1.000E+01  1.043E+03             0.00000E+00             0.00000E+00
   279  1.000E+01  1.053E+03             0.00000E+00             0.00000E+00
   280  1.000E+01  1.063E+03             0.00000E+00             0.00000E+00
   281  1.000E+01  1.073E+03             0.00000E+00             0.00000E+00
   282  1.000E+01  1.083E+03             0.00000E+00             0.00000E+00
   283  1.000E+01  1.093E+03             0.00000E+00             0.00000E+00
   284  1.000E+01  1.103E+03             0.00000E+00             0.00000E+00
   285  1.000E+01  1.113E+03             0.00000E+00             0.00000E+00
   286  1.000E+01  1.123E+03             0.00000E+00             0.00000E+00
   287  1.000E+01  1.133E+03             0.00000E+00             0.00000E+00
   288  1.000E+01  1.143E+03             0.00000E+00             0.00000E+00
   289  1.000E+01  1.153E+03             0.00000E+00             0.00000E+00
   290  1.000E+01  1.163E+03             0.00000E+00             0.00000E+00
   291  1.000E+01  1.173E+03             0.00000E+00             0.00000E+00
   292  1.000E+01  1.183E+03             0.00000E+00             0.00000E+00
   293  1.000E+01  1.193E+03             0.00000E+00             0.00000E+00
   294  1.000E+01  1.203E+03             0.00000E+00             0.00000E+00
   295  1.000E+01  1.213E+03             0.00000E+00             0.00000E+00
   296  1.000E+01  1.223E+03             0.00000E+00             0.00000E+00
   297  1.000E+01  1.233E+03             0.00000E+00             0.00000E+00
   298  1.000E+01  1.243E+03             0.00000E+00             0.00000E+00
   299  1.000E+01  1.253E+03             0.00000E+00             0.00000E+00
   300  1.000E+01  1.263E+03             0.00000E+00             0.00000E+00
   301  1.000E+01  1.273E+03             0.00000E+00             0.00000E+00
   302  1.000E+01  1.283E+03             0.00000E+00             0.00000E+00
   303  1.000E+01  1.293E+03             0.00000E+00             0.00000E+00
   304  1.000E+01  1.303E+03             0.00000E+00             0.00000E+00
   305  1.000E+01  1.313E+03             0.00000E+00             0.00000E+00
   306  1.000E+01  1.323E+03             0.00000E+00             0.00000E+00
   307  1.000E+01  1.333E+03             0.00000E+00             0.00000E+00
   308  1.000E+01  1.343E+03             0.00000E+00             0.00000E+00
   309  1.000E+01  1.353E+03             0.00000E+00             0.00000E+00
   310  1.000E+01  1.363E+03             0.00000E+00             0.00000E+00
   311  1.000E+01  1.373E+03             0.00000E+00             0.00000E+00
   312  1.000E+01  1.383E+03             0.00000E+00             0.00000E+00
   313  1.000E+01  1.393E+03             0.00000E+00             0.00000E+00
   314  1.000E+01  1.403E+03             0.00000E+00             0.00000E+00
   315  1.000E+01  1.413E+03             0.00000E+00             0.00000E+00
   316  1.000E+01  1.423E+03             0.00000E+00             0.00000E+00
   317  1.000E+01  1.433E+03             0.00000E+00             0.00000E+00
   318  1.000E+01  1.443E+03             0.00000E+00             0.00000E+00
   319  1.000E+01  1.453E+03             0.00000E+00             0.00000E+00
   320  1.000E+01  1.463E+03             0.00000E+00             0.00000E+00
   321  1.000E+01  1.473E+03             0.00000E+00             0.00000E+00
   322  1.000E+01  1.483E+03             0.00000E+00             0.00000E+00
   323  1.000E+01  1.493E+03             0.00000E+00             0.00000E+00
   324  1.000E+01  1.503E+03             0.00000E+00             0.00000E+00
   325  1.000E+01  1.513E+03             0.00000E+00             0.00000E+00
   326  1.000E+01  1.523E+03             0.00000E+00             0.00000E+00
   327  1.000E+01  1.533E+03             0.00000E+00             0.00000E+00
   328  1.000E+01  1.543E+03             0.00000E+00             0.00000E+00
   329  1.000E+01  1.553E+03             0.00000E+00             0.00000E+00
   330  1.000E+01  1.563E+03             0.00000E+00             0.00000E+00
   331  1.000E+01  1.573E+03             0.00000E+00             0.00000E+00
   332  1.000E+01  1.583E+03             0.00000E+00             0.00000E+00
   333  1.000E+01  1.593E+03             0.00000E+00             0.00000E+00
   334  1.000E+01  1.603E+03             0.00000E+00             0.00000E+00
   335  1.000E+01  1.613E+03             0.00000E+00             0.00000E+00
   336  1.000E+01  1.623E+03             0.00000E+00             0.00000E+00
   337  1.000E+01  1.633E+03             0.00000E+00             0.00000E+00
   338  1.000E+01  1.643E+03             0.00000E+00             0.00000E+00
   339  1.000E+01  1.653E+03             0.00000E+00             0.00000E+00
   340  1.000E+01  1.663E+03             0.00000E+00             0.00000E+00
   341  1.000E+01  1.673E+03             0.00000E+00             0.00000E+00
   342  1.000E+01  1.683E+03             0.00000E+00             0.00000E+00
   343  1.000E+01  1.693E+03             0.00000E+00             0.00000E+00
   344  1.000E+01  1.703E+03             0.00000E+00             0.00000E+00
   345  1.000E+01  1.713E+03             0.00000E+00             0.00000E+00
   346  1.000E+01  1.723E+03             0.00000E+00             0.00000E+00
   347  1.000E+01  1.733E+03             0.00000E+00             0.00000E+00
   348  1.000E+01  1.743E+03             0.00000E+00             0.00000E+00
   349  1.000E+01  1.753E+03             0.00000E+00             0.00000E+00
   350  1.000E+01  1.763E+03             0.00000E+00             0.00000E+00
   351  1.000E+01  1.773E+03             0.00000E+00             0.00000E+00
   352  1.000E+01  1.783E+03             0.00000E+00             0.00000E+00
   353  1.000E+01  1.793E+03             0.00000E+00             0.00000E+00
   354  1.000E+01  1.803E+03             0.00000E+00             0.00000E+00
   355  1.000E+01  1.813E+03             0.00000E+00             0.00000E+00
   356  1.000E+01  1.823E+03             0.00000E+00             0.00000E+00
   357  1.000E+01  1.833E+03             0.00000E+00             0.00000E+00
   358  1.000E+01  1.843E+03             0.00000E+00             0.00000E+00
   359  1.000E+01  1.853E+03             0.00000E+00             0.00000E+00
   360  1.000E+01  1.863E+03             0.00000E+00             0.00000E+00
   361  1.000E+01  1.873E+03             0.00000E+00             0.00000E+00
   362  1.000E+01  1.883E+03             0.00000E+00             0.00000E+00
   363  1.000E+01  1.893E+03             0.00000E+00             0.00000E+00
   364  1.000E+01  1.903E+03             0.00000E+00             0.00000E+00
   365  1.000E+01  1.913E+03             0.00000E+00             0.00000E+00
   366  1.000E+01  1.923E+03             0.00000E+00             0.00000E+00
   367  1.000E+01  1.933E+03             0.00000E+00             0.00000E+00
   368  1.000E+01  1.943E+03             0.00000E+00             0.00000E+00
   369  1.000E+01  1.953E+03             0.00000E+00             0.00000E+00
   370  1.000E+01  1.963E+03             0.00000E+00             0.00000E+00
   371  1.000E+01  1.973E+03             0.00000E+00             0.00000E+00
   372  1.000E+01  1.983E+03             0.00000E+00             0.00000E+00
   373  1.000E+01  1.993E+03             0.00000E+00             0.00000E+00
   374  1.000E+01  2.003E+03             0.00000E+00             0.00000E+00
   375  1.000E+01  2.013E+03             0.00000E+00             0.00000E+00
   376  1.000E+01  2.023E+03             0.00000E+00             0.00000E+00
   377  1.000E+01  2.033E+03             0.00000E+00             0.00000E+00
   378  1.000E+01  2.043E+03             0.00000E+00             0.00000E+00
   379  1.000E+01  2.053E+03             0.00000E+00             0.00000E+00
   380  1.000E+01  2.063E+03             0.00000E+00             0.00000E+00
   381  1.000E+01  2.073E+03             0.00000E+00             0.00000E+00
   382  1.000E+01  2.083E+03             0.00000E+00             0.00000E+00
   383  1.000E+01  2.093E+03             0.00000E+00             0.00000E+00
   384  1.000E+01  2.103E+03             0.00000E+00             0.00000E+00
   385  1.000E+01  2.113E+03             0.00000E+00             0.00000E+00
   386  1.000E+01  2.123E+03             0.00000E+00             0.00000E+00
   387  1.000E+01  2.133E+03             0.00000E+00             0.00000E+00
   388  1.000E+01  2.143E+03             0.00000E+00             0.00000E+00
   389  1.000E+01  2.153E+03             0.00000E+00             0.00000E+00
   390  1.000E+01  2.163E+03             0.00000E+00             0.00000E+00
   391  1.000E+01  2.173E+03             0.00000E+00             0.00000E+00
   392  1.000E+01  2.183E+03             0.00000E+00             0.00000E+00
   393  1.000E+01  2.193E+03             0.00000E+00             0.00000E+00
   394  1.000E+01  2.203E+03             0.00000E+00             0.00000E+00
   395  1.000E+01  2.213E+03             0.00000E+00             0.00000E+00
   396  1.000E+01  2.223E+03             0.00000E+00             0.00000E+00
   397  1.000E+01  2.233E+03             0.00000E+00             0.00000E+00
   398  1.000E+01  2.243E+03             0.00000E+00             0.00000E+00
   399  1.000E+01  2.253E+03             0.00000E+00             0.00000E+00
   400  1.000E+01  2.263E+03             0.00000E+00             0.00000E+00
   401  1.000E+01  2.273E+03             0.00000E+00             0.00000E+00
   402  1.000E+01  2.283E+03             0.00000E+00             0.00000E+00
   403  1.000E+01  2.293E+03             0.00000E+00             0.00000E+00
   404  1.000E+01  2.303E+03             0.00000E+00             0.00000E+00
   405  1.000E+01  2.313E+03             0.00000E+00             0.00000E+00
   406  1.000E+01  2.323E+03             0.00000E+00             0.00000E+00
   407  1.000E+01  2.333E+03             0.00000E+00             0.00000E+00
   408  1.000E+01  2.343E+03             0.00000E+00             0.00000E+00
   409  1.000E+01  2.353E+03             0.00000E+00             0.00000E+00
   410  1.000E+01  2.363E+03             0.00000E+00             0.00000E+00
   411  1.000E+01  2.373E+03             0.00000E+00             0.00000E+00
   412  1.000E+01  2.383E+03             0.00000E+00             0.00000E+00
   413  1.000E+01  2.393E+03             0.00000E+00             0.00000E+00
   414  1.000E+01  2.403E+03             0.00000E+00             0.00000E+00
   415  1.000E+01  2.413E+03             0.00000E+00             0.00000E+00
   416  1.000E+01  2.423E+03             0.00000E+00             0.00000E+00
   417  1.000E+01  2.433E+03             0.00000E+00             0.00000E+00
   418  1.000E+01  2.443E+03             0.00000E+00             0.00000E+00
   419  1.000E+01  2.453E+03             0.00000E+00             0.00000E+00
   420  1.000E+01  2.463E+03             0.00000E+00             0.00000E+00
   421  1.000E+01  2.473E+03             0.00000E+00             0.00000E+00
   422  1.000E+01  2.483E+03             0.00000E+00             0.00000E+00
   423  1.000E+01  2.493E+03             0.00000E+00             0.00000E+00
   424  1.000E+01  2.503E+03             0.00000E+00             0.00000E+00
   425  1.000E+01  2.513E+03             0.00000E+00             0.00000E+00
   426  1.000E+01  2.523E+03             0.00000E+00             0.00000E+00
   427  1.000E+01  2.533E+03             0.00000E+00             0.00000E+00
   428  1.000E+01  2.543E+03             0.00000E+00             0.00000E+00
   429  1.000E+01  2.553E+03             0.00000E+00             0.00000E+00
   430  1.000E+01  2.563E+03             0.00000E+00             0.00000E+00
   431  1.000E+01  2.573E+03             0.00000E+00             0.00000E+00
   432  1.000E+01  2.583E+03             0.00000E+00             0.00000E+00
   433  1.000E+01  2.593E+03             0.00000E+00             0.00000E+00
   434  1.000E+01  2.603E+03             0.00000E+00             0.00000E+00
   435  1.000E+01  2.613E+03             0.00000E+00             0.00000E+00
   436  1.000E+01  2.623E+03             0.00000E+00             0.00000E+00
   437  1.000E+01  2.633E+03             0.00000E+00             0.00000E+00
   438  1.000E+01  2.643E+03             0.00000E+00             0.00000E+00
   439  1.000E+01  2.653E+03             0.00000E+00             0.00000E+00
   440  1.000E+01  2.663E+03             0.00000E+00             0.00000E+00
   441  1.000E+01  2.673E+03             0.00000E+00             0.00000E+00
   442  1.000E+01  2.683E+03             0.00000E+00             0.00000E+00
   443  1.000E+01  2.693E+03             0.00000E+00             0.00000E+00
   444  1.000E+01  2.703E+03             0.00000E+00             0.00000E+00
   445  1.000E+01  2.713E+03             0.00000E+00             0.00000E+00
   446  1.000E+01  2.723E+03             0.00000E+00             0.00000E+00
   447  1.000E+01  2.733E+03             0.00000E+00             0.00000E+00
   448  1.000E+01  2.743E+03             0.00000E+00             0.00000E+00
   449  1.000E+01  2.753E+03             0.00000E+00             0.00000E+00
   450  1.000E+01  2.763E+03             0.00000E+00             0.00000E+00
   451  1.000E+01  2.773E+03             0.00000E+00             0.00000E+00
   452  1.000E+01  2.783E+03             0.00000E+00             0.00000E+00
   453  1.000E+01  2.793E+03             0.00000E+00             0.00000E+00
   454  1.000E+01  2.803E+03             0.00000E+00             0.00000E+00
   455  1.000E+01  2.813E+03             0.00000E+00             0.00000E+00
   456  1.000E+01  2.823E+03             0.00000E+00             0.00000E+00
   457  1.000E+01  2.833E+03             0.00000E+00             0.00000E+00
   458  1.000E+01  2.843E+03             0.00000E+00             0.00000E+00
   459  1.000E+01  2.853E+03             0.00000E+00             0.00000E+00
   460  1.000E+01  2.863E+03             0.00000E+00             0.00000E+00
   461  1.000E+01  2.873E+03             0.00000E+00             0.00000E+00
   462  1.000E+01  2.883E+03             0.00000E+00             0.00000E+00
   463  1.000E+01  2.893E+03             0.00000E+00             0.00000E+00
   464  1.000E+01  2.903E+03             0.00000E+00             0.00000E+00
   465  1.000E+01  2.913E+03             0.00000E+00             0.00000E+00
   466  1.000E+01  2.923E+03             0.00000E+00             0.00000E+00
   467  1.000E+01  2.933E+03             0.00000E+00             0.00000E+00
   468  1.000E+01  2.943E+03             0.00000E+00             0.00000E+00
   469  1.000E+01  2.953E+03             0.00000E+00             0.00000E+00
   470  1.000E+01  2.963E+03             0.00000E+00             0.00000E+00
   471  1.000E+01  2.973E+03             0.00000E+00             0.00000E+00
   472  1.000E+01  2.983E+03             0.00000E+00             0.00000E+00
   473  1.000E+01  2.993E+03             0.00000E+00             0.00000E+00
   474  1.000E+01  3.003E+03             0.00000E+00             0.00000E+00
   475  1.000E+01  3.013E+03             0.00000E+00             0.00000E+00
   476  1.000E+01  3.023E+03             0.00000E+00             0.00000E+00
   477  1.000E+01  3.033E+03             0.00000E+00             0.00000E+00
   478  1.000E+01  3.043E+03             0.00000E+00             0.00000E+00
   479  1.000E+01  3.053E+03             0.00000E+00             0.00000E+00
   480  1.000E+01  3.063E+03             0.00000E+00             0.00000E+00
   481  1.000E+01  3.073E+03             0.00000E+00             0.00000E+00
   482  1.000E+01  3.083E+03             0.00000E+00             0.00000E+00
   483  1.000E+01  3.093E+03             0.00000E+00             0.00000E+00
   484  1.000E+01  3.103E+03             0.00000E+00             0.00000E+00
   485  1.000E+01  3.113E+03             0.00000E+00             0.00000E+00
   486  1.000E+01  3.123E+03             0.00000E+00             0.00000E+00
   487  1.000E+01  3.133E+03             0.00000E+00             0.00000E+00
   488  1.000E+01  3.143E+03             0.00000E+00             0.00000E+00
   489  1.000E+01  3.153E+03             0.00000E+00             0.00000E+00
   490  1.000E+01  3.163E+03             0.00000E+00             0.00000E+00
   491  1.000E+01  3.173E+03             0.00000E+00             0.00000E+00
   492  1.000E+01  3.183E+03             0.00000E+00             0.00000E+00
   493  1.000E+01  3.193E+03             0.00000E+00             0.00000E+00
   494  1.000E+01  3.203E+03             0.00000E+00             0.00000E+00
   495  1.000E+01  3.213E+03             0.00000E+00             0.00000E+00
   496  1.000E+01  3.223E+03             0.00000E+00             0.00000E+00
   497  1.000E+01  3.233E+03             0.00000E+00             0.00000E+00
   498  1.000E+01  3.243E+03             0.00000E+00             0.00000E+00
   499  1.000E+01  3.253E+03             0.00000E+00             0.00000E+00
   500  1.000E+01  3.263E+03             0.00000E+00             0.00000E+00
   501  1.000E+01  3.273E+03             0.00000E+00             0.00000E+00
   502  1.000E+01  3.283E+03             0.00000E+00             0.00000E+00
   503  1.000E+01  3.293E+03             0.00000E+00             0.00000E+00
   504  1.000E+01  3.303E+03             0.00000E+00             0.00000E+00
   505  1.000E+01  3.313E+03             0.00000E+00             0.00000E+00
   506  1.000E+01  3.323E+03             0.00000E+00             0.00000E+00
   507  1.000E+01  3.333E+03             0.00000E+00             0.00000E+00
   508  1.000E+01  3.343E+03             0.00000E+00             0.00000E+00
   509  1.000E+01  3.353E+03             0.00000E+00             0.00000E+00
   510  1.000E+01  3.363E+03             0.00000E+00             0.00000E+00
   511  1.000E+01  3.373E+03             0.00000E+00             0.00000E+00
   512  1.000E+01  3.383E+03             0.00000E+00             0.00000E+00
   513  1.000E+01  3.393E+03             0.00000E+00             0.00000E+00
   514  1.000E+01  3.403E+03             0.00000E+00             0.00000E+00
   515  1.000E+01  3.413E+03             0.00000E+00             0.00000E+00
   516  1.000E+01  3.423E+03             0.00000E+00             0.00000E+00
   517  1.000E+01  3.433E+03             0.00000E+00             0.00000E+00
   518  1.000E+01  3.443E+03             0.00000E+00             0.00000E+00
   519  1.000E+01  3.453E+03             0.00000E+00             0.00000E+00
   520  1.000E+01  3.463E+03             0.00000E+00             0.00000E+00
   521  1.000E+01  3.473E+03             0.00000E+00             0.00000E+00
   522  1.000E+01  3.483E+03             0.00000E+00             0.00000E+00
   523  1.000E+01  3.493E+03             0.00000E+00             0.00000E+00
   524  1.000E+01  3.503E+03             0.00000E+00             0.00000E+00
   525  1.000E+01  3.513E+03             0.00000E+00             0.00000E+00
   526  1.000E+01  3.523E+03             0.00000E+00             0.00000E+00
   527  1.000E+01  3.533E+03             0.00000E+00             0.00000E+00
   528  1.000E+01  3.543E+03             0.00000E+00             0.00000E+00
   529  1.000E+01  3.553E+03             0.00000E+00             0.00000E+00
   530  1.000E+01  3.563E+03             0.00000E+00             0.00000E+00
   531  1.000E+01  3.573E+03             0.00000E+00             0.00000E+00
   532  1.000E+01  3.583E+03             0.00000E+00             0.00000E+00
   533  8.744E+00  3.591E+03             0.00000E+00             0.00000E+00
   534  8.744E+00  3.600E+03             0.00000E+00             0.00000E+00
