      0  0.00000000E+00     NSTEP   TIME
 SURFACE NODE =   441  X =   1.0000E+01  Y =   0.0000E+00
              Z  PRESSURE HEAD             SW           CKRW        QTRANIE
   3.350000E-01   0.000000E+00   1.000000E+00   1.000000E+00   0.000000E+00   1.000000E+00
   3.290000E-01   6.000000E-03   1.000000E+00   1.000000E+00   0.000000E+00   1.000000E+00
   3.170000E-01   1.800000E-02   1.000000E+00   1.000000E+00   0.000000E+00   1.000000E+00
   2.990000E-01   3.600000E-02   1.000000E+00   1.000000E+00   0.000000E+00   1.000000E+00
   2.750000E-01   6.000000E-02   1.000000E+00   1.000000E+00   0.000000E+00   1.000000E+00
   2.450000E-01   9.000000E-02   1.000000E+00   1.000000E+00   0.000000E+00   1.000000E+00
   2.150000E-01   1.200000E-01   1.000000E+00   1.000000E+00   0.000000E+00   1.000000E+00
   1.550000E-01   1.800000E-01   1.000000E+00   1.000000E+00   0.000000E+00   1.000000E+00
   9.500000E-02   2.400000E-01   1.000000E+00   1.000000E+00   0.000000E+00   1.000000E+00
  -5.500000E-02   3.900000E-01   1.000000E+00   1.000000E+00   0.000000E+00   1.000000E+00
  -2.050000E-01   5.400000E-01   1.000000E+00   1.000000E+00   0.000000E+00   1.000000E+00
  -5.050000E-01   8.400000E-01   1.000000E+00   1.000000E+00   0.000000E+00   1.000000E+00
  -8.050000E-01   1.140000E+00   1.000000E+00   1.000000E+00   0.000000E+00   1.000000E+00
  -1.405000E+00   1.740000E+00   1.000000E+00   1.000000E+00   0.000000E+00   1.000000E+00
  -2.005000E+00   2.340000E+00   1.000000E+00   1.000000E+00   0.000000E+00   1.000000E+00
  -2.665000E+00   3.000000E+00   1.000000E+00   1.000000E+00   0.000000E+00   1.000000E+00
    354  1.80251165E+03     NSTEP   TIME
 SURFACE NODE =   441  X =   1.0000E+01  Y =   0.0000E+00
              Z  PRESSURE HEAD             SW           CKRW        QTRANIE
   3.350000E-01   6.335048E-03   1.000000E+00   1.000000E+00   0.000000E+00   1.018696E+00
   3.290000E-01   1.310878E-02   1.000000E+00   1.000000E+00   0.000000E+00   9.989432E-01
   3.170000E-01   2.663938E-02   1.000000E+00   1.000000E+00   0.000000E+00   9.955573E-01
   2.990000E-01   4.689565E-02   1.000000E+00   1.000000E+00   0.000000E+00   9.905358E-01
   2.750000E-01   7.383380E-02   1.000000E+00   1.000000E+00   0.000000E+00   9.825568E-01
   2.450000E-01   1.073998E-01   1.000000E+00   1.000000E+00   0.000000E+00   9.780012E-01
   2.150000E-01   1.408574E-01   1.000000E+00   1.000000E+00   0.000000E+00   1.003299E+00
   1.550000E-01   2.074332E-01   1.000000E+00   1.000000E+00   0.000000E+00   9.678807E-01
   9.500000E-02   2.736394E-01   1.000000E+00   1.000000E+00   0.000000E+00   1.003700E+00
  -5.500000E-02   4.374990E-01   1.000000E+00   1.000000E+00   0.000000E+00   9.877172E-01
  -2.050000E-01   5.996695E-01   1.000000E+00   1.000000E+00   0.000000E+00   9.990462E-01
  -5.050000E-01   9.194370E-01   1.000000E+00   1.000000E+00   0.000000E+00   9.938639E-01
  -8.050000E-01   1.235066E+00   1.000000E+00   1.000000E+00   0.000000E+00   9.991893E-01
  -1.405000E+00   1.855924E+00   1.000000E+00   1.000000E+00   0.000000E+00   9.993130E-01
  -2.005000E+00   2.467329E+00   1.000000E+00   1.000000E+00   0.000000E+00   1.000308E+00
  -2.665000E+00   3.130669E+00   1.000000E+00   1.000000E+00   0.000000E+00   9.987598E-01
    534  3.60000000E+03     NSTEP   TIME
 SURFACE NODE =   441  X =   1.0000E+01  Y =   0.0000E+00
              Z  PRESSURE HEAD             SW           CKRW        QTRANIE
   3.350000E-01   5.745681E-03   1.000000E+00   1.000000E+00   0.000000E+00   1.008432E+00
   3.290000E-01   1.251071E-02   1.000000E+00   1.000000E+00   0.000000E+00   9.914254E-01
   3.170000E-01   2.602374E-02   1.000000E+00   1.000000E+00   0.000000E+00   9.877638E-01
   2.990000E-01   4.625330E-02   1.000000E+00   1.000000E+00   0.000000E+00   9.879753E-01
   2.750000E-01   7.315526E-02   1.000000E+00   1.000000E+00   0.000000E+00   9.909067E-01
   2.450000E-01   1.066751E-01   1.000000E+00   1.000000E+00   0.000000E+00   9.863335E-01
   2.150000E-01   1.400858E-01   1.000000E+00   1.000000E+00   0.000000E+00   9.870276E-01
   1.550000E-01   2.065654E-01   1.000000E+00   1.000000E+00   0.000000E+00   9.590626E-01
   9.500000E-02   2.726732E-01   1.000000E+00   1.000000E+00   0.000000E+00   1.016024E+00
  -5.500000E-02   4.362794E-01   1.000000E+00   1.000000E+00   0.000000E+00   9.753493E-01
  -2.050000E-01   5.981938E-01   1.000000E+00   1.000000E+00   0.000000E+00   1.002361E+00
  -5.050000E-01   9.174572E-01   1.000000E+00   1.000000E+00   0.000000E+00   9.878326E-01
  -8.050000E-01   1.232617E+00   1.000000E+00   1.000000E+00   0.000000E+00   9.990930E-01
  -1.405000E+00   1.852705E+00   1.000000E+00   1.000000E+00   0.000000E+00   9.985564E-01
  -2.005000E+00   2.463628E+00   1.000000E+00   1.000000E+00   0.000000E+00   1.000622E+00
  -2.665000E+00   3.126817E+00   1.000000E+00   1.000000E+00   0.000000E+00   9.976323E-01
    534  3.60000000E+03     NSTEP   TIME
 SURFACE NODE =   441  X =   1.0000E+01  Y =   0.0000E+00
              Z  PRESSURE HEAD             SW           CKRW        QTRANIE
   3.350000E-01   5.745681E-03   1.000000E+00   1.000000E+00   0.000000E+00   1.008432E+00
   3.290000E-01   1.251071E-02   1.000000E+00   1.000000E+00   0.000000E+00   9.914254E-01
   3.170000E-01   2.602374E-02   1.000000E+00   1.000000E+00   0.000000E+00   9.877638E-01
   2.990000E-01   4.625330E-02   1.000000E+00   1.000000E+00   0.000000E+00   9.879753E-01
   2.750000E-01   7.315526E-02   1.000000E+00   1.000000E+00   0.000000E+00   9.909067E-01
   2.450000E-01   1.066751E-01   1.000000E+00   1.000000E+00   0.000000E+00   9.863335E-01
   2.150000E-01   1.400858E-01   1.000000E+00   1.000000E+00   0.000000E+00   9.870276E-01
   1.550000E-01   2.065654E-01   1.000000E+00   1.000000E+00   0.000000E+00   9.590626E-01
   9.500000E-02   2.726732E-01   1.000000E+00   1.000000E+00   0.000000E+00   1.016024E+00
  -5.500000E-02   4.362794E-01   1.000000E+00   1.000000E+00   0.000000E+00   9.753493E-01
  -2.050000E-01   5.981938E-01   1.000000E+00   1.000000E+00   0.000000E+00   1.002361E+00
  -5.050000E-01   9.174572E-01   1.000000E+00   1.000000E+00   0.000000E+00   9.878326E-01
  -8.050000E-01   1.232617E+00   1.000000E+00   1.000000E+00   0.000000E+00   9.990930E-01
  -1.405000E+00   1.852705E+00   1.000000E+00   1.000000E+00   0.000000E+00   9.985564E-01
  -2.005000E+00   2.463628E+00   1.000000E+00   1.000000E+00   0.000000E+00   1.000622E+00
  -2.665000E+00   3.126817E+00   1.000000E+00   1.000000E+00   0.000000E+00   9.976323E-01
