#NSTEP     DELTAT       TIME   NET NATM,NSF DIR FLUX   NET NATM,NSF NEU FLUX
     1  1.000E-02  1.000E-02             0.00000E+00             0.00000E+00
     2  5.000E-03  1.500E-02             0.00000E+00             0.00000E+00
     3  5.500E-03  2.050E-02             0.00000E+00             0.00000E+00
     4  6.050E-03  2.655E-02             0.00000E+00             0.00000E+00
     5  6.050E-03  3.260E-02             0.00000E+00             0.00000E+00
     6  6.050E-03  3.865E-02             0.00000E+00             0.00000E+00
     7  6.050E-03  4.470E-02             0.00000E+00             0.00000E+00
     8  6.050E-03  5.075E-02             0.00000E+00             0.00000E+00
     9  6.050E-03  5.680E-02             0.00000E+00             0.00000E+00
    10  6.655E-03  6.346E-02             0.00000E+00             0.00000E+00
    11  6.655E-03  7.011E-02             0.00000E+00             0.00000E+00
    12  7.321E-03  7.743E-02             0.00000E+00             0.00000E+00
    13  7.321E-03  8.475E-02             0.00000E+00             0.00000E+00
    14  7.321E-03  9.207E-02             0.00000E+00             0.00000E+00
    15  7.321E-03  9.939E-02             0.00000E+00             0.00000E+00
    16  7.321E-03  1.067E-01             0.00000E+00             0.00000E+00
    17  7.321E-03  1.140E-01             0.00000E+00             0.00000E+00
    18  7.321E-03  1.214E-01             0.00000E+00             0.00000E+00
    19  8.053E-03  1.294E-01             0.00000E+00             0.00000E+00
    20  8.053E-03  1.375E-01             0.00000E+00             0.00000E+00
    21  8.053E-03  1.455E-01             0.00000E+00             0.00000E+00
    22  8.858E-03  1.544E-01             0.00000E+00             0.00000E+00
    23  9.744E-03  1.641E-01             0.00000E+00             0.00000E+00
    24  1.072E-02  1.748E-01             0.00000E+00             0.00000E+00
    25  1.072E-02  1.855E-01             0.00000E+00             0.00000E+00
    26  1.072E-02  1.963E-01             0.00000E+00             0.00000E+00
    27  1.179E-02  2.081E-01             0.00000E+00             0.00000E+00
    28  1.297E-02  2.210E-01             0.00000E+00             0.00000E+00
    29  1.427E-02  2.353E-01             0.00000E+00             0.00000E+00
    30  1.427E-02  2.496E-01             0.00000E+00             0.00000E+00
    31  1.569E-02  2.652E-01             0.00000E+00             0.00000E+00
    32  1.726E-02  2.825E-01             0.00000E+00             0.00000E+00
    33  1.899E-02  3.015E-01             0.00000E+00             0.00000E+00
    34  2.089E-02  3.224E-01             0.00000E+00             0.00000E+00
    35  2.089E-02  3.433E-01             0.00000E+00             0.00000E+00
    36  2.297E-02  3.662E-01             0.00000E+00             0.00000E+00
    37  2.527E-02  3.915E-01             0.00000E+00             0.00000E+00
    38  2.527E-02  4.168E-01             0.00000E+00             0.00000E+00
    39  2.527E-02  4.421E-01             0.00000E+00             0.00000E+00
    40  2.780E-02  4.699E-01             0.00000E+00             0.00000E+00
    41  3.058E-02  5.004E-01             0.00000E+00             0.00000E+00
    42  3.058E-02  5.310E-01             0.00000E+00             0.00000E+00
    43  3.364E-02  5.647E-01             0.00000E+00             0.00000E+00
    44  3.700E-02  6.017E-01             0.00000E+00             0.00000E+00
    45  4.070E-02  6.424E-01             0.00000E+00             0.00000E+00
    46  4.477E-02  6.871E-01             0.00000E+00             0.00000E+00
    47  4.925E-02  7.364E-01             0.00000E+00             0.00000E+00
    48  4.925E-02  7.856E-01             0.00000E+00             0.00000E+00
    49  5.417E-02  8.398E-01             0.00000E+00             0.00000E+00
    50  5.959E-02  8.994E-01             0.00000E+00             0.00000E+00
    51  6.555E-02  9.649E-01             0.00000E+00             0.00000E+00
    52  7.210E-02  1.037E+00             0.00000E+00             0.00000E+00
    53  7.932E-02  1.116E+00             0.00000E+00             0.00000E+00
    54  8.725E-02  1.204E+00             0.00000E+00             0.00000E+00
    55  9.597E-02  1.300E+00             0.00000E+00             0.00000E+00
    56  1.056E-01  1.405E+00             0.00000E+00             0.00000E+00
    57  1.056E-01  1.511E+00             0.00000E+00             0.00000E+00
    58  1.161E-01  1.627E+00             0.00000E+00             0.00000E+00
    59  1.161E-01  1.743E+00             0.00000E+00             0.00000E+00
    60  1.277E-01  1.871E+00             0.00000E+00             0.00000E+00
    61  1.405E-01  2.011E+00             0.00000E+00             0.00000E+00
    62  1.546E-01  2.166E+00             0.00000E+00             0.00000E+00
    63  1.700E-01  2.336E+00             0.00000E+00             0.00000E+00
    64  1.870E-01  2.523E+00             0.00000E+00             0.00000E+00
    65  2.057E-01  2.729E+00             0.00000E+00             0.00000E+00
    66  2.263E-01  2.955E+00             0.00000E+00             0.00000E+00
    67  2.489E-01  3.204E+00             0.00000E+00             0.00000E+00
    68  2.738E-01  3.478E+00             0.00000E+00             0.00000E+00
    69  3.012E-01  3.779E+00             0.00000E+00             0.00000E+00
    70  3.313E-01  4.110E+00             0.00000E+00             0.00000E+00
    71  3.645E-01  4.475E+00             0.00000E+00             0.00000E+00
    72  4.009E-01  4.875E+00             0.00000E+00             0.00000E+00
    73  2.004E-01  5.076E+00             0.00000E+00             0.00000E+00
    74  2.205E-01  5.296E+00             0.00000E+00             0.00000E+00
    75  2.425E-01  5.539E+00             0.00000E+00             0.00000E+00
    76  2.668E-01  5.806E+00             0.00000E+00             0.00000E+00
    77  2.935E-01  6.099E+00             0.00000E+00             0.00000E+00
    78  3.228E-01  6.422E+00             0.00000E+00             0.00000E+00
    79  3.551E-01  6.777E+00             0.00000E+00             0.00000E+00
    80  3.906E-01  7.168E+00             0.00000E+00             0.00000E+00
    81  4.297E-01  7.597E+00             0.00000E+00             0.00000E+00
    82  4.726E-01  8.070E+00             0.00000E+00             0.00000E+00
    83  5.199E-01  8.590E+00             0.00000E+00             0.00000E+00
    84  5.719E-01  9.162E+00             0.00000E+00             0.00000E+00
    85  6.291E-01  9.791E+00             0.00000E+00             0.00000E+00
    86  6.920E-01  1.048E+01             0.00000E+00             0.00000E+00
    87  7.612E-01  1.124E+01             0.00000E+00             0.00000E+00
    88  8.373E-01  1.208E+01             0.00000E+00             0.00000E+00
    89  9.211E-01  1.300E+01             0.00000E+00             0.00000E+00
    90  9.211E-01  1.392E+01             0.00000E+00             0.00000E+00
    91  1.013E+00  1.494E+01             0.00000E+00             0.00000E+00
    92  1.013E+00  1.595E+01             0.00000E+00             0.00000E+00
    93  1.114E+00  1.706E+01             0.00000E+00             0.00000E+00
    94  1.226E+00  1.829E+01             0.00000E+00             0.00000E+00
    95  1.349E+00  1.964E+01             0.00000E+00             0.00000E+00
    96  1.483E+00  2.112E+01             0.00000E+00             0.00000E+00
    97  1.632E+00  2.275E+01             0.00000E+00             0.00000E+00
    98  1.795E+00  2.455E+01             0.00000E+00             0.00000E+00
    99  1.795E+00  2.634E+01             0.00000E+00             0.00000E+00
   100  1.974E+00  2.832E+01             0.00000E+00             0.00000E+00
   101  2.172E+00  3.049E+01             0.00000E+00             0.00000E+00
   102  2.172E+00  3.266E+01             0.00000E+00             0.00000E+00
   103  2.389E+00  3.505E+01             0.00000E+00             0.00000E+00
   104  2.389E+00  3.744E+01             0.00000E+00             0.00000E+00
   105  2.628E+00  4.007E+01             0.00000E+00             0.00000E+00
   106  2.891E+00  4.296E+01             0.00000E+00             0.00000E+00
   107  3.180E+00  4.614E+01             0.00000E+00             0.00000E+00
   108  3.180E+00  4.932E+01             0.00000E+00             0.00000E+00
   109  3.498E+00  5.282E+01             0.00000E+00             0.00000E+00
   110  3.498E+00  5.631E+01             0.00000E+00             0.00000E+00
   111  3.847E+00  6.016E+01             0.00000E+00             0.00000E+00
   112  4.232E+00  6.439E+01             0.00000E+00             0.00000E+00
   113  4.655E+00  6.905E+01             0.00000E+00             0.00000E+00
   114  5.121E+00  7.417E+01             0.00000E+00             0.00000E+00
   115  5.633E+00  7.980E+01             0.00000E+00             0.00000E+00
   116  6.196E+00  8.600E+01             0.00000E+00             0.00000E+00
   117  6.196E+00  9.220E+01             0.00000E+00             0.00000E+00
   118  6.816E+00  9.901E+01             0.00000E+00             0.00000E+00
   119  6.816E+00  1.058E+02             0.00000E+00             0.00000E+00
   120  7.498E+00  1.133E+02             0.00000E+00             0.00000E+00
   121  7.498E+00  1.208E+02             0.00000E+00             0.00000E+00
   122  8.247E+00  1.291E+02             0.00000E+00             0.00000E+00
   123  9.072E+00  1.381E+02             0.00000E+00             0.00000E+00
   124  9.979E+00  1.481E+02             0.00000E+00             0.00000E+00
   125  1.000E+01  1.581E+02             0.00000E+00             0.00000E+00
   126  1.000E+01  1.681E+02             0.00000E+00             0.00000E+00
   127  1.000E+01  1.781E+02             0.00000E+00             0.00000E+00
   128  1.000E+01  1.881E+02             0.00000E+00             0.00000E+00
   129  1.000E+01  1.981E+02             0.00000E+00             0.00000E+00
   130  1.000E+01  2.081E+02             0.00000E+00             0.00000E+00
   131  1.000E+01  2.181E+02             0.00000E+00             0.00000E+00
   132  1.000E+01  2.281E+02             0.00000E+00             0.00000E+00
   133  1.000E+01  2.381E+02             0.00000E+00             0.00000E+00
   134  1.000E+01  2.481E+02             0.00000E+00             0.00000E+00
   135  1.000E+01  2.581E+02             0.00000E+00             0.00000E+00
   136  1.000E+01  2.681E+02             0.00000E+00             0.00000E+00
   137  1.000E+01  2.781E+02             0.00000E+00             0.00000E+00
   138  1.000E+01  2.881E+02             0.00000E+00             0.00000E+00
   139  1.000E+01  2.981E+02             0.00000E+00             0.00000E+00
   140  1.000E+01  3.081E+02             0.00000E+00             0.00000E+00
   141  1.000E+01  3.181E+02             0.00000E+00             0.00000E+00
   142  1.000E+01  3.281E+02             0.00000E+00             0.00000E+00
   143  1.000E+01  3.381E+02             0.00000E+00             0.00000E+00
   144  1.000E+01  3.481E+02             0.00000E+00             0.00000E+00
   145  1.000E+01  3.581E+02             0.00000E+00             0.00000E+00
   146  1.000E+01  3.681E+02             0.00000E+00             0.00000E+00
   147  1.000E+01  3.781E+02             0.00000E+00             0.00000E+00
   148  1.000E+01  3.881E+02             0.00000E+00             0.00000E+00
   149  1.000E+01  3.981E+02             0.00000E+00             0.00000E+00
   150  1.000E+01  4.081E+02             0.00000E+00             0.00000E+00
   151  1.000E+01  4.181E+02             0.00000E+00             0.00000E+00
   152  1.000E+01  4.281E+02             0.00000E+00             0.00000E+00
   153  1.000E+01  4.381E+02             0.00000E+00             0.00000E+00
   154  1.000E+01  4.481E+02             0.00000E+00             0.00000E+00
   155  1.000E+01  4.581E+02             0.00000E+00             0.00000E+00
   156  1.000E+01  4.681E+02             0.00000E+00             0.00000E+00
   157  1.000E+01  4.781E+02             0.00000E+00             0.00000E+00
   158  1.000E+01  4.881E+02             0.00000E+00             0.00000E+00
   159  1.000E+01  4.981E+02             0.00000E+00             0.00000E+00
   160  1.000E+01  5.081E+02             0.00000E+00             0.00000E+00
   161  1.000E+01  5.181E+02             0.00000E+00             0.00000E+00
   162  1.000E+01  5.281E+02             0.00000E+00             0.00000E+00
   163  1.000E+01  5.381E+02             0.00000E+00             0.00000E+00
   164  1.000E+01  5.481E+02             0.00000E+00             0.00000E+00
   165  1.000E+01  5.581E+02             0.00000E+00             0.00000E+00
   166  1.000E+01  5.681E+02             0.00000E+00             0.00000E+00
   167  1.000E+01  5.781E+02             0.00000E+00             0.00000E+00
   168  1.000E+01  5.881E+02             0.00000E+00             0.00000E+00
   169  1.000E+01  5.981E+02             0.00000E+00             0.00000E+00
   170  1.000E+01  6.081E+02             0.00000E+00             0.00000E+00
   171  1.000E+01  6.181E+02             0.00000E+00             0.00000E+00
   172  1.000E+01  6.281E+02             0.00000E+00             0.00000E+00
   173  1.000E+01  6.381E+02             0.00000E+00             0.00000E+00
   174  1.000E+01  6.481E+02             0.00000E+00             0.00000E+00
   175  1.000E+01  6.581E+02             0.00000E+00             0.00000E+00
   176  1.000E+01  6.681E+02             0.00000E+00             0.00000E+00
   177  1.000E+01  6.781E+02             0.00000E+00             0.00000E+00
   178  1.000E+01  6.881E+02             0.00000E+00             0.00000E+00
   179  1.000E+01  6.981E+02             0.00000E+00             0.00000E+00
   180  1.000E+01  7.081E+02             0.00000E+00             0.00000E+00
   181  1.000E+01  7.181E+02             0.00000E+00             0.00000E+00
   182  1.000E+01  7.281E+02             0.00000E+00             0.00000E+00
   183  1.000E+01  7.381E+02             0.00000E+00             0.00000E+00
   184  1.000E+01  7.481E+02             0.00000E+00             0.00000E+00
   185  1.000E+01  7.581E+02             0.00000E+00             0.00000E+00
   186  1.000E+01  7.681E+02             0.00000E+00             0.00000E+00
   187  1.000E+01  7.781E+02             0.00000E+00             0.00000E+00
   188  1.000E+01  7.881E+02             0.00000E+00             0.00000E+00
   189  1.000E+01  7.981E+02             0.00000E+00             0.00000E+00
   190  5.000E+00  8.031E+02             0.00000E+00             0.00000E+00
   191  5.500E+00  8.086E+02             0.00000E+00             0.00000E+00
   192  6.050E+00  8.147E+02             0.00000E+00             0.00000E+00
   193  6.655E+00  8.213E+02             0.00000E+00             0.00000E+00
   194  6.655E+00  8.280E+02             0.00000E+00             0.00000E+00
   195  7.321E+00  8.353E+02             0.00000E+00             0.00000E+00
   196  8.053E+00  8.434E+02             0.00000E+00             0.00000E+00
   197  8.053E+00  8.514E+02             0.00000E+00             0.00000E+00
   198  8.858E+00  8.603E+02             0.00000E+00             0.00000E+00
   199  9.744E+00  8.700E+02             0.00000E+00             0.00000E+00
   200  1.000E+01  8.800E+02             0.00000E+00             0.00000E+00
   201  1.000E+01  8.900E+02             0.00000E+00             0.00000E+00
   202  1.000E+01  9.000E+02             0.00000E+00             0.00000E+00
   203  1.000E+01  9.100E+02             0.00000E+00             0.00000E+00
   204  1.000E+01  9.200E+02             0.00000E+00             0.00000E+00
   205  1.000E+01  9.300E+02             0.00000E+00             0.00000E+00
   206  1.000E+01  9.400E+02             0.00000E+00             0.00000E+00
   207  1.000E+01  9.500E+02             0.00000E+00             0.00000E+00
   208  1.000E+01  9.600E+02             0.00000E+00             0.00000E+00
   209  1.000E+01  9.700E+02             0.00000E+00             0.00000E+00
   210  1.000E+01  9.800E+02             0.00000E+00             0.00000E+00
   211  1.000E+01  9.900E+02             0.00000E+00             0.00000E+00
   212  1.000E+01  1.000E+03             0.00000E+00             0.00000E+00
   213  1.000E+01  1.010E+03             0.00000E+00             0.00000E+00
   214  1.000E+01  1.020E+03             0.00000E+00             0.00000E+00
   215  1.000E+01  1.030E+03             0.00000E+00             0.00000E+00
   216  1.000E+01  1.040E+03             0.00000E+00             0.00000E+00
   217  1.000E+01  1.050E+03             0.00000E+00             0.00000E+00
   218  1.000E+01  1.060E+03             0.00000E+00             0.00000E+00
   219  1.000E+01  1.070E+03             0.00000E+00             0.00000E+00
   220  1.000E+01  1.080E+03             0.00000E+00             0.00000E+00
   221  1.000E+01  1.090E+03             0.00000E+00             0.00000E+00
   222  1.000E+01  1.100E+03             0.00000E+00             0.00000E+00
   223  1.000E+01  1.110E+03             0.00000E+00             0.00000E+00
   224  1.000E+01  1.120E+03             0.00000E+00             0.00000E+00
   225  1.000E+01  1.130E+03             0.00000E+00             0.00000E+00
   226  1.000E+01  1.140E+03             0.00000E+00             0.00000E+00
   227  1.000E+01  1.150E+03             0.00000E+00             0.00000E+00
   228  1.000E+01  1.160E+03             0.00000E+00             0.00000E+00
   229  1.000E+01  1.170E+03             0.00000E+00             0.00000E+00
   230  1.000E+01  1.180E+03             0.00000E+00             0.00000E+00
   231  1.000E+01  1.190E+03             0.00000E+00             0.00000E+00
   232  1.000E+01  1.200E+03             0.00000E+00             0.00000E+00
   233  1.000E+01  1.210E+03             0.00000E+00             0.00000E+00
   234  1.000E+01  1.220E+03             0.00000E+00             0.00000E+00
   235  1.000E+01  1.230E+03             0.00000E+00             0.00000E+00
   236  1.000E+01  1.240E+03             0.00000E+00             0.00000E+00
   237  1.000E+01  1.250E+03             0.00000E+00             0.00000E+00
   238  1.000E+01  1.260E+03             0.00000E+00             0.00000E+00
   239  1.000E+01  1.270E+03             0.00000E+00             0.00000E+00
   240  1.000E+01  1.280E+03             0.00000E+00             0.00000E+00
   241  1.000E+01  1.290E+03             0.00000E+00             0.00000E+00
   242  1.000E+01  1.300E+03             0.00000E+00             0.00000E+00
   243  1.000E+01  1.310E+03             0.00000E+00             0.00000E+00
   244  1.000E+01  1.320E+03             0.00000E+00             0.00000E+00
   245  1.000E+01  1.330E+03             0.00000E+00             0.00000E+00
   246  1.000E+01  1.340E+03             0.00000E+00             0.00000E+00
   247  1.000E+01  1.350E+03             0.00000E+00             0.00000E+00
   248  1.000E+01  1.360E+03             0.00000E+00             0.00000E+00
   249  1.000E+01  1.370E+03             0.00000E+00             0.00000E+00
   250  1.000E+01  1.380E+03             0.00000E+00             0.00000E+00
   251  1.000E+01  1.390E+03             0.00000E+00             0.00000E+00
   252  1.000E+01  1.400E+03             0.00000E+00             0.00000E+00
   253  1.000E+01  1.410E+03             0.00000E+00             0.00000E+00
   254  1.000E+01  1.420E+03             0.00000E+00             0.00000E+00
   255  1.000E+01  1.430E+03             0.00000E+00             0.00000E+00
   256  1.000E+01  1.440E+03             0.00000E+00             0.00000E+00
   257  1.000E+01  1.450E+03             0.00000E+00             0.00000E+00
   258  1.000E+01  1.460E+03             0.00000E+00             0.00000E+00
   259  1.000E+01  1.470E+03             0.00000E+00             0.00000E+00
   260  1.000E+01  1.480E+03             0.00000E+00             0.00000E+00
   261  1.000E+01  1.490E+03             0.00000E+00             0.00000E+00
   262  1.000E+01  1.500E+03             0.00000E+00             0.00000E+00
   263  1.000E+01  1.510E+03             0.00000E+00             0.00000E+00
   264  1.000E+01  1.520E+03             0.00000E+00             0.00000E+00
   265  1.000E+01  1.530E+03             0.00000E+00             0.00000E+00
   266  1.000E+01  1.540E+03             0.00000E+00             0.00000E+00
   267  1.000E+01  1.550E+03             0.00000E+00             0.00000E+00
   268  1.000E+01  1.560E+03             0.00000E+00             0.00000E+00
   269  1.000E+01  1.570E+03             0.00000E+00             0.00000E+00
   270  1.000E+01  1.580E+03             0.00000E+00             0.00000E+00
   271  1.000E+01  1.590E+03             0.00000E+00             0.00000E+00
   272  1.000E+01  1.600E+03             0.00000E+00             0.00000E+00
   273  1.000E+01  1.610E+03             0.00000E+00             0.00000E+00
   274  1.000E+01  1.620E+03             0.00000E+00             0.00000E+00
   275  1.000E+01  1.630E+03             0.00000E+00             0.00000E+00
   276  1.000E+01  1.640E+03             0.00000E+00             0.00000E+00
   277  1.000E+01  1.650E+03             0.00000E+00             0.00000E+00
   278  1.000E+01  1.660E+03             0.00000E+00             0.00000E+00
   279  1.000E+01  1.670E+03             0.00000E+00             0.00000E+00
   280  1.000E+01  1.680E+03             0.00000E+00             0.00000E+00
   281  1.000E+01  1.690E+03             0.00000E+00             0.00000E+00
   282  1.000E+01  1.700E+03             0.00000E+00             0.00000E+00
   283  1.000E+01  1.710E+03             0.00000E+00             0.00000E+00
   284  1.000E+01  1.720E+03             0.00000E+00             0.00000E+00
   285  1.000E+01  1.730E+03             0.00000E+00             0.00000E+00
   286  1.000E+01  1.740E+03             0.00000E+00             0.00000E+00
   287  1.000E+01  1.750E+03             0.00000E+00             0.00000E+00
   288  1.000E+01  1.760E+03             0.00000E+00             0.00000E+00
   289  1.000E+01  1.770E+03             0.00000E+00             0.00000E+00
   290  1.000E+01  1.780E+03             0.00000E+00             0.00000E+00
   291  1.000E+01  1.790E+03             0.00000E+00             0.00000E+00
   292  1.000E+01  1.800E+03             0.00000E+00             0.00000E+00
   293  1.000E+01  1.810E+03             0.00000E+00             0.00000E+00
   294  1.000E+01  1.820E+03             0.00000E+00             0.00000E+00
   295  1.000E+01  1.830E+03             0.00000E+00             0.00000E+00
   296  1.000E+01  1.840E+03             0.00000E+00             0.00000E+00
   297  1.000E+01  1.850E+03             0.00000E+00             0.00000E+00
   298  1.000E+01  1.860E+03             0.00000E+00             0.00000E+00
   299  1.000E+01  1.870E+03             0.00000E+00             0.00000E+00
   300  1.000E+01  1.880E+03             0.00000E+00             0.00000E+00
   301  1.000E+01  1.890E+03             0.00000E+00             0.00000E+00
   302  1.000E+01  1.900E+03             0.00000E+00             0.00000E+00
   303  1.000E+01  1.910E+03             0.00000E+00             0.00000E+00
   304  1.000E+01  1.920E+03             0.00000E+00             0.00000E+00
   305  1.000E+01  1.930E+03             0.00000E+00             0.00000E+00
   306  1.000E+01  1.940E+03             0.00000E+00             0.00000E+00
   307  1.000E+01  1.950E+03             0.00000E+00             0.00000E+00
   308  1.000E+01  1.960E+03             0.00000E+00             0.00000E+00
   309  1.000E+01  1.970E+03             0.00000E+00             0.00000E+00
   310  1.000E+01  1.980E+03             0.00000E+00             0.00000E+00
   311  1.000E+01  1.990E+03             0.00000E+00             0.00000E+00
   312  1.000E+01  2.000E+03             0.00000E+00             0.00000E+00
   313  1.000E+01  2.010E+03             0.00000E+00             0.00000E+00
   314  1.000E+01  2.020E+03             0.00000E+00             0.00000E+00
   315  1.000E+01  2.030E+03             0.00000E+00             0.00000E+00
   316  1.000E+01  2.040E+03             0.00000E+00             0.00000E+00
   317  1.000E+01  2.050E+03             0.00000E+00             0.00000E+00
   318  1.000E+01  2.060E+03             0.00000E+00             0.00000E+00
   319  1.000E+01  2.070E+03             0.00000E+00             0.00000E+00
   320  1.000E+01  2.080E+03             0.00000E+00             0.00000E+00
   321  1.000E+01  2.090E+03             0.00000E+00             0.00000E+00
   322  1.000E+01  2.100E+03             0.00000E+00             0.00000E+00
   323  1.000E+01  2.110E+03             0.00000E+00             0.00000E+00
   324  1.000E+01  2.120E+03             0.00000E+00             0.00000E+00
   325  1.000E+01  2.130E+03             0.00000E+00             0.00000E+00
   326  1.000E+01  2.140E+03             0.00000E+00             0.00000E+00
   327  1.000E+01  2.150E+03             0.00000E+00             0.00000E+00
   328  1.000E+01  2.160E+03             0.00000E+00             0.00000E+00
   329  1.000E+01  2.170E+03             0.00000E+00             0.00000E+00
   330  1.000E+01  2.180E+03             0.00000E+00             0.00000E+00
   331  1.000E+01  2.190E+03             0.00000E+00             0.00000E+00
   332  1.000E+01  2.200E+03             0.00000E+00             0.00000E+00
   333  1.000E+01  2.210E+03             0.00000E+00             0.00000E+00
   334  1.000E+01  2.220E+03             0.00000E+00             0.00000E+00
   335  1.000E+01  2.230E+03             0.00000E+00             0.00000E+00
   336  1.000E+01  2.240E+03             0.00000E+00             0.00000E+00
   337  1.000E+01  2.250E+03             0.00000E+00             0.00000E+00
   338  1.000E+01  2.260E+03             0.00000E+00             0.00000E+00
   339  1.000E+01  2.270E+03             0.00000E+00             0.00000E+00
   340  1.000E+01  2.280E+03             0.00000E+00             0.00000E+00
   341  1.000E+01  2.290E+03             0.00000E+00             0.00000E+00
   342  1.000E+01  2.300E+03             0.00000E+00             0.00000E+00
   343  1.000E+01  2.310E+03             0.00000E+00             0.00000E+00
   344  1.000E+01  2.320E+03             0.00000E+00             0.00000E+00
   345  1.000E+01  2.330E+03             0.00000E+00             0.00000E+00
   346  1.000E+01  2.340E+03             0.00000E+00             0.00000E+00
   347  1.000E+01  2.350E+03             0.00000E+00             0.00000E+00
   348  1.000E+01  2.360E+03             0.00000E+00             0.00000E+00
   349  1.000E+01  2.370E+03             0.00000E+00             0.00000E+00
   350  1.000E+01  2.380E+03             0.00000E+00             0.00000E+00
   351  1.000E+01  2.390E+03             0.00000E+00             0.00000E+00
   352  1.000E+01  2.400E+03             0.00000E+00             0.00000E+00
   353  1.000E+01  2.410E+03             0.00000E+00             0.00000E+00
   354  1.000E+01  2.420E+03             0.00000E+00             0.00000E+00
   355  1.000E+01  2.430E+03             0.00000E+00             0.00000E+00
   356  1.000E+01  2.440E+03             0.00000E+00             0.00000E+00
   357  1.000E+01  2.450E+03             0.00000E+00             0.00000E+00
   358  1.000E+01  2.460E+03             0.00000E+00             0.00000E+00
   359  1.000E+01  2.470E+03             0.00000E+00             0.00000E+00
   360  1.000E+01  2.480E+03             0.00000E+00             0.00000E+00
   361  1.000E+01  2.490E+03             0.00000E+00             0.00000E+00
   362  1.000E+01  2.500E+03             0.00000E+00             0.00000E+00
   363  1.000E+01  2.510E+03             0.00000E+00             0.00000E+00
   364  1.000E+01  2.520E+03             0.00000E+00             0.00000E+00
   365  1.000E+01  2.530E+03             0.00000E+00             0.00000E+00
   366  1.000E+01  2.540E+03             0.00000E+00             0.00000E+00
   367  1.000E+01  2.550E+03             0.00000E+00             0.00000E+00
   368  1.000E+01  2.560E+03             0.00000E+00             0.00000E+00
   369  1.000E+01  2.570E+03             0.00000E+00             0.00000E+00
   370  1.000E+01  2.580E+03             0.00000E+00             0.00000E+00
   371  1.000E+01  2.590E+03             0.00000E+00             0.00000E+00
   372  1.000E+01  2.600E+03             0.00000E+00             0.00000E+00
   373  1.000E+01  2.610E+03             0.00000E+00             0.00000E+00
   374  1.000E+01  2.620E+03             0.00000E+00             0.00000E+00
   375  1.000E+01  2.630E+03             0.00000E+00             0.00000E+00
   376  1.000E+01  2.640E+03             0.00000E+00             0.00000E+00
   377  1.000E+01  2.650E+03             0.00000E+00             0.00000E+00
   378  1.000E+01  2.660E+03             0.00000E+00             0.00000E+00
   379  1.000E+01  2.670E+03             0.00000E+00             0.00000E+00
   380  1.000E+01  2.680E+03             0.00000E+00             0.00000E+00
   381  1.000E+01  2.690E+03             0.00000E+00             0.00000E+00
   382  1.000E+01  2.700E+03             0.00000E+00             0.00000E+00
   383  1.000E+01  2.710E+03             0.00000E+00             0.00000E+00
   384  1.000E+01  2.720E+03             0.00000E+00             0.00000E+00
   385  1.000E+01  2.730E+03             0.00000E+00             0.00000E+00
   386  1.000E+01  2.740E+03             0.00000E+00             0.00000E+00
   387  1.000E+01  2.750E+03             0.00000E+00             0.00000E+00
   388  1.000E+01  2.760E+03             0.00000E+00             0.00000E+00
   389  1.000E+01  2.770E+03             0.00000E+00             0.00000E+00
   390  1.000E+01  2.780E+03             0.00000E+00             0.00000E+00
   391  1.000E+01  2.790E+03             0.00000E+00             0.00000E+00
   392  1.000E+01  2.800E+03             0.00000E+00             0.00000E+00
   393  1.000E+01  2.810E+03             0.00000E+00             0.00000E+00
   394  1.000E+01  2.820E+03             0.00000E+00             0.00000E+00
   395  1.000E+01  2.830E+03             0.00000E+00             0.00000E+00
   396  1.000E+01  2.840E+03             0.00000E+00             0.00000E+00
   397  1.000E+01  2.850E+03             0.00000E+00             0.00000E+00
   398  1.000E+01  2.860E+03             0.00000E+00             0.00000E+00
   399  1.000E+01  2.870E+03             0.00000E+00             0.00000E+00
   400  1.000E+01  2.880E+03             0.00000E+00             0.00000E+00
   401  1.000E+01  2.890E+03             0.00000E+00             0.00000E+00
   402  1.000E+01  2.900E+03             0.00000E+00             0.00000E+00
   403  1.000E+01  2.910E+03             0.00000E+00             0.00000E+00
   404  1.000E+01  2.920E+03             0.00000E+00             0.00000E+00
   405  1.000E+01  2.930E+03             0.00000E+00             0.00000E+00
   406  1.000E+01  2.940E+03             0.00000E+00             0.00000E+00
   407  1.000E+01  2.950E+03             0.00000E+00             0.00000E+00
   408  1.000E+01  2.960E+03             0.00000E+00             0.00000E+00
   409  1.000E+01  2.970E+03             0.00000E+00             0.00000E+00
   410  1.000E+01  2.980E+03             0.00000E+00             0.00000E+00
   411  1.000E+01  2.990E+03             0.00000E+00             0.00000E+00
   412  1.000E+01  3.000E+03             0.00000E+00             0.00000E+00
   413  1.000E+01  3.010E+03             0.00000E+00             0.00000E+00
   414  1.000E+01  3.020E+03             0.00000E+00             0.00000E+00
   415  1.000E+01  3.030E+03             0.00000E+00             0.00000E+00
   416  1.000E+01  3.040E+03             0.00000E+00             0.00000E+00
   417  1.000E+01  3.050E+03             0.00000E+00             0.00000E+00
   418  1.000E+01  3.060E+03             0.00000E+00             0.00000E+00
   419  1.000E+01  3.070E+03             0.00000E+00             0.00000E+00
   420  1.000E+01  3.080E+03             0.00000E+00             0.00000E+00
   421  1.000E+01  3.090E+03             0.00000E+00             0.00000E+00
   422  1.000E+01  3.100E+03             0.00000E+00             0.00000E+00
   423  1.000E+01  3.110E+03             0.00000E+00             0.00000E+00
   424  1.000E+01  3.120E+03             0.00000E+00             0.00000E+00
   425  1.000E+01  3.130E+03             0.00000E+00             0.00000E+00
   426  1.000E+01  3.140E+03             0.00000E+00             0.00000E+00
   427  1.000E+01  3.150E+03             0.00000E+00             0.00000E+00
   428  1.000E+01  3.160E+03             0.00000E+00             0.00000E+00
   429  1.000E+01  3.170E+03             0.00000E+00             0.00000E+00
   430  1.000E+01  3.180E+03             0.00000E+00             0.00000E+00
   431  1.000E+01  3.190E+03             0.00000E+00             0.00000E+00
   432  1.000E+01  3.200E+03             0.00000E+00             0.00000E+00
   433  1.000E+01  3.210E+03             0.00000E+00             0.00000E+00
   434  1.000E+01  3.220E+03             0.00000E+00             0.00000E+00
   435  1.000E+01  3.230E+03             0.00000E+00             0.00000E+00
   436  1.000E+01  3.240E+03             0.00000E+00             0.00000E+00
   437  1.000E+01  3.250E+03             0.00000E+00             0.00000E+00
   438  1.000E+01  3.260E+03             0.00000E+00             0.00000E+00
   439  1.000E+01  3.270E+03             0.00000E+00             0.00000E+00
   440  1.000E+01  3.280E+03             0.00000E+00             0.00000E+00
   441  1.000E+01  3.290E+03             0.00000E+00             0.00000E+00
   442  1.000E+01  3.300E+03             0.00000E+00             0.00000E+00
   443  1.000E+01  3.310E+03             0.00000E+00             0.00000E+00
   444  1.000E+01  3.320E+03             0.00000E+00             0.00000E+00
   445  1.000E+01  3.330E+03             0.00000E+00             0.00000E+00
   446  1.000E+01  3.340E+03             0.00000E+00             0.00000E+00
   447  1.000E+01  3.350E+03             0.00000E+00             0.00000E+00
   448  1.000E+01  3.360E+03             0.00000E+00             0.00000E+00
   449  1.000E+01  3.370E+03             0.00000E+00             0.00000E+00
   450  1.000E+01  3.380E+03             0.00000E+00             0.00000E+00
   451  1.000E+01  3.390E+03             0.00000E+00             0.00000E+00
   452  1.000E+01  3.400E+03             0.00000E+00             0.00000E+00
   453  1.000E+01  3.410E+03             0.00000E+00             0.00000E+00
   454  1.000E+01  3.420E+03             0.00000E+00             0.00000E+00
   455  1.000E+01  3.430E+03             0.00000E+00             0.00000E+00
   456  1.000E+01  3.440E+03             0.00000E+00             0.00000E+00
   457  1.000E+01  3.450E+03             0.00000E+00             0.00000E+00
   458  1.000E+01  3.460E+03             0.00000E+00             0.00000E+00
   459  1.000E+01  3.470E+03             0.00000E+00             0.00000E+00
   460  1.000E+01  3.480E+03             0.00000E+00             0.00000E+00
   461  1.000E+01  3.490E+03             0.00000E+00             0.00000E+00
   462  1.000E+01  3.500E+03             0.00000E+00             0.00000E+00
   463  1.000E+01  3.510E+03             0.00000E+00             0.00000E+00
   464  1.000E+01  3.520E+03             0.00000E+00             0.00000E+00
   465  1.000E+01  3.530E+03             0.00000E+00             0.00000E+00
   466  1.000E+01  3.540E+03             0.00000E+00             0.00000E+00
   467  1.000E+01  3.550E+03             0.00000E+00             0.00000E+00
   468  1.000E+01  3.560E+03             0.00000E+00             0.00000E+00
   469  1.000E+01  3.570E+03             0.00000E+00             0.00000E+00
   470  1.000E+01  3.580E+03             0.00000E+00             0.00000E+00
   471  1.000E+01  3.590E+03             0.00000E+00             0.00000E+00
   472  1.000E+01  3.600E+03             0.00000E+00             0.00000E+00
   473  1.000E+01  3.610E+03             0.00000E+00             0.00000E+00
   474  1.000E+01  3.620E+03             0.00000E+00             0.00000E+00
   475  1.000E+01  3.630E+03             0.00000E+00             0.00000E+00
   476  1.000E+01  3.640E+03             0.00000E+00             0.00000E+00
   477  1.000E+01  3.650E+03             0.00000E+00             0.00000E+00
   478  1.000E+01  3.660E+03             0.00000E+00             0.00000E+00
   479  1.000E+01  3.670E+03             0.00000E+00             0.00000E+00
   480  1.000E+01  3.680E+03             0.00000E+00             0.00000E+00
   481  1.000E+01  3.690E+03             0.00000E+00             0.00000E+00
   482  1.000E+01  3.700E+03             0.00000E+00             0.00000E+00
   483  1.000E+01  3.710E+03             0.00000E+00             0.00000E+00
   484  1.000E+01  3.720E+03             0.00000E+00             0.00000E+00
   485  1.000E+01  3.730E+03             0.00000E+00             0.00000E+00
   486  1.000E+01  3.740E+03             0.00000E+00             0.00000E+00
   487  1.000E+01  3.750E+03             0.00000E+00             0.00000E+00
   488  1.000E+01  3.760E+03             0.00000E+00             0.00000E+00
   489  1.000E+01  3.770E+03             0.00000E+00             0.00000E+00
   490  1.000E+01  3.780E+03             0.00000E+00             0.00000E+00
   491  1.000E+01  3.790E+03             0.00000E+00             0.00000E+00
   492  1.000E+01  3.800E+03             0.00000E+00             0.00000E+00
   493  1.000E+01  3.810E+03             0.00000E+00             0.00000E+00
   494  1.000E+01  3.820E+03             0.00000E+00             0.00000E+00
   495  1.000E+01  3.830E+03             0.00000E+00             0.00000E+00
   496  1.000E+01  3.840E+03             0.00000E+00             0.00000E+00
   497  1.000E+01  3.850E+03             0.00000E+00             0.00000E+00
   498  1.000E+01  3.860E+03             0.00000E+00             0.00000E+00
   499  1.000E+01  3.870E+03             0.00000E+00             0.00000E+00
   500  1.000E+01  3.880E+03             0.00000E+00             0.00000E+00
   501  1.000E+01  3.890E+03             0.00000E+00             0.00000E+00
   502  1.000E+01  3.900E+03             0.00000E+00             0.00000E+00
   503  1.000E+01  3.910E+03             0.00000E+00             0.00000E+00
   504  1.000E+01  3.920E+03             0.00000E+00             0.00000E+00
   505  1.000E+01  3.930E+03             0.00000E+00             0.00000E+00
   506  1.000E+01  3.940E+03             0.00000E+00             0.00000E+00
   507  1.000E+01  3.950E+03             0.00000E+00             0.00000E+00
   508  1.000E+01  3.960E+03             0.00000E+00             0.00000E+00
   509  1.000E+01  3.970E+03             0.00000E+00             0.00000E+00
   510  1.000E+01  3.980E+03             0.00000E+00             0.00000E+00
   511  1.000E+01  3.990E+03             0.00000E+00             0.00000E+00
   512  1.000E+01  4.000E+03             0.00000E+00             0.00000E+00
   513  1.000E+01  4.010E+03             0.00000E+00             0.00000E+00
   514  1.000E+01  4.020E+03             0.00000E+00             0.00000E+00
   515  1.000E+01  4.030E+03             0.00000E+00             0.00000E+00
   516  1.000E+01  4.040E+03             0.00000E+00             0.00000E+00
   517  1.000E+01  4.050E+03             0.00000E+00             0.00000E+00
   518  1.000E+01  4.060E+03             0.00000E+00             0.00000E+00
   519  1.000E+01  4.070E+03             0.00000E+00             0.00000E+00
   520  1.000E+01  4.080E+03             0.00000E+00             0.00000E+00
   521  1.000E+01  4.090E+03             0.00000E+00             0.00000E+00
   522  1.000E+01  4.100E+03             0.00000E+00             0.00000E+00
   523  1.000E+01  4.110E+03             0.00000E+00             0.00000E+00
   524  1.000E+01  4.120E+03             0.00000E+00             0.00000E+00
   525  1.000E+01  4.130E+03             0.00000E+00             0.00000E+00
   526  1.000E+01  4.140E+03             0.00000E+00             0.00000E+00
   527  1.000E+01  4.150E+03             0.00000E+00             0.00000E+00
   528  1.000E+01  4.160E+03             0.00000E+00             0.00000E+00
   529  1.000E+01  4.170E+03             0.00000E+00             0.00000E+00
   530  1.000E+01  4.180E+03             0.00000E+00             0.00000E+00
   531  1.000E+01  4.190E+03             0.00000E+00             0.00000E+00
   532  1.000E+01  4.200E+03             0.00000E+00             0.00000E+00
   533  1.000E+01  4.210E+03             0.00000E+00             0.00000E+00
   534  1.000E+01  4.220E+03             0.00000E+00             0.00000E+00
   535  1.000E+01  4.230E+03             0.00000E+00             0.00000E+00
   536  1.000E+01  4.240E+03             0.00000E+00             0.00000E+00
   537  1.000E+01  4.250E+03             0.00000E+00             0.00000E+00
   538  1.000E+01  4.260E+03             0.00000E+00             0.00000E+00
   539  1.000E+01  4.270E+03             0.00000E+00             0.00000E+00
   540  1.000E+01  4.280E+03             0.00000E+00             0.00000E+00
   541  1.000E+01  4.290E+03             0.00000E+00             0.00000E+00
   542  1.000E+01  4.300E+03             0.00000E+00             0.00000E+00
   543  1.000E+01  4.310E+03             0.00000E+00             0.00000E+00
   544  1.000E+01  4.320E+03             0.00000E+00             0.00000E+00
   545  1.000E+01  4.330E+03             0.00000E+00             0.00000E+00
   546  1.000E+01  4.340E+03             0.00000E+00             0.00000E+00
   547  1.000E+01  4.350E+03             0.00000E+00             0.00000E+00
   548  1.000E+01  4.360E+03             0.00000E+00             0.00000E+00
   549  1.000E+01  4.370E+03             0.00000E+00             0.00000E+00
   550  1.000E+01  4.380E+03             0.00000E+00             0.00000E+00
   551  1.000E+01  4.390E+03             0.00000E+00             0.00000E+00
   552  1.000E+01  4.400E+03             0.00000E+00             0.00000E+00
   553  1.000E+01  4.410E+03             0.00000E+00             0.00000E+00
   554  1.000E+01  4.420E+03             0.00000E+00             0.00000E+00
   555  1.000E+01  4.430E+03             0.00000E+00             0.00000E+00
   556  1.000E+01  4.440E+03             0.00000E+00             0.00000E+00
   557  1.000E+01  4.450E+03             0.00000E+00             0.00000E+00
   558  1.000E+01  4.460E+03             0.00000E+00             0.00000E+00
   559  1.000E+01  4.470E+03             0.00000E+00             0.00000E+00
   560  1.000E+01  4.480E+03             0.00000E+00             0.00000E+00
   561  1.000E+01  4.490E+03             0.00000E+00             0.00000E+00
   562  1.000E+01  4.500E+03             0.00000E+00             0.00000E+00
   563  1.000E+01  4.510E+03             0.00000E+00             0.00000E+00
   564  1.000E+01  4.520E+03             0.00000E+00             0.00000E+00
   565  1.000E+01  4.530E+03             0.00000E+00             0.00000E+00
   566  1.000E+01  4.540E+03             0.00000E+00             0.00000E+00
   567  1.000E+01  4.550E+03             0.00000E+00             0.00000E+00
   568  1.000E+01  4.560E+03             0.00000E+00             0.00000E+00
   569  1.000E+01  4.570E+03             0.00000E+00             0.00000E+00
   570  1.000E+01  4.580E+03             0.00000E+00             0.00000E+00
   571  1.000E+01  4.590E+03             0.00000E+00             0.00000E+00
   572  1.000E+01  4.600E+03             0.00000E+00             0.00000E+00
   573  1.000E+01  4.610E+03             0.00000E+00             0.00000E+00
   574  1.000E+01  4.620E+03             0.00000E+00             0.00000E+00
   575  1.000E+01  4.630E+03             0.00000E+00             0.00000E+00
   576  1.000E+01  4.640E+03             0.00000E+00             0.00000E+00
   577  1.000E+01  4.650E+03             0.00000E+00             0.00000E+00
   578  1.000E+01  4.660E+03             0.00000E+00             0.00000E+00
   579  1.000E+01  4.670E+03             0.00000E+00             0.00000E+00
   580  1.000E+01  4.680E+03             0.00000E+00             0.00000E+00
   581  1.000E+01  4.690E+03             0.00000E+00             0.00000E+00
   582  1.000E+01  4.700E+03             0.00000E+00             0.00000E+00
   583  1.000E+01  4.710E+03             0.00000E+00             0.00000E+00
   584  1.000E+01  4.720E+03             0.00000E+00             0.00000E+00
   585  1.000E+01  4.730E+03             0.00000E+00             0.00000E+00
   586  1.000E+01  4.740E+03             0.00000E+00             0.00000E+00
   587  1.000E+01  4.750E+03             0.00000E+00             0.00000E+00
   588  1.000E+01  4.760E+03             0.00000E+00             0.00000E+00
   589  1.000E+01  4.770E+03             0.00000E+00             0.00000E+00
   590  1.000E+01  4.780E+03             0.00000E+00             0.00000E+00
   591  1.000E+01  4.790E+03             0.00000E+00             0.00000E+00
   592  1.000E+01  4.800E+03             0.00000E+00             0.00000E+00
   593  1.000E+01  4.810E+03             0.00000E+00             0.00000E+00
   594  1.000E+01  4.820E+03             0.00000E+00             0.00000E+00
   595  1.000E+01  4.830E+03             0.00000E+00             0.00000E+00
   596  1.000E+01  4.840E+03             0.00000E+00             0.00000E+00
   597  1.000E+01  4.850E+03             0.00000E+00             0.00000E+00
   598  1.000E+01  4.860E+03             0.00000E+00             0.00000E+00
   599  1.000E+01  4.870E+03             0.00000E+00             0.00000E+00
   600  1.000E+01  4.880E+03             0.00000E+00             0.00000E+00
   601  1.000E+01  4.890E+03             0.00000E+00             0.00000E+00
   602  1.000E+01  4.900E+03             0.00000E+00             0.00000E+00
   603  1.000E+01  4.910E+03             0.00000E+00             0.00000E+00
   604  1.000E+01  4.920E+03             0.00000E+00             0.00000E+00
   605  1.000E+01  4.930E+03             0.00000E+00             0.00000E+00
   606  1.000E+01  4.940E+03             0.00000E+00             0.00000E+00
   607  1.000E+01  4.950E+03             0.00000E+00             0.00000E+00
   608  1.000E+01  4.960E+03             0.00000E+00             0.00000E+00
   609  1.000E+01  4.970E+03             0.00000E+00             0.00000E+00
   610  1.000E+01  4.980E+03             0.00000E+00             0.00000E+00
   611  1.000E+01  4.990E+03             0.00000E+00             0.00000E+00
   612  1.000E+01  5.000E+03             0.00000E+00             0.00000E+00
   613  1.000E+01  5.010E+03             0.00000E+00             0.00000E+00
   614  1.000E+01  5.020E+03             0.00000E+00             0.00000E+00
   615  1.000E+01  5.030E+03             0.00000E+00             0.00000E+00
   616  1.000E+01  5.040E+03             0.00000E+00             0.00000E+00
   617  1.000E+01  5.050E+03             0.00000E+00             0.00000E+00
   618  1.000E+01  5.060E+03             0.00000E+00             0.00000E+00
   619  1.000E+01  5.070E+03             0.00000E+00             0.00000E+00
   620  1.000E+01  5.080E+03             0.00000E+00             0.00000E+00
   621  1.000E+01  5.090E+03             0.00000E+00             0.00000E+00
   622  1.000E+01  5.100E+03             0.00000E+00             0.00000E+00
   623  1.000E+01  5.110E+03             0.00000E+00             0.00000E+00
   624  1.000E+01  5.120E+03             0.00000E+00             0.00000E+00
   625  1.000E+01  5.130E+03             0.00000E+00             0.00000E+00
   626  1.000E+01  5.140E+03             0.00000E+00             0.00000E+00
   627  1.000E+01  5.150E+03             0.00000E+00             0.00000E+00
   628  1.000E+01  5.160E+03             0.00000E+00             0.00000E+00
   629  1.000E+01  5.170E+03             0.00000E+00             0.00000E+00
   630  1.000E+01  5.180E+03             0.00000E+00             0.00000E+00
   631  1.000E+01  5.190E+03             0.00000E+00             0.00000E+00
   632  1.000E+01  5.200E+03             0.00000E+00             0.00000E+00
   633  1.000E+01  5.210E+03             0.00000E+00             0.00000E+00
   634  1.000E+01  5.220E+03             0.00000E+00             0.00000E+00
   635  1.000E+01  5.230E+03             0.00000E+00             0.00000E+00
   636  1.000E+01  5.240E+03             0.00000E+00             0.00000E+00
   637  1.000E+01  5.250E+03             0.00000E+00             0.00000E+00
   638  1.000E+01  5.260E+03             0.00000E+00             0.00000E+00
   639  1.000E+01  5.270E+03             0.00000E+00             0.00000E+00
   640  1.000E+01  5.280E+03             0.00000E+00             0.00000E+00
   641  1.000E+01  5.290E+03             0.00000E+00             0.00000E+00
   642  1.000E+01  5.300E+03             0.00000E+00             0.00000E+00
   643  1.000E+01  5.310E+03             0.00000E+00             0.00000E+00
   644  1.000E+01  5.320E+03             0.00000E+00             0.00000E+00
   645  1.000E+01  5.330E+03             0.00000E+00             0.00000E+00
   646  1.000E+01  5.340E+03             0.00000E+00             0.00000E+00
   647  1.000E+01  5.350E+03             0.00000E+00             0.00000E+00
   648  1.000E+01  5.360E+03             0.00000E+00             0.00000E+00
   649  1.000E+01  5.370E+03             0.00000E+00             0.00000E+00
   650  1.000E+01  5.380E+03             0.00000E+00             0.00000E+00
   651  1.000E+01  5.390E+03             0.00000E+00             0.00000E+00
   652  1.000E+01  5.400E+03             0.00000E+00             0.00000E+00
   653  1.000E+01  5.410E+03             0.00000E+00             0.00000E+00
   654  1.000E+01  5.420E+03             0.00000E+00             0.00000E+00
   655  1.000E+01  5.430E+03             0.00000E+00             0.00000E+00
   656  1.000E+01  5.440E+03             0.00000E+00             0.00000E+00
   657  1.000E+01  5.450E+03             0.00000E+00             0.00000E+00
   658  1.000E+01  5.460E+03             0.00000E+00             0.00000E+00
   659  1.000E+01  5.470E+03             0.00000E+00             0.00000E+00
   660  1.000E+01  5.480E+03             0.00000E+00             0.00000E+00
   661  1.000E+01  5.490E+03             0.00000E+00             0.00000E+00
   662  1.000E+01  5.500E+03             0.00000E+00             0.00000E+00
   663  1.000E+01  5.510E+03             0.00000E+00             0.00000E+00
   664  1.000E+01  5.520E+03             0.00000E+00             0.00000E+00
   665  1.000E+01  5.530E+03             0.00000E+00             0.00000E+00
   666  1.000E+01  5.540E+03             0.00000E+00             0.00000E+00
   667  1.000E+01  5.550E+03             0.00000E+00             0.00000E+00
   668  1.000E+01  5.560E+03             0.00000E+00             0.00000E+00
   669  1.000E+01  5.570E+03             0.00000E+00             0.00000E+00
   670  1.000E+01  5.580E+03             0.00000E+00             0.00000E+00
   671  1.000E+01  5.590E+03             0.00000E+00             0.00000E+00
   672  1.000E+01  5.600E+03             0.00000E+00             0.00000E+00
   673  1.000E+01  5.610E+03             0.00000E+00             0.00000E+00
   674  1.000E+01  5.620E+03             0.00000E+00             0.00000E+00
   675  1.000E+01  5.630E+03             0.00000E+00             0.00000E+00
   676  1.000E+01  5.640E+03             0.00000E+00             0.00000E+00
   677  1.000E+01  5.650E+03             0.00000E+00             0.00000E+00
   678  1.000E+01  5.660E+03             0.00000E+00             0.00000E+00
   679  1.000E+01  5.670E+03             0.00000E+00             0.00000E+00
   680  1.000E+01  5.680E+03             0.00000E+00             0.00000E+00
   681  1.000E+01  5.690E+03             0.00000E+00             0.00000E+00
   682  1.000E+01  5.700E+03             0.00000E+00             0.00000E+00
   683  1.000E+01  5.710E+03             0.00000E+00             0.00000E+00
   684  1.000E+01  5.720E+03             0.00000E+00             0.00000E+00
   685  1.000E+01  5.730E+03             0.00000E+00             0.00000E+00
   686  1.000E+01  5.740E+03             0.00000E+00             0.00000E+00
   687  1.000E+01  5.750E+03             0.00000E+00             0.00000E+00
   688  1.000E+01  5.760E+03             0.00000E+00             0.00000E+00
   689  1.000E+01  5.770E+03             0.00000E+00             0.00000E+00
   690  1.000E+01  5.780E+03             0.00000E+00             0.00000E+00
   691  1.000E+01  5.790E+03             0.00000E+00             0.00000E+00
   692  1.000E+01  5.800E+03             0.00000E+00             0.00000E+00
   693  1.000E+01  5.810E+03             0.00000E+00             0.00000E+00
   694  1.000E+01  5.820E+03             0.00000E+00             0.00000E+00
   695  1.000E+01  5.830E+03             0.00000E+00             0.00000E+00
   696  1.000E+01  5.840E+03             0.00000E+00             0.00000E+00
   697  1.000E+01  5.850E+03             0.00000E+00             0.00000E+00
   698  1.000E+01  5.860E+03             0.00000E+00             0.00000E+00
   699  1.000E+01  5.870E+03             0.00000E+00             0.00000E+00
   700  1.000E+01  5.880E+03             0.00000E+00             0.00000E+00
   701  1.000E+01  5.890E+03             0.00000E+00             0.00000E+00
   702  1.000E+01  5.900E+03             0.00000E+00             0.00000E+00
   703  1.000E+01  5.910E+03             0.00000E+00             0.00000E+00
   704  1.000E+01  5.920E+03             0.00000E+00             0.00000E+00
   705  1.000E+01  5.930E+03             0.00000E+00             0.00000E+00
   706  1.000E+01  5.940E+03             0.00000E+00             0.00000E+00
   707  1.000E+01  5.950E+03             0.00000E+00             0.00000E+00
   708  1.000E+01  5.960E+03             0.00000E+00             0.00000E+00
   709  1.000E+01  5.970E+03             0.00000E+00             0.00000E+00
   710  1.000E+01  5.980E+03             0.00000E+00             0.00000E+00
   711  1.000E+01  5.990E+03             0.00000E+00             0.00000E+00
   712  1.000E+01  6.000E+03             0.00000E+00             0.00000E+00
   713  1.000E+01  6.010E+03             0.00000E+00             0.00000E+00
   714  1.000E+01  6.020E+03             0.00000E+00             0.00000E+00
   715  1.000E+01  6.030E+03             0.00000E+00             0.00000E+00
   716  1.000E+01  6.040E+03             0.00000E+00             0.00000E+00
   717  1.000E+01  6.050E+03             0.00000E+00             0.00000E+00
   718  1.000E+01  6.060E+03             0.00000E+00             0.00000E+00
   719  1.000E+01  6.070E+03             0.00000E+00             0.00000E+00
   720  1.000E+01  6.080E+03             0.00000E+00             0.00000E+00
   721  1.000E+01  6.090E+03             0.00000E+00             0.00000E+00
   722  1.000E+01  6.100E+03             0.00000E+00             0.00000E+00
   723  1.000E+01  6.110E+03             0.00000E+00             0.00000E+00
   724  1.000E+01  6.120E+03             0.00000E+00             0.00000E+00
   725  1.000E+01  6.130E+03             0.00000E+00             0.00000E+00
   726  1.000E+01  6.140E+03             0.00000E+00             0.00000E+00
   727  1.000E+01  6.150E+03             0.00000E+00             0.00000E+00
   728  1.000E+01  6.160E+03             0.00000E+00             0.00000E+00
   729  1.000E+01  6.170E+03             0.00000E+00             0.00000E+00
   730  1.000E+01  6.180E+03             0.00000E+00             0.00000E+00
   731  1.000E+01  6.190E+03             0.00000E+00             0.00000E+00
   732  1.000E+01  6.200E+03             0.00000E+00             0.00000E+00
   733  1.000E+01  6.210E+03             0.00000E+00             0.00000E+00
   734  1.000E+01  6.220E+03             0.00000E+00             0.00000E+00
   735  1.000E+01  6.230E+03             0.00000E+00             0.00000E+00
   736  1.000E+01  6.240E+03             0.00000E+00             0.00000E+00
   737  1.000E+01  6.250E+03             0.00000E+00             0.00000E+00
   738  1.000E+01  6.260E+03             0.00000E+00             0.00000E+00
   739  1.000E+01  6.270E+03             0.00000E+00             0.00000E+00
   740  1.000E+01  6.280E+03             0.00000E+00             0.00000E+00
   741  1.000E+01  6.290E+03             0.00000E+00             0.00000E+00
   742  1.000E+01  6.300E+03             0.00000E+00             0.00000E+00
   743  1.000E+01  6.310E+03             0.00000E+00             0.00000E+00
   744  1.000E+01  6.320E+03             0.00000E+00             0.00000E+00
   745  1.000E+01  6.330E+03             0.00000E+00             0.00000E+00
   746  1.000E+01  6.340E+03             0.00000E+00             0.00000E+00
   747  1.000E+01  6.350E+03             0.00000E+00             0.00000E+00
   748  1.000E+01  6.360E+03             0.00000E+00             0.00000E+00
   749  1.000E+01  6.370E+03             0.00000E+00             0.00000E+00
   750  1.000E+01  6.380E+03             0.00000E+00             0.00000E+00
   751  1.000E+01  6.390E+03             0.00000E+00             0.00000E+00
   752  1.000E+01  6.400E+03             0.00000E+00             0.00000E+00
   753  1.000E+01  6.410E+03             0.00000E+00             0.00000E+00
   754  1.000E+01  6.420E+03             0.00000E+00             0.00000E+00
   755  1.000E+01  6.430E+03             0.00000E+00             0.00000E+00
   756  1.000E+01  6.440E+03             0.00000E+00             0.00000E+00
   757  1.000E+01  6.450E+03             0.00000E+00             0.00000E+00
   758  1.000E+01  6.460E+03             0.00000E+00             0.00000E+00
   759  1.000E+01  6.470E+03             0.00000E+00             0.00000E+00
   760  1.000E+01  6.480E+03             0.00000E+00             0.00000E+00
   761  1.000E+01  6.490E+03             0.00000E+00             0.00000E+00
   762  1.000E+01  6.500E+03             0.00000E+00             0.00000E+00
   763  1.000E+01  6.510E+03             0.00000E+00             0.00000E+00
   764  1.000E+01  6.520E+03             0.00000E+00             0.00000E+00
   765  1.000E+01  6.530E+03             0.00000E+00             0.00000E+00
   766  1.000E+01  6.540E+03             0.00000E+00             0.00000E+00
   767  1.000E+01  6.550E+03             0.00000E+00             0.00000E+00
   768  1.000E+01  6.560E+03             0.00000E+00             0.00000E+00
   769  1.000E+01  6.570E+03             0.00000E+00             0.00000E+00
   770  1.000E+01  6.580E+03             0.00000E+00             0.00000E+00
   771  1.000E+01  6.590E+03             0.00000E+00             0.00000E+00
   772  1.000E+01  6.600E+03             0.00000E+00             0.00000E+00
   773  1.000E+01  6.610E+03             0.00000E+00             0.00000E+00
   774  1.000E+01  6.620E+03             0.00000E+00             0.00000E+00
   775  1.000E+01  6.630E+03             0.00000E+00             0.00000E+00
   776  1.000E+01  6.640E+03             0.00000E+00             0.00000E+00
   777  1.000E+01  6.650E+03             0.00000E+00             0.00000E+00
   778  1.000E+01  6.660E+03             0.00000E+00             0.00000E+00
   779  1.000E+01  6.670E+03             0.00000E+00             0.00000E+00
   780  1.000E+01  6.680E+03             0.00000E+00             0.00000E+00
   781  1.000E+01  6.690E+03             0.00000E+00             0.00000E+00
   782  1.000E+01  6.700E+03             0.00000E+00             0.00000E+00
   783  1.000E+01  6.710E+03             0.00000E+00             0.00000E+00
   784  1.000E+01  6.720E+03             0.00000E+00             0.00000E+00
   785  1.000E+01  6.730E+03             0.00000E+00             0.00000E+00
   786  1.000E+01  6.740E+03             0.00000E+00             0.00000E+00
   787  1.000E+01  6.750E+03             0.00000E+00             0.00000E+00
   788  1.000E+01  6.760E+03             0.00000E+00             0.00000E+00
   789  1.000E+01  6.770E+03             0.00000E+00             0.00000E+00
   790  1.000E+01  6.780E+03             0.00000E+00             0.00000E+00
   791  1.000E+01  6.790E+03             0.00000E+00             0.00000E+00
   792  1.000E+01  6.800E+03             0.00000E+00             0.00000E+00
   793  1.000E+01  6.810E+03             0.00000E+00             0.00000E+00
   794  1.000E+01  6.820E+03             0.00000E+00             0.00000E+00
   795  1.000E+01  6.830E+03             0.00000E+00             0.00000E+00
   796  1.000E+01  6.840E+03             0.00000E+00             0.00000E+00
   797  1.000E+01  6.850E+03             0.00000E+00             0.00000E+00
   798  1.000E+01  6.860E+03             0.00000E+00             0.00000E+00
   799  1.000E+01  6.870E+03             0.00000E+00             0.00000E+00
   800  1.000E+01  6.880E+03             0.00000E+00             0.00000E+00
   801  1.000E+01  6.890E+03             0.00000E+00             0.00000E+00
   802  1.000E+01  6.900E+03             0.00000E+00             0.00000E+00
   803  1.000E+01  6.910E+03             0.00000E+00             0.00000E+00
   804  1.000E+01  6.920E+03             0.00000E+00             0.00000E+00
   805  1.000E+01  6.930E+03             0.00000E+00             0.00000E+00
   806  1.000E+01  6.940E+03             0.00000E+00             0.00000E+00
   807  1.000E+01  6.950E+03             0.00000E+00             0.00000E+00
   808  1.000E+01  6.960E+03             0.00000E+00             0.00000E+00
   809  1.000E+01  6.970E+03             0.00000E+00             0.00000E+00
   810  1.000E+01  6.980E+03             0.00000E+00             0.00000E+00
   811  1.000E+01  6.990E+03             0.00000E+00             0.00000E+00
   812  1.000E+01  7.000E+03             0.00000E+00             0.00000E+00
   813  1.000E+01  7.010E+03             0.00000E+00             0.00000E+00
   814  1.000E+01  7.020E+03             0.00000E+00             0.00000E+00
   815  1.000E+01  7.030E+03             0.00000E+00             0.00000E+00
   816  1.000E+01  7.040E+03             0.00000E+00             0.00000E+00
   817  1.000E+01  7.050E+03             0.00000E+00             0.00000E+00
   818  1.000E+01  7.060E+03             0.00000E+00             0.00000E+00
   819  1.000E+01  7.070E+03             0.00000E+00             0.00000E+00
   820  1.000E+01  7.080E+03             0.00000E+00             0.00000E+00
   821  1.000E+01  7.090E+03             0.00000E+00             0.00000E+00
   822  1.000E+01  7.100E+03             0.00000E+00             0.00000E+00
   823  1.000E+01  7.110E+03             0.00000E+00             0.00000E+00
   824  1.000E+01  7.120E+03             0.00000E+00             0.00000E+00
   825  1.000E+01  7.130E+03             0.00000E+00             0.00000E+00
   826  1.000E+01  7.140E+03             0.00000E+00             0.00000E+00
   827  1.000E+01  7.150E+03             0.00000E+00             0.00000E+00
   828  1.000E+01  7.160E+03             0.00000E+00             0.00000E+00
   829  1.000E+01  7.170E+03             0.00000E+00             0.00000E+00
   830  1.000E+01  7.180E+03             0.00000E+00             0.00000E+00
   831  9.996E+00  7.190E+03             0.00000E+00             0.00000E+00
   832  9.996E+00  7.200E+03             0.00000E+00             0.00000E+00
