      0  0.00000000E+00     NSTEP   TIME
 SURFACE NODE              X              Y             SW
            1   1.000000E+04   4.005000E+03   1.000000E+00
            2   1.000050E+04   4.005000E+03   1.000000E+00
            3   1.000100E+04   4.005000E+03   1.000000E+00
            4   1.000150E+04   4.005000E+03   1.000000E+00
            5   1.000200E+04   4.005000E+03   1.000000E+00
            6   1.000250E+04   4.005000E+03   1.000000E+00
            7   1.000300E+04   4.005000E+03   1.000000E+00
            8   1.000350E+04   4.005000E+03   1.000000E+00
            9   1.000400E+04   4.005000E+03   1.000000E+00
           10   1.000450E+04   4.005000E+03   1.000000E+00
           11   1.000500E+04   4.005000E+03   1.000000E+00
           12   1.000550E+04   4.005000E+03   1.000000E+00
           13   1.000600E+04   4.005000E+03   1.000000E+00
           14   1.000650E+04   4.005000E+03   1.000000E+00
           15   1.000700E+04   4.005000E+03   1.000000E+00
           16   1.000750E+04   4.005000E+03   1.000000E+00
           17   1.000800E+04   4.005000E+03   1.000000E+00
           18   1.000850E+04   4.005000E+03   1.000000E+00
           19   1.000900E+04   4.005000E+03   1.000000E+00
           20   1.000950E+04   4.005000E+03   1.000000E+00
           21   1.001000E+04   4.005000E+03   1.000000E+00
           22   1.000000E+04   4.004500E+03   1.000000E+00
           23   1.000050E+04   4.004500E+03   1.000000E+00
           24   1.000100E+04   4.004500E+03   1.000000E+00
           25   1.000150E+04   4.004500E+03   1.000000E+00
           26   1.000200E+04   4.004500E+03   1.000000E+00
           27   1.000250E+04   4.004500E+03   1.000000E+00
           28   1.000300E+04   4.004500E+03   1.000000E+00
           29   1.000350E+04   4.004500E+03   1.000000E+00
           30   1.000400E+04   4.004500E+03   1.000000E+00
           31   1.000450E+04   4.004500E+03   1.000000E+00
           32   1.000500E+04   4.004500E+03   1.000000E+00
           33   1.000550E+04   4.004500E+03   1.000000E+00
           34   1.000600E+04   4.004500E+03   1.000000E+00
           35   1.000650E+04   4.004500E+03   1.000000E+00
           36   1.000700E+04   4.004500E+03   1.000000E+00
           37   1.000750E+04   4.004500E+03   1.000000E+00
           38   1.000800E+04   4.004500E+03   1.000000E+00
           39   1.000850E+04   4.004500E+03   1.000000E+00
           40   1.000900E+04   4.004500E+03   1.000000E+00
           41   1.000950E+04   4.004500E+03   1.000000E+00
           42   1.001000E+04   4.004500E+03   1.000000E+00
           43   1.000000E+04   4.004000E+03   1.000000E+00
           44   1.000050E+04   4.004000E+03   1.000000E+00
           45   1.000100E+04   4.004000E+03   1.000000E+00
           46   1.000150E+04   4.004000E+03   1.000000E+00
           47   1.000200E+04   4.004000E+03   1.000000E+00
           48   1.000250E+04   4.004000E+03   1.000000E+00
           49   1.000300E+04   4.004000E+03   1.000000E+00
           50   1.000350E+04   4.004000E+03   1.000000E+00
           51   1.000400E+04   4.004000E+03   1.000000E+00
           52   1.000450E+04   4.004000E+03   1.000000E+00
           53   1.000500E+04   4.004000E+03   1.000000E+00
           54   1.000550E+04   4.004000E+03   1.000000E+00
           55   1.000600E+04   4.004000E+03   1.000000E+00
           56   1.000650E+04   4.004000E+03   1.000000E+00
           57   1.000700E+04   4.004000E+03   1.000000E+00
           58   1.000750E+04   4.004000E+03   1.000000E+00
           59   1.000800E+04   4.004000E+03   1.000000E+00
           60   1.000850E+04   4.004000E+03   1.000000E+00
           61   1.000900E+04   4.004000E+03   1.000000E+00
           62   1.000950E+04   4.004000E+03   1.000000E+00
           63   1.001000E+04   4.004000E+03   1.000000E+00
           64   1.000000E+04   4.003500E+03   1.000000E+00
           65   1.000050E+04   4.003500E+03   1.000000E+00
           66   1.000100E+04   4.003500E+03   1.000000E+00
           67   1.000150E+04   4.003500E+03   1.000000E+00
           68   1.000200E+04   4.003500E+03   1.000000E+00
           69   1.000250E+04   4.003500E+03   1.000000E+00
           70   1.000300E+04   4.003500E+03   1.000000E+00
           71   1.000350E+04   4.003500E+03   1.000000E+00
           72   1.000400E+04   4.003500E+03   1.000000E+00
           73   1.000450E+04   4.003500E+03   1.000000E+00
           74   1.000500E+04   4.003500E+03   1.000000E+00
           75   1.000550E+04   4.003500E+03   1.000000E+00
           76   1.000600E+04   4.003500E+03   1.000000E+00
           77   1.000650E+04   4.003500E+03   1.000000E+00
           78   1.000700E+04   4.003500E+03   1.000000E+00
           79   1.000750E+04   4.003500E+03   1.000000E+00
           80   1.000800E+04   4.003500E+03   1.000000E+00
           81   1.000850E+04   4.003500E+03   1.000000E+00
           82   1.000900E+04   4.003500E+03   1.000000E+00
           83   1.000950E+04   4.003500E+03   1.000000E+00
           84   1.001000E+04   4.003500E+03   1.000000E+00
           85   1.000000E+04   4.003000E+03   1.000000E+00
           86   1.000050E+04   4.003000E+03   1.000000E+00
           87   1.000100E+04   4.003000E+03   1.000000E+00
           88   1.000150E+04   4.003000E+03   1.000000E+00
           89   1.000200E+04   4.003000E+03   1.000000E+00
           90   1.000250E+04   4.003000E+03   1.000000E+00
           91   1.000300E+04   4.003000E+03   1.000000E+00
           92   1.000350E+04   4.003000E+03   1.000000E+00
           93   1.000400E+04   4.003000E+03   1.000000E+00
           94   1.000450E+04   4.003000E+03   1.000000E+00
           95   1.000500E+04   4.003000E+03   1.000000E+00
           96   1.000550E+04   4.003000E+03   1.000000E+00
           97   1.000600E+04   4.003000E+03   1.000000E+00
           98   1.000650E+04   4.003000E+03   1.000000E+00
           99   1.000700E+04   4.003000E+03   1.000000E+00
          100   1.000750E+04   4.003000E+03   1.000000E+00
          101   1.000800E+04   4.003000E+03   1.000000E+00
          102   1.000850E+04   4.003000E+03   1.000000E+00
          103   1.000900E+04   4.003000E+03   1.000000E+00
          104   1.000950E+04   4.003000E+03   1.000000E+00
          105   1.001000E+04   4.003000E+03   1.000000E+00
          106   1.000000E+04   4.002500E+03   1.000000E+00
          107   1.000050E+04   4.002500E+03   1.000000E+00
          108   1.000100E+04   4.002500E+03   1.000000E+00
          109   1.000150E+04   4.002500E+03   1.000000E+00
          110   1.000200E+04   4.002500E+03   1.000000E+00
          111   1.000250E+04   4.002500E+03   1.000000E+00
          112   1.000300E+04   4.002500E+03   1.000000E+00
          113   1.000350E+04   4.002500E+03   1.000000E+00
          114   1.000400E+04   4.002500E+03   1.000000E+00
          115   1.000450E+04   4.002500E+03   1.000000E+00
          116   1.000500E+04   4.002500E+03   1.000000E+00
          117   1.000550E+04   4.002500E+03   1.000000E+00
          118   1.000600E+04   4.002500E+03   1.000000E+00
          119   1.000650E+04   4.002500E+03   1.000000E+00
          120   1.000700E+04   4.002500E+03   1.000000E+00
          121   1.000750E+04   4.002500E+03   1.000000E+00
          122   1.000800E+04   4.002500E+03   1.000000E+00
          123   1.000850E+04   4.002500E+03   1.000000E+00
          124   1.000900E+04   4.002500E+03   1.000000E+00
          125   1.000950E+04   4.002500E+03   1.000000E+00
          126   1.001000E+04   4.002500E+03   1.000000E+00
          127   1.000000E+04   4.002000E+03   1.000000E+00
          128   1.000050E+04   4.002000E+03   1.000000E+00
          129   1.000100E+04   4.002000E+03   1.000000E+00
          130   1.000150E+04   4.002000E+03   1.000000E+00
          131   1.000200E+04   4.002000E+03   1.000000E+00
          132   1.000250E+04   4.002000E+03   1.000000E+00
          133   1.000300E+04   4.002000E+03   1.000000E+00
          134   1.000350E+04   4.002000E+03   1.000000E+00
          135   1.000400E+04   4.002000E+03   1.000000E+00
          136   1.000450E+04   4.002000E+03   1.000000E+00
          137   1.000500E+04   4.002000E+03   1.000000E+00
          138   1.000550E+04   4.002000E+03   1.000000E+00
          139   1.000600E+04   4.002000E+03   1.000000E+00
          140   1.000650E+04   4.002000E+03   1.000000E+00
          141   1.000700E+04   4.002000E+03   1.000000E+00
          142   1.000750E+04   4.002000E+03   1.000000E+00
          143   1.000800E+04   4.002000E+03   1.000000E+00
          144   1.000850E+04   4.002000E+03   1.000000E+00
          145   1.000900E+04   4.002000E+03   1.000000E+00
          146   1.000950E+04   4.002000E+03   1.000000E+00
          147   1.001000E+04   4.002000E+03   1.000000E+00
          148   1.000000E+04   4.001500E+03   1.000000E+00
          149   1.000050E+04   4.001500E+03   1.000000E+00
          150   1.000100E+04   4.001500E+03   1.000000E+00
          151   1.000150E+04   4.001500E+03   1.000000E+00
          152   1.000200E+04   4.001500E+03   1.000000E+00
          153   1.000250E+04   4.001500E+03   1.000000E+00
          154   1.000300E+04   4.001500E+03   1.000000E+00
          155   1.000350E+04   4.001500E+03   1.000000E+00
          156   1.000400E+04   4.001500E+03   1.000000E+00
          157   1.000450E+04   4.001500E+03   1.000000E+00
          158   1.000500E+04   4.001500E+03   1.000000E+00
          159   1.000550E+04   4.001500E+03   1.000000E+00
          160   1.000600E+04   4.001500E+03   1.000000E+00
          161   1.000650E+04   4.001500E+03   1.000000E+00
          162   1.000700E+04   4.001500E+03   1.000000E+00
          163   1.000750E+04   4.001500E+03   1.000000E+00
          164   1.000800E+04   4.001500E+03   1.000000E+00
          165   1.000850E+04   4.001500E+03   1.000000E+00
          166   1.000900E+04   4.001500E+03   1.000000E+00
          167   1.000950E+04   4.001500E+03   1.000000E+00
          168   1.001000E+04   4.001500E+03   1.000000E+00
          169   1.000000E+04   4.001000E+03   1.000000E+00
          170   1.000050E+04   4.001000E+03   1.000000E+00
          171   1.000100E+04   4.001000E+03   1.000000E+00
          172   1.000150E+04   4.001000E+03   1.000000E+00
          173   1.000200E+04   4.001000E+03   1.000000E+00
          174   1.000250E+04   4.001000E+03   1.000000E+00
          175   1.000300E+04   4.001000E+03   1.000000E+00
          176   1.000350E+04   4.001000E+03   1.000000E+00
          177   1.000400E+04   4.001000E+03   1.000000E+00
          178   1.000450E+04   4.001000E+03   1.000000E+00
          179   1.000500E+04   4.001000E+03   1.000000E+00
          180   1.000550E+04   4.001000E+03   1.000000E+00
          181   1.000600E+04   4.001000E+03   1.000000E+00
          182   1.000650E+04   4.001000E+03   1.000000E+00
          183   1.000700E+04   4.001000E+03   1.000000E+00
          184   1.000750E+04   4.001000E+03   1.000000E+00
          185   1.000800E+04   4.001000E+03   1.000000E+00
          186   1.000850E+04   4.001000E+03   1.000000E+00
          187   1.000900E+04   4.001000E+03   1.000000E+00
          188   1.000950E+04   4.001000E+03   1.000000E+00
          189   1.001000E+04   4.001000E+03   1.000000E+00
          190   1.000000E+04   4.000500E+03   1.000000E+00
          191   1.000050E+04   4.000500E+03   1.000000E+00
          192   1.000100E+04   4.000500E+03   1.000000E+00
          193   1.000150E+04   4.000500E+03   1.000000E+00
          194   1.000200E+04   4.000500E+03   1.000000E+00
          195   1.000250E+04   4.000500E+03   1.000000E+00
          196   1.000300E+04   4.000500E+03   1.000000E+00
          197   1.000350E+04   4.000500E+03   1.000000E+00
          198   1.000400E+04   4.000500E+03   1.000000E+00
          199   1.000450E+04   4.000500E+03   1.000000E+00
          200   1.000500E+04   4.000500E+03   1.000000E+00
          201   1.000550E+04   4.000500E+03   1.000000E+00
          202   1.000600E+04   4.000500E+03   1.000000E+00
          203   1.000650E+04   4.000500E+03   1.000000E+00
          204   1.000700E+04   4.000500E+03   1.000000E+00
          205   1.000750E+04   4.000500E+03   1.000000E+00
          206   1.000800E+04   4.000500E+03   1.000000E+00
          207   1.000850E+04   4.000500E+03   1.000000E+00
          208   1.000900E+04   4.000500E+03   1.000000E+00
          209   1.000950E+04   4.000500E+03   1.000000E+00
          210   1.001000E+04   4.000500E+03   1.000000E+00
          211   1.000000E+04   4.000000E+03   1.000000E+00
          212   1.000050E+04   4.000000E+03   1.000000E+00
          213   1.000100E+04   4.000000E+03   1.000000E+00
          214   1.000150E+04   4.000000E+03   1.000000E+00
          215   1.000200E+04   4.000000E+03   1.000000E+00
          216   1.000250E+04   4.000000E+03   1.000000E+00
          217   1.000300E+04   4.000000E+03   1.000000E+00
          218   1.000350E+04   4.000000E+03   1.000000E+00
          219   1.000400E+04   4.000000E+03   1.000000E+00
          220   1.000450E+04   4.000000E+03   1.000000E+00
          221   1.000500E+04   4.000000E+03   1.000000E+00
          222   1.000550E+04   4.000000E+03   1.000000E+00
          223   1.000600E+04   4.000000E+03   1.000000E+00
          224   1.000650E+04   4.000000E+03   1.000000E+00
          225   1.000700E+04   4.000000E+03   1.000000E+00
          226   1.000750E+04   4.000000E+03   1.000000E+00
          227   1.000800E+04   4.000000E+03   1.000000E+00
          228   1.000850E+04   4.000000E+03   1.000000E+00
          229   1.000900E+04   4.000000E+03   1.000000E+00
          230   1.000950E+04   4.000000E+03   1.000000E+00
          231   1.001000E+04   4.000000E+03   1.000000E+00
    292  1.80000862E+03     NSTEP   TIME
 SURFACE NODE              X              Y             SW
            1   1.000000E+04   4.005000E+03   6.443836E-01
            2   1.000050E+04   4.005000E+03   6.466310E-01
            3   1.000100E+04   4.005000E+03   6.481276E-01
            4   1.000150E+04   4.005000E+03   6.490183E-01
            5   1.000200E+04   4.005000E+03   6.500909E-01
            6   1.000250E+04   4.005000E+03   6.513213E-01
            7   1.000300E+04   4.005000E+03   6.526862E-01
            8   1.000350E+04   4.005000E+03   6.541929E-01
            9   1.000400E+04   4.005000E+03   6.558709E-01
           10   1.000450E+04   4.005000E+03   6.577248E-01
           11   1.000500E+04   4.005000E+03   6.597805E-01
           12   1.000550E+04   4.005000E+03   6.620877E-01
           13   1.000600E+04   4.005000E+03   6.647372E-01
           14   1.000650E+04   4.005000E+03   6.678938E-01
           15   1.000700E+04   4.005000E+03   6.717179E-01
           16   1.000750E+04   4.005000E+03   6.762183E-01
           17   1.000800E+04   4.005000E+03   6.851061E-01
           18   1.000850E+04   4.005000E+03   6.984054E-01
           19   1.000900E+04   4.005000E+03   7.152055E-01
           20   1.000950E+04   4.005000E+03   7.363719E-01
           21   1.001000E+04   4.005000E+03   7.461141E-01
           22   1.000000E+04   4.004500E+03   6.490408E-01
           23   1.000050E+04   4.004500E+03   6.496889E-01
           24   1.000100E+04   4.004500E+03   6.526610E-01
           25   1.000150E+04   4.004500E+03   6.536952E-01
           26   1.000200E+04   4.004500E+03   6.550162E-01
           27   1.000250E+04   4.004500E+03   6.565143E-01
           28   1.000300E+04   4.004500E+03   6.582024E-01
           29   1.000350E+04   4.004500E+03   6.601054E-01
           30   1.000400E+04   4.004500E+03   6.622439E-01
           31   1.000450E+04   4.004500E+03   6.646238E-01
           32   1.000500E+04   4.004500E+03   6.672203E-01
           33   1.000550E+04   4.004500E+03   6.700572E-01
           34   1.000600E+04   4.004500E+03   6.731882E-01
           35   1.000650E+04   4.004500E+03   6.767917E-01
           36   1.000700E+04   4.004500E+03   6.832858E-01
           37   1.000750E+04   4.004500E+03   6.927692E-01
           38   1.000800E+04   4.004500E+03   7.050369E-01
           39   1.000850E+04   4.004500E+03   7.206657E-01
           40   1.000900E+04   4.004500E+03   7.403590E-01
           41   1.000950E+04   4.004500E+03   7.655232E-01
           42   1.001000E+04   4.004500E+03   7.698119E-01
           43   1.000000E+04   4.004000E+03   6.544977E-01
           44   1.000050E+04   4.004000E+03   6.551902E-01
           45   1.000100E+04   4.004000E+03   6.596020E-01
           46   1.000150E+04   4.004000E+03   6.621423E-01
           47   1.000200E+04   4.004000E+03   6.649358E-01
           48   1.000250E+04   4.004000E+03   6.679114E-01
           49   1.000300E+04   4.004000E+03   6.709745E-01
           50   1.000350E+04   4.004000E+03   6.741094E-01
           51   1.000400E+04   4.004000E+03   6.774699E-01
           52   1.000450E+04   4.004000E+03   6.830353E-01
           53   1.000500E+04   4.004000E+03   6.904468E-01
           54   1.000550E+04   4.004000E+03   6.984620E-01
           55   1.000600E+04   4.004000E+03   7.071204E-01
           56   1.000650E+04   4.004000E+03   7.168052E-01
           57   1.000700E+04   4.004000E+03   7.284557E-01
           58   1.000750E+04   4.004000E+03   7.427778E-01
           59   1.000800E+04   4.004000E+03   7.603648E-01
           60   1.000850E+04   4.004000E+03   7.820499E-01
           61   1.000900E+04   4.004000E+03   8.092966E-01
           62   1.000950E+04   4.004000E+03   8.443540E-01
           63   1.001000E+04   4.004000E+03   8.502969E-01
           64   1.000000E+04   4.003500E+03   6.623053E-01
           65   1.000050E+04   4.003500E+03   6.626163E-01
           66   1.000100E+04   4.003500E+03   6.684175E-01
           67   1.000150E+04   4.003500E+03   6.728564E-01
           68   1.000200E+04   4.003500E+03   6.773056E-01
           69   1.000250E+04   4.003500E+03   6.844285E-01
           70   1.000300E+04   4.003500E+03   6.934743E-01
           71   1.000350E+04   4.003500E+03   7.027406E-01
           72   1.000400E+04   4.003500E+03   7.121649E-01
           73   1.000450E+04   4.003500E+03   7.222840E-01
           74   1.000500E+04   4.003500E+03   7.332783E-01
           75   1.000550E+04   4.003500E+03   7.451146E-01
           76   1.000600E+04   4.003500E+03   7.580276E-01
           77   1.000650E+04   4.003500E+03   7.724620E-01
           78   1.000700E+04   4.003500E+03   7.889522E-01
           79   1.000750E+04   4.003500E+03   8.080636E-01
           80   1.000800E+04   4.003500E+03   8.305772E-01
           81   1.000850E+04   4.003500E+03   8.572640E-01
           82   1.000900E+04   4.003500E+03   8.896220E-01
           83   1.000950E+04   4.003500E+03   9.280942E-01
           84   1.001000E+04   4.003500E+03   9.330743E-01
           85   1.000000E+04   4.003000E+03   6.735703E-01
           86   1.000050E+04   4.003000E+03   6.742531E-01
           87   1.000100E+04   4.003000E+03   6.838337E-01
           88   1.000150E+04   4.003000E+03   6.961794E-01
           89   1.000200E+04   4.003000E+03   7.088536E-01
           90   1.000250E+04   4.003000E+03   7.218762E-01
           91   1.000300E+04   4.003000E+03   7.353708E-01
           92   1.000350E+04   4.003000E+03   7.491136E-01
           93   1.000400E+04   4.003000E+03   7.631049E-01
           94   1.000450E+04   4.003000E+03   7.774880E-01
           95   1.000500E+04   4.003000E+03   7.923558E-01
           96   1.000550E+04   4.003000E+03   8.079149E-01
           97   1.000600E+04   4.003000E+03   8.244507E-01
           98   1.000650E+04   4.003000E+03   8.422485E-01
           99   1.000700E+04   4.003000E+03   8.615034E-01
          100   1.000750E+04   4.003000E+03   8.825368E-01
          101   1.000800E+04   4.003000E+03   9.058800E-01
          102   1.000850E+04   4.003000E+03   9.337939E-01
          103   1.000900E+04   4.003000E+03   9.680918E-01
          104   1.000950E+04   4.003000E+03   9.988275E-01
          105   1.001000E+04   4.003000E+03   9.989288E-01
          106   1.000000E+04   4.002500E+03   6.992994E-01
          107   1.000050E+04   4.002500E+03   7.016579E-01
          108   1.000100E+04   4.002500E+03   7.198428E-01
          109   1.000150E+04   4.002500E+03   7.383967E-01
          110   1.000200E+04   4.002500E+03   7.571763E-01
          111   1.000250E+04   4.002500E+03   7.757707E-01
          112   1.000300E+04   4.002500E+03   7.940536E-01
          113   1.000350E+04   4.002500E+03   8.119789E-01
          114   1.000400E+04   4.002500E+03   8.295660E-01
          115   1.000450E+04   4.002500E+03   8.467878E-01
          116   1.000500E+04   4.002500E+03   8.636839E-01
          117   1.000550E+04   4.002500E+03   8.805994E-01
          118   1.000600E+04   4.002500E+03   8.977673E-01
          119   1.000650E+04   4.002500E+03   9.152368E-01
          120   1.000700E+04   4.002500E+03   9.333313E-01
          121   1.000750E+04   4.002500E+03   9.514987E-01
          122   1.000800E+04   4.002500E+03   9.722256E-01
          123   1.000850E+04   4.002500E+03   1.000000E+00
          124   1.000900E+04   4.002500E+03   1.000000E+00
          125   1.000950E+04   4.002500E+03   1.000000E+00
          126   1.001000E+04   4.002500E+03   1.000000E+00
          127   1.000000E+04   4.002000E+03   7.433559E-01
          128   1.000050E+04   4.002000E+03   7.471825E-01
          129   1.000100E+04   4.002000E+03   7.731724E-01
          130   1.000150E+04   4.002000E+03   7.989733E-01
          131   1.000200E+04   4.002000E+03   8.232455E-01
          132   1.000250E+04   4.002000E+03   8.456843E-01
          133   1.000300E+04   4.002000E+03   8.665094E-01
          134   1.000350E+04   4.002000E+03   8.859011E-01
          135   1.000400E+04   4.002000E+03   9.038577E-01
          136   1.000450E+04   4.002000E+03   9.206175E-01
          137   1.000500E+04   4.002000E+03   9.354376E-01
          138   1.000550E+04   4.002000E+03   9.496422E-01
          139   1.000600E+04   4.002000E+03   9.643295E-01
          140   1.000650E+04   4.002000E+03   9.812732E-01
          141   1.000700E+04   4.002000E+03   1.000000E+00
          142   1.000750E+04   4.002000E+03   1.000000E+00
          143   1.000800E+04   4.002000E+03   1.000000E+00
          144   1.000850E+04   4.002000E+03   1.000000E+00
          145   1.000900E+04   4.002000E+03   1.000000E+00
          146   1.000950E+04   4.002000E+03   1.000000E+00
          147   1.001000E+04   4.002000E+03   1.000000E+00
          148   1.000000E+04   4.001500E+03   8.068580E-01
          149   1.000050E+04   4.001500E+03   8.122410E-01
          150   1.000100E+04   4.001500E+03   8.463677E-01
          151   1.000150E+04   4.001500E+03   8.775131E-01
          152   1.000200E+04   4.001500E+03   9.029918E-01
          153   1.000250E+04   4.001500E+03   9.237737E-01
          154   1.000300E+04   4.001500E+03   9.420788E-01
          155   1.000350E+04   4.001500E+03   9.594500E-01
          156   1.000400E+04   4.001500E+03   9.773759E-01
          157   1.000450E+04   4.001500E+03   9.973129E-01
          158   1.000500E+04   4.001500E+03   1.000000E+00
          159   1.000550E+04   4.001500E+03   1.000000E+00
          160   1.000600E+04   4.001500E+03   1.000000E+00
          161   1.000650E+04   4.001500E+03   1.000000E+00
          162   1.000700E+04   4.001500E+03   1.000000E+00
          163   1.000750E+04   4.001500E+03   1.000000E+00
          164   1.000800E+04   4.001500E+03   1.000000E+00
          165   1.000850E+04   4.001500E+03   1.000000E+00
          166   1.000900E+04   4.001500E+03   1.000000E+00
          167   1.000950E+04   4.001500E+03   1.000000E+00
          168   1.001000E+04   4.001500E+03   1.000000E+00
          169   1.000000E+04   4.001000E+03   8.919004E-01
          170   1.000050E+04   4.001000E+03   8.988283E-01
          171   1.000100E+04   4.001000E+03   9.386632E-01
          172   1.000150E+04   4.001000E+03   9.812230E-01
          173   1.000200E+04   4.001000E+03   1.000000E+00
          174   1.000250E+04   4.001000E+03   1.000000E+00
          175   1.000300E+04   4.001000E+03   1.000000E+00
          176   1.000350E+04   4.001000E+03   1.000000E+00
          177   1.000400E+04   4.001000E+03   1.000000E+00
          178   1.000450E+04   4.001000E+03   1.000000E+00
          179   1.000500E+04   4.001000E+03   1.000000E+00
          180   1.000550E+04   4.001000E+03   1.000000E+00
          181   1.000600E+04   4.001000E+03   1.000000E+00
          182   1.000650E+04   4.001000E+03   1.000000E+00
          183   1.000700E+04   4.001000E+03   1.000000E+00
          184   1.000750E+04   4.001000E+03   1.000000E+00
          185   1.000800E+04   4.001000E+03   1.000000E+00
          186   1.000850E+04   4.001000E+03   1.000000E+00
          187   1.000900E+04   4.001000E+03   1.000000E+00
          188   1.000950E+04   4.001000E+03   1.000000E+00
          189   1.001000E+04   4.001000E+03   1.000000E+00
          190   1.000000E+04   4.000500E+03   1.000000E+00
          191   1.000050E+04   4.000500E+03   1.000000E+00
          192   1.000100E+04   4.000500E+03   1.000000E+00
          193   1.000150E+04   4.000500E+03   1.000000E+00
          194   1.000200E+04   4.000500E+03   1.000000E+00
          195   1.000250E+04   4.000500E+03   1.000000E+00
          196   1.000300E+04   4.000500E+03   1.000000E+00
          197   1.000350E+04   4.000500E+03   1.000000E+00
          198   1.000400E+04   4.000500E+03   1.000000E+00
          199   1.000450E+04   4.000500E+03   1.000000E+00
          200   1.000500E+04   4.000500E+03   1.000000E+00
          201   1.000550E+04   4.000500E+03   1.000000E+00
          202   1.000600E+04   4.000500E+03   1.000000E+00
          203   1.000650E+04   4.000500E+03   1.000000E+00
          204   1.000700E+04   4.000500E+03   1.000000E+00
          205   1.000750E+04   4.000500E+03   1.000000E+00
          206   1.000800E+04   4.000500E+03   1.000000E+00
          207   1.000850E+04   4.000500E+03   1.000000E+00
          208   1.000900E+04   4.000500E+03   1.000000E+00
          209   1.000950E+04   4.000500E+03   1.000000E+00
          210   1.001000E+04   4.000500E+03   1.000000E+00
          211   1.000000E+04   4.000000E+03   1.000000E+00
          212   1.000050E+04   4.000000E+03   1.000000E+00
          213   1.000100E+04   4.000000E+03   1.000000E+00
          214   1.000150E+04   4.000000E+03   1.000000E+00
          215   1.000200E+04   4.000000E+03   1.000000E+00
          216   1.000250E+04   4.000000E+03   1.000000E+00
          217   1.000300E+04   4.000000E+03   1.000000E+00
          218   1.000350E+04   4.000000E+03   1.000000E+00
          219   1.000400E+04   4.000000E+03   1.000000E+00
          220   1.000450E+04   4.000000E+03   1.000000E+00
          221   1.000500E+04   4.000000E+03   1.000000E+00
          222   1.000550E+04   4.000000E+03   1.000000E+00
          223   1.000600E+04   4.000000E+03   1.000000E+00
          224   1.000650E+04   4.000000E+03   1.000000E+00
          225   1.000700E+04   4.000000E+03   1.000000E+00
          226   1.000750E+04   4.000000E+03   1.000000E+00
          227   1.000800E+04   4.000000E+03   1.000000E+00
          228   1.000850E+04   4.000000E+03   1.000000E+00
          229   1.000900E+04   4.000000E+03   1.000000E+00
          230   1.000950E+04   4.000000E+03   1.000000E+00
          231   1.001000E+04   4.000000E+03   1.000000E+00
    472  3.60000862E+03     NSTEP   TIME
 SURFACE NODE              X              Y             SW
            1   1.000000E+04   4.005000E+03   6.260601E-01
            2   1.000050E+04   4.005000E+03   6.281496E-01
            3   1.000100E+04   4.005000E+03   6.293023E-01
            4   1.000150E+04   4.005000E+03   6.297638E-01
            5   1.000200E+04   4.005000E+03   6.303525E-01
            6   1.000250E+04   4.005000E+03   6.310266E-01
            7   1.000300E+04   4.005000E+03   6.317997E-01
            8   1.000350E+04   4.005000E+03   6.326960E-01
            9   1.000400E+04   4.005000E+03   6.337519E-01
           10   1.000450E+04   4.005000E+03   6.350168E-01
           11   1.000500E+04   4.005000E+03   6.365624E-01
           12   1.000550E+04   4.005000E+03   6.384933E-01
           13   1.000600E+04   4.005000E+03   6.409838E-01
           14   1.000650E+04   4.005000E+03   6.441656E-01
           15   1.000700E+04   4.005000E+03   6.480311E-01
           16   1.000750E+04   4.005000E+03   6.526870E-01
           17   1.000800E+04   4.005000E+03   6.582493E-01
           18   1.000850E+04   4.005000E+03   6.649773E-01
           19   1.000900E+04   4.005000E+03   6.732379E-01
           20   1.000950E+04   4.005000E+03   6.847042E-01
           21   1.001000E+04   4.005000E+03   6.896578E-01
           22   1.000000E+04   4.004500E+03   6.298979E-01
           23   1.000050E+04   4.004500E+03   6.306213E-01
           24   1.000100E+04   4.004500E+03   6.331909E-01
           25   1.000150E+04   4.004500E+03   6.335821E-01
           26   1.000200E+04   4.004500E+03   6.342614E-01
           27   1.000250E+04   4.004500E+03   6.351061E-01
           28   1.000300E+04   4.004500E+03   6.361126E-01
           29   1.000350E+04   4.004500E+03   6.373012E-01
           30   1.000400E+04   4.004500E+03   6.387124E-01
           31   1.000450E+04   4.004500E+03   6.404153E-01
           32   1.000500E+04   4.004500E+03   6.425233E-01
           33   1.000550E+04   4.004500E+03   6.451708E-01
           34   1.000600E+04   4.004500E+03   6.483372E-01
           35   1.000650E+04   4.004500E+03   6.521741E-01
           36   1.000700E+04   4.004500E+03   6.568679E-01
           37   1.000750E+04   4.004500E+03   6.624799E-01
           38   1.000800E+04   4.004500E+03   6.689815E-01
           39   1.000850E+04   4.004500E+03   6.762521E-01
           40   1.000900E+04   4.004500E+03   6.878918E-01
           41   1.000950E+04   4.004500E+03   7.033191E-01
           42   1.001000E+04   4.004500E+03   7.043893E-01
           43   1.000000E+04   4.004000E+03   6.332658E-01
           44   1.000050E+04   4.004000E+03   6.344577E-01
           45   1.000100E+04   4.004000E+03   6.379843E-01
           46   1.000150E+04   4.004000E+03   6.392355E-01
           47   1.000200E+04   4.004000E+03   6.408431E-01
           48   1.000250E+04   4.004000E+03   6.427108E-01
           49   1.000300E+04   4.004000E+03   6.449156E-01
           50   1.000350E+04   4.004000E+03   6.475362E-01
           51   1.000400E+04   4.004000E+03   6.505052E-01
           52   1.000450E+04   4.004000E+03   6.539120E-01
           53   1.000500E+04   4.004000E+03   6.578714E-01
           54   1.000550E+04   4.004000E+03   6.624300E-01
           55   1.000600E+04   4.004000E+03   6.675084E-01
           56   1.000650E+04   4.004000E+03   6.730769E-01
           57   1.000700E+04   4.004000E+03   6.797328E-01
           58   1.000750E+04   4.004000E+03   6.900295E-01
           59   1.000800E+04   4.004000E+03   7.021406E-01
           60   1.000850E+04   4.004000E+03   7.163139E-01
           61   1.000900E+04   4.004000E+03   7.339552E-01
           62   1.000950E+04   4.004000E+03   7.563013E-01
           63   1.001000E+04   4.004000E+03   7.583305E-01
           64   1.000000E+04   4.003500E+03   6.377953E-01
           65   1.000050E+04   4.003500E+03   6.385404E-01
           66   1.000100E+04   4.003500E+03   6.430572E-01
           67   1.000150E+04   4.003500E+03   6.459954E-01
           68   1.000200E+04   4.003500E+03   6.494325E-01
           69   1.000250E+04   4.003500E+03   6.532072E-01
           70   1.000300E+04   4.003500E+03   6.574118E-01
           71   1.000350E+04   4.003500E+03   6.620676E-01
           72   1.000400E+04   4.003500E+03   6.670193E-01
           73   1.000450E+04   4.003500E+03   6.721577E-01
           74   1.000500E+04   4.003500E+03   6.773929E-01
           75   1.000550E+04   4.003500E+03   6.859771E-01
           76   1.000600E+04   4.003500E+03   6.957951E-01
           77   1.000650E+04   4.003500E+03   7.065440E-01
           78   1.000700E+04   4.003500E+03   7.185992E-01
           79   1.000750E+04   4.003500E+03   7.328526E-01
           80   1.000800E+04   4.003500E+03   7.496288E-01
           81   1.000850E+04   4.003500E+03   7.698305E-01
           82   1.000900E+04   4.003500E+03   7.949487E-01
           83   1.000950E+04   4.003500E+03   8.269332E-01
           84   1.001000E+04   4.003500E+03   8.301914E-01
           85   1.000000E+04   4.003000E+03   6.463425E-01
           86   1.000050E+04   4.003000E+03   6.467024E-01
           87   1.000100E+04   4.003000E+03   6.530658E-01
           88   1.000150E+04   4.003000E+03   6.583802E-01
           89   1.000200E+04   4.003000E+03   6.641052E-01
           90   1.000250E+04   4.003000E+03   6.699605E-01
           91   1.000300E+04   4.003000E+03   6.757157E-01
           92   1.000350E+04   4.003000E+03   6.837067E-01
           93   1.000400E+04   4.003000E+03   6.934132E-01
           94   1.000450E+04   4.003000E+03   7.035848E-01
           95   1.000500E+04   4.003000E+03   7.142740E-01
           96   1.000550E+04   4.003000E+03   7.262729E-01
           97   1.000600E+04   4.003000E+03   7.395021E-01
           98   1.000650E+04   4.003000E+03   7.541610E-01
           99   1.000700E+04   4.003000E+03   7.706935E-01
          100   1.000750E+04   4.003000E+03   7.897976E-01
          101   1.000800E+04   4.003000E+03   8.123602E-01
          102   1.000850E+04   4.003000E+03   8.395236E-01
          103   1.000900E+04   4.003000E+03   8.725117E-01
          104   1.000950E+04   4.003000E+03   9.132230E-01
          105   1.001000E+04   4.003000E+03   9.168692E-01
          106   1.000000E+04   4.002500E+03   6.610114E-01
          107   1.000050E+04   4.002500E+03   6.612295E-01
          108   1.000100E+04   4.002500E+03   6.695645E-01
          109   1.000150E+04   4.002500E+03   6.767109E-01
          110   1.000200E+04   4.002500E+03   6.872866E-01
          111   1.000250E+04   4.002500E+03   6.990085E-01
          112   1.000300E+04   4.002500E+03   7.109535E-01
          113   1.000350E+04   4.002500E+03   7.235115E-01
          114   1.000400E+04   4.002500E+03   7.367593E-01
          115   1.000450E+04   4.002500E+03   7.505774E-01
          116   1.000500E+04   4.002500E+03   7.652632E-01
          117   1.000550E+04   4.002500E+03   7.812325E-01
          118   1.000600E+04   4.002500E+03   7.987193E-01
          119   1.000650E+04   4.002500E+03   8.179867E-01
          120   1.000700E+04   4.002500E+03   8.390773E-01
          121   1.000750E+04   4.002500E+03   8.626215E-01
          122   1.000800E+04   4.002500E+03   8.893729E-01
          123   1.000850E+04   4.002500E+03   9.212099E-01
          124   1.000900E+04   4.002500E+03   9.567811E-01
          125   1.000950E+04   4.002500E+03   9.970983E-01
          126   1.001000E+04   4.002500E+03   9.973040E-01
          127   1.000000E+04   4.002000E+03   6.822738E-01
          128   1.000050E+04   4.002000E+03   6.834741E-01
          129   1.000100E+04   4.002000E+03   6.988034E-01
          130   1.000150E+04   4.002000E+03   7.139855E-01
          131   1.000200E+04   4.002000E+03   7.297158E-01
          132   1.000250E+04   4.002000E+03   7.460670E-01
          133   1.000300E+04   4.002000E+03   7.629502E-01
          134   1.000350E+04   4.002000E+03   7.804183E-01
          135   1.000400E+04   4.002000E+03   7.981470E-01
          136   1.000450E+04   4.002000E+03   8.160320E-01
          137   1.000500E+04   4.002000E+03   8.346293E-01
          138   1.000550E+04   4.002000E+03   8.544377E-01
          139   1.000600E+04   4.002000E+03   8.755124E-01
          140   1.000650E+04   4.002000E+03   8.981949E-01
          141   1.000700E+04   4.002000E+03   9.202536E-01
          142   1.000750E+04   4.002000E+03   9.420883E-01
          143   1.000800E+04   4.002000E+03   9.670202E-01
          144   1.000850E+04   4.002000E+03   1.000000E+00
          145   1.000900E+04   4.002000E+03   1.000000E+00
          146   1.000950E+04   4.002000E+03   1.000000E+00
          147   1.001000E+04   4.002000E+03   1.000000E+00
          148   1.000000E+04   4.001500E+03   7.244682E-01
          149   1.000050E+04   4.001500E+03   7.264823E-01
          150   1.000100E+04   4.001500E+03   7.482268E-01
          151   1.000150E+04   4.001500E+03   7.704878E-01
          152   1.000200E+04   4.001500E+03   7.926887E-01
          153   1.000250E+04   4.001500E+03   8.153712E-01
          154   1.000300E+04   4.001500E+03   8.385147E-01
          155   1.000350E+04   4.001500E+03   8.618489E-01
          156   1.000400E+04   4.001500E+03   8.839036E-01
          157   1.000450E+04   4.001500E+03   9.026196E-01
          158   1.000500E+04   4.001500E+03   9.206229E-01
          159   1.000550E+04   4.001500E+03   9.393519E-01
          160   1.000600E+04   4.001500E+03   9.593260E-01
          161   1.000650E+04   4.001500E+03   9.867683E-01
          162   1.000700E+04   4.001500E+03   1.000000E+00
          163   1.000750E+04   4.001500E+03   1.000000E+00
          164   1.000800E+04   4.001500E+03   1.000000E+00
          165   1.000850E+04   4.001500E+03   1.000000E+00
          166   1.000900E+04   4.001500E+03   1.000000E+00
          167   1.000950E+04   4.001500E+03   1.000000E+00
          168   1.001000E+04   4.001500E+03   1.000000E+00
          169   1.000000E+04   4.001000E+03   7.886533E-01
          170   1.000050E+04   4.001000E+03   7.923051E-01
          171   1.000100E+04   4.001000E+03   8.248000E-01
          172   1.000150E+04   4.001000E+03   8.584583E-01
          173   1.000200E+04   4.001000E+03   8.862072E-01
          174   1.000250E+04   4.001000E+03   9.141801E-01
          175   1.000300E+04   4.001000E+03   9.456627E-01
          176   1.000350E+04   4.001000E+03   9.768941E-01
          177   1.000400E+04   4.001000E+03   1.000000E+00
          178   1.000450E+04   4.001000E+03   1.000000E+00
          179   1.000500E+04   4.001000E+03   1.000000E+00
          180   1.000550E+04   4.001000E+03   1.000000E+00
          181   1.000600E+04   4.001000E+03   1.000000E+00
          182   1.000650E+04   4.001000E+03   1.000000E+00
          183   1.000700E+04   4.001000E+03   1.000000E+00
          184   1.000750E+04   4.001000E+03   1.000000E+00
          185   1.000800E+04   4.001000E+03   1.000000E+00
          186   1.000850E+04   4.001000E+03   1.000000E+00
          187   1.000900E+04   4.001000E+03   1.000000E+00
          188   1.000950E+04   4.001000E+03   1.000000E+00
          189   1.001000E+04   4.001000E+03   1.000000E+00
          190   1.000000E+04   4.000500E+03   8.885149E-01
          191   1.000050E+04   4.000500E+03   8.949959E-01
          192   1.000100E+04   4.000500E+03   9.423243E-01
          193   1.000150E+04   4.000500E+03   1.000000E+00
          194   1.000200E+04   4.000500E+03   1.000000E+00
          195   1.000250E+04   4.000500E+03   1.000000E+00
          196   1.000300E+04   4.000500E+03   1.000000E+00
          197   1.000350E+04   4.000500E+03   1.000000E+00
          198   1.000400E+04   4.000500E+03   1.000000E+00
          199   1.000450E+04   4.000500E+03   1.000000E+00
          200   1.000500E+04   4.000500E+03   1.000000E+00
          201   1.000550E+04   4.000500E+03   1.000000E+00
          202   1.000600E+04   4.000500E+03   1.000000E+00
          203   1.000650E+04   4.000500E+03   1.000000E+00
          204   1.000700E+04   4.000500E+03   1.000000E+00
          205   1.000750E+04   4.000500E+03   1.000000E+00
          206   1.000800E+04   4.000500E+03   1.000000E+00
          207   1.000850E+04   4.000500E+03   1.000000E+00
          208   1.000900E+04   4.000500E+03   1.000000E+00
          209   1.000950E+04   4.000500E+03   1.000000E+00
          210   1.001000E+04   4.000500E+03   1.000000E+00
          211   1.000000E+04   4.000000E+03   9.322833E-01
          212   1.000050E+04   4.000000E+03   9.497105E-01
          213   1.000100E+04   4.000000E+03   9.855433E-01
          214   1.000150E+04   4.000000E+03   1.000000E+00
          215   1.000200E+04   4.000000E+03   1.000000E+00
          216   1.000250E+04   4.000000E+03   1.000000E+00
          217   1.000300E+04   4.000000E+03   1.000000E+00
          218   1.000350E+04   4.000000E+03   1.000000E+00
          219   1.000400E+04   4.000000E+03   1.000000E+00
          220   1.000450E+04   4.000000E+03   1.000000E+00
          221   1.000500E+04   4.000000E+03   1.000000E+00
          222   1.000550E+04   4.000000E+03   1.000000E+00
          223   1.000600E+04   4.000000E+03   1.000000E+00
          224   1.000650E+04   4.000000E+03   1.000000E+00
          225   1.000700E+04   4.000000E+03   1.000000E+00
          226   1.000750E+04   4.000000E+03   1.000000E+00
          227   1.000800E+04   4.000000E+03   1.000000E+00
          228   1.000850E+04   4.000000E+03   1.000000E+00
          229   1.000900E+04   4.000000E+03   1.000000E+00
          230   1.000950E+04   4.000000E+03   1.000000E+00
          231   1.001000E+04   4.000000E+03   1.000000E+00
    832  7.20000000E+03     NSTEP   TIME
 SURFACE NODE              X              Y             SW
            1   1.000000E+04   4.005000E+03   6.062618E-01
            2   1.000050E+04   4.005000E+03   6.083719E-01
            3   1.000100E+04   4.005000E+03   6.093424E-01
            4   1.000150E+04   4.005000E+03   6.096740E-01
            5   1.000200E+04   4.005000E+03   6.101268E-01
            6   1.000250E+04   4.005000E+03   6.106553E-01
            7   1.000300E+04   4.005000E+03   6.112738E-01
            8   1.000350E+04   4.005000E+03   6.120076E-01
            9   1.000400E+04   4.005000E+03   6.128896E-01
           10   1.000450E+04   4.005000E+03   6.139577E-01
           11   1.000500E+04   4.005000E+03   6.152473E-01
           12   1.000550E+04   4.005000E+03   6.168282E-01
           13   1.000600E+04   4.005000E+03   6.187864E-01
           14   1.000650E+04   4.005000E+03   6.212313E-01
           15   1.000700E+04   4.005000E+03   6.243139E-01
           16   1.000750E+04   4.005000E+03   6.282277E-01
           17   1.000800E+04   4.005000E+03   6.333009E-01
           18   1.000850E+04   4.005000E+03   6.400497E-01
           19   1.000900E+04   4.005000E+03   6.482328E-01
           20   1.000950E+04   4.005000E+03   6.581642E-01
           21   1.001000E+04   4.005000E+03   6.613995E-01
           22   1.000000E+04   4.004500E+03   6.096543E-01
           23   1.000050E+04   4.004500E+03   6.107553E-01
           24   1.000100E+04   4.004500E+03   6.131143E-01
           25   1.000150E+04   4.004500E+03   6.133345E-01
           26   1.000200E+04   4.004500E+03   6.138378E-01
           27   1.000250E+04   4.004500E+03   6.144545E-01
           28   1.000300E+04   4.004500E+03   6.151999E-01
           29   1.000350E+04   4.004500E+03   6.161046E-01
           30   1.000400E+04   4.004500E+03   6.171960E-01
           31   1.000450E+04   4.004500E+03   6.185142E-01
           32   1.000500E+04   4.004500E+03   6.201317E-01
           33   1.000550E+04   4.004500E+03   6.221341E-01
           34   1.000600E+04   4.004500E+03   6.246139E-01
           35   1.000650E+04   4.004500E+03   6.276767E-01
           36   1.000700E+04   4.004500E+03   6.314896E-01
           37   1.000750E+04   4.004500E+03   6.364425E-01
           38   1.000800E+04   4.004500E+03   6.427231E-01
           39   1.000850E+04   4.004500E+03   6.504308E-01
           40   1.000900E+04   4.004500E+03   6.598090E-01
           41   1.000950E+04   4.004500E+03   6.709768E-01
           42   1.001000E+04   4.004500E+03   6.713336E-01
           43   1.000000E+04   4.004000E+03   6.121989E-01
           44   1.000050E+04   4.004000E+03   6.139988E-01
           45   1.000100E+04   4.004000E+03   6.171012E-01
           46   1.000150E+04   4.004000E+03   6.178353E-01
           47   1.000200E+04   4.004000E+03   6.189387E-01
           48   1.000250E+04   4.004000E+03   6.202090E-01
           49   1.000300E+04   4.004000E+03   6.216840E-01
           50   1.000350E+04   4.004000E+03   6.234262E-01
           51   1.000400E+04   4.004000E+03   6.255052E-01
           52   1.000450E+04   4.004000E+03   6.279955E-01
           53   1.000500E+04   4.004000E+03   6.309862E-01
           54   1.000550E+04   4.004000E+03   6.346318E-01
           55   1.000600E+04   4.004000E+03   6.392515E-01
           56   1.000650E+04   4.004000E+03   6.447623E-01
           57   1.000700E+04   4.004000E+03   6.512730E-01
           58   1.000750E+04   4.004000E+03   6.590087E-01
           59   1.000800E+04   4.004000E+03   6.679465E-01
           60   1.000850E+04   4.004000E+03   6.778223E-01
           61   1.000900E+04   4.004000E+03   6.918672E-01
           62   1.000950E+04   4.004000E+03   7.087481E-01
           63   1.001000E+04   4.004000E+03   7.098668E-01
           64   1.000000E+04   4.003500E+03   6.153676E-01
           65   1.000050E+04   4.003500E+03   6.167169E-01
           66   1.000100E+04   4.003500E+03   6.203676E-01
           67   1.000150E+04   4.003500E+03   6.220679E-01
           68   1.000200E+04   4.003500E+03   6.241671E-01
           69   1.000250E+04   4.003500E+03   6.265956E-01
           70   1.000300E+04   4.003500E+03   6.294194E-01
           71   1.000350E+04   4.003500E+03   6.327243E-01
           72   1.000400E+04   4.003500E+03   6.366836E-01
           73   1.000450E+04   4.003500E+03   6.415287E-01
           74   1.000500E+04   4.003500E+03   6.470687E-01
           75   1.000550E+04   4.003500E+03   6.534211E-01
           76   1.000600E+04   4.003500E+03   6.606598E-01
           77   1.000650E+04   4.003500E+03   6.686234E-01
           78   1.000700E+04   4.003500E+03   6.769460E-01
           79   1.000750E+04   4.003500E+03   6.886874E-01
           80   1.000800E+04   4.003500E+03   7.023511E-01
           81   1.000850E+04   4.003500E+03   7.181632E-01
           82   1.000900E+04   4.003500E+03   7.372211E-01
           83   1.000950E+04   4.003500E+03   7.603258E-01
           84   1.001000E+04   4.003500E+03   7.619595E-01
           85   1.000000E+04   4.003000E+03   6.208184E-01
           86   1.000050E+04   4.003000E+03   6.219068E-01
           87   1.000100E+04   4.003000E+03   6.264674E-01
           88   1.000150E+04   4.003000E+03   6.296700E-01
           89   1.000200E+04   4.003000E+03   6.334244E-01
           90   1.000250E+04   4.003000E+03   6.378655E-01
           91   1.000300E+04   4.003000E+03   6.431673E-01
           92   1.000350E+04   4.003000E+03   6.491135E-01
           93   1.000400E+04   4.003000E+03   6.558146E-01
           94   1.000450E+04   4.003000E+03   6.632047E-01
           95   1.000500E+04   4.003000E+03   6.710542E-01
           96   1.000550E+04   4.003000E+03   6.793765E-01
           97   1.000600E+04   4.003000E+03   6.904811E-01
           98   1.000650E+04   4.003000E+03   7.027384E-01
           99   1.000700E+04   4.003000E+03   7.162430E-01
          100   1.000750E+04   4.003000E+03   7.319018E-01
          101   1.000800E+04   4.003000E+03   7.500291E-01
          102   1.000850E+04   4.003000E+03   7.714009E-01
          103   1.000900E+04   4.003000E+03   7.973321E-01
          104   1.000950E+04   4.003000E+03   8.292270E-01
          105   1.001000E+04   4.003000E+03   8.313531E-01
          106   1.000000E+04   4.002500E+03   6.299736E-01
          107   1.000050E+04   4.002500E+03   6.309055E-01
          108   1.000100E+04   4.002500E+03   6.371368E-01
          109   1.000150E+04   4.002500E+03   6.430411E-01
          110   1.000200E+04   4.002500E+03   6.496601E-01
          111   1.000250E+04   4.002500E+03   6.570381E-01
          112   1.000300E+04   4.002500E+03   6.650096E-01
          113   1.000350E+04   4.002500E+03   6.732732E-01
          114   1.000400E+04   4.002500E+03   6.827174E-01
          115   1.000450E+04   4.002500E+03   6.944122E-01
          116   1.000500E+04   4.002500E+03   7.069558E-01
          117   1.000550E+04   4.002500E+03   7.202847E-01
          118   1.000600E+04   4.002500E+03   7.349765E-01
          119   1.000650E+04   4.002500E+03   7.509627E-01
          120   1.000700E+04   4.002500E+03   7.687744E-01
          121   1.000750E+04   4.002500E+03   7.892455E-01
          122   1.000800E+04   4.002500E+03   8.132584E-01
          123   1.000850E+04   4.002500E+03   8.414384E-01
          124   1.000900E+04   4.002500E+03   8.760017E-01
          125   1.000950E+04   4.002500E+03   9.160968E-01
          126   1.001000E+04   4.002500E+03   9.181610E-01
          127   1.000000E+04   4.002000E+03   6.457658E-01
          128   1.000050E+04   4.002000E+03   6.464597E-01
          129   1.000100E+04   4.002000E+03   6.554983E-01
          130   1.000150E+04   4.002000E+03   6.644396E-01
          131   1.000200E+04   4.002000E+03   6.736575E-01
          132   1.000250E+04   4.002000E+03   6.844750E-01
          133   1.000300E+04   4.002000E+03   6.974864E-01
          134   1.000350E+04   4.002000E+03   7.112560E-01
          135   1.000400E+04   4.002000E+03   7.258456E-01
          136   1.000450E+04   4.002000E+03   7.417383E-01
          137   1.000500E+04   4.002000E+03   7.587880E-01
          138   1.000550E+04   4.002000E+03   7.770143E-01
          139   1.000600E+04   4.002000E+03   7.963036E-01
          140   1.000650E+04   4.002000E+03   8.166477E-01
          141   1.000700E+04   4.002000E+03   8.389794E-01
          142   1.000750E+04   4.002000E+03   8.644593E-01
          143   1.000800E+04   4.002000E+03   8.949754E-01
          144   1.000850E+04   4.002000E+03   9.272629E-01
          145   1.000900E+04   4.002000E+03   9.752441E-01
          146   1.000950E+04   4.002000E+03   1.000000E+00
          147   1.001000E+04   4.002000E+03   1.000000E+00
          148   1.000000E+04   4.001500E+03   6.694717E-01
          149   1.000050E+04   4.001500E+03   6.700998E-01
          150   1.000100E+04   4.001500E+03   6.819314E-01
          151   1.000150E+04   4.001500E+03   6.967529E-01
          152   1.000200E+04   4.001500E+03   7.126398E-01
          153   1.000250E+04   4.001500E+03   7.294905E-01
          154   1.000300E+04   4.001500E+03   7.476140E-01
          155   1.000350E+04   4.001500E+03   7.668226E-01
          156   1.000400E+04   4.001500E+03   7.872371E-01
          157   1.000450E+04   4.001500E+03   8.092784E-01
          158   1.000500E+04   4.001500E+03   8.330655E-01
          159   1.000550E+04   4.001500E+03   8.581335E-01
          160   1.000600E+04   4.001500E+03   8.827415E-01
          161   1.000650E+04   4.001500E+03   9.043746E-01
          162   1.000700E+04   4.001500E+03   9.263244E-01
          163   1.000750E+04   4.001500E+03   9.513390E-01
          164   1.000800E+04   4.001500E+03   9.919197E-01
          165   1.000850E+04   4.001500E+03   1.000000E+00
          166   1.000900E+04   4.001500E+03   1.000000E+00
          167   1.000950E+04   4.001500E+03   1.000000E+00
          168   1.001000E+04   4.001500E+03   1.000000E+00
          169   1.000000E+04   4.001000E+03   7.057170E-01
          170   1.000050E+04   4.001000E+03   7.072877E-01
          171   1.000100E+04   4.001000E+03   7.266615E-01
          172   1.000150E+04   4.001000E+03   7.479145E-01
          173   1.000200E+04   4.001000E+03   7.710261E-01
          174   1.000250E+04   4.001000E+03   7.957783E-01
          175   1.000300E+04   4.001000E+03   8.218435E-01
          176   1.000350E+04   4.001000E+03   8.486962E-01
          177   1.000400E+04   4.001000E+03   8.760063E-01
          178   1.000450E+04   4.001000E+03   9.052807E-01
          179   1.000500E+04   4.001000E+03   9.433422E-01
          180   1.000550E+04   4.001000E+03   9.795851E-01
          181   1.000600E+04   4.001000E+03   1.000000E+00
          182   1.000650E+04   4.001000E+03   1.000000E+00
          183   1.000700E+04   4.001000E+03   1.000000E+00
          184   1.000750E+04   4.001000E+03   1.000000E+00
          185   1.000800E+04   4.001000E+03   1.000000E+00
          186   1.000850E+04   4.001000E+03   1.000000E+00
          187   1.000900E+04   4.001000E+03   1.000000E+00
          188   1.000950E+04   4.001000E+03   1.000000E+00
          189   1.001000E+04   4.001000E+03   1.000000E+00
          190   1.000000E+04   4.000500E+03   7.615496E-01
          191   1.000050E+04   4.000500E+03   7.641552E-01
          192   1.000100E+04   4.000500E+03   7.932435E-01
          193   1.000150E+04   4.000500E+03   8.256396E-01
          194   1.000200E+04   4.000500E+03   8.607641E-01
          195   1.000250E+04   4.000500E+03   8.970122E-01
          196   1.000300E+04   4.000500E+03   9.315906E-01
          197   1.000350E+04   4.000500E+03   9.615461E-01
          198   1.000400E+04   4.000500E+03   9.834669E-01
          199   1.000450E+04   4.000500E+03   9.971117E-01
          200   1.000500E+04   4.000500E+03   1.000000E+00
          201   1.000550E+04   4.000500E+03   1.000000E+00
          202   1.000600E+04   4.000500E+03   1.000000E+00
          203   1.000650E+04   4.000500E+03   1.000000E+00
          204   1.000700E+04   4.000500E+03   1.000000E+00
          205   1.000750E+04   4.000500E+03   1.000000E+00
          206   1.000800E+04   4.000500E+03   1.000000E+00
          207   1.000850E+04   4.000500E+03   1.000000E+00
          208   1.000900E+04   4.000500E+03   1.000000E+00
          209   1.000950E+04   4.000500E+03   1.000000E+00
          210   1.001000E+04   4.000500E+03   1.000000E+00
          211   1.000000E+04   4.000000E+03   7.866310E-01
          212   1.000050E+04   4.000000E+03   7.980522E-01
          213   1.000100E+04   4.000000E+03   8.336569E-01
          214   1.000150E+04   4.000000E+03   8.731563E-01
          215   1.000200E+04   4.000000E+03   9.143079E-01
          216   1.000250E+04   4.000000E+03   9.526705E-01
          217   1.000300E+04   4.000000E+03   9.825996E-01
          218   1.000350E+04   4.000000E+03   9.988498E-01
          219   1.000400E+04   4.000000E+03   1.000000E+00
          220   1.000450E+04   4.000000E+03   1.000000E+00
          221   1.000500E+04   4.000000E+03   1.000000E+00
          222   1.000550E+04   4.000000E+03   1.000000E+00
          223   1.000600E+04   4.000000E+03   1.000000E+00
          224   1.000650E+04   4.000000E+03   1.000000E+00
          225   1.000700E+04   4.000000E+03   1.000000E+00
          226   1.000750E+04   4.000000E+03   1.000000E+00
          227   1.000800E+04   4.000000E+03   1.000000E+00
          228   1.000850E+04   4.000000E+03   1.000000E+00
          229   1.000900E+04   4.000000E+03   1.000000E+00
          230   1.000950E+04   4.000000E+03   1.000000E+00
          231   1.001000E+04   4.000000E+03   1.000000E+00
    832  7.20000000E+03     NSTEP   TIME
 SURFACE NODE              X              Y             SW
            1   1.000000E+04   4.005000E+03   6.062618E-01
            2   1.000050E+04   4.005000E+03   6.083719E-01
            3   1.000100E+04   4.005000E+03   6.093424E-01
            4   1.000150E+04   4.005000E+03   6.096740E-01
            5   1.000200E+04   4.005000E+03   6.101268E-01
            6   1.000250E+04   4.005000E+03   6.106553E-01
            7   1.000300E+04   4.005000E+03   6.112738E-01
            8   1.000350E+04   4.005000E+03   6.120076E-01
            9   1.000400E+04   4.005000E+03   6.128896E-01
           10   1.000450E+04   4.005000E+03   6.139577E-01
           11   1.000500E+04   4.005000E+03   6.152473E-01
           12   1.000550E+04   4.005000E+03   6.168282E-01
           13   1.000600E+04   4.005000E+03   6.187864E-01
           14   1.000650E+04   4.005000E+03   6.212313E-01
           15   1.000700E+04   4.005000E+03   6.243139E-01
           16   1.000750E+04   4.005000E+03   6.282277E-01
           17   1.000800E+04   4.005000E+03   6.333009E-01
           18   1.000850E+04   4.005000E+03   6.400497E-01
           19   1.000900E+04   4.005000E+03   6.482328E-01
           20   1.000950E+04   4.005000E+03   6.581642E-01
           21   1.001000E+04   4.005000E+03   6.613995E-01
           22   1.000000E+04   4.004500E+03   6.096543E-01
           23   1.000050E+04   4.004500E+03   6.107553E-01
           24   1.000100E+04   4.004500E+03   6.131143E-01
           25   1.000150E+04   4.004500E+03   6.133345E-01
           26   1.000200E+04   4.004500E+03   6.138378E-01
           27   1.000250E+04   4.004500E+03   6.144545E-01
           28   1.000300E+04   4.004500E+03   6.151999E-01
           29   1.000350E+04   4.004500E+03   6.161046E-01
           30   1.000400E+04   4.004500E+03   6.171960E-01
           31   1.000450E+04   4.004500E+03   6.185142E-01
           32   1.000500E+04   4.004500E+03   6.201317E-01
           33   1.000550E+04   4.004500E+03   6.221341E-01
           34   1.000600E+04   4.004500E+03   6.246139E-01
           35   1.000650E+04   4.004500E+03   6.276767E-01
           36   1.000700E+04   4.004500E+03   6.314896E-01
           37   1.000750E+04   4.004500E+03   6.364425E-01
           38   1.000800E+04   4.004500E+03   6.427231E-01
           39   1.000850E+04   4.004500E+03   6.504308E-01
           40   1.000900E+04   4.004500E+03   6.598090E-01
           41   1.000950E+04   4.004500E+03   6.709768E-01
           42   1.001000E+04   4.004500E+03   6.713336E-01
           43   1.000000E+04   4.004000E+03   6.121989E-01
           44   1.000050E+04   4.004000E+03   6.139988E-01
           45   1.000100E+04   4.004000E+03   6.171012E-01
           46   1.000150E+04   4.004000E+03   6.178353E-01
           47   1.000200E+04   4.004000E+03   6.189387E-01
           48   1.000250E+04   4.004000E+03   6.202090E-01
           49   1.000300E+04   4.004000E+03   6.216840E-01
           50   1.000350E+04   4.004000E+03   6.234262E-01
           51   1.000400E+04   4.004000E+03   6.255052E-01
           52   1.000450E+04   4.004000E+03   6.279955E-01
           53   1.000500E+04   4.004000E+03   6.309862E-01
           54   1.000550E+04   4.004000E+03   6.346318E-01
           55   1.000600E+04   4.004000E+03   6.392515E-01
           56   1.000650E+04   4.004000E+03   6.447623E-01
           57   1.000700E+04   4.004000E+03   6.512730E-01
           58   1.000750E+04   4.004000E+03   6.590087E-01
           59   1.000800E+04   4.004000E+03   6.679465E-01
           60   1.000850E+04   4.004000E+03   6.778223E-01
           61   1.000900E+04   4.004000E+03   6.918672E-01
           62   1.000950E+04   4.004000E+03   7.087481E-01
           63   1.001000E+04   4.004000E+03   7.098668E-01
           64   1.000000E+04   4.003500E+03   6.153676E-01
           65   1.000050E+04   4.003500E+03   6.167169E-01
           66   1.000100E+04   4.003500E+03   6.203676E-01
           67   1.000150E+04   4.003500E+03   6.220679E-01
           68   1.000200E+04   4.003500E+03   6.241671E-01
           69   1.000250E+04   4.003500E+03   6.265956E-01
           70   1.000300E+04   4.003500E+03   6.294194E-01
           71   1.000350E+04   4.003500E+03   6.327243E-01
           72   1.000400E+04   4.003500E+03   6.366836E-01
           73   1.000450E+04   4.003500E+03   6.415287E-01
           74   1.000500E+04   4.003500E+03   6.470687E-01
           75   1.000550E+04   4.003500E+03   6.534211E-01
           76   1.000600E+04   4.003500E+03   6.606598E-01
           77   1.000650E+04   4.003500E+03   6.686234E-01
           78   1.000700E+04   4.003500E+03   6.769460E-01
           79   1.000750E+04   4.003500E+03   6.886874E-01
           80   1.000800E+04   4.003500E+03   7.023511E-01
           81   1.000850E+04   4.003500E+03   7.181632E-01
           82   1.000900E+04   4.003500E+03   7.372211E-01
           83   1.000950E+04   4.003500E+03   7.603258E-01
           84   1.001000E+04   4.003500E+03   7.619595E-01
           85   1.000000E+04   4.003000E+03   6.208184E-01
           86   1.000050E+04   4.003000E+03   6.219068E-01
           87   1.000100E+04   4.003000E+03   6.264674E-01
           88   1.000150E+04   4.003000E+03   6.296700E-01
           89   1.000200E+04   4.003000E+03   6.334244E-01
           90   1.000250E+04   4.003000E+03   6.378655E-01
           91   1.000300E+04   4.003000E+03   6.431673E-01
           92   1.000350E+04   4.003000E+03   6.491135E-01
           93   1.000400E+04   4.003000E+03   6.558146E-01
           94   1.000450E+04   4.003000E+03   6.632047E-01
           95   1.000500E+04   4.003000E+03   6.710542E-01
           96   1.000550E+04   4.003000E+03   6.793765E-01
           97   1.000600E+04   4.003000E+03   6.904811E-01
           98   1.000650E+04   4.003000E+03   7.027384E-01
           99   1.000700E+04   4.003000E+03   7.162430E-01
          100   1.000750E+04   4.003000E+03   7.319018E-01
          101   1.000800E+04   4.003000E+03   7.500291E-01
          102   1.000850E+04   4.003000E+03   7.714009E-01
          103   1.000900E+04   4.003000E+03   7.973321E-01
          104   1.000950E+04   4.003000E+03   8.292270E-01
          105   1.001000E+04   4.003000E+03   8.313531E-01
          106   1.000000E+04   4.002500E+03   6.299736E-01
          107   1.000050E+04   4.002500E+03   6.309055E-01
          108   1.000100E+04   4.002500E+03   6.371368E-01
          109   1.000150E+04   4.002500E+03   6.430411E-01
          110   1.000200E+04   4.002500E+03   6.496601E-01
          111   1.000250E+04   4.002500E+03   6.570381E-01
          112   1.000300E+04   4.002500E+03   6.650096E-01
          113   1.000350E+04   4.002500E+03   6.732732E-01
          114   1.000400E+04   4.002500E+03   6.827174E-01
          115   1.000450E+04   4.002500E+03   6.944122E-01
          116   1.000500E+04   4.002500E+03   7.069558E-01
          117   1.000550E+04   4.002500E+03   7.202847E-01
          118   1.000600E+04   4.002500E+03   7.349765E-01
          119   1.000650E+04   4.002500E+03   7.509627E-01
          120   1.000700E+04   4.002500E+03   7.687744E-01
          121   1.000750E+04   4.002500E+03   7.892455E-01
          122   1.000800E+04   4.002500E+03   8.132584E-01
          123   1.000850E+04   4.002500E+03   8.414384E-01
          124   1.000900E+04   4.002500E+03   8.760017E-01
          125   1.000950E+04   4.002500E+03   9.160968E-01
          126   1.001000E+04   4.002500E+03   9.181610E-01
          127   1.000000E+04   4.002000E+03   6.457658E-01
          128   1.000050E+04   4.002000E+03   6.464597E-01
          129   1.000100E+04   4.002000E+03   6.554983E-01
          130   1.000150E+04   4.002000E+03   6.644396E-01
          131   1.000200E+04   4.002000E+03   6.736575E-01
          132   1.000250E+04   4.002000E+03   6.844750E-01
          133   1.000300E+04   4.002000E+03   6.974864E-01
          134   1.000350E+04   4.002000E+03   7.112560E-01
          135   1.000400E+04   4.002000E+03   7.258456E-01
          136   1.000450E+04   4.002000E+03   7.417383E-01
          137   1.000500E+04   4.002000E+03   7.587880E-01
          138   1.000550E+04   4.002000E+03   7.770143E-01
          139   1.000600E+04   4.002000E+03   7.963036E-01
          140   1.000650E+04   4.002000E+03   8.166477E-01
          141   1.000700E+04   4.002000E+03   8.389794E-01
          142   1.000750E+04   4.002000E+03   8.644593E-01
          143   1.000800E+04   4.002000E+03   8.949754E-01
          144   1.000850E+04   4.002000E+03   9.272629E-01
          145   1.000900E+04   4.002000E+03   9.752441E-01
          146   1.000950E+04   4.002000E+03   1.000000E+00
          147   1.001000E+04   4.002000E+03   1.000000E+00
          148   1.000000E+04   4.001500E+03   6.694717E-01
          149   1.000050E+04   4.001500E+03   6.700998E-01
          150   1.000100E+04   4.001500E+03   6.819314E-01
          151   1.000150E+04   4.001500E+03   6.967529E-01
          152   1.000200E+04   4.001500E+03   7.126398E-01
          153   1.000250E+04   4.001500E+03   7.294905E-01
          154   1.000300E+04   4.001500E+03   7.476140E-01
          155   1.000350E+04   4.001500E+03   7.668226E-01
          156   1.000400E+04   4.001500E+03   7.872371E-01
          157   1.000450E+04   4.001500E+03   8.092784E-01
          158   1.000500E+04   4.001500E+03   8.330655E-01
          159   1.000550E+04   4.001500E+03   8.581335E-01
          160   1.000600E+04   4.001500E+03   8.827415E-01
          161   1.000650E+04   4.001500E+03   9.043746E-01
          162   1.000700E+04   4.001500E+03   9.263244E-01
          163   1.000750E+04   4.001500E+03   9.513390E-01
          164   1.000800E+04   4.001500E+03   9.919197E-01
          165   1.000850E+04   4.001500E+03   1.000000E+00
          166   1.000900E+04   4.001500E+03   1.000000E+00
          167   1.000950E+04   4.001500E+03   1.000000E+00
          168   1.001000E+04   4.001500E+03   1.000000E+00
          169   1.000000E+04   4.001000E+03   7.057170E-01
          170   1.000050E+04   4.001000E+03   7.072877E-01
          171   1.000100E+04   4.001000E+03   7.266615E-01
          172   1.000150E+04   4.001000E+03   7.479145E-01
          173   1.000200E+04   4.001000E+03   7.710261E-01
          174   1.000250E+04   4.001000E+03   7.957783E-01
          175   1.000300E+04   4.001000E+03   8.218435E-01
          176   1.000350E+04   4.001000E+03   8.486962E-01
          177   1.000400E+04   4.001000E+03   8.760063E-01
          178   1.000450E+04   4.001000E+03   9.052807E-01
          179   1.000500E+04   4.001000E+03   9.433422E-01
          180   1.000550E+04   4.001000E+03   9.795851E-01
          181   1.000600E+04   4.001000E+03   1.000000E+00
          182   1.000650E+04   4.001000E+03   1.000000E+00
          183   1.000700E+04   4.001000E+03   1.000000E+00
          184   1.000750E+04   4.001000E+03   1.000000E+00
          185   1.000800E+04   4.001000E+03   1.000000E+00
          186   1.000850E+04   4.001000E+03   1.000000E+00
          187   1.000900E+04   4.001000E+03   1.000000E+00
          188   1.000950E+04   4.001000E+03   1.000000E+00
          189   1.001000E+04   4.001000E+03   1.000000E+00
          190   1.000000E+04   4.000500E+03   7.615496E-01
          191   1.000050E+04   4.000500E+03   7.641552E-01
          192   1.000100E+04   4.000500E+03   7.932435E-01
          193   1.000150E+04   4.000500E+03   8.256396E-01
          194   1.000200E+04   4.000500E+03   8.607641E-01
          195   1.000250E+04   4.000500E+03   8.970122E-01
          196   1.000300E+04   4.000500E+03   9.315906E-01
          197   1.000350E+04   4.000500E+03   9.615461E-01
          198   1.000400E+04   4.000500E+03   9.834669E-01
          199   1.000450E+04   4.000500E+03   9.971117E-01
          200   1.000500E+04   4.000500E+03   1.000000E+00
          201   1.000550E+04   4.000500E+03   1.000000E+00
          202   1.000600E+04   4.000500E+03   1.000000E+00
          203   1.000650E+04   4.000500E+03   1.000000E+00
          204   1.000700E+04   4.000500E+03   1.000000E+00
          205   1.000750E+04   4.000500E+03   1.000000E+00
          206   1.000800E+04   4.000500E+03   1.000000E+00
          207   1.000850E+04   4.000500E+03   1.000000E+00
          208   1.000900E+04   4.000500E+03   1.000000E+00
          209   1.000950E+04   4.000500E+03   1.000000E+00
          210   1.001000E+04   4.000500E+03   1.000000E+00
          211   1.000000E+04   4.000000E+03   7.866310E-01
          212   1.000050E+04   4.000000E+03   7.980522E-01
          213   1.000100E+04   4.000000E+03   8.336569E-01
          214   1.000150E+04   4.000000E+03   8.731563E-01
          215   1.000200E+04   4.000000E+03   9.143079E-01
          216   1.000250E+04   4.000000E+03   9.526705E-01
          217   1.000300E+04   4.000000E+03   9.825996E-01
          218   1.000350E+04   4.000000E+03   9.988498E-01
          219   1.000400E+04   4.000000E+03   1.000000E+00
          220   1.000450E+04   4.000000E+03   1.000000E+00
          221   1.000500E+04   4.000000E+03   1.000000E+00
          222   1.000550E+04   4.000000E+03   1.000000E+00
          223   1.000600E+04   4.000000E+03   1.000000E+00
          224   1.000650E+04   4.000000E+03   1.000000E+00
          225   1.000700E+04   4.000000E+03   1.000000E+00
          226   1.000750E+04   4.000000E+03   1.000000E+00
          227   1.000800E+04   4.000000E+03   1.000000E+00
          228   1.000850E+04   4.000000E+03   1.000000E+00
          229   1.000900E+04   4.000000E+03   1.000000E+00
          230   1.000950E+04   4.000000E+03   1.000000E+00
          231   1.001000E+04   4.000000E+03   1.000000E+00
