      0  0.00000000E+00     NSTEP   TIME
 SURFACE NODE =     1  X =   1.0000E+04  Y =   4.0050E+03
              Z  PRESSURE HEAD             SW           CKRW        QTRANIE
   1.000000E+00   0.000000E+00   1.000000E+00   1.000000E+00   0.000000E+00   0.000000E+00
   9.000000E-01   1.000000E-01   1.000000E+00   1.000000E+00   0.000000E+00   0.000000E+00
   8.610505E-01   1.389495E-01   1.000000E+00   1.000000E+00   0.000000E+00   0.000000E+00
   8.069302E-01   1.930698E-01   1.000000E+00   1.000000E+00   0.000000E+00   0.000000E+00
   7.317304E-01   2.682696E-01   1.000000E+00   1.000000E+00   0.000000E+00   0.000000E+00
   6.272406E-01   3.727594E-01   1.000000E+00   1.000000E+00   0.000000E+00   0.000000E+00
   4.820525E-01   5.179475E-01   1.000000E+00   1.000000E+00   0.000000E+00   0.000000E+00
   2.803143E-01   7.196857E-01   1.000000E+00   1.000000E+00   0.000000E+00   0.000000E+00
   0.000000E+00   1.000000E+00   1.000000E+00   1.000000E+00   0.000000E+00   0.000000E+00
  -3.894955E-01   1.389495E+00   1.000000E+00   1.000000E+00   0.000000E+00   0.000000E+00
  -9.306977E-01   1.930698E+00   1.000000E+00   1.000000E+00   0.000000E+00   0.000000E+00
  -1.682696E+00   2.682696E+00   1.000000E+00   1.000000E+00   0.000000E+00   0.000000E+00
  -2.727594E+00   3.727594E+00   1.000000E+00   1.000000E+00   0.000000E+00   0.000000E+00
  -4.179475E+00   5.179475E+00   1.000000E+00   1.000000E+00   0.000000E+00   0.000000E+00
  -6.196857E+00   7.196857E+00   1.000000E+00   1.000000E+00   0.000000E+00   0.000000E+00
  -9.000000E+00   1.000000E+01   1.000000E+00   1.000000E+00   0.000000E+00   0.000000E+00
    292  1.80000862E+03     NSTEP   TIME
 SURFACE NODE =     1  X =   1.0000E+04  Y =   4.0050E+03
              Z  PRESSURE HEAD             SW           CKRW        QTRANIE
   1.000000E+00  -1.233287E-01   6.443836E-01   1.089855E-03   0.000000E+00   0.000000E+00
   9.000000E-01  -4.443803E-02   8.063246E-01   1.615066E-02   0.000000E+00   0.000000E+00
   8.610505E-01  -2.602715E-02   8.807277E-01   4.898012E-02   0.000000E+00   0.000000E+00
   8.069302E-01   2.235538E-02   1.000000E+00   1.000000E+00   0.000000E+00   0.000000E+00
   7.317304E-01   9.503606E-02   1.000000E+00   1.000000E+00   0.000000E+00   0.000000E+00
   6.272406E-01   1.961254E-01   1.000000E+00   1.000000E+00   0.000000E+00   0.000000E+00
   4.820525E-01   3.368048E-01   1.000000E+00   1.000000E+00   0.000000E+00   0.000000E+00
   2.803143E-01   5.327208E-01   1.000000E+00   1.000000E+00   0.000000E+00   0.000000E+00
   0.000000E+00   8.057892E-01   1.000000E+00   1.000000E+00   0.000000E+00   0.000000E+00
  -3.894955E-01   1.186690E+00   1.000000E+00   1.000000E+00   0.000000E+00   0.000000E+00
  -9.306977E-01   1.718279E+00   1.000000E+00   1.000000E+00   0.000000E+00   0.000000E+00
  -1.682696E+00   2.460254E+00   1.000000E+00   1.000000E+00   0.000000E+00   0.000000E+00
  -2.727594E+00   3.495579E+00   1.000000E+00   1.000000E+00   0.000000E+00   0.000000E+00
  -4.179475E+00   4.939347E+00   1.000000E+00   1.000000E+00   0.000000E+00   0.000000E+00
  -6.196857E+00   6.951045E+00   1.000000E+00   1.000000E+00   0.000000E+00   0.000000E+00
  -9.000000E+00   9.751868E+00   1.000000E+00   1.000000E+00   0.000000E+00   0.000000E+00
    472  3.60000862E+03     NSTEP   TIME
 SURFACE NODE =     1  X =   1.0000E+04  Y =   4.0050E+03
              Z  PRESSURE HEAD             SW           CKRW        QTRANIE
   1.000000E+00  -1.395346E-01   6.260601E-01   7.608051E-04   0.000000E+00   0.000000E+00
   9.000000E-01  -6.470065E-02   7.466358E-01   6.434587E-03   0.000000E+00   0.000000E+00
   8.610505E-01  -5.819631E-02   7.637531E-01   8.427289E-03   0.000000E+00   0.000000E+00
   8.069302E-01  -2.120911E-02   9.039201E-01   6.985810E-02   0.000000E+00   0.000000E+00
   7.317304E-01   4.972586E-02   1.000000E+00   1.000000E+00   0.000000E+00   0.000000E+00
   6.272406E-01   1.520803E-01   1.000000E+00   1.000000E+00   0.000000E+00   0.000000E+00
   4.820525E-01   2.944548E-01   1.000000E+00   1.000000E+00   0.000000E+00   0.000000E+00
   2.803143E-01   4.925703E-01   1.000000E+00   1.000000E+00   0.000000E+00   0.000000E+00
   0.000000E+00   7.683563E-01   1.000000E+00   1.000000E+00   0.000000E+00   0.000000E+00
  -3.894955E-01   1.152394E+00   1.000000E+00   1.000000E+00   0.000000E+00   0.000000E+00
  -9.306977E-01   1.687314E+00   1.000000E+00   1.000000E+00   0.000000E+00   0.000000E+00
  -1.682696E+00   2.432508E+00   1.000000E+00   1.000000E+00   0.000000E+00   0.000000E+00
  -2.727594E+00   3.470632E+00   1.000000E+00   1.000000E+00   0.000000E+00   0.000000E+00
  -4.179475E+00   4.916534E+00   1.000000E+00   1.000000E+00   0.000000E+00   0.000000E+00
  -6.196857E+00   6.929569E+00   1.000000E+00   1.000000E+00   0.000000E+00   0.000000E+00
  -9.000000E+00   9.730895E+00   1.000000E+00   1.000000E+00   0.000000E+00   0.000000E+00
    832  7.20000000E+03     NSTEP   TIME
 SURFACE NODE =     1  X =   1.0000E+04  Y =   4.0050E+03
              Z  PRESSURE HEAD             SW           CKRW        QTRANIE
   1.000000E+00  -1.602026E-01   6.062618E-01   5.062378E-04   0.000000E+00   0.000000E+00
   9.000000E-01  -8.594561E-02   7.007313E-01   3.019206E-03   0.000000E+00   0.000000E+00
   8.610505E-01  -7.686761E-02   7.187113E-01   4.087284E-03   0.000000E+00   0.000000E+00
   8.069302E-01  -6.907739E-02   7.360238E-01   5.427035E-03   0.000000E+00   0.000000E+00
   7.317304E-01   3.839829E-03   1.000000E+00   1.000000E+00   0.000000E+00   0.000000E+00
   6.272406E-01   1.074998E-01   1.000000E+00   1.000000E+00   0.000000E+00   0.000000E+00
   4.820525E-01   2.515154E-01   1.000000E+00   1.000000E+00   0.000000E+00   0.000000E+00
   2.803143E-01   4.516171E-01   1.000000E+00   1.000000E+00   0.000000E+00   0.000000E+00
   0.000000E+00   7.297036E-01   1.000000E+00   1.000000E+00   0.000000E+00   0.000000E+00
  -3.894955E-01   1.116289E+00   1.000000E+00   1.000000E+00   0.000000E+00   0.000000E+00
  -9.306977E-01   1.653905E+00   1.000000E+00   1.000000E+00   0.000000E+00   0.000000E+00
  -1.682696E+00   2.401808E+00   1.000000E+00   1.000000E+00   0.000000E+00   0.000000E+00
  -2.727594E+00   3.442454E+00   1.000000E+00   1.000000E+00   0.000000E+00   0.000000E+00
  -4.179475E+00   4.890446E+00   1.000000E+00   1.000000E+00   0.000000E+00   0.000000E+00
  -6.196857E+00   6.904917E+00   1.000000E+00   1.000000E+00   0.000000E+00   0.000000E+00
  -9.000000E+00   9.706818E+00   1.000000E+00   1.000000E+00   0.000000E+00   0.000000E+00
    832  7.20000000E+03     NSTEP   TIME
 SURFACE NODE =     1  X =   1.0000E+04  Y =   4.0050E+03
              Z  PRESSURE HEAD             SW           CKRW        QTRANIE
   1.000000E+00  -1.602026E-01   6.062618E-01   5.062378E-04   0.000000E+00   0.000000E+00
   9.000000E-01  -8.594561E-02   7.007313E-01   3.019206E-03   0.000000E+00   0.000000E+00
   8.610505E-01  -7.686761E-02   7.187113E-01   4.087284E-03   0.000000E+00   0.000000E+00
   8.069302E-01  -6.907739E-02   7.360238E-01   5.427035E-03   0.000000E+00   0.000000E+00
   7.317304E-01   3.839829E-03   1.000000E+00   1.000000E+00   0.000000E+00   0.000000E+00
   6.272406E-01   1.074998E-01   1.000000E+00   1.000000E+00   0.000000E+00   0.000000E+00
   4.820525E-01   2.515154E-01   1.000000E+00   1.000000E+00   0.000000E+00   0.000000E+00
   2.803143E-01   4.516171E-01   1.000000E+00   1.000000E+00   0.000000E+00   0.000000E+00
   0.000000E+00   7.297036E-01   1.000000E+00   1.000000E+00   0.000000E+00   0.000000E+00
  -3.894955E-01   1.116289E+00   1.000000E+00   1.000000E+00   0.000000E+00   0.000000E+00
  -9.306977E-01   1.653905E+00   1.000000E+00   1.000000E+00   0.000000E+00   0.000000E+00
  -1.682696E+00   2.401808E+00   1.000000E+00   1.000000E+00   0.000000E+00   0.000000E+00
  -2.727594E+00   3.442454E+00   1.000000E+00   1.000000E+00   0.000000E+00   0.000000E+00
  -4.179475E+00   4.890446E+00   1.000000E+00   1.000000E+00   0.000000E+00   0.000000E+00
  -6.196857E+00   6.904917E+00   1.000000E+00   1.000000E+00   0.000000E+00   0.000000E+00
  -9.000000E+00   9.706818E+00   1.000000E+00   1.000000E+00   0.000000E+00   0.000000E+00
