north:     0
south:           0.00000000
east:      0
west:            0.00000000
rows:     20
cols:     20
   0.000000000000E+00   0.130000003651E-06   0.130000003651E-06   0.130000003651E-06   0.130000003651E-06   0.130000003651E-06   0.130000003651E-06   0.130000003651E-06   0.130000003651E-06   0.130000003651E-06   0.130000003651E-06   0.130000003651E-06   0.130000003651E-06   0.130000003651E-06   0.130000003651E-06   0.000000000000E+00   0.000000000000E+00   0.000000000000E+00   0.000000000000E+00   0.000000000000E+00
   0.130000003651E-06   0.000000000000E+00   0.130000003651E-06   0.130000003651E-06   0.130000003651E-06   0.130000003651E-06   0.130000003651E-06   0.130000003651E-06   0.130000003651E-06   0.130000003651E-06   0.130000003651E-06   0.130000003651E-06   0.130000003651E-06   0.130000003651E-06   0.130000003651E-06   0.000000000000E+00   0.000000000000E+00   0.000000000000E+00   0.000000000000E+00   0.000000000000E+00
   0.130000003651E-06   0.130000003651E-06   0.000000000000E+00   0.130000003651E-06   0.130000003651E-06   0.130000003651E-06   0.130000003651E-06   0.130000003651E-06   0.130000003651E-06   0.130000003651E-06   0.130000003651E-06   0.130000003651E-06   0.130000003651E-06   0.130000003651E-06   0.130000003651E-06   0.000000000000E+00   0.000000000000E+00   0.000000000000E+00   0.000000000000E+00   0.000000000000E+00
   0.130000003651E-06   0.130000003651E-06   0.130000003651E-06   0.000000000000E+00   0.130000003651E-06   0.130000003651E-06   0.130000003651E-06   0.130000003651E-06   0.130000003651E-06   0.130000003651E-06   0.130000003651E-06   0.130000003651E-06   0.130000003651E-06   0.130000003651E-06   0.130000003651E-06   0.130000003651E-06   0.130000003651E-06   0.130000003651E-06   0.130000003651E-06   0.130000003651E-06
   0.130000003651E-06   0.130000003651E-06   0.130000003651E-06   0.130000003651E-06   0.000000000000E+00   0.130000003651E-06   0.130000003651E-06   0.130000003651E-06   0.130000003651E-06   0.130000003651E-06   0.130000003651E-06   0.130000003651E-06   0.130000003651E-06   0.130000003651E-06   0.130000003651E-06   0.130000003651E-06   0.130000003651E-06   0.130000003651E-06   0.130000003651E-06   0.130000003651E-06
   0.130000003651E-06   0.130000003651E-06   0.130000003651E-06   0.130000003651E-06   0.130000003651E-06   0.000000000000E+00   0.130000003651E-06   0.130000003651E-06   0.130000003651E-06   0.130000003651E-06   0.130000003651E-06   0.130000003651E-06   0.130000003651E-06   0.130000003651E-06   0.130000003651E-06   0.130000003651E-06   0.130000003651E-06   0.130000003651E-06   0.130000003651E-06   0.130000003651E-06
   0.130000003651E-06   0.130000003651E-06   0.130000003651E-06   0.130000003651E-06   0.130000003651E-06   0.130000003651E-06   0.000000000000E+00   0.130000003651E-06   0.130000003651E-06   0.130000003651E-06   0.130000003651E-06   0.130000003651E-06   0.130000003651E-06   0.130000003651E-06   0.130000003651E-06   0.130000003651E-06   0.130000003651E-06   0.130000003651E-06   0.130000003651E-06   0.130000003651E-06
   0.130000003651E-06   0.130000003651E-06   0.130000003651E-06   0.130000003651E-06   0.130000003651E-06   0.130000003651E-06   0.130000003651E-06   0.000000000000E+00   0.130000003651E-06   0.130000003651E-06   0.130000003651E-06   0.130000003651E-06   0.130000003651E-06   0.130000003651E-06   0.130000003651E-06   0.130000003651E-06   0.130000003651E-06   0.130000003651E-06   0.130000003651E-06   0.130000003651E-06
   0.130000003651E-06   0.130000003651E-06   0.130000003651E-06   0.130000003651E-06   0.130000003651E-06   0.130000003651E-06   0.130000003651E-06   0.130000003651E-06   0.000000000000E+00   0.130000003651E-06   0.130000003651E-06   0.130000003651E-06   0.130000003651E-06   0.130000003651E-06   0.130000003651E-06   0.130000003651E-06   0.130000003651E-06   0.130000003651E-06   0.130000003651E-06   0.130000003651E-06
   0.130000003651E-06   0.130000003651E-06   0.130000003651E-06   0.130000003651E-06   0.130000003651E-06   0.130000003651E-06   0.130000003651E-06   0.130000003651E-06   0.130000003651E-06   0.000000000000E+00   0.130000003651E-06   0.130000003651E-06   0.130000003651E-06   0.130000003651E-06   0.130000003651E-06   0.130000003651E-06   0.130000003651E-06   0.130000003651E-06   0.130000003651E-06   0.130000003651E-06
   0.000000000000E+00   0.000000000000E+00   0.000000000000E+00   0.000000000000E+00   0.000000000000E+00   0.000000000000E+00   0.000000000000E+00   0.000000000000E+00   0.000000000000E+00   0.000000000000E+00   0.000000000000E+00   0.130000003651E-06   0.130000003651E-06   0.130000003651E-06   0.130000003651E-06   0.130000003651E-06   0.130000003651E-06   0.130000003651E-06   0.130000003651E-06   0.130000003651E-06
   0.000000000000E+00   0.000000000000E+00   0.000000000000E+00   0.000000000000E+00   0.000000000000E+00   0.000000000000E+00   0.000000000000E+00   0.000000000000E+00   0.000000000000E+00   0.000000000000E+00   0.130000003651E-06   0.000000000000E+00   0.130000003651E-06   0.130000003651E-06   0.130000003651E-06   0.130000003651E-06   0.130000003651E-06   0.130000003651E-06   0.130000003651E-06   0.130000003651E-06
   0.000000000000E+00   0.000000000000E+00   0.000000000000E+00   0.000000000000E+00   0.000000000000E+00   0.000000000000E+00   0.000000000000E+00   0.000000000000E+00   0.000000000000E+00   0.000000000000E+00   0.130000003651E-06   0.130000003651E-06   0.000000000000E+00   0.130000003651E-06   0.130000003651E-06   0.130000003651E-06   0.130000003651E-06   0.130000003651E-06   0.130000003651E-06   0.130000003651E-06
   0.000000000000E+00   0.000000000000E+00   0.000000000000E+00   0.000000000000E+00   0.000000000000E+00   0.000000000000E+00   0.000000000000E+00   0.000000000000E+00   0.000000000000E+00   0.000000000000E+00   0.130000003651E-06   0.130000003651E-06   0.130000003651E-06   0.000000000000E+00   0.130000003651E-06   0.130000003651E-06   0.130000003651E-06   0.130000003651E-06   0.130000003651E-06   0.130000003651E-06
   0.000000000000E+00   0.000000000000E+00   0.000000000000E+00   0.000000000000E+00   0.000000000000E+00   0.000000000000E+00   0.000000000000E+00   0.000000000000E+00   0.000000000000E+00   0.000000000000E+00   0.130000003651E-06   0.130000003651E-06   0.130000003651E-06   0.130000003651E-06   0.000000000000E+00   0.130000003651E-06   0.130000003651E-06   0.130000003651E-06   0.130000003651E-06   0.130000003651E-06
   0.000000000000E+00   0.000000000000E+00   0.000000000000E+00   0.000000000000E+00   0.000000000000E+00   0.000000000000E+00   0.000000000000E+00   0.000000000000E+00   0.000000000000E+00   0.000000000000E+00   0.130000003651E-06   0.130000003651E-06   0.130000003651E-06   0.130000003651E-06   0.130000003651E-06   0.000000000000E+00   0.130000003651E-06   0.130000003651E-06   0.130000003651E-06   0.130000003651E-06
   0.000000000000E+00   0.000000000000E+00   0.000000000000E+00   0.000000000000E+00   0.000000000000E+00   0.000000000000E+00   0.000000000000E+00   0.000000000000E+00   0.000000000000E+00   0.000000000000E+00   0.130000003651E-06   0.130000003651E-06   0.130000003651E-06   0.130000003651E-06   0.130000003651E-06   0.130000003651E-06   0.000000000000E+00   0.130000003651E-06   0.130000003651E-06   0.130000003651E-06
   0.000000000000E+00   0.000000000000E+00   0.000000000000E+00   0.000000000000E+00   0.000000000000E+00   0.000000000000E+00   0.000000000000E+00   0.000000000000E+00   0.000000000000E+00   0.000000000000E+00   0.130000003651E-06   0.130000003651E-06   0.130000003651E-06   0.130000003651E-06   0.130000003651E-06   0.130000003651E-06   0.130000003651E-06   0.000000000000E+00   0.130000003651E-06   0.130000003651E-06
   0.000000000000E+00   0.000000000000E+00   0.000000000000E+00   0.000000000000E+00   0.000000000000E+00   0.000000000000E+00   0.000000000000E+00   0.000000000000E+00   0.000000000000E+00   0.000000000000E+00   0.130000003651E-06   0.130000003651E-06   0.130000003651E-06   0.130000003651E-06   0.130000003651E-06   0.130000003651E-06   0.130000003651E-06   0.130000003651E-06   0.000000000000E+00   0.200000009499E-02
   0.000000000000E+00   0.000000000000E+00   0.000000000000E+00   0.000000000000E+00   0.000000000000E+00   0.000000000000E+00   0.000000000000E+00   0.000000000000E+00   0.000000000000E+00   0.000000000000E+00   0.130000003651E-06   0.130000003651E-06   0.130000003651E-06   0.130000003651E-06   0.130000003651E-06   0.130000003651E-06   0.130000003651E-06   0.130000003651E-06   0.200000009499E-02   0.000000000000E+00
