north:     0
south:           0.00000000
east:      0
west:            0.00000000
rows:     20
cols:     20
 7 7 7 7 7 7 7 7 7 7 7 7 7 7 1 0 0 0 0 0
 9 7 7 7 7 7 7 7 7 7 7 7 7 7 1 0 0 0 0 0
 9 9 7 7 7 7 7 7 7 7 7 7 7 7 7 0 0 0 0 0
 9 9 9 7 7 7 7 7 7 7 7 7 7 7 7 7 7 7 7 1
 9 9 9 9 7 7 7 7 7 7 7 7 7 7 7 7 7 7 7 1
 9 9 9 9 9 7 7 7 7 7 7 7 7 7 7 7 7 7 7 1
 9 9 9 9 9 9 7 7 7 7 7 7 7 7 7 7 7 7 7 1
 9 9 9 9 9 9 9 7 7 7 7 7 7 7 7 7 7 7 7 1
 9 9 9 9 9 9 9 9 7 7 7 7 7 7 7 7 7 7 7 1
 9 9 9 9 9 9 9 9 9 7 7 7 7 7 7 7 7 7 7 1
 0 0 0 0 0 0 0 0 0 0 7 7 7 7 7 7 7 7 7 1
 0 0 0 0 0 0 0 0 0 0 9 7 7 7 7 7 7 7 7 1
 0 0 0 0 0 0 0 0 0 0 9 9 7 7 7 7 7 7 7 1
 0 0 0 0 0 0 0 0 0 0 9 9 9 7 7 7 7 7 7 1
 0 0 0 0 0 0 0 0 0 0 9 9 9 9 7 7 7 7 7 1
 0 0 0 0 0 0 0 0 0 0 9 9 9 9 9 7 7 7 7 1
 0 0 0 0 0 0 0 0 0 0 9 9 9 9 9 9 7 7 7 1
 0 0 0 0 0 0 0 0 0 0 9 9 9 9 9 9 9 7 7 1
 0 0 0 0 0 0 0 0 0 0 9 9 9 9 9 9 9 9 7 1
 0 0 0 0 0 0 0 0 0 0 9 9 9 9 9 9 9 9 9 7
