#NSTP            DELTAT         TIME    POT. FLUX    ACT. FLUX    OVL. FLUX    RET. FLUX    SEEP FLUX    REC. FLUX     REC.VOL.
         1  3.12500E-01  3.12500E-01 -6.76461E-05 -6.76461E-05  0.00000E+00  0.00000E+00  0.00000E+00  5.87063E-09  2.57492E-11
         2  1.56250E-01  4.68750E-01 -6.76461E-05  0.00000E+00  0.00000E+00  0.00000E+00  0.00000E+00  1.84254E-08  6.61559E-11
         3  1.71875E-01  6.40625E-01 -6.76461E-05  0.00000E+00  0.00000E+00  0.00000E+00  0.00000E+00  3.82130E-08  1.58336E-10
         4  1.89063E-01  8.29688E-01 -6.76461E-05  0.00000E+00  0.00000E+00  0.00000E+00  0.00000E+00  6.11417E-08  3.20576E-10
         5  2.07969E-01  1.03766E+00 -6.76461E-05  0.00000E+00  0.00000E+00  0.00000E+00  0.00000E+00  8.12837E-08  5.57832E-10
         6  2.28766E-01  1.26642E+00 -6.76461E-05  0.00000E+00  0.00000E+00  0.00000E+00  0.00000E+00  9.08125E-08  8.49408E-10
         7  2.51642E-01  1.51806E+00 -6.76461E-05  0.00000E+00  0.00000E+00  0.00000E+00  0.00000E+00  9.34429E-08  1.17943E-09
         8  2.76806E-01  1.79487E+00 -6.76461E-05  0.00000E+00 -1.47333E-07  0.00000E+00  0.00000E+00  9.21374E-08  1.53739E-09
         9  3.04487E-01  2.09936E+00 -6.76461E-05 -6.53604E-05 -2.28573E-06  1.11331E-07  0.00000E+00  6.69807E-09  1.56601E-09
        10  3.34936E-01  2.43429E+00 -6.76461E-05 -6.65690E-05 -1.07710E-06  3.12439E-08  0.00000E+00  4.31341E-08  1.76878E-09
        11  3.68429E-01  2.80272E+00 -6.76461E-05 -6.65196E-05 -1.12648E-06  2.69709E-08  0.00000E+00  9.22935E-08  2.24602E-09
        12  4.05272E-01  3.20799E+00 -6.76461E-05 -6.64816E-05 -1.16447E-06  2.38428E-08  0.00000E+00  1.42410E-07  3.05605E-09
        13  4.45799E-01  3.65379E+00 -6.76461E-05 -6.64437E-05 -1.20242E-06  2.07409E-08  0.00000E+00  1.97835E-07  4.29387E-09
        14  4.90379E-01  4.14417E+00 -6.76461E-05 -6.64051E-05 -1.24100E-06  1.75888E-08  0.00000E+00  2.61316E-07  6.09238E-09
        15  5.39417E-01  4.68359E+00 -6.76461E-05 -6.63655E-05 -1.28056E-06  1.43556E-08  0.00000E+00  3.29791E-07  8.58916E-09
        16  5.93359E-01  5.27695E+00 -6.76461E-05 -6.63247E-05 -1.32137E-06  1.10182E-08  0.00000E+00  4.03422E-07  1.19488E-08
        17  6.52695E-01  5.92965E+00 -6.76461E-05 -6.62824E-05 -1.36366E-06  7.55711E-09  0.00000E+00  4.78852E-07  1.63354E-08
        18  7.17965E-01  6.64761E+00 -6.76461E-05 -6.62385E-05 -1.40762E-06  3.95474E-09  0.00000E+00  5.55474E-07  2.19327E-08
        19  7.89761E-01  7.43737E+00 -6.76461E-05 -6.61926E-05 -1.45346E-06  1.94527E-10  0.00000E+00  6.33353E-07  2.89530E-08
        20  8.68737E-01  8.30611E+00 -6.76461E-05 -6.61447E-05 -1.50137E-06  0.00000E+00  0.00000E+00  7.13242E-07  3.76494E-08
        21  9.55611E-01  9.26172E+00 -6.76461E-05 -6.74627E-05 -1.83436E-07  0.00000E+00  0.00000E+00  6.89078E-07  4.68914E-08
        22  9.55611E-01  1.02173E+01 -6.76461E-05 -6.67687E-05 -1.95386E-07  0.00000E+00  0.00000E+00  7.39796E-07  5.68136E-08
        23  1.05117E+00  1.12685E+01 -6.76461E-05 -6.72938E-05  0.00000E+00  0.00000E+00  0.00000E+00  7.74947E-07  6.82466E-08
        24  1.05117E+00  1.23197E+01 -6.76461E-05  0.00000E+00  0.00000E+00  0.00000E+00  0.00000E+00  8.68971E-07  8.10668E-08
        25  1.15629E+00  1.34760E+01 -6.76461E-05  0.00000E+00  0.00000E+00  0.00000E+00  0.00000E+00  8.42911E-07  9.47461E-08
        26  1.27192E+00  1.47479E+01 -6.76461E-05  0.00000E+00  0.00000E+00  0.00000E+00  0.00000E+00  8.02829E-07  1.09078E-07
        27  1.39911E+00  1.61470E+01 -6.76461E-05  0.00000E+00  0.00000E+00  0.00000E+00  0.00000E+00  7.63285E-07  1.24066E-07
        28  1.53902E+00  1.76860E+01 -6.76461E-05  0.00000E+00  0.00000E+00  0.00000E+00  0.00000E+00  7.27303E-07  1.39776E-07
        29  1.69292E+00  1.93789E+01 -6.76461E-05  0.00000E+00  0.00000E+00  0.00000E+00  0.00000E+00  6.92987E-07  1.56242E-07
        30  1.86222E+00  2.12411E+01 -6.76461E-05  0.00000E+00  0.00000E+00  0.00000E+00  0.00000E+00  6.61939E-07  1.73542E-07
        31  2.04844E+00  2.32896E+01 -6.76461E-05  0.00000E+00  0.00000E+00  0.00000E+00  0.00000E+00  6.32921E-07  1.91739E-07
        32  2.25328E+00  2.55429E+01 -6.76461E-05  0.00000E+00  0.00000E+00  0.00000E+00  0.00000E+00  6.08232E-07  2.10974E-07
        33  2.47861E+00  2.80215E+01 -6.76461E-05  0.00000E+00  0.00000E+00  0.00000E+00  0.00000E+00  5.87496E-07  2.31412E-07
        34  2.72647E+00  3.07479E+01 -6.76461E-05  0.00000E+00  0.00000E+00  0.00000E+00  0.00000E+00  5.67042E-07  2.53110E-07
        35  2.99912E+00  3.37471E+01 -6.76461E-05  0.00000E+00  0.00000E+00  0.00000E+00  0.00000E+00  5.46177E-07  2.76100E-07
        36  3.29903E+00  3.70461E+01 -6.76461E-05  0.00000E+00  0.00000E+00  0.00000E+00  0.00000E+00  5.25370E-07  3.00426E-07
        37  3.62893E+00  4.06750E+01 -6.76461E-05  0.00000E+00  0.00000E+00  0.00000E+00  0.00000E+00  5.04538E-07  3.26123E-07
        38  3.99182E+00  4.46668E+01 -6.76461E-05  0.00000E+00  0.00000E+00  0.00000E+00  0.00000E+00  4.83818E-07  3.53230E-07
        39  4.39101E+00  4.90578E+01 -6.76461E-05  0.00000E+00  0.00000E+00  0.00000E+00  0.00000E+00  4.62822E-07  3.81752E-07
        40  4.83011E+00  5.38880E+01 -6.76461E-05  0.00000E+00  0.00000E+00  0.00000E+00  0.00000E+00  4.41957E-07  4.11713E-07
        41  5.31312E+00  5.92011E+01 -6.76461E-05  0.00000E+00  0.00000E+00  0.00000E+00  0.00000E+00  4.21916E-07  4.43175E-07
        42  5.84443E+00  6.50455E+01 -6.76461E-05  0.00000E+00  0.00000E+00  0.00000E+00  0.00000E+00  4.02077E-07  4.76157E-07
        43  6.42887E+00  7.14744E+01 -6.76461E-05  0.00000E+00  0.00000E+00  0.00000E+00  0.00000E+00  3.82751E-07  5.10692E-07
        44  7.07176E+00  7.85461E+01 -6.76461E-05  0.00000E+00  0.00000E+00  0.00000E+00  0.00000E+00  3.64581E-07  5.46878E-07
        45  7.77893E+00  8.63251E+01 -6.76461E-05  0.00000E+00  0.00000E+00  0.00000E+00  0.00000E+00  3.47038E-07  5.84767E-07
        46  8.55683E+00  9.48819E+01 -6.76461E-05  0.00000E+00  0.00000E+00  0.00000E+00  0.00000E+00  3.29838E-07  6.24379E-07
        47  9.41251E+00  1.04294E+02 -6.76461E-05  0.00000E+00  0.00000E+00  0.00000E+00  0.00000E+00  3.12829E-07  6.65705E-07
        48  1.03538E+01  1.14648E+02 -6.76461E-05  0.00000E+00  0.00000E+00  0.00000E+00  0.00000E+00  2.95766E-07  7.08685E-07
        49  1.13891E+01  1.26037E+02 -6.76461E-05  0.00000E+00  0.00000E+00  0.00000E+00  0.00000E+00  2.78789E-07  7.53249E-07
        50  1.25281E+01  1.38565E+02 -6.76461E-05  0.00000E+00  0.00000E+00  0.00000E+00  0.00000E+00  2.61923E-07  7.99303E-07
        51  1.37809E+01  1.52346E+02 -6.76461E-05  0.00000E+00  0.00000E+00  0.00000E+00  0.00000E+00  2.45316E-07  8.46751E-07
        52  1.51589E+01  1.67505E+02 -6.76461E-05  0.00000E+00  0.00000E+00  0.00000E+00  0.00000E+00  2.29128E-07  8.95500E-07
        53  1.66748E+01  1.84180E+02 -6.76461E-05  0.00000E+00  0.00000E+00  0.00000E+00  0.00000E+00  2.13503E-07  9.45466E-07
        54  1.83423E+01  2.02522E+02 -6.76461E-05  0.00000E+00  0.00000E+00  0.00000E+00  0.00000E+00  1.98501E-07  9.96568E-07
        55  2.01766E+01  2.22699E+02 -6.76461E-05  0.00000E+00  0.00000E+00  0.00000E+00  0.00000E+00  1.84091E-07  1.04870E-06
        56  2.21942E+01  2.44893E+02 -6.76461E-05  0.00000E+00  0.00000E+00  0.00000E+00  0.00000E+00  1.70370E-07  1.10177E-06
        57  2.44136E+01  2.69307E+02 -6.76461E-05  0.00000E+00  0.00000E+00  0.00000E+00  0.00000E+00  1.57422E-07  1.15571E-06
        58  2.68550E+01  2.96162E+02 -6.76461E-05  0.00000E+00  0.00000E+00  0.00000E+00  0.00000E+00  1.45332E-07  1.21049E-06
        59  2.95405E+01  3.25702E+02 -6.76461E-05  0.00000E+00  0.00000E+00  0.00000E+00  0.00000E+00  1.34161E-07  1.26611E-06
        60  3.24945E+01  3.58197E+02 -6.76461E-05  0.00000E+00  0.00000E+00  0.00000E+00  0.00000E+00  1.23951E-07  1.32264E-06
        61  3.57440E+01  3.93941E+02 -6.76461E-05  0.00000E+00  0.00000E+00  0.00000E+00  0.00000E+00  1.14741E-07  1.38020E-06
        62  3.93184E+01  4.33259E+02 -6.76461E-05  0.00000E+00  0.00000E+00  0.00000E+00  0.00000E+00  1.06531E-07  1.43899E-06
        63  4.32502E+01  4.76509E+02 -6.76461E-05  0.00000E+00  0.00000E+00  0.00000E+00  0.00000E+00  9.93201E-08  1.49928E-06
        64  4.75753E+01  5.24085E+02 -6.76461E-05  0.00000E+00  0.00000E+00  0.00000E+00  0.00000E+00  9.30801E-08  1.56143E-06
        65  5.23328E+01  5.76417E+02 -6.76461E-05  0.00000E+00  0.00000E+00  0.00000E+00  0.00000E+00  8.77921E-08  1.62591E-06
        66  5.75661E+01  6.33983E+02 -6.76461E-05  0.00000E+00  0.00000E+00  0.00000E+00  0.00000E+00  8.33611E-08  1.69326E-06
        67  6.33227E+01  6.97306E+02 -6.76461E-05  0.00000E+00  0.00000E+00  0.00000E+00  0.00000E+00  7.97183E-08  1.76411E-06
        68  6.96549E+01  7.66961E+02 -6.76461E-05  0.00000E+00  0.00000E+00  0.00000E+00  0.00000E+00  7.67727E-08  1.83917E-06
        69  7.66204E+01  8.43581E+02 -6.76461E-05  0.00000E+00  0.00000E+00  0.00000E+00  0.00000E+00  7.44438E-08  1.91922E-06
        70  8.42825E+01  9.27864E+02 -6.76461E-05  0.00000E+00  0.00000E+00  0.00000E+00  0.00000E+00  7.29952E-08  2.00557E-06
        71  9.27107E+01  1.02057E+03 -6.76461E-05  0.00000E+00  0.00000E+00  0.00000E+00  0.00000E+00  7.16740E-08  2.09883E-06
        72  1.00000E+02  1.12057E+03 -6.76461E-05  0.00000E+00  0.00000E+00  0.00000E+00  0.00000E+00  7.07099E-08  2.19807E-06
        73  1.00000E+02  1.22057E+03 -6.76461E-05  0.00000E+00  0.00000E+00  0.00000E+00  0.00000E+00  7.00546E-08  2.29639E-06
        74  1.00000E+02  1.32057E+03 -6.76461E-05  0.00000E+00  0.00000E+00  0.00000E+00  0.00000E+00  6.96057E-08  2.39409E-06
        75  1.00000E+02  1.42057E+03 -6.76461E-05  0.00000E+00  0.00000E+00  0.00000E+00  0.00000E+00  6.92957E-08  2.49134E-06
        76  1.00000E+02  1.52057E+03 -6.76461E-05  0.00000E+00  0.00000E+00  0.00000E+00  0.00000E+00  6.90794E-08  2.58830E-06
        77  1.00000E+02  1.62057E+03 -6.76461E-05  0.00000E+00  0.00000E+00  0.00000E+00  0.00000E+00  6.89267E-08  2.68504E-06
        78  1.00000E+02  1.72057E+03 -6.76461E-05  0.00000E+00  0.00000E+00  0.00000E+00  0.00000E+00  6.88171E-08  2.78162E-06
        79  1.00000E+02  1.82057E+03 -6.76461E-05  0.00000E+00  0.00000E+00  0.00000E+00  0.00000E+00  6.87368E-08  2.87810E-06
        80  1.00000E+02  1.92057E+03 -6.76461E-05  0.00000E+00  0.00000E+00  0.00000E+00  0.00000E+00  6.86766E-08  2.97448E-06
        81  1.00000E+02  2.02057E+03 -6.76461E-05  0.00000E+00  0.00000E+00  0.00000E+00  0.00000E+00  6.86298E-08  3.07081E-06
        82  1.00000E+02  2.12057E+03 -6.76461E-05  0.00000E+00  0.00000E+00  0.00000E+00  0.00000E+00  7.19492E-08  3.17179E-06
        83  1.00000E+02  2.22057E+03 -6.76461E-05  0.00000E+00  0.00000E+00  0.00000E+00  0.00000E+00  1.04596E-07  3.31859E-06
        84  1.00000E+02  2.32057E+03 -6.76461E-05  0.00000E+00  0.00000E+00  0.00000E+00  0.00000E+00  2.57343E-07  3.67977E-06
        85  1.00000E+02  2.42057E+03 -6.76461E-05  0.00000E+00  0.00000E+00  0.00000E+00  0.00000E+00  5.03369E-07  4.38625E-06
        86  1.00000E+02  2.52057E+03 -6.76461E-05  0.00000E+00  0.00000E+00  0.00000E+00  0.00000E+00  6.07214E-07  5.23848E-06
        87  1.00000E+02  2.62057E+03 -6.76461E-05  0.00000E+00  0.00000E+00  0.00000E+00  0.00000E+00  6.29399E-07  6.12185E-06
        88  1.00000E+02  2.72057E+03 -6.76461E-05  0.00000E+00  0.00000E+00  0.00000E+00  0.00000E+00  4.62683E-07  6.77123E-06
        89  1.00000E+02  2.82057E+03 -6.76461E-05  0.00000E+00  0.00000E+00  0.00000E+00  0.00000E+00  3.49059E-07  7.26114E-06
        90  1.00000E+02  2.92057E+03 -6.76461E-05  0.00000E+00  0.00000E+00  0.00000E+00  0.00000E+00  3.10139E-07  7.69642E-06
        91  1.00000E+02  3.02057E+03 -6.76461E-05  0.00000E+00  0.00000E+00  0.00000E+00  0.00000E+00  2.89276E-07  8.10242E-06
        92  1.00000E+02  3.12057E+03 -6.76461E-05  0.00000E+00  0.00000E+00  0.00000E+00  0.00000E+00  2.75391E-07  8.48894E-06
        93  1.00000E+02  3.22057E+03 -6.76461E-05  0.00000E+00  0.00000E+00  0.00000E+00  0.00000E+00  2.65796E-07  8.86198E-06
        94  1.00000E+02  3.32057E+03 -6.76461E-05  0.00000E+00  0.00000E+00  0.00000E+00  0.00000E+00  2.58508E-07  9.22480E-06
        95  1.00000E+02  3.42057E+03 -6.76461E-05  0.00000E+00  0.00000E+00  0.00000E+00  0.00000E+00  2.52679E-07  9.57944E-06
        96  1.00000E+02  3.52057E+03 -6.76461E-05  0.00000E+00  0.00000E+00  0.00000E+00  0.00000E+00  2.47920E-07  9.92739E-06
        97  1.00000E+02  3.62057E+03 -6.76461E-05  0.00000E+00  0.00000E+00  0.00000E+00  0.00000E+00  2.44078E-07  1.02700E-05
        98  1.00000E+02  3.72057E+03 -6.76461E-05  0.00000E+00  0.00000E+00  0.00000E+00  0.00000E+00  2.40832E-07  1.06080E-05
        99  1.00000E+02  3.82057E+03 -6.76461E-05  0.00000E+00  0.00000E+00  0.00000E+00  0.00000E+00  2.37974E-07  1.09420E-05
       100  1.00000E+02  3.92057E+03 -6.76461E-05  0.00000E+00  0.00000E+00  0.00000E+00  0.00000E+00  2.35421E-07  1.12724E-05
       101  1.00000E+02  4.02057E+03 -6.76461E-05  0.00000E+00  0.00000E+00  0.00000E+00  0.00000E+00  2.33144E-07  1.15996E-05
       102  1.00000E+02  4.12057E+03 -6.76461E-05  0.00000E+00  0.00000E+00  0.00000E+00  0.00000E+00  2.31089E-07  1.19239E-05
       103  1.00000E+02  4.22057E+03 -6.76461E-05  0.00000E+00  0.00000E+00  0.00000E+00  0.00000E+00  2.29198E-07  1.22456E-05
       104  1.00000E+02  4.32057E+03 -6.76461E-05  0.00000E+00  0.00000E+00  0.00000E+00  0.00000E+00  2.27458E-07  1.25649E-05
       105  1.00000E+02  4.42057E+03 -6.76461E-05  0.00000E+00  0.00000E+00  0.00000E+00  0.00000E+00  2.25864E-07  1.28819E-05
       106  1.00000E+02  4.52057E+03 -6.76461E-05  0.00000E+00  0.00000E+00  0.00000E+00  0.00000E+00  2.24415E-07  1.31968E-05
       107  1.00000E+02  4.62057E+03 -6.76461E-05  0.00000E+00  0.00000E+00  0.00000E+00  0.00000E+00  2.23096E-07  1.35099E-05
       108  1.00000E+02  4.72057E+03 -6.76461E-05  0.00000E+00  0.00000E+00  0.00000E+00  0.00000E+00  2.21851E-07  1.38213E-05
       109  1.00000E+02  4.82057E+03 -6.76461E-05  0.00000E+00  0.00000E+00  0.00000E+00  0.00000E+00  2.20673E-07  1.41310E-05
       110  1.00000E+02  4.92057E+03 -6.76461E-05  0.00000E+00  0.00000E+00  0.00000E+00  0.00000E+00  2.19551E-07  1.44392E-05
       111  1.00000E+02  5.02057E+03 -6.76461E-05  0.00000E+00  0.00000E+00  0.00000E+00  0.00000E+00  2.18479E-07  1.47458E-05
       112  1.00000E+02  5.12057E+03 -6.76461E-05  0.00000E+00  0.00000E+00  0.00000E+00  0.00000E+00  2.17452E-07  1.50510E-05
       113  1.00000E+02  5.22057E+03 -6.76461E-05  0.00000E+00  0.00000E+00  0.00000E+00  0.00000E+00  2.16466E-07  1.53548E-05
       114  1.00000E+02  5.32057E+03 -6.76461E-05  0.00000E+00  0.00000E+00  0.00000E+00  0.00000E+00  2.15519E-07  1.56573E-05
       115  1.00000E+02  5.42057E+03 -6.76461E-05  0.00000E+00  0.00000E+00  0.00000E+00  0.00000E+00  2.14606E-07  1.59585E-05
       116  1.00000E+02  5.52057E+03 -6.76461E-05  0.00000E+00  0.00000E+00  0.00000E+00  0.00000E+00  2.13729E-07  1.62585E-05
       117  1.00000E+02  5.62057E+03 -6.76461E-05  0.00000E+00  0.00000E+00  0.00000E+00  0.00000E+00  2.12889E-07  1.65573E-05
       118  1.00000E+02  5.72057E+03 -6.76461E-05  0.00000E+00  0.00000E+00  0.00000E+00  0.00000E+00  2.12077E-07  1.68549E-05
       119  1.00000E+02  5.82057E+03 -6.76461E-05  0.00000E+00  0.00000E+00  0.00000E+00  0.00000E+00  2.11291E-07  1.71515E-05
       120  1.00000E+02  5.92057E+03 -6.76461E-05  0.00000E+00  0.00000E+00  0.00000E+00  0.00000E+00  2.10529E-07  1.74469E-05
       121  1.00000E+02  6.02057E+03 -6.76461E-05  0.00000E+00  0.00000E+00  0.00000E+00  0.00000E+00  2.09791E-07  1.77414E-05
       122  1.00000E+02  6.12057E+03 -6.76461E-05  0.00000E+00  0.00000E+00  0.00000E+00  0.00000E+00  2.09073E-07  1.80348E-05
       123  1.00000E+02  6.22057E+03 -6.76461E-05  0.00000E+00  0.00000E+00  0.00000E+00  0.00000E+00  2.08376E-07  1.83273E-05
       124  1.00000E+02  6.32057E+03 -6.76461E-05  0.00000E+00  0.00000E+00  0.00000E+00  0.00000E+00  2.07699E-07  1.86188E-05
       125  1.00000E+02  6.42057E+03 -6.76461E-05  0.00000E+00  0.00000E+00  0.00000E+00  0.00000E+00  2.07040E-07  1.89094E-05
       126  1.00000E+02  6.52057E+03 -6.76461E-05  0.00000E+00  0.00000E+00  0.00000E+00  0.00000E+00  2.06398E-07  1.91991E-05
       127  1.00000E+02  6.62057E+03 -6.76461E-05  0.00000E+00  0.00000E+00  0.00000E+00  0.00000E+00  2.05773E-07  1.94879E-05
       128  1.00000E+02  6.72057E+03 -6.76461E-05  0.00000E+00  0.00000E+00  0.00000E+00  0.00000E+00  2.05164E-07  1.97758E-05
       129  1.00000E+02  6.82057E+03 -6.76461E-05  0.00000E+00  0.00000E+00  0.00000E+00  0.00000E+00  2.04570E-07  2.00629E-05
       130  1.00000E+02  6.92057E+03 -6.76461E-05  0.00000E+00  0.00000E+00  0.00000E+00  0.00000E+00  2.03991E-07  2.03492E-05
       131  1.00000E+02  7.02057E+03 -6.76461E-05  0.00000E+00  0.00000E+00  0.00000E+00  0.00000E+00  2.03425E-07  2.06347E-05
       132  1.00000E+02  7.12057E+03 -6.76461E-05  0.00000E+00  0.00000E+00  0.00000E+00  0.00000E+00  2.02874E-07  2.09195E-05
       133  1.00000E+02  7.22057E+03 -6.76461E-05  0.00000E+00  0.00000E+00  0.00000E+00  0.00000E+00  2.01562E-07  2.12024E-05
       134  1.00000E+02  7.32057E+03 -6.76461E-05  0.00000E+00  0.00000E+00  0.00000E+00  0.00000E+00  2.01034E-07  2.14845E-05
       135  1.00000E+02  7.42057E+03 -6.76461E-05  0.00000E+00  0.00000E+00  0.00000E+00  0.00000E+00  2.00521E-07  2.17660E-05
       136  1.00000E+02  7.52057E+03 -6.76461E-05  0.00000E+00  0.00000E+00  0.00000E+00  0.00000E+00  2.00020E-07  2.20467E-05
       137  1.00000E+02  7.62057E+03 -6.76461E-05  0.00000E+00  0.00000E+00  0.00000E+00  0.00000E+00  1.99531E-07  2.23267E-05
       138  1.00000E+02  7.72057E+03 -6.76461E-05  0.00000E+00  0.00000E+00  0.00000E+00  0.00000E+00  1.99056E-07  2.26061E-05
       139  1.00000E+02  7.82057E+03 -6.76461E-05  0.00000E+00  0.00000E+00  0.00000E+00  0.00000E+00  1.98591E-07  2.28848E-05
       140  1.00000E+02  7.92057E+03 -6.76461E-05  0.00000E+00  0.00000E+00  0.00000E+00  0.00000E+00  1.98137E-07  2.31629E-05
       141  1.00000E+02  8.02057E+03 -6.76461E-05  0.00000E+00  0.00000E+00  0.00000E+00  0.00000E+00  1.97693E-07  2.34404E-05
       142  1.00000E+02  8.12057E+03 -6.76461E-05  0.00000E+00  0.00000E+00  0.00000E+00  0.00000E+00  1.97258E-07  2.37172E-05
       143  1.00000E+02  8.22057E+03 -6.76461E-05  0.00000E+00  0.00000E+00  0.00000E+00  0.00000E+00  1.96832E-07  2.39935E-05
       144  1.00000E+02  8.32057E+03 -6.76461E-05  0.00000E+00  0.00000E+00  0.00000E+00  0.00000E+00  1.96415E-07  2.42692E-05
       145  1.00000E+02  8.42057E+03 -6.76461E-05  0.00000E+00  0.00000E+00  0.00000E+00  0.00000E+00  1.96006E-07  2.45443E-05
       146  1.00000E+02  8.52057E+03 -6.76461E-05  0.00000E+00  0.00000E+00  0.00000E+00  0.00000E+00  1.95606E-07  2.48188E-05
       147  1.00000E+02  8.62057E+03 -6.76461E-05  0.00000E+00  0.00000E+00  0.00000E+00  0.00000E+00  1.95213E-07  2.50928E-05
       148  1.00000E+02  8.72057E+03 -6.76461E-05  0.00000E+00  0.00000E+00  0.00000E+00  0.00000E+00  1.94828E-07  2.53662E-05
       149  1.00000E+02  8.82057E+03 -6.76461E-05  0.00000E+00  0.00000E+00  0.00000E+00  0.00000E+00  1.94451E-07  2.56391E-05
       150  1.00000E+02  8.92057E+03 -6.76461E-05  0.00000E+00  0.00000E+00  0.00000E+00  0.00000E+00  1.94083E-07  2.59115E-05
       151  1.00000E+02  9.02057E+03 -6.76461E-05  0.00000E+00  0.00000E+00  0.00000E+00  0.00000E+00  1.93723E-07  2.61834E-05
       152  1.00000E+02  9.12057E+03 -6.76461E-05  0.00000E+00  0.00000E+00  0.00000E+00  0.00000E+00  1.93373E-07  2.64548E-05
       153  1.00000E+02  9.22057E+03 -6.76461E-05  0.00000E+00  0.00000E+00  0.00000E+00  0.00000E+00  1.93032E-07  2.67257E-05
       154  1.00000E+02  9.32057E+03 -6.76461E-05  0.00000E+00  0.00000E+00  0.00000E+00  0.00000E+00  1.92702E-07  2.69962E-05
       155  1.00000E+02  9.42057E+03 -6.76461E-05  0.00000E+00  0.00000E+00  0.00000E+00  0.00000E+00  1.92382E-07  2.72662E-05
       156  1.00000E+02  9.52057E+03 -6.76461E-05  0.00000E+00  0.00000E+00  0.00000E+00  0.00000E+00  1.92068E-07  2.75358E-05
       157  1.00000E+02  9.62057E+03 -6.76461E-05  0.00000E+00  0.00000E+00  0.00000E+00  0.00000E+00  1.91760E-07  2.78049E-05
       158  1.00000E+02  9.72057E+03 -6.76461E-05  0.00000E+00  0.00000E+00  0.00000E+00  0.00000E+00  1.91456E-07  2.80736E-05
       159  1.00000E+02  9.82057E+03 -6.76461E-05  0.00000E+00  0.00000E+00  0.00000E+00  0.00000E+00  1.91158E-07  2.83419E-05
       160  1.00000E+02  9.92057E+03 -6.76461E-05  0.00000E+00  0.00000E+00  0.00000E+00  0.00000E+00  1.90865E-07  2.86098E-05
       161  1.00000E+02  1.00206E+04 -6.76461E-05  0.00000E+00  0.00000E+00  0.00000E+00  0.00000E+00  1.90577E-07  2.88773E-05
       162  1.00000E+02  1.01206E+04 -6.76461E-05  0.00000E+00  0.00000E+00  0.00000E+00  0.00000E+00  1.90293E-07  2.91444E-05
       163  1.00000E+02  1.02206E+04 -6.76461E-05  0.00000E+00  0.00000E+00  0.00000E+00  0.00000E+00  1.90016E-07  2.94110E-05
       164  1.00000E+02  1.03206E+04 -6.76461E-05  0.00000E+00  0.00000E+00  0.00000E+00  0.00000E+00  1.89743E-07  2.96773E-05
       165  1.00000E+02  1.04206E+04 -6.76461E-05  0.00000E+00  0.00000E+00  0.00000E+00  0.00000E+00  1.89475E-07  2.99433E-05
       166  1.00000E+02  1.05206E+04 -6.76461E-05  0.00000E+00  0.00000E+00  0.00000E+00  0.00000E+00  1.89211E-07  3.02088E-05
       167  1.00000E+02  1.06206E+04 -6.76461E-05  0.00000E+00  0.00000E+00  0.00000E+00  0.00000E+00  1.88951E-07  3.04740E-05
       168  1.00000E+02  1.07206E+04 -6.76461E-05  0.00000E+00  0.00000E+00  0.00000E+00  0.00000E+00  1.88695E-07  3.07389E-05
       169  1.00000E+02  1.08206E+04 -6.76461E-05  0.00000E+00  0.00000E+00  0.00000E+00  0.00000E+00  1.88443E-07  3.10033E-05
       170  1.00000E+02  1.09206E+04 -6.76461E-05  0.00000E+00  0.00000E+00  0.00000E+00  0.00000E+00  1.88195E-07  3.12675E-05
       171  1.00000E+02  1.10206E+04 -6.76461E-05  0.00000E+00  0.00000E+00  0.00000E+00  0.00000E+00  1.87951E-07  3.15313E-05
       172  1.00000E+02  1.11206E+04 -6.76461E-05  0.00000E+00  0.00000E+00  0.00000E+00  0.00000E+00  1.87710E-07  3.17947E-05
       173  1.00000E+02  1.12206E+04 -6.76461E-05  0.00000E+00  0.00000E+00  0.00000E+00  0.00000E+00  1.87473E-07  3.20578E-05
       174  1.00000E+02  1.13206E+04 -6.76461E-05  0.00000E+00  0.00000E+00  0.00000E+00  0.00000E+00  1.87239E-07  3.23206E-05
       175  1.00000E+02  1.14206E+04 -6.76461E-05  0.00000E+00  0.00000E+00  0.00000E+00  0.00000E+00  1.87009E-07  3.25831E-05
       176  1.00000E+02  1.15206E+04 -6.76461E-05  0.00000E+00  0.00000E+00  0.00000E+00  0.00000E+00  1.86783E-07  3.28453E-05
       177  1.00000E+02  1.16206E+04 -6.76461E-05  0.00000E+00  0.00000E+00  0.00000E+00  0.00000E+00  1.86559E-07  3.31071E-05
       178  1.00000E+02  1.17206E+04 -6.76461E-05  0.00000E+00  0.00000E+00  0.00000E+00  0.00000E+00  1.86339E-07  3.33686E-05
       179  1.00000E+02  1.18206E+04 -6.76461E-05  0.00000E+00  0.00000E+00  0.00000E+00  0.00000E+00  1.86122E-07  3.36298E-05
       180  1.00000E+02  1.19206E+04 -6.76461E-05  0.00000E+00  0.00000E+00  0.00000E+00  0.00000E+00  1.85908E-07  3.38908E-05
       181  1.00000E+02  1.20206E+04 -6.76461E-05  0.00000E+00  0.00000E+00  0.00000E+00  0.00000E+00  1.85697E-07  3.41514E-05
       182  1.00000E+02  1.21206E+04 -6.76461E-05  0.00000E+00  0.00000E+00  0.00000E+00  0.00000E+00  1.85489E-07  3.44117E-05
       183  1.00000E+02  1.22206E+04 -6.76461E-05  0.00000E+00  0.00000E+00  0.00000E+00  0.00000E+00  1.85284E-07  3.46718E-05
       184  1.00000E+02  1.23206E+04 -6.76461E-05  0.00000E+00  0.00000E+00  0.00000E+00  0.00000E+00  1.85170E-07  3.49317E-05
       185  1.00000E+02  1.24206E+04 -6.76461E-05  0.00000E+00  0.00000E+00  0.00000E+00  0.00000E+00  1.86372E-07  3.51932E-05
       186  1.00000E+02  1.25206E+04 -6.76461E-05  0.00000E+00  0.00000E+00  0.00000E+00  0.00000E+00  1.88892E-07  3.54583E-05
       187  1.00000E+02  1.26206E+04 -6.76461E-05  0.00000E+00  0.00000E+00  0.00000E+00  0.00000E+00  1.94875E-07  3.57319E-05
       188  1.00000E+02  1.27206E+04 -6.76461E-05  0.00000E+00  0.00000E+00  0.00000E+00  0.00000E+00  2.11113E-07  3.60282E-05
       189  1.00000E+02  1.28206E+04 -6.76461E-05  0.00000E+00  0.00000E+00  0.00000E+00  0.00000E+00  2.86879E-07  3.64308E-05
       190  1.00000E+02  1.29206E+04 -6.76461E-05  0.00000E+00  0.00000E+00  0.00000E+00  0.00000E+00  3.96831E-07  3.69877E-05
       191  1.00000E+02  1.30206E+04 -6.76461E-05  0.00000E+00  0.00000E+00  0.00000E+00  0.00000E+00  4.34052E-07  3.75969E-05
       192  1.00000E+02  1.31206E+04 -6.76461E-05  0.00000E+00  0.00000E+00  0.00000E+00  0.00000E+00  4.67276E-07  3.82528E-05
       193  1.00000E+02  1.32206E+04 -6.76461E-05  0.00000E+00  0.00000E+00  0.00000E+00  0.00000E+00  5.00807E-07  3.89557E-05
       194  1.00000E+02  1.33206E+04 -6.76461E-05  0.00000E+00  0.00000E+00  0.00000E+00  0.00000E+00  5.48322E-07  3.97252E-05
       195  1.00000E+02  1.34206E+04 -6.76461E-05  0.00000E+00  0.00000E+00  0.00000E+00  0.00000E+00  6.10985E-07  4.05828E-05
       196  1.00000E+02  1.35206E+04 -6.76461E-05  0.00000E+00  0.00000E+00  0.00000E+00  0.00000E+00  6.80069E-07  4.15372E-05
       197  1.00000E+02  1.36206E+04 -6.76461E-05  0.00000E+00  0.00000E+00  0.00000E+00  0.00000E+00  7.50734E-07  4.25909E-05
       198  1.00000E+02  1.37206E+04 -6.76461E-05  0.00000E+00  0.00000E+00  0.00000E+00  0.00000E+00  8.22694E-07  4.37456E-05
       199  1.00000E+02  1.38206E+04 -6.76461E-05  0.00000E+00  0.00000E+00  0.00000E+00  0.00000E+00  8.72568E-07  4.49702E-05
       200  1.00000E+02  1.39206E+04 -6.76461E-05  0.00000E+00  0.00000E+00  0.00000E+00  0.00000E+00  9.39762E-07  4.62892E-05
       201  1.00000E+02  1.40206E+04 -6.76461E-05  0.00000E+00  0.00000E+00  0.00000E+00  0.00000E+00  1.00005E-06  4.76928E-05
       202  1.00000E+02  1.41206E+04 -6.76461E-05  0.00000E+00  0.00000E+00  0.00000E+00  0.00000E+00  9.12297E-07  4.89732E-05
       203  1.00000E+02  1.42206E+04 -6.76461E-05  0.00000E+00  0.00000E+00  0.00000E+00  0.00000E+00  8.56049E-07  5.01747E-05
       204  1.00000E+02  1.43206E+04 -6.76461E-05  0.00000E+00  0.00000E+00  0.00000E+00  0.00000E+00  8.16850E-07  5.13211E-05
       205  1.00000E+02  1.44206E+04 -6.76461E-05  0.00000E+00  0.00000E+00  0.00000E+00  0.00000E+00  7.86144E-07  5.24245E-05
       206  1.00000E+02  1.45206E+04 -6.76461E-05  0.00000E+00  0.00000E+00  0.00000E+00  0.00000E+00  7.60954E-07  5.34925E-05
       207  1.00000E+02  1.46206E+04 -6.76461E-05  0.00000E+00  0.00000E+00  0.00000E+00  0.00000E+00  7.39635E-07  5.45306E-05
       208  1.00000E+02  1.47206E+04 -6.76461E-05  0.00000E+00  0.00000E+00  0.00000E+00  0.00000E+00  7.21180E-07  5.55427E-05
       209  1.00000E+02  1.48206E+04 -6.76461E-05  0.00000E+00  0.00000E+00  0.00000E+00  0.00000E+00  7.05161E-07  5.65324E-05
       210  1.00000E+02  1.49206E+04 -6.76461E-05  0.00000E+00  0.00000E+00  0.00000E+00  0.00000E+00  6.91190E-07  5.75025E-05
       211  1.00000E+02  1.50206E+04 -6.76461E-05  0.00000E+00  0.00000E+00  0.00000E+00  0.00000E+00  6.78686E-07  5.84551E-05
       212  1.00000E+02  1.51206E+04 -6.76461E-05  0.00000E+00  0.00000E+00  0.00000E+00  0.00000E+00  6.67381E-07  5.93918E-05
       213  1.00000E+02  1.52206E+04 -6.76461E-05  0.00000E+00  0.00000E+00  0.00000E+00  0.00000E+00  6.57084E-07  6.03140E-05
       214  1.00000E+02  1.53206E+04 -6.76461E-05  0.00000E+00  0.00000E+00  0.00000E+00  0.00000E+00  6.47684E-07  6.12230E-05
       215  1.00000E+02  1.54206E+04 -6.76461E-05  0.00000E+00  0.00000E+00  0.00000E+00  0.00000E+00  6.39068E-07  6.21199E-05
       216  1.00000E+02  1.55206E+04 -6.76461E-05  0.00000E+00  0.00000E+00  0.00000E+00  0.00000E+00  6.31096E-07  6.30057E-05
       217  1.00000E+02  1.56206E+04 -6.76461E-05  0.00000E+00  0.00000E+00  0.00000E+00  0.00000E+00  6.23686E-07  6.38810E-05
       218  1.00000E+02  1.57206E+04 -6.76461E-05  0.00000E+00  0.00000E+00  0.00000E+00  0.00000E+00  6.16771E-07  6.47467E-05
       219  1.00000E+02  1.58206E+04 -6.76461E-05  0.00000E+00  0.00000E+00  0.00000E+00  0.00000E+00  6.10336E-07  6.56033E-05
       220  1.00000E+02  1.59206E+04 -6.76461E-05  0.00000E+00  0.00000E+00  0.00000E+00  0.00000E+00  6.04305E-07  6.64514E-05
       221  1.00000E+02  1.60206E+04 -6.76461E-05  0.00000E+00  0.00000E+00  0.00000E+00  0.00000E+00  5.98668E-07  6.72917E-05
       222  1.00000E+02  1.61206E+04 -6.76461E-05  0.00000E+00  0.00000E+00  0.00000E+00  0.00000E+00  5.93395E-07  6.81245E-05
       223  1.00000E+02  1.62206E+04 -6.76461E-05  0.00000E+00  0.00000E+00  0.00000E+00  0.00000E+00  5.88474E-07  6.89504E-05
       224  1.00000E+02  1.63206E+04 -6.76461E-05  0.00000E+00  0.00000E+00  0.00000E+00  0.00000E+00  5.83883E-07  6.97699E-05
       225  1.00000E+02  1.64206E+04 -6.76461E-05  0.00000E+00  0.00000E+00  0.00000E+00  0.00000E+00  5.79528E-07  7.05833E-05
       226  1.00000E+02  1.65206E+04 -6.76461E-05  0.00000E+00  0.00000E+00  0.00000E+00  0.00000E+00  5.75381E-07  7.13909E-05
       227  1.00000E+02  1.66206E+04 -6.76461E-05  0.00000E+00  0.00000E+00  0.00000E+00  0.00000E+00  5.71425E-07  7.21929E-05
       228  1.00000E+02  1.67206E+04 -6.76461E-05  0.00000E+00  0.00000E+00  0.00000E+00  0.00000E+00  5.67644E-07  7.29895E-05
       229  1.00000E+02  1.68206E+04 -6.76461E-05  0.00000E+00  0.00000E+00  0.00000E+00  0.00000E+00  5.64025E-07  7.37812E-05
       230  1.00000E+02  1.69206E+04 -6.76461E-05  0.00000E+00  0.00000E+00  0.00000E+00  0.00000E+00  5.60555E-07  7.45679E-05
       231  1.00000E+02  1.70206E+04 -6.76461E-05  0.00000E+00  0.00000E+00  0.00000E+00  0.00000E+00  5.57231E-07  7.53500E-05
       232  1.00000E+02  1.71206E+04 -6.76461E-05  0.00000E+00  0.00000E+00  0.00000E+00  0.00000E+00  5.54069E-07  7.61276E-05
       233  1.00000E+02  1.72206E+04 -6.76461E-05  0.00000E+00  0.00000E+00  0.00000E+00  0.00000E+00  5.51026E-07  7.69010E-05
       234  1.00000E+02  1.73206E+04 -6.76461E-05  0.00000E+00  0.00000E+00  0.00000E+00  0.00000E+00  5.48094E-07  7.76703E-05
       235  1.00000E+02  1.74206E+04 -6.76461E-05  0.00000E+00  0.00000E+00  0.00000E+00  0.00000E+00  5.45265E-07  7.84355E-05
       236  1.00000E+02  1.75206E+04 -6.76461E-05  0.00000E+00  0.00000E+00  0.00000E+00  0.00000E+00  5.42533E-07  7.91970E-05
       237  1.00000E+02  1.76206E+04 -6.76461E-05  0.00000E+00  0.00000E+00  0.00000E+00  0.00000E+00  5.39891E-07  7.99547E-05
       238  1.00000E+02  1.77206E+04 -6.76461E-05  0.00000E+00  0.00000E+00  0.00000E+00  0.00000E+00  5.37334E-07  8.07089E-05
       239  1.00000E+02  1.78206E+04 -6.76461E-05  0.00000E+00  0.00000E+00  0.00000E+00  0.00000E+00  5.34858E-07  8.14596E-05
       240  1.00000E+02  1.79206E+04 -6.76461E-05  0.00000E+00  0.00000E+00  0.00000E+00  0.00000E+00  5.32457E-07  8.22069E-05
       241  1.00000E+02  1.80206E+04 -6.76461E-05  0.00000E+00  0.00000E+00  0.00000E+00  0.00000E+00  5.30128E-07  8.29509E-05
       242  1.00000E+02  1.81206E+04 -6.76461E-05  0.00000E+00  0.00000E+00  0.00000E+00  0.00000E+00  5.27865E-07  8.36918E-05
       243  1.00000E+02  1.82206E+04 -6.76461E-05  0.00000E+00  0.00000E+00  0.00000E+00  0.00000E+00  5.25667E-07  8.44295E-05
       244  1.00000E+02  1.83206E+04 -6.76461E-05  0.00000E+00  0.00000E+00  0.00000E+00  0.00000E+00  5.23529E-07  8.51643E-05
       245  1.00000E+02  1.84206E+04 -6.76461E-05  0.00000E+00  0.00000E+00  0.00000E+00  0.00000E+00  5.19526E-07  8.58935E-05
       246  1.00000E+02  1.85206E+04 -6.76461E-05  0.00000E+00  0.00000E+00  0.00000E+00  0.00000E+00  5.17465E-07  8.66198E-05
       247  1.00000E+02  1.86206E+04 -6.76461E-05  0.00000E+00  0.00000E+00  0.00000E+00  0.00000E+00  5.15498E-07  8.73433E-05
       248  1.00000E+02  1.87206E+04 -6.76461E-05  0.00000E+00  0.00000E+00  0.00000E+00  0.00000E+00  5.13582E-07  8.80641E-05
       249  1.00000E+02  1.88206E+04 -6.76461E-05  0.00000E+00  0.00000E+00  0.00000E+00  0.00000E+00  5.11714E-07  8.87823E-05
       250  1.00000E+02  1.89206E+04 -6.76461E-05  0.00000E+00  0.00000E+00  0.00000E+00  0.00000E+00  5.09892E-07  8.94979E-05
       251  1.00000E+02  1.90206E+04 -6.76461E-05  0.00000E+00  0.00000E+00  0.00000E+00  0.00000E+00  5.08113E-07  9.02110E-05
       252  1.00000E+02  1.91206E+04 -6.76461E-05  0.00000E+00  0.00000E+00  0.00000E+00  0.00000E+00  5.06376E-07  9.09218E-05
       253  1.00000E+02  1.92206E+04 -6.76461E-05  0.00000E+00  0.00000E+00  0.00000E+00  0.00000E+00  5.04679E-07  9.16301E-05
       254  1.00000E+02  1.93206E+04 -6.76461E-05  0.00000E+00  0.00000E+00  0.00000E+00  0.00000E+00  5.03034E-07  9.23361E-05
       255  1.00000E+02  1.94206E+04 -6.76461E-05  0.00000E+00  0.00000E+00  0.00000E+00  0.00000E+00  5.01428E-07  9.30398E-05
       256  1.00000E+02  1.95206E+04 -6.76461E-05  0.00000E+00  0.00000E+00  0.00000E+00  0.00000E+00  4.99867E-07  9.37414E-05
       257  1.00000E+02  1.96206E+04 -6.76461E-05  0.00000E+00  0.00000E+00  0.00000E+00  0.00000E+00  4.98359E-07  9.44409E-05
       258  1.00000E+02  1.97206E+04 -6.76461E-05  0.00000E+00  0.00000E+00  0.00000E+00  0.00000E+00  4.96898E-07  9.51383E-05
       259  1.00000E+02  1.98206E+04 -6.76461E-05  0.00000E+00  0.00000E+00  0.00000E+00  0.00000E+00  4.95482E-07  9.58337E-05
       260  1.00000E+02  1.99206E+04 -6.76461E-05  0.00000E+00  0.00000E+00  0.00000E+00  0.00000E+00  4.94117E-07  9.65272E-05
       261  1.00000E+02  2.00206E+04 -6.76461E-05  0.00000E+00  0.00000E+00  0.00000E+00  0.00000E+00  4.92788E-07  9.72188E-05
       262  1.00000E+02  2.01206E+04 -6.76461E-05  0.00000E+00  0.00000E+00  0.00000E+00  0.00000E+00  4.91485E-07  9.79086E-05
       263  1.00000E+02  2.02206E+04 -6.76461E-05  0.00000E+00  0.00000E+00  0.00000E+00  0.00000E+00  4.90206E-07  9.85966E-05
       264  1.00000E+02  2.03206E+04 -6.76461E-05  0.00000E+00  0.00000E+00  0.00000E+00  0.00000E+00  4.88952E-07  9.92829E-05
       265  1.00000E+02  2.04206E+04 -6.76461E-05  0.00000E+00  0.00000E+00  0.00000E+00  0.00000E+00  4.87721E-07  9.99674E-05
       266  1.00000E+02  2.05206E+04 -6.76461E-05  0.00000E+00  0.00000E+00  0.00000E+00  0.00000E+00  4.86516E-07  1.00650E-04
       267  1.00000E+02  2.06206E+04 -6.76461E-05  0.00000E+00  0.00000E+00  0.00000E+00  0.00000E+00  4.85332E-07  1.01331E-04
       268  1.00000E+02  2.07206E+04 -6.76461E-05  0.00000E+00  0.00000E+00  0.00000E+00  0.00000E+00  4.84169E-07  1.02011E-04
       269  1.00000E+02  2.08206E+04 -6.76461E-05  0.00000E+00  0.00000E+00  0.00000E+00  0.00000E+00  4.83027E-07  1.02689E-04
       270  1.00000E+02  2.09206E+04 -6.76461E-05  0.00000E+00  0.00000E+00  0.00000E+00  0.00000E+00  4.81904E-07  1.03365E-04
       271  1.00000E+02  2.10206E+04 -6.76461E-05  0.00000E+00  0.00000E+00  0.00000E+00  0.00000E+00  4.80800E-07  1.04040E-04
       272  1.00000E+02  2.11206E+04 -6.76461E-05  0.00000E+00  0.00000E+00  0.00000E+00  0.00000E+00  4.79715E-07  1.04713E-04
       273  1.00000E+02  2.12206E+04 -6.76461E-05  0.00000E+00  0.00000E+00  0.00000E+00  0.00000E+00  4.78648E-07  1.05385E-04
       274  1.00000E+02  2.13206E+04 -6.76461E-05  0.00000E+00  0.00000E+00  0.00000E+00  0.00000E+00  4.77599E-07  1.06055E-04
       275  1.00000E+02  2.14206E+04 -6.76461E-05  0.00000E+00  0.00000E+00  0.00000E+00  0.00000E+00  4.76566E-07  1.06724E-04
       276  1.00000E+02  2.15206E+04 -6.76461E-05  0.00000E+00  0.00000E+00  0.00000E+00  0.00000E+00  4.75550E-07  1.07392E-04
       277  1.00000E+02  2.16206E+04 -6.76461E-05  0.00000E+00  0.00000E+00  0.00000E+00  0.00000E+00  4.74550E-07  1.08058E-04
       278  1.00000E+02  2.17206E+04 -6.76461E-05  0.00000E+00  0.00000E+00  0.00000E+00  0.00000E+00  4.73565E-07  1.08722E-04
       279  1.00000E+02  2.18206E+04 -6.76461E-05  0.00000E+00  0.00000E+00  0.00000E+00  0.00000E+00  4.72596E-07  1.09386E-04
       280  1.00000E+02  2.19206E+04 -6.76461E-05  0.00000E+00  0.00000E+00  0.00000E+00  0.00000E+00  4.71651E-07  1.10048E-04
       281  1.00000E+02  2.20206E+04 -6.76461E-05  0.00000E+00  0.00000E+00  0.00000E+00  0.00000E+00  4.70721E-07  1.10708E-04
       282  1.00000E+02  2.21206E+04 -6.76461E-05  0.00000E+00  0.00000E+00  0.00000E+00  0.00000E+00  4.69805E-07  1.11368E-04
       283  1.00000E+02  2.22206E+04 -6.76461E-05  0.00000E+00  0.00000E+00  0.00000E+00  0.00000E+00  4.68906E-07  1.12026E-04
       284  1.00000E+02  2.23206E+04 -6.76461E-05  0.00000E+00  0.00000E+00  0.00000E+00  0.00000E+00  4.68021E-07  1.12683E-04
       285  1.00000E+02  2.24206E+04 -6.76461E-05  0.00000E+00  0.00000E+00  0.00000E+00  0.00000E+00  4.67148E-07  1.13338E-04
       286  1.00000E+02  2.25206E+04 -6.76461E-05  0.00000E+00  0.00000E+00  0.00000E+00  0.00000E+00  4.66288E-07  1.13993E-04
       287  1.00000E+02  2.26206E+04 -6.76461E-05  0.00000E+00  0.00000E+00  0.00000E+00  0.00000E+00  4.65440E-07  1.14646E-04
       288  1.00000E+02  2.27206E+04 -6.76461E-05  0.00000E+00  0.00000E+00  0.00000E+00  0.00000E+00  4.64604E-07  1.15298E-04
       289  1.00000E+02  2.28206E+04 -6.76461E-05  0.00000E+00  0.00000E+00  0.00000E+00  0.00000E+00  4.63780E-07  1.15949E-04
       290  1.00000E+02  2.29206E+04 -6.76461E-05  0.00000E+00  0.00000E+00  0.00000E+00  0.00000E+00  4.62967E-07  1.16599E-04
       291  1.00000E+02  2.30206E+04 -6.76461E-05  0.00000E+00  0.00000E+00  0.00000E+00  0.00000E+00  4.62165E-07  1.17247E-04
       292  1.00000E+02  2.31206E+04 -6.76461E-05  0.00000E+00  0.00000E+00  0.00000E+00  0.00000E+00  4.61375E-07  1.17895E-04
       293  1.00000E+02  2.32206E+04 -6.76461E-05  0.00000E+00  0.00000E+00  0.00000E+00  0.00000E+00  4.60595E-07  1.18541E-04
       294  1.00000E+02  2.33206E+04 -6.76461E-05  0.00000E+00  0.00000E+00  0.00000E+00  0.00000E+00  4.59826E-07  1.19187E-04
       295  1.00000E+02  2.34206E+04 -6.76461E-05  0.00000E+00  0.00000E+00  0.00000E+00  0.00000E+00  4.59067E-07  1.19831E-04
       296  1.00000E+02  2.35206E+04 -6.76461E-05  0.00000E+00  0.00000E+00  0.00000E+00  0.00000E+00  4.58318E-07  1.20474E-04
       297  1.00000E+02  2.36206E+04 -6.76461E-05  0.00000E+00  0.00000E+00  0.00000E+00  0.00000E+00  4.57579E-07  1.21117E-04
       298  1.00000E+02  2.37206E+04 -6.76461E-05  0.00000E+00  0.00000E+00  0.00000E+00  0.00000E+00  4.56849E-07  1.21758E-04
       299  1.00000E+02  2.38206E+04 -6.76461E-05  0.00000E+00  0.00000E+00  0.00000E+00  0.00000E+00  4.56129E-07  1.22398E-04
       300  1.00000E+02  2.39206E+04 -6.76461E-05  0.00000E+00  0.00000E+00  0.00000E+00  0.00000E+00  4.55419E-07  1.23037E-04
       301  1.00000E+02  2.40206E+04 -6.76461E-05  0.00000E+00  0.00000E+00  0.00000E+00  0.00000E+00  4.54717E-07  1.23675E-04
       302  1.00000E+02  2.41206E+04 -6.76461E-05  0.00000E+00  0.00000E+00  0.00000E+00  0.00000E+00  4.54025E-07  1.24313E-04
       303  1.00000E+02  2.42206E+04 -6.76461E-05  0.00000E+00  0.00000E+00  0.00000E+00  0.00000E+00  4.53341E-07  1.24949E-04
       304  1.00000E+02  2.43206E+04 -6.76461E-05  0.00000E+00  0.00000E+00  0.00000E+00  0.00000E+00  4.52666E-07  1.25584E-04
       305  1.00000E+02  2.44206E+04 -6.76461E-05  0.00000E+00  0.00000E+00  0.00000E+00  0.00000E+00  4.52000E-07  1.26219E-04
       306  1.00000E+02  2.45206E+04 -6.76461E-05  0.00000E+00  0.00000E+00  0.00000E+00  0.00000E+00  4.51341E-07  1.26852E-04
       307  1.00000E+02  2.46206E+04 -6.76461E-05  0.00000E+00  0.00000E+00  0.00000E+00  0.00000E+00  4.50691E-07  1.27485E-04
       308  1.00000E+02  2.47206E+04 -6.76461E-05  0.00000E+00  0.00000E+00  0.00000E+00  0.00000E+00  4.50050E-07  1.28116E-04
       309  1.00000E+02  2.48206E+04 -6.76461E-05  0.00000E+00  0.00000E+00  0.00000E+00  0.00000E+00  4.49415E-07  1.28747E-04
       310  1.00000E+02  2.49206E+04 -6.76461E-05  0.00000E+00  0.00000E+00  0.00000E+00  0.00000E+00  4.48789E-07  1.29377E-04
       311  1.00000E+02  2.50206E+04 -6.76461E-05  0.00000E+00  0.00000E+00  0.00000E+00  0.00000E+00  4.48173E-07  1.30006E-04
       312  1.00000E+02  2.51206E+04 -6.76461E-05  0.00000E+00  0.00000E+00  0.00000E+00  0.00000E+00  4.47566E-07  1.30634E-04
       313  1.00000E+02  2.52206E+04 -6.76461E-05  0.00000E+00  0.00000E+00  0.00000E+00  0.00000E+00  4.46966E-07  1.31261E-04
       314  1.00000E+02  2.53206E+04 -6.76461E-05  0.00000E+00  0.00000E+00  0.00000E+00  0.00000E+00  4.46373E-07  1.31888E-04
       315  1.00000E+02  2.54206E+04 -6.76461E-05  0.00000E+00  0.00000E+00  0.00000E+00  0.00000E+00  4.45787E-07  1.32513E-04
       316  1.00000E+02  2.55206E+04 -6.76461E-05  0.00000E+00  0.00000E+00  0.00000E+00  0.00000E+00  4.45208E-07  1.33138E-04
       317  1.00000E+02  2.56206E+04 -6.76461E-05  0.00000E+00  0.00000E+00  0.00000E+00  0.00000E+00  4.44636E-07  1.33762E-04
       318  1.00000E+02  2.57206E+04 -6.76461E-05  0.00000E+00  0.00000E+00  0.00000E+00  0.00000E+00  4.44071E-07  1.34386E-04
       319  1.00000E+02  2.58206E+04 -6.76461E-05  0.00000E+00  0.00000E+00  0.00000E+00  0.00000E+00  4.43512E-07  1.35008E-04
       320  1.00000E+02  2.59206E+04 -6.76461E-05  0.00000E+00  0.00000E+00  0.00000E+00  0.00000E+00  4.42961E-07  1.35630E-04
       321  1.00000E+02  2.60206E+04 -6.76461E-05  0.00000E+00  0.00000E+00  0.00000E+00  0.00000E+00  4.42417E-07  1.36251E-04
       322  1.00000E+02  2.61206E+04 -6.76461E-05  0.00000E+00  0.00000E+00  0.00000E+00  0.00000E+00  4.41879E-07  1.36871E-04
       323  1.00000E+02  2.62206E+04 -6.76461E-05  0.00000E+00  0.00000E+00  0.00000E+00  0.00000E+00  4.41348E-07  1.37490E-04
       324  1.00000E+02  2.63206E+04 -6.76461E-05  0.00000E+00  0.00000E+00  0.00000E+00  0.00000E+00  4.40822E-07  1.38109E-04
       325  1.00000E+02  2.64206E+04 -6.76461E-05  0.00000E+00  0.00000E+00  0.00000E+00  0.00000E+00  4.40303E-07  1.38727E-04
       326  1.00000E+02  2.65206E+04 -6.76461E-05  0.00000E+00  0.00000E+00  0.00000E+00  0.00000E+00  4.39790E-07  1.39344E-04
       327  1.00000E+02  2.66206E+04 -6.76461E-05  0.00000E+00  0.00000E+00  0.00000E+00  0.00000E+00  4.39282E-07  1.39961E-04
       328  1.00000E+02  2.67206E+04 -6.76461E-05  0.00000E+00  0.00000E+00  0.00000E+00  0.00000E+00  4.38780E-07  1.40577E-04
       329  1.00000E+02  2.68206E+04 -6.76461E-05  0.00000E+00  0.00000E+00  0.00000E+00  0.00000E+00  4.38284E-07  1.41192E-04
       330  1.00000E+02  2.69206E+04 -6.76461E-05  0.00000E+00  0.00000E+00  0.00000E+00  0.00000E+00  4.37794E-07  1.41806E-04
       331  1.00000E+02  2.70206E+04 -6.76461E-05  0.00000E+00  0.00000E+00  0.00000E+00  0.00000E+00  4.37309E-07  1.42420E-04
       332  1.00000E+02  2.71206E+04 -6.76461E-05  0.00000E+00  0.00000E+00  0.00000E+00  0.00000E+00  4.36830E-07  1.43033E-04
       333  1.00000E+02  2.72206E+04 -6.76461E-05  0.00000E+00  0.00000E+00  0.00000E+00  0.00000E+00  4.36356E-07  1.43646E-04
       334  1.00000E+02  2.73206E+04 -6.76461E-05  0.00000E+00  0.00000E+00  0.00000E+00  0.00000E+00  4.35888E-07  1.44257E-04
       335  1.00000E+02  2.74206E+04 -6.76461E-05  0.00000E+00  0.00000E+00  0.00000E+00  0.00000E+00  4.35425E-07  1.44868E-04
       336  1.00000E+02  2.75206E+04 -6.76461E-05  0.00000E+00  0.00000E+00  0.00000E+00  0.00000E+00  4.34967E-07  1.45479E-04
       337  1.00000E+02  2.76206E+04 -6.76461E-05  0.00000E+00  0.00000E+00  0.00000E+00  0.00000E+00  4.34514E-07  1.46089E-04
       338  1.00000E+02  2.77206E+04 -6.76461E-05  0.00000E+00  0.00000E+00  0.00000E+00  0.00000E+00  4.34066E-07  1.46698E-04
       339  1.00000E+02  2.78206E+04 -6.76461E-05  0.00000E+00  0.00000E+00  0.00000E+00  0.00000E+00  4.33623E-07  1.47307E-04
       340  1.00000E+02  2.79206E+04 -6.76461E-05  0.00000E+00  0.00000E+00  0.00000E+00  0.00000E+00  4.33185E-07  1.47915E-04
       341  1.00000E+02  2.80206E+04 -6.76461E-05  0.00000E+00  0.00000E+00  0.00000E+00  0.00000E+00  4.32752E-07  1.48522E-04
       342  1.00000E+02  2.81206E+04 -6.76461E-05  0.00000E+00  0.00000E+00  0.00000E+00  0.00000E+00  4.32324E-07  1.49129E-04
       343  1.00000E+02  2.82206E+04 -6.76461E-05  0.00000E+00  0.00000E+00  0.00000E+00  0.00000E+00  4.31901E-07  1.49735E-04
       344  1.00000E+02  2.83206E+04 -6.76461E-05  0.00000E+00  0.00000E+00  0.00000E+00  0.00000E+00  4.31482E-07  1.50340E-04
       345  1.00000E+02  2.84206E+04 -6.76461E-05  0.00000E+00  0.00000E+00  0.00000E+00  0.00000E+00  4.31068E-07  1.50945E-04
       346  1.00000E+02  2.85206E+04 -6.76461E-05  0.00000E+00  0.00000E+00  0.00000E+00  0.00000E+00  4.30658E-07  1.51550E-04
       347  1.00000E+02  2.86206E+04 -6.76461E-05  0.00000E+00  0.00000E+00  0.00000E+00  0.00000E+00  4.30253E-07  1.52154E-04
       348  1.00000E+02  2.87206E+04 -6.76461E-05  0.00000E+00  0.00000E+00  0.00000E+00  0.00000E+00  4.29852E-07  1.52757E-04
       349  1.00000E+02  2.88206E+04 -6.76461E-05  0.00000E+00  0.00000E+00  0.00000E+00  0.00000E+00  4.29456E-07  1.53360E-04
       350  1.00000E+02  2.89206E+04 -6.76461E-05  0.00000E+00  0.00000E+00  0.00000E+00  0.00000E+00  4.29064E-07  1.53962E-04
       351  1.00000E+02  2.90206E+04 -6.76461E-05  0.00000E+00  0.00000E+00  0.00000E+00  0.00000E+00  4.28677E-07  1.54564E-04
       352  1.00000E+02  2.91206E+04 -6.76461E-05  0.00000E+00  0.00000E+00  0.00000E+00  0.00000E+00  4.28293E-07  1.55165E-04
       353  1.00000E+02  2.92206E+04 -6.76461E-05  0.00000E+00  0.00000E+00  0.00000E+00  0.00000E+00  4.27914E-07  1.55765E-04
       354  1.00000E+02  2.93206E+04 -6.76461E-05  0.00000E+00  0.00000E+00  0.00000E+00  0.00000E+00  4.27539E-07  1.56365E-04
       355  1.00000E+02  2.94206E+04 -6.76461E-05  0.00000E+00  0.00000E+00  0.00000E+00  0.00000E+00  4.27168E-07  1.56965E-04
       356  1.00000E+02  2.95206E+04 -6.76461E-05  0.00000E+00  0.00000E+00  0.00000E+00  0.00000E+00  4.26801E-07  1.57564E-04
       357  1.00000E+02  2.96206E+04 -6.76461E-05  0.00000E+00  0.00000E+00  0.00000E+00  0.00000E+00  4.26438E-07  1.58162E-04
       358  1.00000E+02  2.97206E+04 -6.76461E-05  0.00000E+00  0.00000E+00  0.00000E+00  0.00000E+00  4.26198E-07  1.58761E-04
       359  1.00000E+02  2.98206E+04 -6.76461E-05  0.00000E+00  0.00000E+00  0.00000E+00  0.00000E+00  4.27211E-07  1.59360E-04
       360  1.00000E+02  2.99206E+04 -6.76461E-05  0.00000E+00  0.00000E+00  0.00000E+00  0.00000E+00  4.28296E-07  1.59961E-04
       361  1.00000E+02  3.00206E+04 -6.76461E-05  0.00000E+00  0.00000E+00  0.00000E+00  0.00000E+00  4.30449E-07  1.60565E-04
       362  1.00000E+02  3.01206E+04 -6.76461E-05  0.00000E+00  0.00000E+00  0.00000E+00  0.00000E+00  4.34106E-07  1.61175E-04
       363  1.00000E+02  3.02206E+04 -6.76461E-05  0.00000E+00  0.00000E+00  0.00000E+00  0.00000E+00  4.39754E-07  1.61792E-04
       364  1.00000E+02  3.03206E+04 -6.76461E-05  0.00000E+00  0.00000E+00  0.00000E+00  0.00000E+00  4.48025E-07  1.62421E-04
       365  1.00000E+02  3.04206E+04 -6.76461E-05  0.00000E+00  0.00000E+00  0.00000E+00  0.00000E+00  4.62816E-07  1.63070E-04
       366  1.00000E+02  3.05206E+04 -6.76461E-05  0.00000E+00  0.00000E+00  0.00000E+00  0.00000E+00  5.06860E-07  1.63782E-04
       367  1.00000E+02  3.06206E+04 -6.76461E-05  0.00000E+00  0.00000E+00  0.00000E+00  0.00000E+00  5.55687E-07  1.64562E-04
       368  1.00000E+02  3.07206E+04 -6.76461E-05  0.00000E+00  0.00000E+00  0.00000E+00  0.00000E+00  6.04462E-07  1.65410E-04
       369  1.00000E+02  3.08206E+04 -6.76461E-05  0.00000E+00  0.00000E+00  0.00000E+00  0.00000E+00  6.52068E-07  1.66325E-04
       370  1.00000E+02  3.09206E+04 -6.76461E-05  0.00000E+00  0.00000E+00  0.00000E+00  0.00000E+00  6.73340E-07  1.67270E-04
       371  1.00000E+02  3.10206E+04 -6.76461E-05  0.00000E+00  0.00000E+00  0.00000E+00  0.00000E+00  7.00265E-07  1.68253E-04
       372  1.00000E+02  3.11206E+04 -6.76461E-05  0.00000E+00  0.00000E+00  0.00000E+00  0.00000E+00  7.23129E-07  1.69268E-04
       373  1.00000E+02  3.12206E+04 -6.76461E-05  0.00000E+00  0.00000E+00  0.00000E+00  0.00000E+00  7.52032E-07  1.70323E-04
       374  1.00000E+02  3.13206E+04 -6.76461E-05  0.00000E+00  0.00000E+00  0.00000E+00  0.00000E+00  7.77222E-07  1.71414E-04
       375  1.00000E+02  3.14206E+04 -6.76461E-05  0.00000E+00  0.00000E+00  0.00000E+00  0.00000E+00  8.04617E-07  1.72544E-04
       376  1.00000E+02  3.15206E+04 -6.76461E-05  0.00000E+00  0.00000E+00  0.00000E+00  0.00000E+00  8.37371E-07  1.73719E-04
       377  1.00000E+02  3.16206E+04 -6.76461E-05  0.00000E+00  0.00000E+00  0.00000E+00  0.00000E+00  8.72245E-07  1.74943E-04
       378  1.00000E+02  3.17206E+04 -6.76461E-05  0.00000E+00  0.00000E+00  0.00000E+00  0.00000E+00  9.13320E-07  1.76225E-04
       379  1.00000E+02  3.18206E+04 -6.76461E-05  0.00000E+00  0.00000E+00  0.00000E+00  0.00000E+00  9.61987E-07  1.77575E-04
       380  1.00000E+02  3.19206E+04 -6.76461E-05  0.00000E+00  0.00000E+00  0.00000E+00  0.00000E+00  1.02216E-06  1.79010E-04
       381  1.00000E+02  3.20206E+04 -6.76461E-05  0.00000E+00  0.00000E+00  0.00000E+00  0.00000E+00  1.09470E-06  1.80546E-04
       382  1.00000E+02  3.21206E+04 -6.76461E-05  0.00000E+00  0.00000E+00  0.00000E+00  0.00000E+00  1.16101E-06  1.82176E-04
       383  1.00000E+02  3.22206E+04 -6.76461E-05  0.00000E+00  0.00000E+00  0.00000E+00  0.00000E+00  1.22969E-06  1.83901E-04
       384  1.00000E+02  3.23206E+04 -6.76461E-05  0.00000E+00  0.00000E+00  0.00000E+00  0.00000E+00  1.29647E-06  1.85721E-04
       385  1.00000E+02  3.24206E+04 -6.76461E-05  0.00000E+00  0.00000E+00  0.00000E+00  0.00000E+00  1.37559E-06  1.87652E-04
       386  1.00000E+02  3.25206E+04 -6.76461E-05  0.00000E+00  0.00000E+00  0.00000E+00  0.00000E+00  1.41719E-06  1.89641E-04
       387  1.00000E+02  3.26206E+04 -6.76461E-05  0.00000E+00  0.00000E+00  0.00000E+00  0.00000E+00  1.45969E-06  1.91689E-04
       388  1.00000E+02  3.27206E+04 -6.76461E-05  0.00000E+00  0.00000E+00  0.00000E+00  0.00000E+00  1.47417E-06  1.93758E-04
       389  1.00000E+02  3.28206E+04 -6.76461E-05  0.00000E+00  0.00000E+00  0.00000E+00  0.00000E+00  1.43087E-06  1.95767E-04
       390  1.00000E+02  3.29206E+04 -6.76461E-05  0.00000E+00  0.00000E+00  0.00000E+00  0.00000E+00  1.36962E-06  1.97689E-04
       391  1.00000E+02  3.30206E+04 -6.76461E-05  0.00000E+00  0.00000E+00  0.00000E+00  0.00000E+00  1.32344E-06  1.99546E-04
       392  1.00000E+02  3.31206E+04 -6.76461E-05  0.00000E+00  0.00000E+00  0.00000E+00  0.00000E+00  1.28564E-06  2.01351E-04
       393  1.00000E+02  3.32206E+04 -6.76461E-05  0.00000E+00  0.00000E+00  0.00000E+00  0.00000E+00  1.25322E-06  2.03110E-04
       394  1.00000E+02  3.33206E+04 -6.76461E-05  0.00000E+00  0.00000E+00  0.00000E+00  0.00000E+00  1.22471E-06  2.04829E-04
       395  1.00000E+02  3.34206E+04 -6.76461E-05  0.00000E+00  0.00000E+00  0.00000E+00  0.00000E+00  1.19923E-06  2.06512E-04
       396  1.00000E+02  3.35206E+04 -6.76461E-05  0.00000E+00  0.00000E+00  0.00000E+00  0.00000E+00  1.17620E-06  2.08163E-04
       397  1.00000E+02  3.36206E+04 -6.76461E-05  0.00000E+00  0.00000E+00  0.00000E+00  0.00000E+00  1.15524E-06  2.09784E-04
       398  1.00000E+02  3.37206E+04 -6.76461E-05  0.00000E+00  0.00000E+00  0.00000E+00  0.00000E+00  1.13603E-06  2.11378E-04
       399  1.00000E+02  3.38206E+04 -6.76461E-05  0.00000E+00  0.00000E+00  0.00000E+00  0.00000E+00  1.11830E-06  2.12948E-04
       400  1.00000E+02  3.39206E+04 -6.76461E-05  0.00000E+00  0.00000E+00  0.00000E+00  0.00000E+00  1.10184E-06  2.14494E-04
       401  1.00000E+02  3.40206E+04 -6.76461E-05  0.00000E+00  0.00000E+00  0.00000E+00  0.00000E+00  1.08651E-06  2.16019E-04
       402  1.00000E+02  3.41206E+04 -6.76461E-05  0.00000E+00  0.00000E+00  0.00000E+00  0.00000E+00  1.07217E-06  2.17524E-04
       403  1.00000E+02  3.42206E+04 -6.76461E-05  0.00000E+00  0.00000E+00  0.00000E+00  0.00000E+00  1.05872E-06  2.19010E-04
       404  1.00000E+02  3.43206E+04 -6.76461E-05  0.00000E+00  0.00000E+00  0.00000E+00  0.00000E+00  1.04607E-06  2.20478E-04
       405  1.00000E+02  3.44206E+04 -6.76461E-05  0.00000E+00  0.00000E+00  0.00000E+00  0.00000E+00  1.03413E-06  2.21930E-04
       406  1.00000E+02  3.45206E+04 -6.76461E-05  0.00000E+00  0.00000E+00  0.00000E+00  0.00000E+00  1.02284E-06  2.23365E-04
       407  1.00000E+02  3.46206E+04 -6.76461E-05  0.00000E+00  0.00000E+00  0.00000E+00  0.00000E+00  1.01214E-06  2.24786E-04
       408  1.00000E+02  3.47206E+04 -6.76461E-05  0.00000E+00  0.00000E+00  0.00000E+00  0.00000E+00  1.00198E-06  2.26192E-04
       409  1.00000E+02  3.48206E+04 -6.76461E-05  0.00000E+00  0.00000E+00  0.00000E+00  0.00000E+00  9.92319E-07  2.27585E-04
       410  1.00000E+02  3.49206E+04 -6.76461E-05  0.00000E+00  0.00000E+00  0.00000E+00  0.00000E+00  9.83115E-07  2.28964E-04
       411  1.00000E+02  3.50206E+04 -6.76461E-05  0.00000E+00  0.00000E+00  0.00000E+00  0.00000E+00  9.74332E-07  2.30332E-04
       412  1.00000E+02  3.51206E+04 -6.76461E-05  0.00000E+00  0.00000E+00  0.00000E+00  0.00000E+00  9.65939E-07  2.31688E-04
       413  1.00000E+02  3.52206E+04 -6.76461E-05  0.00000E+00  0.00000E+00  0.00000E+00  0.00000E+00  9.57909E-07  2.33032E-04
       414  1.00000E+02  3.53206E+04 -6.76461E-05  0.00000E+00  0.00000E+00  0.00000E+00  0.00000E+00  9.50216E-07  2.34366E-04
       415  1.00000E+02  3.54206E+04 -6.76461E-05  0.00000E+00  0.00000E+00  0.00000E+00  0.00000E+00  9.42843E-07  2.35689E-04
       416  1.00000E+02  3.55206E+04 -6.76461E-05  0.00000E+00  0.00000E+00  0.00000E+00  0.00000E+00  9.35801E-07  2.37002E-04
       417  1.00000E+02  3.56206E+04 -6.76461E-05  0.00000E+00  0.00000E+00  0.00000E+00  0.00000E+00  9.29101E-07  2.38306E-04
       418  1.00000E+02  3.57206E+04 -6.76461E-05  0.00000E+00  0.00000E+00  0.00000E+00  0.00000E+00  9.22696E-07  2.39601E-04
       419  1.00000E+02  3.58206E+04 -6.76461E-05  0.00000E+00  0.00000E+00  0.00000E+00  0.00000E+00  9.16571E-07  2.40888E-04
       420  1.00000E+02  3.59206E+04 -6.76461E-05  0.00000E+00  0.00000E+00  0.00000E+00  0.00000E+00  9.10727E-07  2.42166E-04
       421  1.00000E+02  3.60206E+04 -6.76461E-05  0.00000E+00  0.00000E+00  0.00000E+00  0.00000E+00  9.05151E-07  2.43436E-04
       422  1.00000E+02  3.61206E+04 -6.76461E-05  0.00000E+00  0.00000E+00  0.00000E+00  0.00000E+00  8.99780E-07  2.44699E-04
       423  1.00000E+02  3.62206E+04 -6.76461E-05  0.00000E+00  0.00000E+00  0.00000E+00  0.00000E+00  8.94595E-07  2.45955E-04
       424  1.00000E+02  3.63206E+04 -6.76461E-05  0.00000E+00  0.00000E+00  0.00000E+00  0.00000E+00  8.89598E-07  2.47203E-04
       425  1.00000E+02  3.64206E+04 -6.76461E-05  0.00000E+00  0.00000E+00  0.00000E+00  0.00000E+00  8.84768E-07  2.48445E-04
       426  1.00000E+02  3.65206E+04 -6.76461E-05  0.00000E+00  0.00000E+00  0.00000E+00  0.00000E+00  8.80096E-07  2.49680E-04
       427  1.00000E+02  3.66206E+04 -6.76461E-05  0.00000E+00  0.00000E+00  0.00000E+00  0.00000E+00  8.75582E-07  2.50909E-04
       428  1.00000E+02  3.67206E+04 -6.76461E-05  0.00000E+00  0.00000E+00  0.00000E+00  0.00000E+00  8.71221E-07  2.52132E-04
       429  1.00000E+02  3.68206E+04 -6.76461E-05  0.00000E+00  0.00000E+00  0.00000E+00  0.00000E+00  8.66995E-07  2.53349E-04
       430  1.00000E+02  3.69206E+04 -6.76461E-05  0.00000E+00  0.00000E+00  0.00000E+00  0.00000E+00  8.62897E-07  2.54560E-04
       431  1.00000E+02  3.70206E+04 -6.76461E-05  0.00000E+00  0.00000E+00  0.00000E+00  0.00000E+00  8.58927E-07  2.55766E-04
       432  1.00000E+02  3.71206E+04 -6.76461E-05  0.00000E+00  0.00000E+00  0.00000E+00  0.00000E+00  8.55096E-07  2.56966E-04
       433  1.00000E+02  3.72206E+04 -6.76461E-05  0.00000E+00  0.00000E+00  0.00000E+00  0.00000E+00  8.51376E-07  2.58161E-04
       434  1.00000E+02  3.73206E+04 -6.76461E-05  0.00000E+00  0.00000E+00  0.00000E+00  0.00000E+00  8.47762E-07  2.59350E-04
       435  1.00000E+02  3.74206E+04 -6.76461E-05  0.00000E+00  0.00000E+00  0.00000E+00  0.00000E+00  8.44248E-07  2.60535E-04
       436  1.00000E+02  3.75206E+04 -6.76461E-05  0.00000E+00  0.00000E+00  0.00000E+00  0.00000E+00  8.40831E-07  2.61715E-04
       437  1.00000E+02  3.76206E+04 -6.76461E-05  0.00000E+00  0.00000E+00  0.00000E+00  0.00000E+00  8.37511E-07  2.62891E-04
       438  1.00000E+02  3.77206E+04 -6.76461E-05  0.00000E+00  0.00000E+00  0.00000E+00  0.00000E+00  8.34295E-07  2.64062E-04
       439  1.00000E+02  3.78206E+04 -6.76461E-05  0.00000E+00  0.00000E+00  0.00000E+00  0.00000E+00  8.31163E-07  2.65228E-04
       440  1.00000E+02  3.79206E+04 -6.76461E-05  0.00000E+00  0.00000E+00  0.00000E+00  0.00000E+00  8.28113E-07  2.66391E-04
       441  1.00000E+02  3.80206E+04 -6.76461E-05  0.00000E+00  0.00000E+00  0.00000E+00  0.00000E+00  8.25141E-07  2.67549E-04
       442  1.00000E+02  3.81206E+04 -6.76461E-05  0.00000E+00  0.00000E+00  0.00000E+00  0.00000E+00  8.22243E-07  2.68703E-04
       443  1.00000E+02  3.82206E+04 -6.76461E-05  0.00000E+00  0.00000E+00  0.00000E+00  0.00000E+00  8.19418E-07  2.69853E-04
       444  1.00000E+02  3.83206E+04 -6.76461E-05  0.00000E+00  0.00000E+00  0.00000E+00  0.00000E+00  8.16662E-07  2.70999E-04
       445  1.00000E+02  3.84206E+04 -6.76461E-05  0.00000E+00  0.00000E+00  0.00000E+00  0.00000E+00  8.13973E-07  2.72141E-04
       446  1.00000E+02  3.85206E+04 -6.76461E-05  0.00000E+00  0.00000E+00  0.00000E+00  0.00000E+00  8.11348E-07  2.73280E-04
       447  1.00000E+02  3.86206E+04 -6.76461E-05  0.00000E+00  0.00000E+00  0.00000E+00  0.00000E+00  8.08785E-07  2.74415E-04
       448  1.00000E+02  3.87206E+04 -6.76461E-05  0.00000E+00  0.00000E+00  0.00000E+00  0.00000E+00  8.06282E-07  2.75547E-04
       449  1.00000E+02  3.88206E+04 -6.76461E-05  0.00000E+00  0.00000E+00  0.00000E+00  0.00000E+00  8.03836E-07  2.76675E-04
       450  1.00000E+02  3.89206E+04 -6.76461E-05  0.00000E+00  0.00000E+00  0.00000E+00  0.00000E+00  8.01447E-07  2.77800E-04
       451  1.00000E+02  3.90206E+04 -6.76461E-05  0.00000E+00  0.00000E+00  0.00000E+00  0.00000E+00  7.99111E-07  2.78922E-04
       452  1.00000E+02  3.91206E+04 -6.76461E-05  0.00000E+00  0.00000E+00  0.00000E+00  0.00000E+00  7.96827E-07  2.80040E-04
       453  1.00000E+02  3.92206E+04 -6.76461E-05  0.00000E+00  0.00000E+00  0.00000E+00  0.00000E+00  7.94594E-07  2.81155E-04
       454  1.00000E+02  3.93206E+04 -6.76461E-05  0.00000E+00  0.00000E+00  0.00000E+00  0.00000E+00  7.92409E-07  2.82267E-04
       455  1.00000E+02  3.94206E+04 -6.76461E-05  0.00000E+00  0.00000E+00  0.00000E+00  0.00000E+00  7.90276E-07  2.83376E-04
       456  1.00000E+02  3.95206E+04 -6.76461E-05  0.00000E+00  0.00000E+00  0.00000E+00  0.00000E+00  7.88191E-07  2.84483E-04
       457  1.00000E+02  3.96206E+04 -6.76461E-05  0.00000E+00  0.00000E+00  0.00000E+00  0.00000E+00  7.86149E-07  2.85586E-04
       458  1.00000E+02  3.97206E+04 -6.76461E-05  0.00000E+00  0.00000E+00  0.00000E+00  0.00000E+00  7.84150E-07  2.86687E-04
       459  1.00000E+02  3.98206E+04 -6.76461E-05  0.00000E+00  0.00000E+00  0.00000E+00  0.00000E+00  7.82193E-07  2.87784E-04
       460  1.00000E+02  3.99206E+04 -6.76461E-05  0.00000E+00  0.00000E+00  0.00000E+00  0.00000E+00  7.80275E-07  2.88880E-04
       461  1.00000E+02  4.00206E+04 -6.76461E-05  0.00000E+00  0.00000E+00  0.00000E+00  0.00000E+00  7.78397E-07  2.89972E-04
       462  1.00000E+02  4.01206E+04 -6.76461E-05  0.00000E+00  0.00000E+00  0.00000E+00  0.00000E+00  7.76556E-07  2.91062E-04
       463  1.00000E+02  4.02206E+04 -6.76461E-05  0.00000E+00  0.00000E+00  0.00000E+00  0.00000E+00  7.74751E-07  2.92149E-04
       464  1.00000E+02  4.03206E+04 -6.76461E-05  0.00000E+00  0.00000E+00  0.00000E+00  0.00000E+00  7.72982E-07  2.93234E-04
       465  1.00000E+02  4.04206E+04 -6.76461E-05  0.00000E+00  0.00000E+00  0.00000E+00  0.00000E+00  7.71248E-07  2.94317E-04
       466  1.00000E+02  4.05206E+04 -6.76461E-05  0.00000E+00  0.00000E+00  0.00000E+00  0.00000E+00  7.69547E-07  2.95397E-04
       467  1.00000E+02  4.06206E+04 -6.76461E-05  0.00000E+00  0.00000E+00  0.00000E+00  0.00000E+00  7.67879E-07  2.96474E-04
       468  1.00000E+02  4.07206E+04 -6.76461E-05  0.00000E+00  0.00000E+00  0.00000E+00  0.00000E+00  7.66243E-07  2.97550E-04
       469  1.00000E+02  4.08206E+04 -6.76461E-05  0.00000E+00  0.00000E+00  0.00000E+00  0.00000E+00  7.64637E-07  2.98623E-04
       470  1.00000E+02  4.09206E+04 -6.76461E-05  0.00000E+00  0.00000E+00  0.00000E+00  0.00000E+00  7.63062E-07  2.99694E-04
       471  1.00000E+02  4.10206E+04 -6.76461E-05  0.00000E+00  0.00000E+00  0.00000E+00  0.00000E+00  7.61516E-07  3.00763E-04
       472  1.00000E+02  4.11206E+04 -6.76461E-05  0.00000E+00  0.00000E+00  0.00000E+00  0.00000E+00  7.59998E-07  3.01829E-04
       473  1.00000E+02  4.12206E+04 -6.76461E-05  0.00000E+00  0.00000E+00  0.00000E+00  0.00000E+00  7.58508E-07  3.02894E-04
       474  1.00000E+02  4.13206E+04 -6.76461E-05  0.00000E+00  0.00000E+00  0.00000E+00  0.00000E+00  7.57045E-07  3.03957E-04
       475  1.00000E+02  4.14206E+04 -6.76461E-05  0.00000E+00  0.00000E+00  0.00000E+00  0.00000E+00  7.55608E-07  3.05017E-04
       476  1.00000E+02  4.15206E+04 -6.76461E-05  0.00000E+00  0.00000E+00  0.00000E+00  0.00000E+00  7.54197E-07  3.06076E-04
       477  1.00000E+02  4.16206E+04 -6.76461E-05  0.00000E+00  0.00000E+00  0.00000E+00  0.00000E+00  7.52811E-07  3.07132E-04
       478  1.00000E+02  4.17206E+04 -6.76461E-05  0.00000E+00  0.00000E+00  0.00000E+00  0.00000E+00  7.51450E-07  3.08187E-04
       479  1.00000E+02  4.18206E+04 -6.76461E-05  0.00000E+00  0.00000E+00  0.00000E+00  0.00000E+00  7.50112E-07  3.09240E-04
       480  1.00000E+02  4.19206E+04 -6.76461E-05  0.00000E+00  0.00000E+00  0.00000E+00  0.00000E+00  7.48798E-07  3.10291E-04
