#       1
#          TIME              381
  3.12500000E-01  0.00000000E+00  0.00000000E+00  0.00000000E+00  0.00000000E+00
  4.68750000E-01  0.00000000E+00  0.00000000E+00  0.00000000E+00  0.00000000E+00
  6.40625000E-01  0.00000000E+00  0.00000000E+00  0.00000000E+00  0.00000000E+00
  8.29687500E-01  0.00000000E+00  0.00000000E+00  0.00000000E+00  0.00000000E+00
  1.03765625E+00  0.00000000E+00  0.00000000E+00  0.00000000E+00  0.00000000E+00
  1.26642188E+00  0.00000000E+00  0.00000000E+00  0.00000000E+00  0.00000000E+00
  1.51806406E+00  0.00000000E+00  0.00000000E+00  0.00000000E+00  0.00000000E+00
  1.79487047E+00  0.00000000E+00  0.00000000E+00  0.00000000E+00  0.00000000E+00
  2.09935752E+00  0.00000000E+00  1.34406575E-09  0.00000000E+00  0.00000000E+00
  2.43429327E+00  0.00000000E+00  1.27302991E-09  0.00000000E+00  0.00000000E+00
  2.80272259E+00  0.00000000E+00  1.23258303E-09  0.00000000E+00  0.00000000E+00
  3.20799485E+00  0.00000000E+00  1.18611881E-09  0.00000000E+00  0.00000000E+00
  3.65379434E+00  0.00000000E+00  1.13334403E-09  0.00000000E+00  0.00000000E+00
  4.14417377E+00  0.00000000E+00  1.07345646E-09  0.00000000E+00  0.00000000E+00
  4.68359115E+00  0.00000000E+00  1.00551795E-09  0.00000000E+00  0.00000000E+00
  5.27695026E+00  0.00000000E+00  9.28448219E-10  0.00000000E+00  0.00000000E+00
  5.92964529E+00  0.00000000E+00  8.41005792E-10  0.00000000E+00  0.00000000E+00
  6.64760982E+00  0.00000000E+00  7.41764387E-10  0.00000000E+00  0.00000000E+00
  7.43737080E+00  0.00000000E+00  6.29084906E-10  0.00000000E+00  0.00000000E+00
  8.30610788E+00  0.00000000E+00  5.01082502E-10  0.00000000E+00  0.00000000E+00
  9.26171867E+00  0.00000000E+00  3.55587906E-10  0.00000000E+00  0.00000000E+00
  1.02173295E+01  0.00000000E+00  2.30691936E-10  0.00000000E+00  0.00000000E+00
  1.12685013E+01  0.00000000E+00  1.25105209E-10  0.00000000E+00  0.00000000E+00
  1.23196732E+01  0.00000000E+00  0.00000000E+00  0.00000000E+00  0.00000000E+00
  1.34759622E+01  0.00000000E+00  0.00000000E+00  0.00000000E+00  0.00000000E+00
  1.47478802E+01  0.00000000E+00  0.00000000E+00  0.00000000E+00  0.00000000E+00
  1.61469900E+01  0.00000000E+00  0.00000000E+00  0.00000000E+00  0.00000000E+00
  1.76860107E+01  0.00000000E+00  0.00000000E+00  0.00000000E+00  0.00000000E+00
  1.93789335E+01  0.00000000E+00  0.00000000E+00  0.00000000E+00  0.00000000E+00
  2.12411486E+01  0.00000000E+00  0.00000000E+00  0.00000000E+00  0.00000000E+00
  2.32895852E+01  0.00000000E+00  0.00000000E+00  0.00000000E+00  0.00000000E+00
  2.55428654E+01  0.00000000E+00  0.00000000E+00  0.00000000E+00  0.00000000E+00
  2.80214737E+01  0.00000000E+00  0.00000000E+00  0.00000000E+00  0.00000000E+00
  3.07479428E+01  0.00000000E+00  0.00000000E+00  0.00000000E+00  0.00000000E+00
  3.37470588E+01  0.00000000E+00  0.00000000E+00  0.00000000E+00  0.00000000E+00
  3.70460864E+01  0.00000000E+00  0.00000000E+00  0.00000000E+00  0.00000000E+00
  4.06750168E+01  0.00000000E+00  0.00000000E+00  0.00000000E+00  0.00000000E+00
  4.46668402E+01  0.00000000E+00  0.00000000E+00  0.00000000E+00  0.00000000E+00
  4.90578460E+01  0.00000000E+00  0.00000000E+00  0.00000000E+00  0.00000000E+00
  5.38879523E+01  0.00000000E+00  0.00000000E+00  0.00000000E+00  0.00000000E+00
  5.92010693E+01  0.00000000E+00  0.00000000E+00  0.00000000E+00  0.00000000E+00
  6.50454980E+01  0.00000000E+00  0.00000000E+00  0.00000000E+00  0.00000000E+00
  7.14743695E+01  0.00000000E+00  0.00000000E+00  0.00000000E+00  0.00000000E+00
  7.85461282E+01  0.00000000E+00  0.00000000E+00  0.00000000E+00  0.00000000E+00
  8.63250627E+01  0.00000000E+00  0.00000000E+00  0.00000000E+00  0.00000000E+00
  9.48818907E+01  0.00000000E+00  0.00000000E+00  0.00000000E+00  0.00000000E+00
  1.04294402E+02  0.00000000E+00  0.00000000E+00  0.00000000E+00  0.00000000E+00
  1.14648163E+02  0.00000000E+00  0.00000000E+00  0.00000000E+00  0.00000000E+00
  1.26037301E+02  0.00000000E+00  0.00000000E+00  0.00000000E+00  0.00000000E+00
  1.38565353E+02  0.00000000E+00  0.00000000E+00  0.00000000E+00  0.00000000E+00
  1.52346210E+02  0.00000000E+00  0.00000000E+00  0.00000000E+00  0.00000000E+00
  1.67505153E+02  0.00000000E+00  0.00000000E+00  0.00000000E+00  0.00000000E+00
  1.84179990E+02  0.00000000E+00  0.00000000E+00  0.00000000E+00  0.00000000E+00
  2.02522311E+02  0.00000000E+00  0.00000000E+00  0.00000000E+00  0.00000000E+00
  2.22698864E+02  0.00000000E+00  0.00000000E+00  0.00000000E+00  0.00000000E+00
  2.44893072E+02  0.00000000E+00  0.00000000E+00  0.00000000E+00  0.00000000E+00
  2.69306701E+02  0.00000000E+00  0.00000000E+00  0.00000000E+00  0.00000000E+00
  2.96161693E+02  0.00000000E+00  0.00000000E+00  0.00000000E+00  0.00000000E+00
  3.25702184E+02  0.00000000E+00  0.00000000E+00  0.00000000E+00  0.00000000E+00
  3.58196724E+02  0.00000000E+00  0.00000000E+00  0.00000000E+00  0.00000000E+00
  3.93940718E+02  0.00000000E+00  0.00000000E+00  0.00000000E+00  0.00000000E+00
  4.33259112E+02  0.00000000E+00  0.00000000E+00  0.00000000E+00  0.00000000E+00
  4.76509344E+02  0.00000000E+00  0.00000000E+00  0.00000000E+00  0.00000000E+00
  5.24084601E+02  0.00000000E+00  0.00000000E+00  0.00000000E+00  0.00000000E+00
  5.76417382E+02  0.00000000E+00  0.00000000E+00  0.00000000E+00  0.00000000E+00
  6.33983442E+02  0.00000000E+00  0.00000000E+00  0.00000000E+00  0.00000000E+00
  6.97306108E+02  0.00000000E+00  0.00000000E+00  0.00000000E+00  0.00000000E+00
  7.66961041E+02  0.00000000E+00  0.00000000E+00  0.00000000E+00  0.00000000E+00
  8.43581467E+02  0.00000000E+00  0.00000000E+00  0.00000000E+00  0.00000000E+00
  9.27863935E+02  0.00000000E+00  0.00000000E+00  0.00000000E+00  0.00000000E+00
  1.02057465E+03  0.00000000E+00  0.00000000E+00  0.00000000E+00  0.00000000E+00
  1.12057465E+03  0.00000000E+00  0.00000000E+00  0.00000000E+00  0.00000000E+00
  1.22057465E+03  0.00000000E+00  0.00000000E+00  0.00000000E+00  0.00000000E+00
  1.32057465E+03  0.00000000E+00  0.00000000E+00  0.00000000E+00  0.00000000E+00
  1.42057465E+03  0.00000000E+00  0.00000000E+00  0.00000000E+00  0.00000000E+00
  1.52057465E+03  0.00000000E+00  0.00000000E+00  0.00000000E+00  0.00000000E+00
  1.62057465E+03  0.00000000E+00  0.00000000E+00  0.00000000E+00  0.00000000E+00
  1.72057465E+03  0.00000000E+00  0.00000000E+00  0.00000000E+00  0.00000000E+00
  1.82057465E+03  0.00000000E+00  0.00000000E+00  0.00000000E+00  0.00000000E+00
  1.92057465E+03  0.00000000E+00  0.00000000E+00  0.00000000E+00  0.00000000E+00
  2.02057465E+03  0.00000000E+00  0.00000000E+00  0.00000000E+00  0.00000000E+00
  2.12057465E+03  0.00000000E+00  0.00000000E+00  0.00000000E+00  0.00000000E+00
  2.22057465E+03  0.00000000E+00  0.00000000E+00  0.00000000E+00  0.00000000E+00
  2.32057465E+03  0.00000000E+00  0.00000000E+00  0.00000000E+00  0.00000000E+00
  2.42057465E+03  0.00000000E+00  0.00000000E+00  0.00000000E+00  0.00000000E+00
  2.52057465E+03  0.00000000E+00  0.00000000E+00  0.00000000E+00  0.00000000E+00
  2.62057465E+03  0.00000000E+00  0.00000000E+00  0.00000000E+00  0.00000000E+00
  2.72057465E+03  0.00000000E+00  0.00000000E+00  0.00000000E+00  0.00000000E+00
  2.82057465E+03  0.00000000E+00  0.00000000E+00  0.00000000E+00  0.00000000E+00
  2.92057465E+03  0.00000000E+00  0.00000000E+00  0.00000000E+00  0.00000000E+00
  3.02057465E+03  0.00000000E+00  0.00000000E+00  0.00000000E+00  0.00000000E+00
  3.12057465E+03  0.00000000E+00  0.00000000E+00  0.00000000E+00  0.00000000E+00
  3.22057465E+03  0.00000000E+00  0.00000000E+00  0.00000000E+00  0.00000000E+00
  3.32057465E+03  0.00000000E+00  0.00000000E+00  0.00000000E+00  0.00000000E+00
  3.42057465E+03  0.00000000E+00  0.00000000E+00  0.00000000E+00  0.00000000E+00
  3.52057465E+03  0.00000000E+00  0.00000000E+00  0.00000000E+00  0.00000000E+00
  3.62057465E+03  0.00000000E+00  0.00000000E+00  0.00000000E+00  0.00000000E+00
  3.72057465E+03  0.00000000E+00  0.00000000E+00  0.00000000E+00  0.00000000E+00
  3.82057465E+03  0.00000000E+00  0.00000000E+00  0.00000000E+00  0.00000000E+00
  3.92057465E+03  0.00000000E+00  0.00000000E+00  0.00000000E+00  0.00000000E+00
  4.02057465E+03  0.00000000E+00  0.00000000E+00  0.00000000E+00  0.00000000E+00
  4.12057465E+03  0.00000000E+00  0.00000000E+00  0.00000000E+00  0.00000000E+00
  4.22057465E+03  0.00000000E+00  0.00000000E+00  0.00000000E+00  0.00000000E+00
  4.32057465E+03  0.00000000E+00  0.00000000E+00  0.00000000E+00  0.00000000E+00
  4.42057465E+03  0.00000000E+00  0.00000000E+00  0.00000000E+00  0.00000000E+00
  4.52057465E+03  0.00000000E+00  0.00000000E+00  0.00000000E+00  0.00000000E+00
  4.62057465E+03  0.00000000E+00  0.00000000E+00  0.00000000E+00  0.00000000E+00
  4.72057465E+03  0.00000000E+00  0.00000000E+00  0.00000000E+00  0.00000000E+00
  4.82057465E+03  0.00000000E+00  0.00000000E+00  0.00000000E+00  0.00000000E+00
  4.92057465E+03  0.00000000E+00  0.00000000E+00  0.00000000E+00  0.00000000E+00
  5.02057465E+03  0.00000000E+00  0.00000000E+00  0.00000000E+00  0.00000000E+00
  5.12057465E+03  0.00000000E+00  0.00000000E+00  0.00000000E+00  0.00000000E+00
  5.22057465E+03  0.00000000E+00  0.00000000E+00  0.00000000E+00  0.00000000E+00
  5.32057465E+03  0.00000000E+00  0.00000000E+00  0.00000000E+00  0.00000000E+00
  5.42057465E+03  0.00000000E+00  0.00000000E+00  0.00000000E+00  0.00000000E+00
  5.52057465E+03  0.00000000E+00  0.00000000E+00  0.00000000E+00  0.00000000E+00
  5.62057465E+03  0.00000000E+00  0.00000000E+00  0.00000000E+00  0.00000000E+00
  5.72057465E+03  0.00000000E+00  0.00000000E+00  0.00000000E+00  0.00000000E+00
  5.82057465E+03  0.00000000E+00  0.00000000E+00  0.00000000E+00  0.00000000E+00
  5.92057465E+03  0.00000000E+00  0.00000000E+00  0.00000000E+00  0.00000000E+00
  6.02057465E+03  0.00000000E+00  0.00000000E+00  0.00000000E+00  0.00000000E+00
  6.12057465E+03  0.00000000E+00  0.00000000E+00  0.00000000E+00  0.00000000E+00
  6.22057465E+03  0.00000000E+00  0.00000000E+00  0.00000000E+00  0.00000000E+00
  6.32057465E+03  0.00000000E+00  0.00000000E+00  0.00000000E+00  0.00000000E+00
  6.42057465E+03  0.00000000E+00  0.00000000E+00  0.00000000E+00  0.00000000E+00
  6.52057465E+03  0.00000000E+00  0.00000000E+00  0.00000000E+00  0.00000000E+00
  6.62057465E+03  0.00000000E+00  0.00000000E+00  0.00000000E+00  0.00000000E+00
  6.72057465E+03  0.00000000E+00  0.00000000E+00  0.00000000E+00  0.00000000E+00
  6.82057465E+03  0.00000000E+00  0.00000000E+00  0.00000000E+00  0.00000000E+00
  6.92057465E+03  0.00000000E+00  0.00000000E+00  0.00000000E+00  0.00000000E+00
  7.02057465E+03  0.00000000E+00  0.00000000E+00  0.00000000E+00  0.00000000E+00
  7.12057465E+03  0.00000000E+00  0.00000000E+00  0.00000000E+00  0.00000000E+00
  7.22057465E+03  0.00000000E+00  0.00000000E+00  0.00000000E+00  0.00000000E+00
  7.32057465E+03  0.00000000E+00  0.00000000E+00  0.00000000E+00  0.00000000E+00
  7.42057465E+03  0.00000000E+00  0.00000000E+00  0.00000000E+00  0.00000000E+00
  7.52057465E+03  0.00000000E+00  0.00000000E+00  0.00000000E+00  0.00000000E+00
  7.62057465E+03  0.00000000E+00  0.00000000E+00  0.00000000E+00  0.00000000E+00
  7.72057465E+03  0.00000000E+00  0.00000000E+00  0.00000000E+00  0.00000000E+00
  7.82057465E+03  0.00000000E+00  0.00000000E+00  0.00000000E+00  0.00000000E+00
  7.92057465E+03  0.00000000E+00  0.00000000E+00  0.00000000E+00  0.00000000E+00
  8.02057465E+03  0.00000000E+00  0.00000000E+00  0.00000000E+00  0.00000000E+00
  8.12057465E+03  0.00000000E+00  0.00000000E+00  0.00000000E+00  0.00000000E+00
  8.22057465E+03  0.00000000E+00  0.00000000E+00  0.00000000E+00  0.00000000E+00
  8.32057465E+03  0.00000000E+00  0.00000000E+00  0.00000000E+00  0.00000000E+00
  8.42057465E+03  0.00000000E+00  0.00000000E+00  0.00000000E+00  0.00000000E+00
  8.52057465E+03  0.00000000E+00  0.00000000E+00  0.00000000E+00  0.00000000E+00
  8.62057465E+03  0.00000000E+00  0.00000000E+00  0.00000000E+00  0.00000000E+00
  8.72057465E+03  0.00000000E+00  0.00000000E+00  0.00000000E+00  0.00000000E+00
  8.82057465E+03  0.00000000E+00  0.00000000E+00  0.00000000E+00  0.00000000E+00
  8.92057465E+03  0.00000000E+00  0.00000000E+00  0.00000000E+00  0.00000000E+00
  9.02057465E+03  0.00000000E+00  0.00000000E+00  0.00000000E+00  0.00000000E+00
  9.12057465E+03  0.00000000E+00  0.00000000E+00  0.00000000E+00  0.00000000E+00
  9.22057465E+03  0.00000000E+00  0.00000000E+00  0.00000000E+00  0.00000000E+00
  9.32057465E+03  0.00000000E+00  0.00000000E+00  0.00000000E+00  0.00000000E+00
  9.42057465E+03  0.00000000E+00  0.00000000E+00  0.00000000E+00  0.00000000E+00
  9.52057465E+03  0.00000000E+00  0.00000000E+00  0.00000000E+00  0.00000000E+00
  9.62057465E+03  0.00000000E+00  0.00000000E+00  0.00000000E+00  0.00000000E+00
  9.72057465E+03  0.00000000E+00  0.00000000E+00  0.00000000E+00  0.00000000E+00
  9.82057465E+03  0.00000000E+00  0.00000000E+00  0.00000000E+00  0.00000000E+00
  9.92057465E+03  0.00000000E+00  0.00000000E+00  0.00000000E+00  0.00000000E+00
  1.00205747E+04  0.00000000E+00  0.00000000E+00  0.00000000E+00  0.00000000E+00
  1.01205747E+04  0.00000000E+00  0.00000000E+00  0.00000000E+00  0.00000000E+00
  1.02205747E+04  0.00000000E+00  0.00000000E+00  0.00000000E+00  0.00000000E+00
  1.03205747E+04  0.00000000E+00  0.00000000E+00  0.00000000E+00  0.00000000E+00
  1.04205747E+04  0.00000000E+00  0.00000000E+00  0.00000000E+00  0.00000000E+00
  1.05205747E+04  0.00000000E+00  0.00000000E+00  0.00000000E+00  0.00000000E+00
  1.06205747E+04  0.00000000E+00  0.00000000E+00  0.00000000E+00  0.00000000E+00
  1.07205747E+04  0.00000000E+00  0.00000000E+00  0.00000000E+00  0.00000000E+00
  1.08205747E+04  0.00000000E+00  0.00000000E+00  0.00000000E+00  0.00000000E+00
  1.09205747E+04  0.00000000E+00  0.00000000E+00  0.00000000E+00  0.00000000E+00
  1.10205747E+04  0.00000000E+00  0.00000000E+00  0.00000000E+00  0.00000000E+00
  1.11205747E+04  0.00000000E+00  0.00000000E+00  0.00000000E+00  0.00000000E+00
  1.12205747E+04  0.00000000E+00  0.00000000E+00  0.00000000E+00  0.00000000E+00
  1.13205747E+04  0.00000000E+00  0.00000000E+00  0.00000000E+00  0.00000000E+00
  1.14205747E+04  0.00000000E+00  0.00000000E+00  0.00000000E+00  0.00000000E+00
  1.15205747E+04  0.00000000E+00  0.00000000E+00  0.00000000E+00  0.00000000E+00
  1.16205747E+04  0.00000000E+00  0.00000000E+00  0.00000000E+00  0.00000000E+00
  1.17205747E+04  0.00000000E+00  0.00000000E+00  0.00000000E+00  0.00000000E+00
  1.18205747E+04  0.00000000E+00  0.00000000E+00  0.00000000E+00  0.00000000E+00
  1.19205747E+04  0.00000000E+00  0.00000000E+00  0.00000000E+00  0.00000000E+00
  1.20205747E+04  0.00000000E+00  0.00000000E+00  0.00000000E+00  0.00000000E+00
  1.21205747E+04  0.00000000E+00  0.00000000E+00  0.00000000E+00  0.00000000E+00
  1.22205747E+04  0.00000000E+00  0.00000000E+00  0.00000000E+00  0.00000000E+00
  1.23205747E+04  0.00000000E+00  0.00000000E+00  0.00000000E+00  0.00000000E+00
  1.24205747E+04  0.00000000E+00  0.00000000E+00  0.00000000E+00  0.00000000E+00
  1.25205747E+04  0.00000000E+00  0.00000000E+00  0.00000000E+00  0.00000000E+00
  1.26205747E+04  0.00000000E+00  0.00000000E+00  0.00000000E+00  0.00000000E+00
  1.27205747E+04  0.00000000E+00  0.00000000E+00  0.00000000E+00  0.00000000E+00
  1.28205747E+04  0.00000000E+00  0.00000000E+00  0.00000000E+00  0.00000000E+00
  1.29205747E+04  0.00000000E+00  0.00000000E+00  0.00000000E+00  0.00000000E+00
  1.30205747E+04  0.00000000E+00  0.00000000E+00  0.00000000E+00  0.00000000E+00
  1.31205747E+04  0.00000000E+00  0.00000000E+00  0.00000000E+00  0.00000000E+00
  1.32205747E+04  0.00000000E+00  0.00000000E+00  0.00000000E+00  0.00000000E+00
  1.33205747E+04  0.00000000E+00  0.00000000E+00  0.00000000E+00  0.00000000E+00
  1.34205747E+04  0.00000000E+00  0.00000000E+00  0.00000000E+00  0.00000000E+00
  1.35205747E+04  0.00000000E+00  0.00000000E+00  0.00000000E+00  0.00000000E+00
  1.36205747E+04  0.00000000E+00  0.00000000E+00  0.00000000E+00  0.00000000E+00
  1.37205747E+04  0.00000000E+00  0.00000000E+00  0.00000000E+00  0.00000000E+00
  1.38205747E+04  0.00000000E+00  0.00000000E+00  0.00000000E+00  0.00000000E+00
  1.39205747E+04  0.00000000E+00  0.00000000E+00  0.00000000E+00  0.00000000E+00
  1.40205747E+04  0.00000000E+00  0.00000000E+00  0.00000000E+00  0.00000000E+00
  1.41205747E+04  0.00000000E+00  0.00000000E+00  0.00000000E+00  0.00000000E+00
  1.42205747E+04  0.00000000E+00  0.00000000E+00  0.00000000E+00  0.00000000E+00
  1.43205747E+04  0.00000000E+00  0.00000000E+00  0.00000000E+00  0.00000000E+00
  1.44205747E+04  0.00000000E+00  0.00000000E+00  0.00000000E+00  0.00000000E+00
  1.45205747E+04  0.00000000E+00  0.00000000E+00  0.00000000E+00  0.00000000E+00
  1.46205747E+04  0.00000000E+00  0.00000000E+00  0.00000000E+00  0.00000000E+00
  1.47205747E+04  0.00000000E+00  0.00000000E+00  0.00000000E+00  0.00000000E+00
  1.48205747E+04  0.00000000E+00  0.00000000E+00  0.00000000E+00  0.00000000E+00
  1.49205747E+04  0.00000000E+00  0.00000000E+00  0.00000000E+00  0.00000000E+00
  1.50205747E+04  0.00000000E+00  0.00000000E+00  0.00000000E+00  0.00000000E+00
  1.51205747E+04  0.00000000E+00  0.00000000E+00  0.00000000E+00  0.00000000E+00
  1.52205747E+04  0.00000000E+00  0.00000000E+00  0.00000000E+00  0.00000000E+00
  1.53205747E+04  0.00000000E+00  0.00000000E+00  0.00000000E+00  0.00000000E+00
  1.54205747E+04  0.00000000E+00  0.00000000E+00  0.00000000E+00  0.00000000E+00
  1.55205747E+04  0.00000000E+00  0.00000000E+00  0.00000000E+00  0.00000000E+00
  1.56205747E+04  0.00000000E+00  0.00000000E+00  0.00000000E+00  0.00000000E+00
  1.57205747E+04  0.00000000E+00  0.00000000E+00  0.00000000E+00  0.00000000E+00
  1.58205747E+04  0.00000000E+00  0.00000000E+00  0.00000000E+00  0.00000000E+00
  1.59205747E+04  0.00000000E+00  0.00000000E+00  0.00000000E+00  0.00000000E+00
  1.60205747E+04  0.00000000E+00  0.00000000E+00  0.00000000E+00  0.00000000E+00
  1.61205747E+04  0.00000000E+00  0.00000000E+00  0.00000000E+00  0.00000000E+00
  1.62205747E+04  0.00000000E+00  0.00000000E+00  0.00000000E+00  0.00000000E+00
  1.63205747E+04  0.00000000E+00  0.00000000E+00  0.00000000E+00  0.00000000E+00
  1.64205747E+04  0.00000000E+00  0.00000000E+00  0.00000000E+00  0.00000000E+00
  1.65205747E+04  0.00000000E+00  0.00000000E+00  0.00000000E+00  0.00000000E+00
  1.66205747E+04  0.00000000E+00  0.00000000E+00  0.00000000E+00  0.00000000E+00
  1.67205747E+04  0.00000000E+00  0.00000000E+00  0.00000000E+00  0.00000000E+00
  1.68205747E+04  0.00000000E+00  0.00000000E+00  0.00000000E+00  0.00000000E+00
  1.69205747E+04  0.00000000E+00  0.00000000E+00  0.00000000E+00  0.00000000E+00
  1.70205747E+04  0.00000000E+00  0.00000000E+00  0.00000000E+00  0.00000000E+00
  1.71205747E+04  0.00000000E+00  0.00000000E+00  0.00000000E+00  0.00000000E+00
  1.72205747E+04  0.00000000E+00  0.00000000E+00  0.00000000E+00  0.00000000E+00
  1.73205747E+04  0.00000000E+00  0.00000000E+00  0.00000000E+00  0.00000000E+00
  1.74205747E+04  0.00000000E+00  0.00000000E+00  0.00000000E+00  0.00000000E+00
  1.75205747E+04  0.00000000E+00  0.00000000E+00  0.00000000E+00  0.00000000E+00
  1.76205747E+04  0.00000000E+00  0.00000000E+00  0.00000000E+00  0.00000000E+00
  1.77205747E+04  0.00000000E+00  0.00000000E+00  0.00000000E+00  0.00000000E+00
  1.78205747E+04  0.00000000E+00  0.00000000E+00  0.00000000E+00  0.00000000E+00
  1.79205747E+04  0.00000000E+00  0.00000000E+00  0.00000000E+00  0.00000000E+00
  1.80205747E+04  0.00000000E+00  0.00000000E+00  0.00000000E+00  0.00000000E+00
  1.81205747E+04  0.00000000E+00  0.00000000E+00  0.00000000E+00  0.00000000E+00
  1.82205747E+04  0.00000000E+00  0.00000000E+00  0.00000000E+00  0.00000000E+00
  1.83205747E+04  0.00000000E+00  0.00000000E+00  0.00000000E+00  0.00000000E+00
  1.84205747E+04  0.00000000E+00  0.00000000E+00  0.00000000E+00  0.00000000E+00
  1.85205747E+04  0.00000000E+00  0.00000000E+00  0.00000000E+00  0.00000000E+00
  1.86205747E+04  0.00000000E+00  0.00000000E+00  0.00000000E+00  0.00000000E+00
  1.87205747E+04  0.00000000E+00  0.00000000E+00  0.00000000E+00  0.00000000E+00
  1.88205747E+04  0.00000000E+00  0.00000000E+00  0.00000000E+00  0.00000000E+00
  1.89205747E+04  0.00000000E+00  0.00000000E+00  0.00000000E+00  0.00000000E+00
  1.90205747E+04  0.00000000E+00  0.00000000E+00  0.00000000E+00  0.00000000E+00
  1.91205747E+04  0.00000000E+00  0.00000000E+00  0.00000000E+00  0.00000000E+00
  1.92205747E+04  0.00000000E+00  0.00000000E+00  0.00000000E+00  0.00000000E+00
  1.93205747E+04  0.00000000E+00  0.00000000E+00  0.00000000E+00  0.00000000E+00
  1.94205747E+04  0.00000000E+00  0.00000000E+00  0.00000000E+00  0.00000000E+00
  1.95205747E+04  0.00000000E+00  0.00000000E+00  0.00000000E+00  0.00000000E+00
  1.96205747E+04  0.00000000E+00  0.00000000E+00  0.00000000E+00  0.00000000E+00
  1.97205747E+04  0.00000000E+00  0.00000000E+00  0.00000000E+00  0.00000000E+00
  1.98205747E+04  0.00000000E+00  0.00000000E+00  0.00000000E+00  0.00000000E+00
  1.99205747E+04  0.00000000E+00  0.00000000E+00  0.00000000E+00  0.00000000E+00
  2.00205747E+04  0.00000000E+00  0.00000000E+00  0.00000000E+00  0.00000000E+00
  2.01205747E+04  0.00000000E+00  0.00000000E+00  0.00000000E+00  0.00000000E+00
  2.02205747E+04  0.00000000E+00  0.00000000E+00  0.00000000E+00  0.00000000E+00
  2.03205747E+04  0.00000000E+00  0.00000000E+00  0.00000000E+00  0.00000000E+00
  2.04205747E+04  0.00000000E+00  0.00000000E+00  0.00000000E+00  0.00000000E+00
  2.05205747E+04  0.00000000E+00  0.00000000E+00  0.00000000E+00  0.00000000E+00
  2.06205747E+04  0.00000000E+00  0.00000000E+00  0.00000000E+00  0.00000000E+00
  2.07205747E+04  0.00000000E+00  0.00000000E+00  0.00000000E+00  0.00000000E+00
  2.08205747E+04  0.00000000E+00  0.00000000E+00  0.00000000E+00  0.00000000E+00
  2.09205747E+04  0.00000000E+00  0.00000000E+00  0.00000000E+00  0.00000000E+00
  2.10205747E+04  0.00000000E+00  0.00000000E+00  0.00000000E+00  0.00000000E+00
  2.11205747E+04  0.00000000E+00  0.00000000E+00  0.00000000E+00  0.00000000E+00
  2.12205747E+04  0.00000000E+00  0.00000000E+00  0.00000000E+00  0.00000000E+00
  2.13205747E+04  0.00000000E+00  0.00000000E+00  0.00000000E+00  0.00000000E+00
  2.14205747E+04  0.00000000E+00  0.00000000E+00  0.00000000E+00  0.00000000E+00
  2.15205747E+04  0.00000000E+00  0.00000000E+00  0.00000000E+00  0.00000000E+00
  2.16205747E+04  0.00000000E+00  0.00000000E+00  0.00000000E+00  0.00000000E+00
  2.17205747E+04  0.00000000E+00  0.00000000E+00  0.00000000E+00  0.00000000E+00
  2.18205747E+04  0.00000000E+00  0.00000000E+00  0.00000000E+00  0.00000000E+00
  2.19205747E+04  0.00000000E+00  0.00000000E+00  0.00000000E+00  0.00000000E+00
  2.20205747E+04  0.00000000E+00  0.00000000E+00  0.00000000E+00  0.00000000E+00
  2.21205747E+04  0.00000000E+00  0.00000000E+00  0.00000000E+00  0.00000000E+00
  2.22205747E+04  0.00000000E+00  0.00000000E+00  0.00000000E+00  0.00000000E+00
  2.23205747E+04  0.00000000E+00  0.00000000E+00  0.00000000E+00  0.00000000E+00
  2.24205747E+04  0.00000000E+00  0.00000000E+00  0.00000000E+00  0.00000000E+00
  2.25205747E+04  0.00000000E+00  0.00000000E+00  0.00000000E+00  0.00000000E+00
  2.26205747E+04  0.00000000E+00  0.00000000E+00  0.00000000E+00  0.00000000E+00
  2.27205747E+04  0.00000000E+00  0.00000000E+00  0.00000000E+00  0.00000000E+00
  2.28205747E+04  0.00000000E+00  0.00000000E+00  0.00000000E+00  0.00000000E+00
  2.29205747E+04  0.00000000E+00  0.00000000E+00  0.00000000E+00  0.00000000E+00
  2.30205747E+04  0.00000000E+00  0.00000000E+00  0.00000000E+00  0.00000000E+00
  2.31205747E+04  0.00000000E+00  0.00000000E+00  0.00000000E+00  0.00000000E+00
  2.32205747E+04  0.00000000E+00  0.00000000E+00  0.00000000E+00  0.00000000E+00
  2.33205747E+04  0.00000000E+00  0.00000000E+00  0.00000000E+00  0.00000000E+00
  2.34205747E+04  0.00000000E+00  0.00000000E+00  0.00000000E+00  0.00000000E+00
  2.35205747E+04  0.00000000E+00  0.00000000E+00  0.00000000E+00  0.00000000E+00
  2.36205747E+04  0.00000000E+00  0.00000000E+00  0.00000000E+00  0.00000000E+00
  2.37205747E+04  0.00000000E+00  0.00000000E+00  0.00000000E+00  0.00000000E+00
  2.38205747E+04  0.00000000E+00  0.00000000E+00  0.00000000E+00  0.00000000E+00
  2.39205747E+04  0.00000000E+00  0.00000000E+00  0.00000000E+00  0.00000000E+00
  2.40205747E+04  0.00000000E+00  0.00000000E+00  0.00000000E+00  0.00000000E+00
  2.41205747E+04  0.00000000E+00  0.00000000E+00  0.00000000E+00  0.00000000E+00
  2.42205747E+04  0.00000000E+00  0.00000000E+00  0.00000000E+00  0.00000000E+00
  2.43205747E+04  0.00000000E+00  0.00000000E+00  0.00000000E+00  0.00000000E+00
  2.44205747E+04  0.00000000E+00  0.00000000E+00  0.00000000E+00  0.00000000E+00
  2.45205747E+04  0.00000000E+00  0.00000000E+00  0.00000000E+00  0.00000000E+00
  2.46205747E+04  0.00000000E+00  0.00000000E+00  0.00000000E+00  0.00000000E+00
  2.47205747E+04  0.00000000E+00  0.00000000E+00  0.00000000E+00  0.00000000E+00
  2.48205747E+04  0.00000000E+00  0.00000000E+00  0.00000000E+00  0.00000000E+00
  2.49205747E+04  0.00000000E+00  0.00000000E+00  0.00000000E+00  0.00000000E+00
  2.50205747E+04  0.00000000E+00  0.00000000E+00  0.00000000E+00  0.00000000E+00
  2.51205747E+04  0.00000000E+00  0.00000000E+00  0.00000000E+00  0.00000000E+00
  2.52205747E+04  0.00000000E+00  0.00000000E+00  0.00000000E+00  0.00000000E+00
  2.53205747E+04  0.00000000E+00  0.00000000E+00  0.00000000E+00  0.00000000E+00
  2.54205747E+04  0.00000000E+00  0.00000000E+00  0.00000000E+00  0.00000000E+00
  2.55205747E+04  0.00000000E+00  0.00000000E+00  0.00000000E+00  0.00000000E+00
  2.56205747E+04  0.00000000E+00  0.00000000E+00  0.00000000E+00  0.00000000E+00
  2.57205747E+04  0.00000000E+00  0.00000000E+00  0.00000000E+00  0.00000000E+00
  2.58205747E+04  0.00000000E+00  0.00000000E+00  0.00000000E+00  0.00000000E+00
  2.59205747E+04  0.00000000E+00  0.00000000E+00  0.00000000E+00  0.00000000E+00
  2.60205747E+04  0.00000000E+00  0.00000000E+00  0.00000000E+00  0.00000000E+00
  2.61205747E+04  0.00000000E+00  0.00000000E+00  0.00000000E+00  0.00000000E+00
  2.62205747E+04  0.00000000E+00  0.00000000E+00  0.00000000E+00  0.00000000E+00
  2.63205747E+04  0.00000000E+00  0.00000000E+00  0.00000000E+00  0.00000000E+00
  2.64205747E+04  0.00000000E+00  0.00000000E+00  0.00000000E+00  0.00000000E+00
  2.65205747E+04  0.00000000E+00  0.00000000E+00  0.00000000E+00  0.00000000E+00
  2.66205747E+04  0.00000000E+00  0.00000000E+00  0.00000000E+00  0.00000000E+00
  2.67205747E+04  0.00000000E+00  0.00000000E+00  0.00000000E+00  0.00000000E+00
  2.68205747E+04  0.00000000E+00  0.00000000E+00  0.00000000E+00  0.00000000E+00
  2.69205747E+04  0.00000000E+00  0.00000000E+00  0.00000000E+00  0.00000000E+00
  2.70205747E+04  0.00000000E+00  0.00000000E+00  0.00000000E+00  0.00000000E+00
  2.71205747E+04  0.00000000E+00  0.00000000E+00  0.00000000E+00  0.00000000E+00
  2.72205747E+04  0.00000000E+00  0.00000000E+00  0.00000000E+00  0.00000000E+00
  2.73205747E+04  0.00000000E+00  0.00000000E+00  0.00000000E+00  0.00000000E+00
  2.74205747E+04  0.00000000E+00  0.00000000E+00  0.00000000E+00  0.00000000E+00
  2.75205747E+04  0.00000000E+00  0.00000000E+00  0.00000000E+00  0.00000000E+00
  2.76205747E+04  0.00000000E+00  0.00000000E+00  0.00000000E+00  0.00000000E+00
  2.77205747E+04  0.00000000E+00  0.00000000E+00  0.00000000E+00  0.00000000E+00
  2.78205747E+04  0.00000000E+00  0.00000000E+00  0.00000000E+00  0.00000000E+00
  2.79205747E+04  0.00000000E+00  0.00000000E+00  0.00000000E+00  0.00000000E+00
  2.80205747E+04  0.00000000E+00  0.00000000E+00  0.00000000E+00  0.00000000E+00
  2.81205747E+04  0.00000000E+00  0.00000000E+00  0.00000000E+00  0.00000000E+00
  2.82205747E+04  0.00000000E+00  0.00000000E+00  0.00000000E+00  0.00000000E+00
  2.83205747E+04  0.00000000E+00  0.00000000E+00  0.00000000E+00  0.00000000E+00
  2.84205747E+04  0.00000000E+00  0.00000000E+00  0.00000000E+00  0.00000000E+00
  2.85205747E+04  0.00000000E+00  0.00000000E+00  0.00000000E+00  0.00000000E+00
  2.86205747E+04  0.00000000E+00  0.00000000E+00  0.00000000E+00  0.00000000E+00
  2.87205747E+04  0.00000000E+00  0.00000000E+00  0.00000000E+00  0.00000000E+00
  2.88205747E+04  0.00000000E+00  0.00000000E+00  0.00000000E+00  0.00000000E+00
  2.89205747E+04  0.00000000E+00  0.00000000E+00  0.00000000E+00  0.00000000E+00
  2.90205747E+04  0.00000000E+00  0.00000000E+00  0.00000000E+00  0.00000000E+00
  2.91205747E+04  0.00000000E+00  0.00000000E+00  0.00000000E+00  0.00000000E+00
  2.92205747E+04  0.00000000E+00  0.00000000E+00  0.00000000E+00  0.00000000E+00
  2.93205747E+04  0.00000000E+00  0.00000000E+00  0.00000000E+00  0.00000000E+00
  2.94205747E+04  0.00000000E+00  0.00000000E+00  0.00000000E+00  0.00000000E+00
  2.95205747E+04  0.00000000E+00  0.00000000E+00  0.00000000E+00  0.00000000E+00
  2.96205747E+04  0.00000000E+00  0.00000000E+00  0.00000000E+00  0.00000000E+00
  2.97205747E+04  0.00000000E+00  0.00000000E+00  0.00000000E+00  0.00000000E+00
  2.98205747E+04  0.00000000E+00  0.00000000E+00  0.00000000E+00  0.00000000E+00
  2.99205747E+04  0.00000000E+00  0.00000000E+00  0.00000000E+00  0.00000000E+00
  3.00205747E+04  0.00000000E+00  0.00000000E+00  0.00000000E+00  0.00000000E+00
  3.01205747E+04  0.00000000E+00  0.00000000E+00  0.00000000E+00  0.00000000E+00
  3.02205747E+04  0.00000000E+00  0.00000000E+00  0.00000000E+00  0.00000000E+00
  3.03205747E+04  0.00000000E+00  0.00000000E+00  0.00000000E+00  0.00000000E+00
  3.04205747E+04  0.00000000E+00  0.00000000E+00  0.00000000E+00  0.00000000E+00
  3.05205747E+04  0.00000000E+00  0.00000000E+00  0.00000000E+00  0.00000000E+00
  3.06205747E+04  0.00000000E+00  0.00000000E+00  0.00000000E+00  0.00000000E+00
  3.07205747E+04  0.00000000E+00  0.00000000E+00  0.00000000E+00  0.00000000E+00
  3.08205747E+04  0.00000000E+00  0.00000000E+00  0.00000000E+00  0.00000000E+00
  3.09205747E+04  0.00000000E+00  0.00000000E+00  0.00000000E+00  0.00000000E+00
  3.10205747E+04  0.00000000E+00  0.00000000E+00  0.00000000E+00  0.00000000E+00
  3.11205747E+04  0.00000000E+00  0.00000000E+00  0.00000000E+00  0.00000000E+00
  3.12205747E+04  0.00000000E+00  0.00000000E+00  0.00000000E+00  0.00000000E+00
  3.13205747E+04  0.00000000E+00  0.00000000E+00  0.00000000E+00  0.00000000E+00
  3.14205747E+04  0.00000000E+00  0.00000000E+00  0.00000000E+00  0.00000000E+00
  3.15205747E+04  0.00000000E+00  0.00000000E+00  0.00000000E+00  0.00000000E+00
  3.16205747E+04  0.00000000E+00  0.00000000E+00  0.00000000E+00  0.00000000E+00
  3.17205747E+04  0.00000000E+00  0.00000000E+00  0.00000000E+00  0.00000000E+00
  3.18205747E+04  0.00000000E+00  0.00000000E+00  0.00000000E+00  0.00000000E+00
  3.19205747E+04  0.00000000E+00  0.00000000E+00  0.00000000E+00  0.00000000E+00
  3.20205747E+04  0.00000000E+00  0.00000000E+00  0.00000000E+00  0.00000000E+00
  3.21205747E+04  0.00000000E+00  0.00000000E+00  0.00000000E+00  0.00000000E+00
  3.22205747E+04  0.00000000E+00  0.00000000E+00  0.00000000E+00  0.00000000E+00
  3.23205747E+04  0.00000000E+00  0.00000000E+00  0.00000000E+00  0.00000000E+00
  3.24205747E+04  0.00000000E+00  0.00000000E+00  0.00000000E+00  0.00000000E+00
  3.25205747E+04  0.00000000E+00  0.00000000E+00  0.00000000E+00  0.00000000E+00
  3.26205747E+04  0.00000000E+00  0.00000000E+00  0.00000000E+00  0.00000000E+00
  3.27205747E+04  0.00000000E+00  0.00000000E+00  0.00000000E+00  0.00000000E+00
  3.28205747E+04  0.00000000E+00  0.00000000E+00  0.00000000E+00  0.00000000E+00
  3.29205747E+04  0.00000000E+00  0.00000000E+00  0.00000000E+00  0.00000000E+00
  3.30205747E+04  0.00000000E+00  0.00000000E+00  0.00000000E+00  0.00000000E+00
  3.31205747E+04  0.00000000E+00  0.00000000E+00  0.00000000E+00  0.00000000E+00
  3.32205747E+04  0.00000000E+00  0.00000000E+00  0.00000000E+00  0.00000000E+00
  3.33205747E+04  0.00000000E+00  0.00000000E+00  0.00000000E+00  0.00000000E+00
  3.34205747E+04  0.00000000E+00  0.00000000E+00  0.00000000E+00  0.00000000E+00
  3.35205747E+04  0.00000000E+00  0.00000000E+00  0.00000000E+00  0.00000000E+00
  3.36205747E+04  0.00000000E+00  0.00000000E+00  0.00000000E+00  0.00000000E+00
  3.37205747E+04  0.00000000E+00  0.00000000E+00  0.00000000E+00  0.00000000E+00
  3.38205747E+04  0.00000000E+00  0.00000000E+00  0.00000000E+00  0.00000000E+00
  3.39205747E+04  0.00000000E+00  0.00000000E+00  0.00000000E+00  0.00000000E+00
  3.40205747E+04  0.00000000E+00  0.00000000E+00  0.00000000E+00  0.00000000E+00
  3.41205747E+04  0.00000000E+00  0.00000000E+00  0.00000000E+00  0.00000000E+00
  3.42205747E+04  0.00000000E+00  0.00000000E+00  0.00000000E+00  0.00000000E+00
  3.43205747E+04  0.00000000E+00  0.00000000E+00  0.00000000E+00  0.00000000E+00
  3.44205747E+04  0.00000000E+00  0.00000000E+00  0.00000000E+00  0.00000000E+00
  3.45205747E+04  0.00000000E+00  0.00000000E+00  0.00000000E+00  0.00000000E+00
  3.46205747E+04  0.00000000E+00  0.00000000E+00  0.00000000E+00  0.00000000E+00
  3.47205747E+04  0.00000000E+00  0.00000000E+00  0.00000000E+00  0.00000000E+00
  3.48205747E+04  0.00000000E+00  0.00000000E+00  0.00000000E+00  0.00000000E+00
  3.49205747E+04  0.00000000E+00  0.00000000E+00  0.00000000E+00  0.00000000E+00
  3.50205747E+04  0.00000000E+00  0.00000000E+00  0.00000000E+00  0.00000000E+00
  3.51205747E+04  0.00000000E+00  0.00000000E+00  0.00000000E+00  0.00000000E+00
  3.52205747E+04  0.00000000E+00  0.00000000E+00  0.00000000E+00  0.00000000E+00
  3.53205747E+04  0.00000000E+00  0.00000000E+00  0.00000000E+00  0.00000000E+00
  3.54205747E+04  0.00000000E+00  0.00000000E+00  0.00000000E+00  0.00000000E+00
  3.55205747E+04  0.00000000E+00  0.00000000E+00  0.00000000E+00  0.00000000E+00
  3.56205747E+04  0.00000000E+00  0.00000000E+00  0.00000000E+00  0.00000000E+00
  3.57205747E+04  0.00000000E+00  0.00000000E+00  0.00000000E+00  0.00000000E+00
  3.58205747E+04  0.00000000E+00  0.00000000E+00  0.00000000E+00  0.00000000E+00
  3.59205747E+04  0.00000000E+00  0.00000000E+00  0.00000000E+00  0.00000000E+00
  3.60205747E+04  0.00000000E+00  0.00000000E+00  0.00000000E+00  0.00000000E+00
  3.61205747E+04  0.00000000E+00  0.00000000E+00  0.00000000E+00  0.00000000E+00
  3.62205747E+04  0.00000000E+00  0.00000000E+00  0.00000000E+00  0.00000000E+00
  3.63205747E+04  0.00000000E+00  0.00000000E+00  0.00000000E+00  0.00000000E+00
  3.64205747E+04  0.00000000E+00  0.00000000E+00  0.00000000E+00  0.00000000E+00
  3.65205747E+04  0.00000000E+00  0.00000000E+00  0.00000000E+00  0.00000000E+00
  3.66205747E+04  0.00000000E+00  0.00000000E+00  0.00000000E+00  0.00000000E+00
  3.67205747E+04  0.00000000E+00  0.00000000E+00  0.00000000E+00  0.00000000E+00
  3.68205747E+04  0.00000000E+00  0.00000000E+00  0.00000000E+00  0.00000000E+00
  3.69205747E+04  0.00000000E+00  0.00000000E+00  0.00000000E+00  0.00000000E+00
  3.70205747E+04  0.00000000E+00  0.00000000E+00  0.00000000E+00  0.00000000E+00
  3.71205747E+04  0.00000000E+00  0.00000000E+00  0.00000000E+00  0.00000000E+00
  3.72205747E+04  0.00000000E+00  0.00000000E+00  0.00000000E+00  0.00000000E+00
  3.73205747E+04  0.00000000E+00  0.00000000E+00  0.00000000E+00  0.00000000E+00
  3.74205747E+04  0.00000000E+00  0.00000000E+00  0.00000000E+00  0.00000000E+00
  3.75205747E+04  0.00000000E+00  0.00000000E+00  0.00000000E+00  0.00000000E+00
  3.76205747E+04  0.00000000E+00  0.00000000E+00  0.00000000E+00  0.00000000E+00
  3.77205747E+04  0.00000000E+00  0.00000000E+00  0.00000000E+00  0.00000000E+00
  3.78205747E+04  0.00000000E+00  0.00000000E+00  0.00000000E+00  0.00000000E+00
  3.79205747E+04  0.00000000E+00  0.00000000E+00  0.00000000E+00  0.00000000E+00
  3.80205747E+04  0.00000000E+00  0.00000000E+00  0.00000000E+00  0.00000000E+00
  3.81205747E+04  0.00000000E+00  0.00000000E+00  0.00000000E+00  0.00000000E+00
  3.82205747E+04  0.00000000E+00  0.00000000E+00  0.00000000E+00  0.00000000E+00
  3.83205747E+04  0.00000000E+00  0.00000000E+00  0.00000000E+00  0.00000000E+00
  3.84205747E+04  0.00000000E+00  0.00000000E+00  0.00000000E+00  0.00000000E+00
  3.85205747E+04  0.00000000E+00  0.00000000E+00  0.00000000E+00  0.00000000E+00
  3.86205747E+04  0.00000000E+00  0.00000000E+00  0.00000000E+00  0.00000000E+00
  3.87205747E+04  0.00000000E+00  0.00000000E+00  0.00000000E+00  0.00000000E+00
  3.88205747E+04  0.00000000E+00  0.00000000E+00  0.00000000E+00  0.00000000E+00
  3.89205747E+04  0.00000000E+00  0.00000000E+00  0.00000000E+00  0.00000000E+00
  3.90205747E+04  0.00000000E+00  0.00000000E+00  0.00000000E+00  0.00000000E+00
  3.91205747E+04  0.00000000E+00  0.00000000E+00  0.00000000E+00  0.00000000E+00
  3.92205747E+04  0.00000000E+00  0.00000000E+00  0.00000000E+00  0.00000000E+00
  3.93205747E+04  0.00000000E+00  0.00000000E+00  0.00000000E+00  0.00000000E+00
  3.94205747E+04  0.00000000E+00  0.00000000E+00  0.00000000E+00  0.00000000E+00
  3.95205747E+04  0.00000000E+00  0.00000000E+00  0.00000000E+00  0.00000000E+00
  3.96205747E+04  0.00000000E+00  0.00000000E+00  0.00000000E+00  0.00000000E+00
  3.97205747E+04  0.00000000E+00  0.00000000E+00  0.00000000E+00  0.00000000E+00
  3.98205747E+04  0.00000000E+00  0.00000000E+00  0.00000000E+00  0.00000000E+00
