      0  0.00000000E+00     NSTEP   TIME
 SURFACE NODE              X              Y             SW
            1   0.000000E+00   1.000000E+01   1.000000E+00
            2   5.000000E-01   1.000000E+01   1.000000E+00
            3   1.000000E+00   1.000000E+01   1.000000E+00
            4   1.500000E+00   1.000000E+01   1.000000E+00
            5   2.000000E+00   1.000000E+01   1.000000E+00
            6   2.500000E+00   1.000000E+01   1.000000E+00
            7   3.000000E+00   1.000000E+01   1.000000E+00
            8   3.500000E+00   1.000000E+01   1.000000E+00
            9   4.000000E+00   1.000000E+01   1.000000E+00
           10   4.500000E+00   1.000000E+01   1.000000E+00
           11   5.000000E+00   1.000000E+01   1.000000E+00
           12   5.500000E+00   1.000000E+01   1.000000E+00
           13   6.000000E+00   1.000000E+01   1.000000E+00
           14   6.500000E+00   1.000000E+01   1.000000E+00
           15   7.000000E+00   1.000000E+01   1.000000E+00
           16   7.500000E+00   1.000000E+01   1.000000E+00
           17   0.000000E+00   9.500000E+00   1.000000E+00
           18   5.000000E-01   9.500000E+00   1.000000E+00
           19   1.000000E+00   9.500000E+00   1.000000E+00
           20   1.500000E+00   9.500000E+00   1.000000E+00
           21   2.000000E+00   9.500000E+00   1.000000E+00
           22   2.500000E+00   9.500000E+00   1.000000E+00
           23   3.000000E+00   9.500000E+00   1.000000E+00
           24   3.500000E+00   9.500000E+00   1.000000E+00
           25   4.000000E+00   9.500000E+00   1.000000E+00
           26   4.500000E+00   9.500000E+00   1.000000E+00
           27   5.000000E+00   9.500000E+00   1.000000E+00
           28   5.500000E+00   9.500000E+00   1.000000E+00
           29   6.000000E+00   9.500000E+00   1.000000E+00
           30   6.500000E+00   9.500000E+00   1.000000E+00
           31   7.000000E+00   9.500000E+00   1.000000E+00
           32   7.500000E+00   9.500000E+00   1.000000E+00
           33   0.000000E+00   9.000000E+00   1.000000E+00
           34   5.000000E-01   9.000000E+00   1.000000E+00
           35   1.000000E+00   9.000000E+00   1.000000E+00
           36   1.500000E+00   9.000000E+00   1.000000E+00
           37   2.000000E+00   9.000000E+00   1.000000E+00
           38   2.500000E+00   9.000000E+00   1.000000E+00
           39   3.000000E+00   9.000000E+00   1.000000E+00
           40   3.500000E+00   9.000000E+00   1.000000E+00
           41   4.000000E+00   9.000000E+00   1.000000E+00
           42   4.500000E+00   9.000000E+00   1.000000E+00
           43   5.000000E+00   9.000000E+00   1.000000E+00
           44   5.500000E+00   9.000000E+00   1.000000E+00
           45   6.000000E+00   9.000000E+00   1.000000E+00
           46   6.500000E+00   9.000000E+00   1.000000E+00
           47   7.000000E+00   9.000000E+00   1.000000E+00
           48   7.500000E+00   9.000000E+00   1.000000E+00
           49   0.000000E+00   8.500000E+00   1.000000E+00
           50   5.000000E-01   8.500000E+00   1.000000E+00
           51   1.000000E+00   8.500000E+00   1.000000E+00
           52   1.500000E+00   8.500000E+00   1.000000E+00
           53   2.000000E+00   8.500000E+00   1.000000E+00
           54   2.500000E+00   8.500000E+00   1.000000E+00
           55   3.000000E+00   8.500000E+00   1.000000E+00
           56   3.500000E+00   8.500000E+00   1.000000E+00
           57   4.000000E+00   8.500000E+00   1.000000E+00
           58   4.500000E+00   8.500000E+00   1.000000E+00
           59   5.000000E+00   8.500000E+00   1.000000E+00
           60   5.500000E+00   8.500000E+00   1.000000E+00
           61   6.000000E+00   8.500000E+00   1.000000E+00
           62   6.500000E+00   8.500000E+00   1.000000E+00
           63   7.000000E+00   8.500000E+00   1.000000E+00
           64   7.500000E+00   8.500000E+00   1.000000E+00
           65   8.000000E+00   8.500000E+00   1.000000E+00
           66   8.500000E+00   8.500000E+00   1.000000E+00
           67   9.000000E+00   8.500000E+00   1.000000E+00
           68   9.500000E+00   8.500000E+00   1.000000E+00
           69   1.000000E+01   8.500000E+00   1.000000E+00
           70   0.000000E+00   8.000000E+00   1.000000E+00
           71   5.000000E-01   8.000000E+00   1.000000E+00
           72   1.000000E+00   8.000000E+00   1.000000E+00
           73   1.500000E+00   8.000000E+00   1.000000E+00
           74   2.000000E+00   8.000000E+00   1.000000E+00
           75   2.500000E+00   8.000000E+00   1.000000E+00
           76   3.000000E+00   8.000000E+00   1.000000E+00
           77   3.500000E+00   8.000000E+00   1.000000E+00
           78   4.000000E+00   8.000000E+00   1.000000E+00
           79   4.500000E+00   8.000000E+00   1.000000E+00
           80   5.000000E+00   8.000000E+00   1.000000E+00
           81   5.500000E+00   8.000000E+00   1.000000E+00
           82   6.000000E+00   8.000000E+00   1.000000E+00
           83   6.500000E+00   8.000000E+00   1.000000E+00
           84   7.000000E+00   8.000000E+00   1.000000E+00
           85   7.500000E+00   8.000000E+00   1.000000E+00
           86   8.000000E+00   8.000000E+00   1.000000E+00
           87   8.500000E+00   8.000000E+00   1.000000E+00
           88   9.000000E+00   8.000000E+00   1.000000E+00
           89   9.500000E+00   8.000000E+00   1.000000E+00
           90   1.000000E+01   8.000000E+00   1.000000E+00
           91   0.000000E+00   7.500000E+00   1.000000E+00
           92   5.000000E-01   7.500000E+00   1.000000E+00
           93   1.000000E+00   7.500000E+00   1.000000E+00
           94   1.500000E+00   7.500000E+00   1.000000E+00
           95   2.000000E+00   7.500000E+00   1.000000E+00
           96   2.500000E+00   7.500000E+00   1.000000E+00
           97   3.000000E+00   7.500000E+00   1.000000E+00
           98   3.500000E+00   7.500000E+00   1.000000E+00
           99   4.000000E+00   7.500000E+00   1.000000E+00
          100   4.500000E+00   7.500000E+00   1.000000E+00
          101   5.000000E+00   7.500000E+00   1.000000E+00
          102   5.500000E+00   7.500000E+00   1.000000E+00
          103   6.000000E+00   7.500000E+00   1.000000E+00
          104   6.500000E+00   7.500000E+00   1.000000E+00
          105   7.000000E+00   7.500000E+00   1.000000E+00
          106   7.500000E+00   7.500000E+00   1.000000E+00
          107   8.000000E+00   7.500000E+00   1.000000E+00
          108   8.500000E+00   7.500000E+00   1.000000E+00
          109   9.000000E+00   7.500000E+00   1.000000E+00
          110   9.500000E+00   7.500000E+00   1.000000E+00
          111   1.000000E+01   7.500000E+00   1.000000E+00
          112   0.000000E+00   7.000000E+00   1.000000E+00
          113   5.000000E-01   7.000000E+00   1.000000E+00
          114   1.000000E+00   7.000000E+00   1.000000E+00
          115   1.500000E+00   7.000000E+00   1.000000E+00
          116   2.000000E+00   7.000000E+00   1.000000E+00
          117   2.500000E+00   7.000000E+00   1.000000E+00
          118   3.000000E+00   7.000000E+00   1.000000E+00
          119   3.500000E+00   7.000000E+00   1.000000E+00
          120   4.000000E+00   7.000000E+00   1.000000E+00
          121   4.500000E+00   7.000000E+00   1.000000E+00
          122   5.000000E+00   7.000000E+00   1.000000E+00
          123   5.500000E+00   7.000000E+00   1.000000E+00
          124   6.000000E+00   7.000000E+00   1.000000E+00
          125   6.500000E+00   7.000000E+00   1.000000E+00
          126   7.000000E+00   7.000000E+00   1.000000E+00
          127   7.500000E+00   7.000000E+00   1.000000E+00
          128   8.000000E+00   7.000000E+00   1.000000E+00
          129   8.500000E+00   7.000000E+00   1.000000E+00
          130   9.000000E+00   7.000000E+00   1.000000E+00
          131   9.500000E+00   7.000000E+00   1.000000E+00
          132   1.000000E+01   7.000000E+00   1.000000E+00
          133   0.000000E+00   6.500000E+00   1.000000E+00
          134   5.000000E-01   6.500000E+00   1.000000E+00
          135   1.000000E+00   6.500000E+00   1.000000E+00
          136   1.500000E+00   6.500000E+00   1.000000E+00
          137   2.000000E+00   6.500000E+00   1.000000E+00
          138   2.500000E+00   6.500000E+00   1.000000E+00
          139   3.000000E+00   6.500000E+00   1.000000E+00
          140   3.500000E+00   6.500000E+00   1.000000E+00
          141   4.000000E+00   6.500000E+00   1.000000E+00
          142   4.500000E+00   6.500000E+00   1.000000E+00
          143   5.000000E+00   6.500000E+00   1.000000E+00
          144   5.500000E+00   6.500000E+00   1.000000E+00
          145   6.000000E+00   6.500000E+00   1.000000E+00
          146   6.500000E+00   6.500000E+00   1.000000E+00
          147   7.000000E+00   6.500000E+00   1.000000E+00
          148   7.500000E+00   6.500000E+00   1.000000E+00
          149   8.000000E+00   6.500000E+00   1.000000E+00
          150   8.500000E+00   6.500000E+00   1.000000E+00
          151   9.000000E+00   6.500000E+00   1.000000E+00
          152   9.500000E+00   6.500000E+00   1.000000E+00
          153   1.000000E+01   6.500000E+00   1.000000E+00
          154   0.000000E+00   6.000000E+00   1.000000E+00
          155   5.000000E-01   6.000000E+00   1.000000E+00
          156   1.000000E+00   6.000000E+00   1.000000E+00
          157   1.500000E+00   6.000000E+00   1.000000E+00
          158   2.000000E+00   6.000000E+00   1.000000E+00
          159   2.500000E+00   6.000000E+00   1.000000E+00
          160   3.000000E+00   6.000000E+00   1.000000E+00
          161   3.500000E+00   6.000000E+00   1.000000E+00
          162   4.000000E+00   6.000000E+00   1.000000E+00
          163   4.500000E+00   6.000000E+00   1.000000E+00
          164   5.000000E+00   6.000000E+00   1.000000E+00
          165   5.500000E+00   6.000000E+00   1.000000E+00
          166   6.000000E+00   6.000000E+00   1.000000E+00
          167   6.500000E+00   6.000000E+00   1.000000E+00
          168   7.000000E+00   6.000000E+00   1.000000E+00
          169   7.500000E+00   6.000000E+00   1.000000E+00
          170   8.000000E+00   6.000000E+00   1.000000E+00
          171   8.500000E+00   6.000000E+00   1.000000E+00
          172   9.000000E+00   6.000000E+00   1.000000E+00
          173   9.500000E+00   6.000000E+00   1.000000E+00
          174   1.000000E+01   6.000000E+00   1.000000E+00
          175   0.000000E+00   5.500000E+00   1.000000E+00
          176   5.000000E-01   5.500000E+00   1.000000E+00
          177   1.000000E+00   5.500000E+00   1.000000E+00
          178   1.500000E+00   5.500000E+00   1.000000E+00
          179   2.000000E+00   5.500000E+00   1.000000E+00
          180   2.500000E+00   5.500000E+00   1.000000E+00
          181   3.000000E+00   5.500000E+00   1.000000E+00
          182   3.500000E+00   5.500000E+00   1.000000E+00
          183   4.000000E+00   5.500000E+00   1.000000E+00
          184   4.500000E+00   5.500000E+00   1.000000E+00
          185   5.000000E+00   5.500000E+00   1.000000E+00
          186   5.500000E+00   5.500000E+00   1.000000E+00
          187   6.000000E+00   5.500000E+00   1.000000E+00
          188   6.500000E+00   5.500000E+00   1.000000E+00
          189   7.000000E+00   5.500000E+00   1.000000E+00
          190   7.500000E+00   5.500000E+00   1.000000E+00
          191   8.000000E+00   5.500000E+00   1.000000E+00
          192   8.500000E+00   5.500000E+00   1.000000E+00
          193   9.000000E+00   5.500000E+00   1.000000E+00
          194   9.500000E+00   5.500000E+00   1.000000E+00
          195   1.000000E+01   5.500000E+00   1.000000E+00
          196   0.000000E+00   5.000000E+00   1.000000E+00
          197   5.000000E-01   5.000000E+00   1.000000E+00
          198   1.000000E+00   5.000000E+00   1.000000E+00
          199   1.500000E+00   5.000000E+00   1.000000E+00
          200   2.000000E+00   5.000000E+00   1.000000E+00
          201   2.500000E+00   5.000000E+00   1.000000E+00
          202   3.000000E+00   5.000000E+00   1.000000E+00
          203   3.500000E+00   5.000000E+00   1.000000E+00
          204   4.000000E+00   5.000000E+00   1.000000E+00
          205   4.500000E+00   5.000000E+00   1.000000E+00
          206   5.000000E+00   5.000000E+00   1.000000E+00
          207   5.500000E+00   5.000000E+00   1.000000E+00
          208   6.000000E+00   5.000000E+00   1.000000E+00
          209   6.500000E+00   5.000000E+00   1.000000E+00
          210   7.000000E+00   5.000000E+00   1.000000E+00
          211   7.500000E+00   5.000000E+00   1.000000E+00
          212   8.000000E+00   5.000000E+00   1.000000E+00
          213   8.500000E+00   5.000000E+00   1.000000E+00
          214   9.000000E+00   5.000000E+00   1.000000E+00
          215   9.500000E+00   5.000000E+00   1.000000E+00
          216   1.000000E+01   5.000000E+00   1.000000E+00
          217   5.000000E+00   4.500000E+00   1.000000E+00
          218   5.500000E+00   4.500000E+00   1.000000E+00
          219   6.000000E+00   4.500000E+00   1.000000E+00
          220   6.500000E+00   4.500000E+00   1.000000E+00
          221   7.000000E+00   4.500000E+00   1.000000E+00
          222   7.500000E+00   4.500000E+00   1.000000E+00
          223   8.000000E+00   4.500000E+00   1.000000E+00
          224   8.500000E+00   4.500000E+00   1.000000E+00
          225   9.000000E+00   4.500000E+00   1.000000E+00
          226   9.500000E+00   4.500000E+00   1.000000E+00
          227   1.000000E+01   4.500000E+00   1.000000E+00
          228   5.000000E+00   4.000000E+00   1.000000E+00
          229   5.500000E+00   4.000000E+00   1.000000E+00
          230   6.000000E+00   4.000000E+00   1.000000E+00
          231   6.500000E+00   4.000000E+00   1.000000E+00
          232   7.000000E+00   4.000000E+00   1.000000E+00
          233   7.500000E+00   4.000000E+00   1.000000E+00
          234   8.000000E+00   4.000000E+00   1.000000E+00
          235   8.500000E+00   4.000000E+00   1.000000E+00
          236   9.000000E+00   4.000000E+00   1.000000E+00
          237   9.500000E+00   4.000000E+00   1.000000E+00
          238   1.000000E+01   4.000000E+00   1.000000E+00
          239   5.000000E+00   3.500000E+00   1.000000E+00
          240   5.500000E+00   3.500000E+00   1.000000E+00
          241   6.000000E+00   3.500000E+00   1.000000E+00
          242   6.500000E+00   3.500000E+00   1.000000E+00
          243   7.000000E+00   3.500000E+00   1.000000E+00
          244   7.500000E+00   3.500000E+00   1.000000E+00
          245   8.000000E+00   3.500000E+00   1.000000E+00
          246   8.500000E+00   3.500000E+00   1.000000E+00
          247   9.000000E+00   3.500000E+00   1.000000E+00
          248   9.500000E+00   3.500000E+00   1.000000E+00
          249   1.000000E+01   3.500000E+00   1.000000E+00
          250   5.000000E+00   3.000000E+00   1.000000E+00
          251   5.500000E+00   3.000000E+00   1.000000E+00
          252   6.000000E+00   3.000000E+00   1.000000E+00
          253   6.500000E+00   3.000000E+00   1.000000E+00
          254   7.000000E+00   3.000000E+00   1.000000E+00
          255   7.500000E+00   3.000000E+00   1.000000E+00
          256   8.000000E+00   3.000000E+00   1.000000E+00
          257   8.500000E+00   3.000000E+00   1.000000E+00
          258   9.000000E+00   3.000000E+00   1.000000E+00
          259   9.500000E+00   3.000000E+00   1.000000E+00
          260   1.000000E+01   3.000000E+00   1.000000E+00
          261   5.000000E+00   2.500000E+00   1.000000E+00
          262   5.500000E+00   2.500000E+00   1.000000E+00
          263   6.000000E+00   2.500000E+00   1.000000E+00
          264   6.500000E+00   2.500000E+00   1.000000E+00
          265   7.000000E+00   2.500000E+00   1.000000E+00
          266   7.500000E+00   2.500000E+00   1.000000E+00
          267   8.000000E+00   2.500000E+00   1.000000E+00
          268   8.500000E+00   2.500000E+00   1.000000E+00
          269   9.000000E+00   2.500000E+00   1.000000E+00
          270   9.500000E+00   2.500000E+00   1.000000E+00
          271   1.000000E+01   2.500000E+00   1.000000E+00
          272   5.000000E+00   2.000000E+00   1.000000E+00
          273   5.500000E+00   2.000000E+00   1.000000E+00
          274   6.000000E+00   2.000000E+00   1.000000E+00
          275   6.500000E+00   2.000000E+00   1.000000E+00
          276   7.000000E+00   2.000000E+00   1.000000E+00
          277   7.500000E+00   2.000000E+00   1.000000E+00
          278   8.000000E+00   2.000000E+00   1.000000E+00
          279   8.500000E+00   2.000000E+00   1.000000E+00
          280   9.000000E+00   2.000000E+00   1.000000E+00
          281   9.500000E+00   2.000000E+00   1.000000E+00
          282   1.000000E+01   2.000000E+00   1.000000E+00
          283   5.000000E+00   1.500000E+00   1.000000E+00
          284   5.500000E+00   1.500000E+00   1.000000E+00
          285   6.000000E+00   1.500000E+00   1.000000E+00
          286   6.500000E+00   1.500000E+00   1.000000E+00
          287   7.000000E+00   1.500000E+00   1.000000E+00
          288   7.500000E+00   1.500000E+00   1.000000E+00
          289   8.000000E+00   1.500000E+00   1.000000E+00
          290   8.500000E+00   1.500000E+00   1.000000E+00
          291   9.000000E+00   1.500000E+00   1.000000E+00
          292   9.500000E+00   1.500000E+00   1.000000E+00
          293   1.000000E+01   1.500000E+00   1.000000E+00
          294   5.000000E+00   1.000000E+00   1.000000E+00
          295   5.500000E+00   1.000000E+00   1.000000E+00
          296   6.000000E+00   1.000000E+00   1.000000E+00
          297   6.500000E+00   1.000000E+00   1.000000E+00
          298   7.000000E+00   1.000000E+00   1.000000E+00
          299   7.500000E+00   1.000000E+00   1.000000E+00
          300   8.000000E+00   1.000000E+00   1.000000E+00
          301   8.500000E+00   1.000000E+00   1.000000E+00
          302   9.000000E+00   1.000000E+00   1.000000E+00
          303   9.500000E+00   1.000000E+00   1.000000E+00
          304   1.000000E+01   1.000000E+00   1.000000E+00
          305   5.000000E+00   5.000000E-01   1.000000E+00
          306   5.500000E+00   5.000000E-01   1.000000E+00
          307   6.000000E+00   5.000000E-01   1.000000E+00
          308   6.500000E+00   5.000000E-01   1.000000E+00
          309   7.000000E+00   5.000000E-01   1.000000E+00
          310   7.500000E+00   5.000000E-01   1.000000E+00
          311   8.000000E+00   5.000000E-01   1.000000E+00
          312   8.500000E+00   5.000000E-01   1.000000E+00
          313   9.000000E+00   5.000000E-01   1.000000E+00
          314   9.500000E+00   5.000000E-01   1.000000E+00
          315   1.000000E+01   5.000000E-01   1.000000E+00
          316   5.000000E+00   0.000000E+00   1.000000E+00
          317   5.500000E+00   0.000000E+00   1.000000E+00
          318   6.000000E+00   0.000000E+00   1.000000E+00
          319   6.500000E+00   0.000000E+00   1.000000E+00
          320   7.000000E+00   0.000000E+00   1.000000E+00
          321   7.500000E+00   0.000000E+00   1.000000E+00
          322   8.000000E+00   0.000000E+00   1.000000E+00
          323   8.500000E+00   0.000000E+00   1.000000E+00
          324   9.000000E+00   0.000000E+00   1.000000E+00
          325   9.500000E+00   0.000000E+00   1.000000E+00
          326   1.000000E+01   0.000000E+00   1.000000E+00
      1  3.12500000E-01     NSTEP   TIME
 SURFACE NODE              X              Y             SW
            1   0.000000E+00   1.000000E+01   9.998079E-01
            2   5.000000E-01   1.000000E+01   9.998506E-01
            3   1.000000E+00   1.000000E+01   9.998519E-01
            4   1.500000E+00   1.000000E+01   9.998522E-01
            5   2.000000E+00   1.000000E+01   9.998523E-01
            6   2.500000E+00   1.000000E+01   9.998523E-01
            7   3.000000E+00   1.000000E+01   9.998523E-01
            8   3.500000E+00   1.000000E+01   9.998523E-01
            9   4.000000E+00   1.000000E+01   9.998523E-01
           10   4.500000E+00   1.000000E+01   9.998523E-01
           11   5.000000E+00   1.000000E+01   9.998523E-01
           12   5.500000E+00   1.000000E+01   9.998523E-01
           13   6.000000E+00   1.000000E+01   9.998524E-01
           14   6.500000E+00   1.000000E+01   9.998525E-01
           15   7.000000E+00   1.000000E+01   9.998536E-01
           16   7.500000E+00   1.000000E+01   9.998966E-01
           17   0.000000E+00   9.500000E+00   9.998438E-01
           18   5.000000E-01   9.500000E+00   9.998903E-01
           19   1.000000E+00   9.500000E+00   9.998913E-01
           20   1.500000E+00   9.500000E+00   9.998915E-01
           21   2.000000E+00   9.500000E+00   9.998915E-01
           22   2.500000E+00   9.500000E+00   9.998915E-01
           23   3.000000E+00   9.500000E+00   9.998915E-01
           24   3.500000E+00   9.500000E+00   9.998916E-01
           25   4.000000E+00   9.500000E+00   9.998916E-01
           26   4.500000E+00   9.500000E+00   9.998916E-01
           27   5.000000E+00   9.500000E+00   9.998916E-01
           28   5.500000E+00   9.500000E+00   9.998916E-01
           29   6.000000E+00   9.500000E+00   9.998916E-01
           30   6.500000E+00   9.500000E+00   9.998917E-01
           31   7.000000E+00   9.500000E+00   9.998923E-01
           32   7.500000E+00   9.500000E+00   9.999169E-01
           33   0.000000E+00   9.000000E+00   9.998374E-01
           34   5.000000E-01   9.000000E+00   9.998859E-01
           35   1.000000E+00   9.000000E+00   9.998869E-01
           36   1.500000E+00   9.000000E+00   9.998871E-01
           37   2.000000E+00   9.000000E+00   9.998872E-01
           38   2.500000E+00   9.000000E+00   9.998872E-01
           39   3.000000E+00   9.000000E+00   9.998872E-01
           40   3.500000E+00   9.000000E+00   9.998872E-01
           41   4.000000E+00   9.000000E+00   9.998872E-01
           42   4.500000E+00   9.000000E+00   9.998872E-01
           43   5.000000E+00   9.000000E+00   9.998872E-01
           44   5.500000E+00   9.000000E+00   9.998872E-01
           45   6.000000E+00   9.000000E+00   9.998872E-01
           46   6.500000E+00   9.000000E+00   9.998873E-01
           47   7.000000E+00   9.000000E+00   9.998878E-01
           48   7.500000E+00   9.000000E+00   9.999129E-01
           49   0.000000E+00   8.500000E+00   9.998292E-01
           50   5.000000E-01   8.500000E+00   9.998802E-01
           51   1.000000E+00   8.500000E+00   9.998813E-01
           52   1.500000E+00   8.500000E+00   9.998815E-01
           53   2.000000E+00   8.500000E+00   9.998815E-01
           54   2.500000E+00   8.500000E+00   9.998816E-01
           55   3.000000E+00   8.500000E+00   9.998816E-01
           56   3.500000E+00   8.500000E+00   9.998816E-01
           57   4.000000E+00   8.500000E+00   9.998816E-01
           58   4.500000E+00   8.500000E+00   9.998816E-01
           59   5.000000E+00   8.500000E+00   9.998816E-01
           60   5.500000E+00   8.500000E+00   9.998816E-01
           61   6.000000E+00   8.500000E+00   9.998816E-01
           62   6.500000E+00   8.500000E+00   9.998816E-01
           63   7.000000E+00   8.500000E+00   9.998815E-01
           64   7.500000E+00   8.500000E+00   9.998812E-01
           65   8.000000E+00   8.500000E+00   9.998300E-01
           66   8.500000E+00   8.500000E+00   9.998287E-01
           67   9.000000E+00   8.500000E+00   9.998287E-01
           68   9.500000E+00   8.500000E+00   9.998300E-01
           69   1.000000E+01   8.500000E+00   9.998801E-01
           70   0.000000E+00   8.000000E+00   9.998202E-01
           71   5.000000E-01   8.000000E+00   9.998740E-01
           72   1.000000E+00   8.000000E+00   9.998751E-01
           73   1.500000E+00   8.000000E+00   9.998753E-01
           74   2.000000E+00   8.000000E+00   9.998754E-01
           75   2.500000E+00   8.000000E+00   9.998754E-01
           76   3.000000E+00   8.000000E+00   9.998754E-01
           77   3.500000E+00   8.000000E+00   9.998754E-01
           78   4.000000E+00   8.000000E+00   9.998754E-01
           79   4.500000E+00   8.000000E+00   9.998754E-01
           80   5.000000E+00   8.000000E+00   9.998754E-01
           81   5.500000E+00   8.000000E+00   9.998754E-01
           82   6.000000E+00   8.000000E+00   9.998753E-01
           83   6.500000E+00   8.000000E+00   9.998753E-01
           84   7.000000E+00   8.000000E+00   9.998753E-01
           85   7.500000E+00   8.000000E+00   9.998751E-01
           86   8.000000E+00   8.000000E+00   9.998742E-01
           87   8.500000E+00   8.000000E+00   9.998740E-01
           88   9.000000E+00   8.000000E+00   9.998740E-01
           89   9.500000E+00   8.000000E+00   9.998747E-01
           90   1.000000E+01   8.000000E+00   9.999035E-01
           91   0.000000E+00   7.500000E+00   9.998104E-01
           92   5.000000E-01   7.500000E+00   9.998672E-01
           93   1.000000E+00   7.500000E+00   9.998684E-01
           94   1.500000E+00   7.500000E+00   9.998686E-01
           95   2.000000E+00   7.500000E+00   9.998686E-01
           96   2.500000E+00   7.500000E+00   9.998687E-01
           97   3.000000E+00   7.500000E+00   9.998687E-01
           98   3.500000E+00   7.500000E+00   9.998687E-01
           99   4.000000E+00   7.500000E+00   9.998687E-01
          100   4.500000E+00   7.500000E+00   9.998686E-01
          101   5.000000E+00   7.500000E+00   9.998686E-01
          102   5.500000E+00   7.500000E+00   9.998686E-01
          103   6.000000E+00   7.500000E+00   9.998686E-01
          104   6.500000E+00   7.500000E+00   9.998686E-01
          105   7.000000E+00   7.500000E+00   9.998686E-01
          106   7.500000E+00   7.500000E+00   9.998685E-01
          107   8.000000E+00   7.500000E+00   9.998684E-01
          108   8.500000E+00   7.500000E+00   9.998683E-01
          109   9.000000E+00   7.500000E+00   9.998684E-01
          110   9.500000E+00   7.500000E+00   9.998691E-01
          111   1.000000E+01   7.500000E+00   9.998990E-01
          112   0.000000E+00   7.000000E+00   9.997998E-01
          113   5.000000E-01   7.000000E+00   9.998599E-01
          114   1.000000E+00   7.000000E+00   9.998611E-01
          115   1.500000E+00   7.000000E+00   9.998613E-01
          116   2.000000E+00   7.000000E+00   9.998614E-01
          117   2.500000E+00   7.000000E+00   9.998614E-01
          118   3.000000E+00   7.000000E+00   9.998614E-01
          119   3.500000E+00   7.000000E+00   9.998614E-01
          120   4.000000E+00   7.000000E+00   9.998614E-01
          121   4.500000E+00   7.000000E+00   9.998614E-01
          122   5.000000E+00   7.000000E+00   9.998614E-01
          123   5.500000E+00   7.000000E+00   9.998613E-01
          124   6.000000E+00   7.000000E+00   9.998613E-01
          125   6.500000E+00   7.000000E+00   9.998613E-01
          126   7.000000E+00   7.000000E+00   9.998613E-01
          127   7.500000E+00   7.000000E+00   9.998613E-01
          128   8.000000E+00   7.000000E+00   9.998612E-01
          129   8.500000E+00   7.000000E+00   9.998612E-01
          130   9.000000E+00   7.000000E+00   9.998613E-01
          131   9.500000E+00   7.000000E+00   9.998620E-01
          132   1.000000E+01   7.000000E+00   9.998936E-01
          133   0.000000E+00   6.500000E+00   9.997885E-01
          134   5.000000E-01   6.500000E+00   9.998521E-01
          135   1.000000E+00   6.500000E+00   9.998534E-01
          136   1.500000E+00   6.500000E+00   9.998536E-01
          137   2.000000E+00   6.500000E+00   9.998536E-01
          138   2.500000E+00   6.500000E+00   9.998537E-01
          139   3.000000E+00   6.500000E+00   9.998537E-01
          140   3.500000E+00   6.500000E+00   9.998537E-01
          141   4.000000E+00   6.500000E+00   9.998536E-01
          142   4.500000E+00   6.500000E+00   9.998536E-01
          143   5.000000E+00   6.500000E+00   9.998535E-01
          144   5.500000E+00   6.500000E+00   9.998535E-01
          145   6.000000E+00   6.500000E+00   9.998535E-01
          146   6.500000E+00   6.500000E+00   9.998534E-01
          147   7.000000E+00   6.500000E+00   9.998534E-01
          148   7.500000E+00   6.500000E+00   9.998534E-01
          149   8.000000E+00   6.500000E+00   9.998534E-01
          150   8.500000E+00   6.500000E+00   9.998534E-01
          151   9.000000E+00   6.500000E+00   9.998535E-01
          152   9.500000E+00   6.500000E+00   9.998543E-01
          153   1.000000E+01   6.500000E+00   9.998877E-01
          154   0.000000E+00   6.000000E+00   9.997765E-01
          155   5.000000E-01   6.000000E+00   9.998438E-01
          156   1.000000E+00   6.000000E+00   9.998451E-01
          157   1.500000E+00   6.000000E+00   9.998453E-01
          158   2.000000E+00   6.000000E+00   9.998454E-01
          159   2.500000E+00   6.000000E+00   9.998454E-01
          160   3.000000E+00   6.000000E+00   9.998454E-01
          161   3.500000E+00   6.000000E+00   9.998454E-01
          162   4.000000E+00   6.000000E+00   9.998453E-01
          163   4.500000E+00   6.000000E+00   9.998452E-01
          164   5.000000E+00   6.000000E+00   9.998451E-01
          165   5.500000E+00   6.000000E+00   9.998450E-01
          166   6.000000E+00   6.000000E+00   9.998449E-01
          167   6.500000E+00   6.000000E+00   9.998449E-01
          168   7.000000E+00   6.000000E+00   9.998449E-01
          169   7.500000E+00   6.000000E+00   9.998449E-01
          170   8.000000E+00   6.000000E+00   9.998449E-01
          171   8.500000E+00   6.000000E+00   9.998449E-01
          172   9.000000E+00   6.000000E+00   9.998450E-01
          173   9.500000E+00   6.000000E+00   9.998458E-01
          174   1.000000E+01   6.000000E+00   9.998812E-01
          175   0.000000E+00   5.500000E+00   9.997652E-01
          176   5.000000E-01   5.500000E+00   9.998357E-01
          177   1.000000E+00   5.500000E+00   9.998370E-01
          178   1.500000E+00   5.500000E+00   9.998372E-01
          179   2.000000E+00   5.500000E+00   9.998372E-01
          180   2.500000E+00   5.500000E+00   9.998372E-01
          181   3.000000E+00   5.500000E+00   9.998372E-01
          182   3.500000E+00   5.500000E+00   9.998372E-01
          183   4.000000E+00   5.500000E+00   9.998371E-01
          184   4.500000E+00   5.500000E+00   9.998368E-01
          185   5.000000E+00   5.500000E+00   9.998359E-01
          186   5.500000E+00   5.500000E+00   9.998356E-01
          187   6.000000E+00   5.500000E+00   9.998355E-01
          188   6.500000E+00   5.500000E+00   9.998355E-01
          189   7.000000E+00   5.500000E+00   9.998354E-01
          190   7.500000E+00   5.500000E+00   9.998354E-01
          191   8.000000E+00   5.500000E+00   9.998355E-01
          192   8.500000E+00   5.500000E+00   9.998355E-01
          193   9.000000E+00   5.500000E+00   9.998356E-01
          194   9.500000E+00   5.500000E+00   9.998364E-01
          195   1.000000E+01   5.500000E+00   9.998741E-01
          196   0.000000E+00   5.000000E+00   9.998262E-01
          197   5.000000E-01   5.000000E+00   9.998667E-01
          198   1.000000E+00   5.000000E+00   9.998674E-01
          199   1.500000E+00   5.000000E+00   9.998676E-01
          200   2.000000E+00   5.000000E+00   9.998676E-01
          201   2.500000E+00   5.000000E+00   9.998676E-01
          202   3.000000E+00   5.000000E+00   9.998676E-01
          203   3.500000E+00   5.000000E+00   9.998676E-01
          204   4.000000E+00   5.000000E+00   9.998674E-01
          205   4.500000E+00   5.000000E+00   9.998667E-01
          206   5.000000E+00   5.000000E+00   9.998256E-01
          207   5.500000E+00   5.000000E+00   9.998156E-01
          208   6.000000E+00   5.000000E+00   9.998155E-01
          209   6.500000E+00   5.000000E+00   9.998155E-01
          210   7.000000E+00   5.000000E+00   9.998155E-01
          211   7.500000E+00   5.000000E+00   9.998155E-01
          212   8.000000E+00   5.000000E+00   9.998155E-01
          213   8.500000E+00   5.000000E+00   9.998155E-01
          214   9.000000E+00   5.000000E+00   9.998157E-01
          215   9.500000E+00   5.000000E+00   9.998165E-01
          216   1.000000E+01   5.000000E+00   9.998588E-01
          217   5.000000E+00   4.500000E+00   9.997334E-01
          218   5.500000E+00   4.500000E+00   9.998024E-01
          219   6.000000E+00   4.500000E+00   9.998034E-01
          220   6.500000E+00   4.500000E+00   9.998035E-01
          221   7.000000E+00   4.500000E+00   9.998036E-01
          222   7.500000E+00   4.500000E+00   9.998036E-01
          223   8.000000E+00   4.500000E+00   9.998036E-01
          224   8.500000E+00   4.500000E+00   9.998036E-01
          225   9.000000E+00   4.500000E+00   9.998038E-01
          226   9.500000E+00   4.500000E+00   9.998047E-01
          227   1.000000E+01   4.500000E+00   9.998498E-01
          228   5.000000E+00   4.000000E+00   9.997144E-01
          229   5.500000E+00   4.000000E+00   9.997895E-01
          230   6.000000E+00   4.000000E+00   9.997908E-01
          231   6.500000E+00   4.000000E+00   9.997910E-01
          232   7.000000E+00   4.000000E+00   9.997910E-01
          233   7.500000E+00   4.000000E+00   9.997910E-01
          234   8.000000E+00   4.000000E+00   9.997911E-01
          235   8.500000E+00   4.000000E+00   9.997911E-01
          236   9.000000E+00   4.000000E+00   9.997912E-01
          237   9.500000E+00   4.000000E+00   9.997922E-01
          238   1.000000E+01   4.000000E+00   9.998403E-01
          239   5.000000E+00   3.500000E+00   9.996957E-01
          240   5.500000E+00   3.500000E+00   9.997757E-01
          241   6.000000E+00   3.500000E+00   9.997771E-01
          242   6.500000E+00   3.500000E+00   9.997773E-01
          243   7.000000E+00   3.500000E+00   9.997774E-01
          244   7.500000E+00   3.500000E+00   9.997774E-01
          245   8.000000E+00   3.500000E+00   9.997774E-01
          246   8.500000E+00   3.500000E+00   9.997775E-01
          247   9.000000E+00   3.500000E+00   9.997776E-01
          248   9.500000E+00   3.500000E+00   9.997786E-01
          249   1.000000E+01   3.500000E+00   9.998299E-01
          250   5.000000E+00   3.000000E+00   9.996757E-01
          251   5.500000E+00   3.000000E+00   9.997607E-01
          252   6.000000E+00   3.000000E+00   9.997622E-01
          253   6.500000E+00   3.000000E+00   9.997624E-01
          254   7.000000E+00   3.000000E+00   9.997624E-01
          255   7.500000E+00   3.000000E+00   9.997625E-01
          256   8.000000E+00   3.000000E+00   9.997625E-01
          257   8.500000E+00   3.000000E+00   9.997625E-01
          258   9.000000E+00   3.000000E+00   9.997626E-01
          259   9.500000E+00   3.000000E+00   9.997636E-01
          260   1.000000E+01   3.000000E+00   9.998184E-01
          261   5.000000E+00   2.500000E+00   9.996537E-01
          262   5.500000E+00   2.500000E+00   9.997446E-01
          263   6.000000E+00   2.500000E+00   9.997461E-01
          264   6.500000E+00   2.500000E+00   9.997463E-01
          265   7.000000E+00   2.500000E+00   9.997464E-01
          266   7.500000E+00   2.500000E+00   9.997464E-01
          267   8.000000E+00   2.500000E+00   9.997464E-01
          268   8.500000E+00   2.500000E+00   9.997464E-01
          269   9.000000E+00   2.500000E+00   9.997465E-01
          270   9.500000E+00   2.500000E+00   9.997475E-01
          271   1.000000E+01   2.500000E+00   9.998061E-01
          272   5.000000E+00   2.000000E+00   9.996302E-01
          273   5.500000E+00   2.000000E+00   9.997271E-01
          274   6.000000E+00   2.000000E+00   9.997287E-01
          275   6.500000E+00   2.000000E+00   9.997290E-01
          276   7.000000E+00   2.000000E+00   9.997290E-01
          277   7.500000E+00   2.000000E+00   9.997290E-01
          278   8.000000E+00   2.000000E+00   9.997290E-01
          279   8.500000E+00   2.000000E+00   9.997289E-01
          280   9.000000E+00   2.000000E+00   9.997289E-01
          281   9.500000E+00   2.000000E+00   9.997298E-01
          282   1.000000E+01   2.000000E+00   9.997925E-01
          283   5.000000E+00   1.500000E+00   9.996049E-01
          284   5.500000E+00   1.500000E+00   9.997083E-01
          285   6.000000E+00   1.500000E+00   9.997100E-01
          286   6.500000E+00   1.500000E+00   9.997102E-01
          287   7.000000E+00   1.500000E+00   9.997103E-01
          288   7.500000E+00   1.500000E+00   9.997102E-01
          289   8.000000E+00   1.500000E+00   9.997101E-01
          290   8.500000E+00   1.500000E+00   9.997099E-01
          291   9.000000E+00   1.500000E+00   9.997095E-01
          292   9.500000E+00   1.500000E+00   9.997099E-01
          293   1.000000E+01   1.500000E+00   9.997771E-01
          294   5.000000E+00   1.000000E+00   9.995777E-01
          295   5.500000E+00   1.000000E+00   9.996879E-01
          296   6.000000E+00   1.000000E+00   9.996896E-01
          297   6.500000E+00   1.000000E+00   9.996899E-01
          298   7.000000E+00   1.000000E+00   9.996899E-01
          299   7.500000E+00   1.000000E+00   9.996898E-01
          300   8.000000E+00   1.000000E+00   9.996896E-01
          301   8.500000E+00   1.000000E+00   9.996890E-01
          302   9.000000E+00   1.000000E+00   9.996875E-01
          303   9.500000E+00   1.000000E+00   9.996821E-01
          304   1.000000E+01   1.000000E+00   9.997546E-01
          305   5.000000E+00   5.000000E-01   9.995506E-01
          306   5.500000E+00   5.000000E-01   9.996675E-01
          307   6.000000E+00   5.000000E-01   9.996692E-01
          308   6.500000E+00   5.000000E-01   9.996695E-01
          309   7.000000E+00   5.000000E-01   9.996695E-01
          310   7.500000E+00   5.000000E-01   9.996693E-01
          311   8.000000E+00   5.000000E-01   9.996689E-01
          312   8.500000E+00   5.000000E-01   9.996677E-01
          313   9.000000E+00   5.000000E-01   9.996604E-01
          314   9.500000E+00   5.000000E-01   9.996947E-01
          315   1.000000E+01   5.000000E-01   9.997534E-01
          316   5.000000E+00   0.000000E+00   9.996669E-01
          317   5.500000E+00   0.000000E+00   9.997451E-01
          318   6.000000E+00   0.000000E+00   9.997462E-01
          319   6.500000E+00   0.000000E+00   9.997464E-01
          320   7.000000E+00   0.000000E+00   9.997464E-01
          321   7.500000E+00   0.000000E+00   9.997462E-01
          322   8.000000E+00   0.000000E+00   9.997459E-01
          323   8.500000E+00   0.000000E+00   9.997447E-01
          324   9.000000E+00   0.000000E+00   9.997378E-01
          325   9.500000E+00   0.000000E+00   9.997531E-01
          326   1.000000E+01   0.000000E+00   9.998333E-01
    135  7.42057465E+03     NSTEP   TIME
 SURFACE NODE              X              Y             SW
            1   0.000000E+00   1.000000E+01   9.530042E-01
            2   5.000000E-01   1.000000E+01   9.530296E-01
            3   1.000000E+00   1.000000E+01   9.530236E-01
            4   1.500000E+00   1.000000E+01   9.530018E-01
            5   2.000000E+00   1.000000E+01   9.529670E-01
            6   2.500000E+00   1.000000E+01   9.529209E-01
            7   3.000000E+00   1.000000E+01   9.528651E-01
            8   3.500000E+00   1.000000E+01   9.528015E-01
            9   4.000000E+00   1.000000E+01   9.527320E-01
           10   4.500000E+00   1.000000E+01   9.526589E-01
           11   5.000000E+00   1.000000E+01   9.525850E-01
           12   5.500000E+00   1.000000E+01   9.525134E-01
           13   6.000000E+00   1.000000E+01   9.524481E-01
           14   6.500000E+00   1.000000E+01   9.523947E-01
           15   7.000000E+00   1.000000E+01   9.523630E-01
           16   7.500000E+00   1.000000E+01   9.523879E-01
           17   0.000000E+00   9.500000E+00   9.530181E-01
           18   5.000000E-01   9.500000E+00   9.530561E-01
           19   1.000000E+00   9.500000E+00   9.530513E-01
           20   1.500000E+00   9.500000E+00   9.530294E-01
           21   2.000000E+00   9.500000E+00   9.529942E-01
           22   2.500000E+00   9.500000E+00   9.529476E-01
           23   3.000000E+00   9.500000E+00   9.528911E-01
           24   3.500000E+00   9.500000E+00   9.528266E-01
           25   4.000000E+00   9.500000E+00   9.527560E-01
           26   4.500000E+00   9.500000E+00   9.526817E-01
           27   5.000000E+00   9.500000E+00   9.526064E-01
           28   5.500000E+00   9.500000E+00   9.525330E-01
           29   6.000000E+00   9.500000E+00   9.524653E-01
           30   6.500000E+00   9.500000E+00   9.524087E-01
           31   7.000000E+00   9.500000E+00   9.523727E-01
           32   7.500000E+00   9.500000E+00   9.523935E-01
           33   0.000000E+00   9.000000E+00   9.529923E-01
           34   5.000000E-01   9.000000E+00   9.530316E-01
           35   1.000000E+00   9.000000E+00   9.530271E-01
           36   1.500000E+00   9.000000E+00   9.530045E-01
           37   2.000000E+00   9.000000E+00   9.529681E-01
           38   2.500000E+00   9.000000E+00   9.529196E-01
           39   3.000000E+00   9.000000E+00   9.528607E-01
           40   3.500000E+00   9.000000E+00   9.527933E-01
           41   4.000000E+00   9.000000E+00   9.527192E-01
           42   4.500000E+00   9.000000E+00   9.526410E-01
           43   5.000000E+00   9.000000E+00   9.525610E-01
           44   5.500000E+00   9.000000E+00   9.524823E-01
           45   6.000000E+00   9.000000E+00   9.524075E-01
           46   6.500000E+00   9.000000E+00   9.523403E-01
           47   7.000000E+00   9.000000E+00   9.522876E-01
           48   7.500000E+00   9.000000E+00   9.522863E-01
           49   0.000000E+00   8.500000E+00   9.529474E-01
           50   5.000000E-01   8.500000E+00   9.529870E-01
           51   1.000000E+00   8.500000E+00   9.529819E-01
           52   1.500000E+00   8.500000E+00   9.529581E-01
           53   2.000000E+00   8.500000E+00   9.529195E-01
           54   2.500000E+00   8.500000E+00   9.528679E-01
           55   3.000000E+00   8.500000E+00   9.528050E-01
           56   3.500000E+00   8.500000E+00   9.527326E-01
           57   4.000000E+00   8.500000E+00   9.526526E-01
           58   4.500000E+00   8.500000E+00   9.525677E-01
           59   5.000000E+00   8.500000E+00   9.524804E-01
           60   5.500000E+00   8.500000E+00   9.523933E-01
           61   6.000000E+00   8.500000E+00   9.523083E-01
           62   6.500000E+00   8.500000E+00   9.522253E-01
           63   7.000000E+00   8.500000E+00   9.521398E-01
           64   7.500000E+00   8.500000E+00   9.520308E-01
           65   8.000000E+00   8.500000E+00   9.517699E-01
           66   8.500000E+00   8.500000E+00   9.516449E-01
           67   9.000000E+00   8.500000E+00   9.515753E-01
           68   9.500000E+00   8.500000E+00   9.515456E-01
           69   1.000000E+01   8.500000E+00   9.515760E-01
           70   0.000000E+00   8.000000E+00   9.528902E-01
           71   5.000000E-01   8.000000E+00   9.529296E-01
           72   1.000000E+00   8.000000E+00   9.529235E-01
           73   1.500000E+00   8.000000E+00   9.528978E-01
           74   2.000000E+00   8.000000E+00   9.528563E-01
           75   2.500000E+00   8.000000E+00   9.528004E-01
           76   3.000000E+00   8.000000E+00   9.527318E-01
           77   3.500000E+00   8.000000E+00   9.526523E-01
           78   4.000000E+00   8.000000E+00   9.525640E-01
           79   4.500000E+00   8.000000E+00   9.524695E-01
           80   5.000000E+00   8.000000E+00   9.523722E-01
           81   5.500000E+00   8.000000E+00   9.522749E-01
           82   6.000000E+00   8.000000E+00   9.521795E-01
           83   6.500000E+00   8.000000E+00   9.520855E-01
           84   7.000000E+00   8.000000E+00   9.519889E-01
           85   7.500000E+00   8.000000E+00   9.518798E-01
           86   8.000000E+00   8.000000E+00   9.517445E-01
           87   8.500000E+00   8.000000E+00   9.516453E-01
           88   9.000000E+00   8.000000E+00   9.515830E-01
           89   9.500000E+00   8.000000E+00   9.515561E-01
           90   1.000000E+01   8.000000E+00   9.515871E-01
           91   0.000000E+00   7.500000E+00   9.528253E-01
           92   5.000000E-01   7.500000E+00   9.528646E-01
           93   1.000000E+00   7.500000E+00   9.528571E-01
           94   1.500000E+00   7.500000E+00   9.528289E-01
           95   2.000000E+00   7.500000E+00   9.527836E-01
           96   2.500000E+00   7.500000E+00   9.527226E-01
           97   3.000000E+00   7.500000E+00   9.526468E-01
           98   3.500000E+00   7.500000E+00   9.525579E-01
           99   4.000000E+00   7.500000E+00   9.524583E-01
          100   4.500000E+00   7.500000E+00   9.523510E-01
          101   5.000000E+00   7.500000E+00   9.522404E-01
          102   5.500000E+00   7.500000E+00   9.521309E-01
          103   6.000000E+00   7.500000E+00   9.520253E-01
          104   6.500000E+00   7.500000E+00   9.519240E-01
          105   7.000000E+00   7.500000E+00   9.518254E-01
          106   7.500000E+00   7.500000E+00   9.517268E-01
          107   8.000000E+00   7.500000E+00   9.516293E-01
          108   8.500000E+00   7.500000E+00   9.515512E-01
          109   9.000000E+00   7.500000E+00   9.514992E-01
          110   9.500000E+00   7.500000E+00   9.514772E-01
          111   1.000000E+01   7.500000E+00   9.515103E-01
          112   0.000000E+00   7.000000E+00   9.527576E-01
          113   5.000000E-01   7.000000E+00   9.527967E-01
          114   1.000000E+00   7.000000E+00   9.527877E-01
          115   1.500000E+00   7.000000E+00   9.527568E-01
          116   2.000000E+00   7.000000E+00   9.527071E-01
          117   2.500000E+00   7.000000E+00   9.526399E-01
          118   3.000000E+00   7.000000E+00   9.525556E-01
          119   3.500000E+00   7.000000E+00   9.524552E-01
          120   4.000000E+00   7.000000E+00   9.523408E-01
          121   4.500000E+00   7.000000E+00   9.522161E-01
          122   5.000000E+00   7.000000E+00   9.520875E-01
          123   5.500000E+00   7.000000E+00   9.519625E-01
          124   6.000000E+00   7.000000E+00   9.518458E-01
          125   6.500000E+00   7.000000E+00   9.517386E-01
          126   7.000000E+00   7.000000E+00   9.516401E-01
          127   7.500000E+00   7.000000E+00   9.515497E-01
          128   8.000000E+00   7.000000E+00   9.514690E-01
          129   8.500000E+00   7.000000E+00   9.514046E-01
          130   9.000000E+00   7.000000E+00   9.513616E-01
          131   9.500000E+00   7.000000E+00   9.513445E-01
          132   1.000000E+01   7.000000E+00   9.513795E-01
          133   0.000000E+00   6.500000E+00   9.526923E-01
          134   5.000000E-01   6.500000E+00   9.527313E-01
          135   1.000000E+00   6.500000E+00   9.527208E-01
          136   1.500000E+00   6.500000E+00   9.526871E-01
          137   2.000000E+00   6.500000E+00   9.526330E-01
          138   2.500000E+00   6.500000E+00   9.525591E-01
          139   3.000000E+00   6.500000E+00   9.524652E-01
          140   3.500000E+00   6.500000E+00   9.523511E-01
          141   4.000000E+00   6.500000E+00   9.522178E-01
          142   4.500000E+00   6.500000E+00   9.520690E-01
          143   5.000000E+00   6.500000E+00   9.519141E-01
          144   5.500000E+00   6.500000E+00   9.517683E-01
          145   6.000000E+00   6.500000E+00   9.516387E-01
          146   6.500000E+00   6.500000E+00   9.515258E-01
          147   7.000000E+00   6.500000E+00   9.514278E-01
          148   7.500000E+00   6.500000E+00   9.513432E-01
          149   8.000000E+00   6.500000E+00   9.512721E-01
          150   8.500000E+00   6.500000E+00   9.512171E-01
          151   9.000000E+00   6.500000E+00   9.511809E-01
          152   9.500000E+00   6.500000E+00   9.511680E-01
          153   1.000000E+01   6.500000E+00   9.512048E-01
          154   0.000000E+00   6.000000E+00   9.526361E-01
          155   5.000000E-01   6.000000E+00   9.526750E-01
          156   1.000000E+00   6.000000E+00   9.526632E-01
          157   1.500000E+00   6.000000E+00   9.526269E-01
          158   2.000000E+00   6.000000E+00   9.525689E-01
          159   2.500000E+00   6.000000E+00   9.524887E-01
          160   3.000000E+00   6.000000E+00   9.523850E-01
          161   3.500000E+00   6.000000E+00   9.522558E-01
          162   4.000000E+00   6.000000E+00   9.520992E-01
          163   4.500000E+00   6.000000E+00   9.519159E-01
          164   5.000000E+00   6.000000E+00   9.517183E-01
          165   5.500000E+00   6.000000E+00   9.515432E-01
          166   6.000000E+00   6.000000E+00   9.513992E-01
          167   6.500000E+00   6.000000E+00   9.512819E-01
          168   7.000000E+00   6.000000E+00   9.511855E-01
          169   7.500000E+00   6.000000E+00   9.511061E-01
          170   8.000000E+00   6.000000E+00   9.510423E-01
          171   8.500000E+00   6.000000E+00   9.509943E-01
          172   9.000000E+00   6.000000E+00   9.509637E-01
          173   9.500000E+00   6.000000E+00   9.509544E-01
          174   1.000000E+01   6.000000E+00   9.509926E-01
          175   0.000000E+00   5.500000E+00   9.525993E-01
          176   5.000000E-01   5.500000E+00   9.526380E-01
          177   1.000000E+00   5.500000E+00   9.526251E-01
          178   1.500000E+00   5.500000E+00   9.525871E-01
          179   2.000000E+00   5.500000E+00   9.525261E-01
          180   2.500000E+00   5.500000E+00   9.524412E-01
          181   3.000000E+00   5.500000E+00   9.523296E-01
          182   3.500000E+00   5.500000E+00   9.521865E-01
          183   4.000000E+00   5.500000E+00   9.520041E-01
          184   4.500000E+00   5.500000E+00   9.517720E-01
          185   5.000000E+00   5.500000E+00   9.514904E-01
          186   5.500000E+00   5.500000E+00   9.512745E-01
          187   6.000000E+00   5.500000E+00   9.511189E-01
          188   6.500000E+00   5.500000E+00   9.510020E-01
          189   7.000000E+00   5.500000E+00   9.509106E-01
          190   7.500000E+00   5.500000E+00   9.508378E-01
          191   8.000000E+00   5.500000E+00   9.507809E-01
          192   8.500000E+00   5.500000E+00   9.507392E-01
          193   9.000000E+00   5.500000E+00   9.507135E-01
          194   9.500000E+00   5.500000E+00   9.507074E-01
          195   1.000000E+01   5.500000E+00   9.507470E-01
          196   0.000000E+00   5.000000E+00   9.526222E-01
          197   5.000000E-01   5.000000E+00   9.526566E-01
          198   1.000000E+00   5.000000E+00   9.526430E-01
          199   1.500000E+00   5.000000E+00   9.526043E-01
          200   2.000000E+00   5.000000E+00   9.525423E-01
          201   2.500000E+00   5.000000E+00   9.524555E-01
          202   3.000000E+00   5.000000E+00   9.523405E-01
          203   3.500000E+00   5.000000E+00   9.521902E-01
          204   4.000000E+00   5.000000E+00   9.519899E-01
          205   4.500000E+00   5.000000E+00   9.517019E-01
          206   5.000000E+00   5.000000E+00   9.511927E-01
          207   5.500000E+00   5.000000E+00   9.509271E-01
          208   6.000000E+00   5.000000E+00   9.507784E-01
          209   6.500000E+00   5.000000E+00   9.506738E-01
          210   7.000000E+00   5.000000E+00   9.505934E-01
          211   7.500000E+00   5.000000E+00   9.505300E-01
          212   8.000000E+00   5.000000E+00   9.504810E-01
          213   8.500000E+00   5.000000E+00   9.504456E-01
          214   9.000000E+00   5.000000E+00   9.504246E-01
          215   9.500000E+00   5.000000E+00   9.504214E-01
          216   1.000000E+01   5.000000E+00   9.504629E-01
          217   5.000000E+00   4.500000E+00   9.505301E-01
          218   5.500000E+00   4.500000E+00   9.504865E-01
          219   6.000000E+00   4.500000E+00   9.504067E-01
          220   6.500000E+00   4.500000E+00   9.503331E-01
          221   7.000000E+00   4.500000E+00   9.502705E-01
          222   7.500000E+00   4.500000E+00   9.502191E-01
          223   8.000000E+00   4.500000E+00   9.501788E-01
          224   8.500000E+00   4.500000E+00   9.501499E-01
          225   9.000000E+00   4.500000E+00   9.501335E-01
          226   9.500000E+00   4.500000E+00   9.501331E-01
          227   1.000000E+01   4.500000E+00   9.501760E-01
          228   5.000000E+00   4.000000E+00   9.500681E-01
          229   5.500000E+00   4.000000E+00   9.500732E-01
          230   6.000000E+00   4.000000E+00   9.500340E-01
          231   6.500000E+00   4.000000E+00   9.499869E-01
          232   7.000000E+00   4.000000E+00   9.499418E-01
          233   7.500000E+00   4.000000E+00   9.499027E-01
          234   8.000000E+00   4.000000E+00   9.498712E-01
          235   8.500000E+00   4.000000E+00   9.498486E-01
          236   9.000000E+00   4.000000E+00   9.498367E-01
          237   9.500000E+00   4.000000E+00   9.498390E-01
          238   1.000000E+01   4.000000E+00   9.498832E-01
          239   5.000000E+00   3.500000E+00   9.496751E-01
          240   5.500000E+00   3.500000E+00   9.496935E-01
          241   6.000000E+00   3.500000E+00   9.496748E-01
          242   6.500000E+00   3.500000E+00   9.496460E-01
          243   7.000000E+00   3.500000E+00   9.496151E-01
          244   7.500000E+00   3.500000E+00   9.495866E-01
          245   8.000000E+00   3.500000E+00   9.495630E-01
          246   8.500000E+00   3.500000E+00   9.495463E-01
          247   9.000000E+00   3.500000E+00   9.495384E-01
          248   9.500000E+00   3.500000E+00   9.495432E-01
          249   1.000000E+01   3.500000E+00   9.495887E-01
          250   5.000000E+00   3.000000E+00   9.493211E-01
          251   5.500000E+00   3.000000E+00   9.493435E-01
          252   6.000000E+00   3.000000E+00   9.493354E-01
          253   6.500000E+00   3.000000E+00   9.493181E-01
          254   7.000000E+00   3.000000E+00   9.492977E-01
          255   7.500000E+00   3.000000E+00   9.492777E-01
          256   8.000000E+00   3.000000E+00   9.492608E-01
          257   8.500000E+00   3.000000E+00   9.492490E-01
          258   9.000000E+00   3.000000E+00   9.492446E-01
          259   9.500000E+00   3.000000E+00   9.492516E-01
          260   1.000000E+01   3.000000E+00   9.492983E-01
          261   5.000000E+00   2.500000E+00   9.489991E-01
          262   5.500000E+00   2.500000E+00   9.490230E-01
          263   6.000000E+00   2.500000E+00   9.490205E-01
          264   6.500000E+00   2.500000E+00   9.490104E-01
          265   7.000000E+00   2.500000E+00   9.489972E-01
          266   7.500000E+00   2.500000E+00   9.489837E-01
          267   8.000000E+00   2.500000E+00   9.489720E-01
          268   8.500000E+00   2.500000E+00   9.489643E-01
          269   9.000000E+00   2.500000E+00   9.489627E-01
          270   9.500000E+00   2.500000E+00   9.489715E-01
          271   1.000000E+01   2.500000E+00   9.490193E-01
          272   5.000000E+00   2.000000E+00   9.487107E-01
          273   5.500000E+00   2.000000E+00   9.487346E-01
          274   6.000000E+00   2.000000E+00   9.487353E-01
          275   6.500000E+00   2.000000E+00   9.487297E-01
          276   7.000000E+00   2.000000E+00   9.487213E-01
          277   7.500000E+00   2.000000E+00   9.487123E-01
          278   8.000000E+00   2.000000E+00   9.487047E-01
          279   8.500000E+00   2.000000E+00   9.487001E-01
          280   9.000000E+00   2.000000E+00   9.487007E-01
          281   9.500000E+00   2.000000E+00   9.487108E-01
          282   1.000000E+01   2.000000E+00   9.487596E-01
          283   5.000000E+00   1.500000E+00   9.484614E-01
          284   5.500000E+00   1.500000E+00   9.484846E-01
          285   6.000000E+00   1.500000E+00   9.484870E-01
          286   6.500000E+00   1.500000E+00   9.484841E-01
          287   7.000000E+00   1.500000E+00   9.484788E-01
          288   7.500000E+00   1.500000E+00   9.484729E-01
          289   8.000000E+00   1.500000E+00   9.484681E-01
          290   8.500000E+00   1.500000E+00   9.484657E-01
          291   9.000000E+00   1.500000E+00   9.484678E-01
          292   9.500000E+00   1.500000E+00   9.484787E-01
          293   1.000000E+01   1.500000E+00   9.485283E-01
          294   5.000000E+00   1.000000E+00   9.482612E-01
          295   5.500000E+00   1.000000E+00   9.482831E-01
          296   6.000000E+00   1.000000E+00   9.482863E-01
          297   6.500000E+00   1.000000E+00   9.482851E-01
          298   7.000000E+00   1.000000E+00   9.482817E-01
          299   7.500000E+00   1.000000E+00   9.482778E-01
          300   8.000000E+00   1.000000E+00   9.482746E-01
          301   8.500000E+00   1.000000E+00   9.482735E-01
          302   9.000000E+00   1.000000E+00   9.482764E-01
          303   9.500000E+00   1.000000E+00   9.482871E-01
          304   1.000000E+01   1.000000E+00   9.483369E-01
          305   5.000000E+00   5.000000E-01   9.481279E-01
          306   5.500000E+00   5.000000E-01   9.481499E-01
          307   6.000000E+00   5.000000E-01   9.481536E-01
          308   6.500000E+00   5.000000E-01   9.481533E-01
          309   7.000000E+00   5.000000E-01   9.481510E-01
          310   7.500000E+00   5.000000E-01   9.481481E-01
          311   8.000000E+00   5.000000E-01   9.481457E-01
          312   8.500000E+00   5.000000E-01   9.481451E-01
          313   9.000000E+00   5.000000E-01   9.481477E-01
          314   9.500000E+00   5.000000E-01   9.498774E-01
          315   1.000000E+01   5.000000E-01   9.499247E-01
          316   5.000000E+00   0.000000E+00   9.481221E-01
          317   5.500000E+00   0.000000E+00   9.481580E-01
          318   6.000000E+00   0.000000E+00   9.481628E-01
          319   6.500000E+00   0.000000E+00   9.481629E-01
          320   7.000000E+00   0.000000E+00   9.481609E-01
          321   7.500000E+00   0.000000E+00   9.481584E-01
          322   8.000000E+00   0.000000E+00   9.481564E-01
          323   8.500000E+00   0.000000E+00   9.481558E-01
