     1 3.125000E-01 3.125000E-01     0  0.00000E+000  0.00000E+000 -0.00000E+000  0.00000E+000 -0.00000E+000  0.00000E+000  0.00000E+000  0.00000E+000  0.00000E+000  0.00000E+000  0.00000E+000
     2 1.562500E-01 4.687500E-01     0  0.00000E+000  0.00000E+000 -0.00000E+000  0.00000E+000 -0.00000E+000  0.00000E+000  0.00000E+000  0.00000E+000  0.00000E+000  0.00000E+000  0.00000E+000
     3 1.718750E-01 6.406250E-01     0  0.00000E+000  0.00000E+000 -0.00000E+000  0.00000E+000 -0.00000E+000  0.00000E+000  0.00000E+000  0.00000E+000  0.00000E+000  0.00000E+000  0.00000E+000
     4 1.890625E-01 8.296875E-01     0  0.00000E+000  0.00000E+000 -0.00000E+000  0.00000E+000 -0.00000E+000  0.00000E+000  0.00000E+000  0.00000E+000  0.00000E+000  0.00000E+000  0.00000E+000
     5 2.079688E-01 1.037656E+00     0  0.00000E+000  0.00000E+000 -0.00000E+000  0.00000E+000 -0.00000E+000  0.00000E+000  0.00000E+000  0.00000E+000  0.00000E+000  0.00000E+000  0.00000E+000
     6 2.287656E-01 1.266422E+00     0  0.00000E+000  0.00000E+000 -0.00000E+000  0.00000E+000 -0.00000E+000  0.00000E+000  0.00000E+000  0.00000E+000  0.00000E+000  0.00000E+000  0.00000E+000
     7 2.516422E-01 1.518064E+00     0  0.00000E+000  0.00000E+000 -0.00000E+000  0.00000E+000 -0.00000E+000  0.00000E+000  0.00000E+000  0.00000E+000  0.00000E+000  0.00000E+000  0.00000E+000
     8 2.768064E-01 1.794870E+00     0  0.00000E+000  0.00000E+000 -0.00000E+000  0.00000E+000 -0.00000E+000  0.00000E+000  0.00000E+000  0.00000E+000  0.00000E+000  0.00000E+000  0.00000E+000
     9 3.044870E-01 2.099358E+00     0  0.00000E+000  0.00000E+000 -0.00000E+000  0.00000E+000 -0.00000E+000  0.00000E+000  0.00000E+000  0.00000E+000  0.00000E+000  0.00000E+000  0.00000E+000
    10 3.349358E-01 2.434293E+00     0  0.00000E+000  0.00000E+000 -0.00000E+000  0.00000E+000 -0.00000E+000  0.00000E+000  0.00000E+000  0.00000E+000  0.00000E+000  0.00000E+000  0.00000E+000
    11 3.684293E-01 2.802723E+00     0  0.00000E+000  0.00000E+000 -0.00000E+000  0.00000E+000 -0.00000E+000  0.00000E+000  0.00000E+000  0.00000E+000  0.00000E+000  0.00000E+000  0.00000E+000
    12 4.052723E-01 3.207995E+00     0  0.00000E+000  0.00000E+000 -0.00000E+000  0.00000E+000 -0.00000E+000  0.00000E+000  0.00000E+000  0.00000E+000  0.00000E+000  0.00000E+000  0.00000E+000
    13 4.457995E-01 3.653794E+00     0  0.00000E+000  0.00000E+000 -0.00000E+000  0.00000E+000 -0.00000E+000  0.00000E+000  0.00000E+000  0.00000E+000  0.00000E+000  0.00000E+000  0.00000E+000
    14 4.903794E-01 4.144174E+00     0  0.00000E+000  0.00000E+000 -0.00000E+000  0.00000E+000 -0.00000E+000  0.00000E+000  0.00000E+000  0.00000E+000  0.00000E+000  0.00000E+000  0.00000E+000
    15 5.394174E-01 4.683591E+00     0  0.00000E+000  0.00000E+000 -0.00000E+000  0.00000E+000 -0.00000E+000  0.00000E+000  0.00000E+000  0.00000E+000  0.00000E+000  0.00000E+000  0.00000E+000
    16 5.933591E-01 5.276950E+00     0  0.00000E+000  0.00000E+000 -0.00000E+000  0.00000E+000 -0.00000E+000  0.00000E+000  0.00000E+000  0.00000E+000  0.00000E+000  0.00000E+000  0.00000E+000
    17 6.526950E-01 5.929645E+00     0  0.00000E+000  0.00000E+000 -0.00000E+000  0.00000E+000 -0.00000E+000  0.00000E+000  0.00000E+000  0.00000E+000  0.00000E+000  0.00000E+000  0.00000E+000
    18 7.179645E-01 6.647610E+00     0  0.00000E+000  0.00000E+000 -0.00000E+000  0.00000E+000 -0.00000E+000  0.00000E+000  0.00000E+000  0.00000E+000  0.00000E+000  0.00000E+000  0.00000E+000
    19 7.897610E-01 7.437371E+00     0  0.00000E+000  0.00000E+000 -0.00000E+000  0.00000E+000 -0.00000E+000  0.00000E+000  0.00000E+000  0.00000E+000  0.00000E+000  0.00000E+000  0.00000E+000
    20 8.687371E-01 8.306108E+00     0  0.00000E+000  0.00000E+000 -0.00000E+000  0.00000E+000 -0.00000E+000  0.00000E+000  0.00000E+000  0.00000E+000  0.00000E+000  0.00000E+000  0.00000E+000
    21 9.556108E-01 9.261719E+00     0  0.00000E+000  0.00000E+000 -0.00000E+000  0.00000E+000 -0.00000E+000  0.00000E+000  0.00000E+000  0.00000E+000  0.00000E+000  0.00000E+000  0.00000E+000
    22 9.556108E-01 1.021733E+01     0  0.00000E+000  0.00000E+000 -0.00000E+000  0.00000E+000 -0.00000E+000  0.00000E+000  0.00000E+000  0.00000E+000  0.00000E+000  0.00000E+000  0.00000E+000
    23 1.051172E+00 1.126850E+01     0  0.00000E+000  0.00000E+000 -0.00000E+000  0.00000E+000 -0.00000E+000  0.00000E+000  0.00000E+000  0.00000E+000  0.00000E+000  0.00000E+000  0.00000E+000
    24 1.051172E+00 1.231967E+01     0  0.00000E+000  0.00000E+000 -0.00000E+000  0.00000E+000 -0.00000E+000  0.00000E+000  0.00000E+000  0.00000E+000  0.00000E+000  0.00000E+000  0.00000E+000
    25 1.156289E+00 1.347596E+01     0  0.00000E+000  0.00000E+000 -0.00000E+000  0.00000E+000 -0.00000E+000  0.00000E+000  0.00000E+000  0.00000E+000  0.00000E+000  0.00000E+000  0.00000E+000
    26 1.271918E+00 1.474788E+01     0  0.00000E+000  0.00000E+000 -0.00000E+000  0.00000E+000 -0.00000E+000  0.00000E+000  0.00000E+000  0.00000E+000  0.00000E+000  0.00000E+000  0.00000E+000
    27 1.399110E+00 1.614699E+01     0  0.00000E+000  0.00000E+000 -0.00000E+000  0.00000E+000 -0.00000E+000  0.00000E+000  0.00000E+000  0.00000E+000  0.00000E+000  0.00000E+000  0.00000E+000
    28 1.539021E+00 1.768601E+01     0  0.00000E+000  0.00000E+000 -0.00000E+000  0.00000E+000 -0.00000E+000  0.00000E+000  0.00000E+000  0.00000E+000  0.00000E+000  0.00000E+000  0.00000E+000
    29 1.692923E+00 1.937893E+01     0  0.00000E+000  0.00000E+000 -0.00000E+000  0.00000E+000 -0.00000E+000  0.00000E+000  0.00000E+000  0.00000E+000  0.00000E+000  0.00000E+000  0.00000E+000
    30 1.862215E+00 2.124115E+01     0  0.00000E+000  0.00000E+000 -0.00000E+000  0.00000E+000 -0.00000E+000  0.00000E+000  0.00000E+000  0.00000E+000  0.00000E+000  0.00000E+000  0.00000E+000
    31 2.048437E+00 2.328959E+01     0  0.00000E+000  0.00000E+000 -0.00000E+000  0.00000E+000 -0.00000E+000  0.00000E+000  0.00000E+000  0.00000E+000  0.00000E+000  0.00000E+000  0.00000E+000
    32 2.253280E+00 2.554287E+01     0  0.00000E+000  0.00000E+000 -0.00000E+000  0.00000E+000 -0.00000E+000  0.00000E+000  0.00000E+000  0.00000E+000  0.00000E+000  0.00000E+000  0.00000E+000
    33 2.478608E+00 2.802147E+01     0  0.00000E+000  0.00000E+000 -0.00000E+000  0.00000E+000 -0.00000E+000  0.00000E+000  0.00000E+000  0.00000E+000  0.00000E+000  0.00000E+000  0.00000E+000
    34 2.726469E+00 3.074794E+01     0  0.00000E+000  0.00000E+000 -0.00000E+000  0.00000E+000 -0.00000E+000  0.00000E+000  0.00000E+000  0.00000E+000  0.00000E+000  0.00000E+000  0.00000E+000
    35 2.999116E+00 3.374706E+01     0  0.00000E+000  0.00000E+000 -0.00000E+000  0.00000E+000 -0.00000E+000  0.00000E+000  0.00000E+000  0.00000E+000  0.00000E+000  0.00000E+000  0.00000E+000
    36 3.299028E+00 3.704609E+01     0  0.00000E+000  0.00000E+000 -0.00000E+000  0.00000E+000 -0.00000E+000  0.00000E+000  0.00000E+000  0.00000E+000  0.00000E+000  0.00000E+000  0.00000E+000
    37 3.628930E+00 4.067502E+01     0  0.00000E+000  0.00000E+000 -0.00000E+000  0.00000E+000 -0.00000E+000  0.00000E+000  0.00000E+000  0.00000E+000  0.00000E+000  0.00000E+000  0.00000E+000
    38 3.991823E+00 4.466684E+01     0  0.00000E+000  0.00000E+000 -0.00000E+000  0.00000E+000 -0.00000E+000  0.00000E+000  0.00000E+000  0.00000E+000  0.00000E+000  0.00000E+000  0.00000E+000
    39 4.391006E+00 4.905785E+01     0  0.00000E+000  0.00000E+000 -0.00000E+000  0.00000E+000 -0.00000E+000  0.00000E+000  0.00000E+000  0.00000E+000  0.00000E+000  0.00000E+000  0.00000E+000
    40 4.830106E+00 5.388795E+01     0  0.00000E+000  0.00000E+000 -0.00000E+000  0.00000E+000 -0.00000E+000  0.00000E+000  0.00000E+000  0.00000E+000  0.00000E+000  0.00000E+000  0.00000E+000
    41 5.313117E+00 5.920107E+01     0  0.00000E+000  0.00000E+000 -0.00000E+000  0.00000E+000 -0.00000E+000  0.00000E+000  0.00000E+000  0.00000E+000  0.00000E+000  0.00000E+000  0.00000E+000
    42 5.844429E+00 6.504550E+01     0  0.00000E+000  0.00000E+000 -0.00000E+000  0.00000E+000 -0.00000E+000  0.00000E+000  0.00000E+000  0.00000E+000  0.00000E+000  0.00000E+000  0.00000E+000
    43 6.428872E+00 7.147437E+01     0  0.00000E+000  0.00000E+000 -0.00000E+000  0.00000E+000 -0.00000E+000  0.00000E+000  0.00000E+000  0.00000E+000  0.00000E+000  0.00000E+000  0.00000E+000
    44 7.071759E+00 7.854613E+01     0  0.00000E+000  0.00000E+000 -0.00000E+000  0.00000E+000 -0.00000E+000  0.00000E+000  0.00000E+000  0.00000E+000  0.00000E+000  0.00000E+000  0.00000E+000
    45 7.778935E+00 8.632506E+01     0  0.00000E+000  0.00000E+000 -0.00000E+000  0.00000E+000 -0.00000E+000  0.00000E+000  0.00000E+000  0.00000E+000  0.00000E+000  0.00000E+000  0.00000E+000
    46 8.556828E+00 9.488189E+01     0  0.00000E+000  0.00000E+000 -0.00000E+000  0.00000E+000 -0.00000E+000  0.00000E+000  0.00000E+000  0.00000E+000  0.00000E+000  0.00000E+000  0.00000E+000
    47 9.412511E+00 1.042944E+02     0  0.00000E+000  0.00000E+000 -0.00000E+000  0.00000E+000 -0.00000E+000  0.00000E+000  0.00000E+000  0.00000E+000  0.00000E+000  0.00000E+000  0.00000E+000
    48 1.035376E+01 1.146482E+02     0  0.00000E+000  0.00000E+000 -0.00000E+000  0.00000E+000 -0.00000E+000  0.00000E+000  0.00000E+000  0.00000E+000  0.00000E+000  0.00000E+000  0.00000E+000
    49 1.138914E+01 1.260373E+02     0  0.00000E+000  0.00000E+000 -0.00000E+000  0.00000E+000 -0.00000E+000  0.00000E+000  0.00000E+000  0.00000E+000  0.00000E+000  0.00000E+000  0.00000E+000
    50 1.252805E+01 1.385654E+02     0  0.00000E+000  0.00000E+000 -0.00000E+000  0.00000E+000 -0.00000E+000  0.00000E+000  0.00000E+000  0.00000E+000  0.00000E+000  0.00000E+000  0.00000E+000
    51 1.378086E+01 1.523462E+02     0  0.00000E+000  0.00000E+000 -0.00000E+000  0.00000E+000 -0.00000E+000  0.00000E+000  0.00000E+000  0.00000E+000  0.00000E+000  0.00000E+000  0.00000E+000
    52 1.515894E+01 1.675052E+02     0  0.00000E+000  0.00000E+000 -0.00000E+000  0.00000E+000 -0.00000E+000  0.00000E+000  0.00000E+000  0.00000E+000  0.00000E+000  0.00000E+000  0.00000E+000
    53 1.667484E+01 1.841800E+02     0  0.00000E+000  0.00000E+000 -0.00000E+000  0.00000E+000 -0.00000E+000  0.00000E+000  0.00000E+000  0.00000E+000  0.00000E+000  0.00000E+000  0.00000E+000
    54 1.834232E+01 2.025223E+02     0  0.00000E+000  0.00000E+000 -0.00000E+000  0.00000E+000 -0.00000E+000  0.00000E+000  0.00000E+000  0.00000E+000  0.00000E+000  0.00000E+000  0.00000E+000
    55 2.017655E+01 2.226989E+02     0  0.00000E+000  0.00000E+000 -0.00000E+000  0.00000E+000 -0.00000E+000  0.00000E+000  0.00000E+000  0.00000E+000  0.00000E+000  0.00000E+000  0.00000E+000
    56 2.219421E+01 2.448931E+02     0  0.00000E+000  0.00000E+000 -0.00000E+000  0.00000E+000 -0.00000E+000  0.00000E+000  0.00000E+000  0.00000E+000  0.00000E+000  0.00000E+000  0.00000E+000
    57 2.441363E+01 2.693067E+02     0  0.00000E+000  0.00000E+000 -0.00000E+000  0.00000E+000 -0.00000E+000  0.00000E+000  0.00000E+000  0.00000E+000  0.00000E+000  0.00000E+000  0.00000E+000
    58 2.685499E+01 2.961617E+02     0  0.00000E+000  0.00000E+000 -0.00000E+000  0.00000E+000 -0.00000E+000  0.00000E+000  0.00000E+000  0.00000E+000  0.00000E+000  0.00000E+000  0.00000E+000
    59 2.954049E+01 3.257022E+02     0  0.00000E+000  0.00000E+000 -0.00000E+000  0.00000E+000 -0.00000E+000  0.00000E+000  0.00000E+000  0.00000E+000  0.00000E+000  0.00000E+000  0.00000E+000
    60 3.249454E+01 3.581967E+02     0  0.00000E+000  0.00000E+000 -0.00000E+000  0.00000E+000 -0.00000E+000  0.00000E+000  0.00000E+000  0.00000E+000  0.00000E+000  0.00000E+000  0.00000E+000
    61 3.574399E+01 3.939407E+02     0  0.00000E+000  0.00000E+000 -0.00000E+000  0.00000E+000 -0.00000E+000  0.00000E+000  0.00000E+000  0.00000E+000  0.00000E+000  0.00000E+000  0.00000E+000
    62 3.931839E+01 4.332591E+02     0  0.00000E+000  0.00000E+000 -0.00000E+000  0.00000E+000 -0.00000E+000  0.00000E+000  0.00000E+000  0.00000E+000  0.00000E+000  0.00000E+000  0.00000E+000
    63 4.325023E+01 4.765093E+02     0  0.00000E+000  0.00000E+000 -0.00000E+000  0.00000E+000 -0.00000E+000  0.00000E+000  0.00000E+000  0.00000E+000  0.00000E+000  0.00000E+000  0.00000E+000
    64 4.757526E+01 5.240846E+02     0  0.00000E+000  0.00000E+000 -0.00000E+000  0.00000E+000 -0.00000E+000  0.00000E+000  0.00000E+000  0.00000E+000  0.00000E+000  0.00000E+000  0.00000E+000
    65 5.233278E+01 5.764174E+02     0  0.00000E+000  0.00000E+000 -0.00000E+000  0.00000E+000 -0.00000E+000  0.00000E+000  0.00000E+000  0.00000E+000  0.00000E+000  0.00000E+000  0.00000E+000
    66 5.756606E+01 6.339834E+02     0  0.00000E+000  0.00000E+000 -0.00000E+000  0.00000E+000 -0.00000E+000  0.00000E+000  0.00000E+000  0.00000E+000  0.00000E+000  0.00000E+000  0.00000E+000
    67 6.332267E+01 6.973061E+02     0  0.00000E+000  0.00000E+000 -0.00000E+000  0.00000E+000 -0.00000E+000  0.00000E+000  0.00000E+000  0.00000E+000  0.00000E+000  0.00000E+000  0.00000E+000
    68 6.965493E+01 7.669610E+02     0  0.00000E+000  0.00000E+000 -0.00000E+000  0.00000E+000 -0.00000E+000  0.00000E+000  0.00000E+000  0.00000E+000  0.00000E+000  0.00000E+000  0.00000E+000
    69 7.662043E+01 8.435815E+02     0  0.00000E+000  0.00000E+000 -0.00000E+000  0.00000E+000 -0.00000E+000  0.00000E+000  0.00000E+000  0.00000E+000  0.00000E+000  0.00000E+000  0.00000E+000
    70 8.428247E+01 9.278639E+02     0  0.00000E+000  0.00000E+000 -0.00000E+000  0.00000E+000 -0.00000E+000  0.00000E+000  0.00000E+000  0.00000E+000  0.00000E+000  0.00000E+000  0.00000E+000
    71 9.271072E+01 1.020575E+03     0  0.00000E+000  0.00000E+000 -0.00000E+000  0.00000E+000 -0.00000E+000  0.00000E+000  0.00000E+000  0.00000E+000  0.00000E+000  0.00000E+000  0.00000E+000
    72 1.000000E+02 1.120575E+03     0  0.00000E+000  0.00000E+000 -0.00000E+000  0.00000E+000 -0.00000E+000  0.00000E+000  0.00000E+000  0.00000E+000  0.00000E+000  0.00000E+000  0.00000E+000
    73 1.000000E+02 1.220575E+03     0  0.00000E+000  0.00000E+000 -0.00000E+000  0.00000E+000 -0.00000E+000  0.00000E+000  0.00000E+000  0.00000E+000  0.00000E+000  0.00000E+000  0.00000E+000
    74 1.000000E+02 1.320575E+03     0  0.00000E+000  0.00000E+000 -0.00000E+000  0.00000E+000 -0.00000E+000  0.00000E+000  0.00000E+000  0.00000E+000  0.00000E+000  0.00000E+000  0.00000E+000
    75 1.000000E+02 1.420575E+03     0  0.00000E+000  0.00000E+000 -0.00000E+000  0.00000E+000 -0.00000E+000  0.00000E+000  0.00000E+000  0.00000E+000  0.00000E+000  0.00000E+000  0.00000E+000
    76 1.000000E+02 1.520575E+03     0  0.00000E+000  0.00000E+000 -0.00000E+000  0.00000E+000 -0.00000E+000  0.00000E+000  0.00000E+000  0.00000E+000  0.00000E+000  0.00000E+000  0.00000E+000
    77 1.000000E+02 1.620575E+03     0  0.00000E+000  0.00000E+000 -0.00000E+000  0.00000E+000 -0.00000E+000  0.00000E+000  0.00000E+000  0.00000E+000  0.00000E+000  0.00000E+000  0.00000E+000
    78 1.000000E+02 1.720575E+03     0  0.00000E+000  0.00000E+000 -0.00000E+000  0.00000E+000 -0.00000E+000  0.00000E+000  0.00000E+000  0.00000E+000  0.00000E+000  0.00000E+000  0.00000E+000
    79 1.000000E+02 1.820575E+03     0  0.00000E+000  0.00000E+000 -0.00000E+000  0.00000E+000 -0.00000E+000  0.00000E+000  0.00000E+000  0.00000E+000  0.00000E+000  0.00000E+000  0.00000E+000
    80 1.000000E+02 1.920575E+03     0  0.00000E+000  0.00000E+000 -0.00000E+000  0.00000E+000 -0.00000E+000  0.00000E+000  0.00000E+000  0.00000E+000  0.00000E+000  0.00000E+000  0.00000E+000
    81 1.000000E+02 2.020575E+03     0  0.00000E+000  0.00000E+000 -0.00000E+000  0.00000E+000 -0.00000E+000  0.00000E+000  0.00000E+000  0.00000E+000  0.00000E+000  0.00000E+000  0.00000E+000
    82 1.000000E+02 2.120575E+03     0  0.00000E+000  0.00000E+000 -0.00000E+000  0.00000E+000 -0.00000E+000  0.00000E+000  0.00000E+000  0.00000E+000  0.00000E+000  0.00000E+000  0.00000E+000
    83 1.000000E+02 2.220575E+03     0  0.00000E+000  0.00000E+000 -0.00000E+000  0.00000E+000 -0.00000E+000  0.00000E+000  0.00000E+000  0.00000E+000  0.00000E+000  0.00000E+000  0.00000E+000
    84 1.000000E+02 2.320575E+03     0  0.00000E+000  0.00000E+000 -0.00000E+000  0.00000E+000 -0.00000E+000  0.00000E+000  0.00000E+000  0.00000E+000  0.00000E+000  0.00000E+000  0.00000E+000
    85 1.000000E+02 2.420575E+03     0  0.00000E+000  0.00000E+000 -0.00000E+000  0.00000E+000 -0.00000E+000  0.00000E+000  0.00000E+000  0.00000E+000  0.00000E+000  0.00000E+000  0.00000E+000
    86 1.000000E+02 2.520575E+03     0  0.00000E+000  0.00000E+000 -0.00000E+000  0.00000E+000 -0.00000E+000  0.00000E+000  0.00000E+000  0.00000E+000  0.00000E+000  0.00000E+000  0.00000E+000
    87 1.000000E+02 2.620575E+03     0  0.00000E+000  0.00000E+000 -0.00000E+000  0.00000E+000 -0.00000E+000  0.00000E+000  0.00000E+000  0.00000E+000  0.00000E+000  0.00000E+000  0.00000E+000
    88 1.000000E+02 2.720575E+03     0  0.00000E+000  0.00000E+000 -0.00000E+000  0.00000E+000 -0.00000E+000  0.00000E+000  0.00000E+000  0.00000E+000  0.00000E+000  0.00000E+000  0.00000E+000
    89 1.000000E+02 2.820575E+03     0  0.00000E+000  0.00000E+000 -0.00000E+000  0.00000E+000 -0.00000E+000  0.00000E+000  0.00000E+000  0.00000E+000  0.00000E+000  0.00000E+000  0.00000E+000
    90 1.000000E+02 2.920575E+03     0  0.00000E+000  0.00000E+000 -0.00000E+000  0.00000E+000 -0.00000E+000  0.00000E+000  0.00000E+000  0.00000E+000  0.00000E+000  0.00000E+000  0.00000E+000
    91 1.000000E+02 3.020575E+03     0  0.00000E+000  0.00000E+000 -0.00000E+000  0.00000E+000 -0.00000E+000  0.00000E+000  0.00000E+000  0.00000E+000  0.00000E+000  0.00000E+000  0.00000E+000
    92 1.000000E+02 3.120575E+03     0  0.00000E+000  0.00000E+000 -0.00000E+000  0.00000E+000 -0.00000E+000  0.00000E+000  0.00000E+000  0.00000E+000  0.00000E+000  0.00000E+000  0.00000E+000
    93 1.000000E+02 3.220575E+03     0  0.00000E+000  0.00000E+000 -0.00000E+000  0.00000E+000 -0.00000E+000  0.00000E+000  0.00000E+000  0.00000E+000  0.00000E+000  0.00000E+000  0.00000E+000
    94 1.000000E+02 3.320575E+03     0  0.00000E+000  0.00000E+000 -0.00000E+000  0.00000E+000 -0.00000E+000  0.00000E+000  0.00000E+000  0.00000E+000  0.00000E+000  0.00000E+000  0.00000E+000
    95 1.000000E+02 3.420575E+03     0  0.00000E+000  0.00000E+000 -0.00000E+000  0.00000E+000 -0.00000E+000  0.00000E+000  0.00000E+000  0.00000E+000  0.00000E+000  0.00000E+000  0.00000E+000
    96 1.000000E+02 3.520575E+03     0  0.00000E+000  0.00000E+000 -0.00000E+000  0.00000E+000 -0.00000E+000  0.00000E+000  0.00000E+000  0.00000E+000  0.00000E+000  0.00000E+000  0.00000E+000
    97 1.000000E+02 3.620575E+03     0  0.00000E+000  0.00000E+000 -0.00000E+000  0.00000E+000 -0.00000E+000  0.00000E+000  0.00000E+000  0.00000E+000  0.00000E+000  0.00000E+000  0.00000E+000
    98 1.000000E+02 3.720575E+03     0  0.00000E+000  0.00000E+000 -0.00000E+000  0.00000E+000 -0.00000E+000  0.00000E+000  0.00000E+000  0.00000E+000  0.00000E+000  0.00000E+000  0.00000E+000
    99 1.000000E+02 3.820575E+03     0  0.00000E+000  0.00000E+000 -0.00000E+000  0.00000E+000 -0.00000E+000  0.00000E+000  0.00000E+000  0.00000E+000  0.00000E+000  0.00000E+000  0.00000E+000
   100 1.000000E+02 3.920575E+03     0  0.00000E+000  0.00000E+000 -0.00000E+000  0.00000E+000 -0.00000E+000  0.00000E+000  0.00000E+000  0.00000E+000  0.00000E+000  0.00000E+000  0.00000E+000
   101 1.000000E+02 4.020575E+03     0  0.00000E+000  0.00000E+000 -0.00000E+000  0.00000E+000 -0.00000E+000  0.00000E+000  0.00000E+000  0.00000E+000  0.00000E+000  0.00000E+000  0.00000E+000
   102 1.000000E+02 4.120575E+03     0  0.00000E+000  0.00000E+000 -0.00000E+000  0.00000E+000 -0.00000E+000  0.00000E+000  0.00000E+000  0.00000E+000  0.00000E+000  0.00000E+000  0.00000E+000
   103 1.000000E+02 4.220575E+03     0  0.00000E+000  0.00000E+000 -0.00000E+000  0.00000E+000 -0.00000E+000  0.00000E+000  0.00000E+000  0.00000E+000  0.00000E+000  0.00000E+000  0.00000E+000
   104 1.000000E+02 4.320575E+03     0  0.00000E+000  0.00000E+000 -0.00000E+000  0.00000E+000 -0.00000E+000  0.00000E+000  0.00000E+000  0.00000E+000  0.00000E+000  0.00000E+000  0.00000E+000
   105 1.000000E+02 4.420575E+03     0  0.00000E+000  0.00000E+000 -0.00000E+000  0.00000E+000 -0.00000E+000  0.00000E+000  0.00000E+000  0.00000E+000  0.00000E+000  0.00000E+000  0.00000E+000
   106 1.000000E+02 4.520575E+03     0  0.00000E+000  0.00000E+000 -0.00000E+000  0.00000E+000 -0.00000E+000  0.00000E+000  0.00000E+000  0.00000E+000  0.00000E+000  0.00000E+000  0.00000E+000
   107 1.000000E+02 4.620575E+03     0  0.00000E+000  0.00000E+000 -0.00000E+000  0.00000E+000 -0.00000E+000  0.00000E+000  0.00000E+000  0.00000E+000  0.00000E+000  0.00000E+000  0.00000E+000
   108 1.000000E+02 4.720575E+03     0  0.00000E+000  0.00000E+000 -0.00000E+000  0.00000E+000 -0.00000E+000  0.00000E+000  0.00000E+000  0.00000E+000  0.00000E+000  0.00000E+000  0.00000E+000
   109 1.000000E+02 4.820575E+03     0  0.00000E+000  0.00000E+000 -0.00000E+000  0.00000E+000 -0.00000E+000  0.00000E+000  0.00000E+000  0.00000E+000  0.00000E+000  0.00000E+000  0.00000E+000
   110 1.000000E+02 4.920575E+03     0  0.00000E+000  0.00000E+000 -0.00000E+000  0.00000E+000 -0.00000E+000  0.00000E+000  0.00000E+000  0.00000E+000  0.00000E+000  0.00000E+000  0.00000E+000
   111 1.000000E+02 5.020575E+03     0  0.00000E+000  0.00000E+000 -0.00000E+000  0.00000E+000 -0.00000E+000  0.00000E+000  0.00000E+000  0.00000E+000  0.00000E+000  0.00000E+000  0.00000E+000
   112 1.000000E+02 5.120575E+03     0  0.00000E+000  0.00000E+000 -0.00000E+000  0.00000E+000 -0.00000E+000  0.00000E+000  0.00000E+000  0.00000E+000  0.00000E+000  0.00000E+000  0.00000E+000
   113 1.000000E+02 5.220575E+03     0  0.00000E+000  0.00000E+000 -0.00000E+000  0.00000E+000 -0.00000E+000  0.00000E+000  0.00000E+000  0.00000E+000  0.00000E+000  0.00000E+000  0.00000E+000
   114 1.000000E+02 5.320575E+03     0  0.00000E+000  0.00000E+000 -0.00000E+000  0.00000E+000 -0.00000E+000  0.00000E+000  0.00000E+000  0.00000E+000  0.00000E+000  0.00000E+000  0.00000E+000
   115 1.000000E+02 5.420575E+03     0  0.00000E+000  0.00000E+000 -0.00000E+000  0.00000E+000 -0.00000E+000  0.00000E+000  0.00000E+000  0.00000E+000  0.00000E+000  0.00000E+000  0.00000E+000
   116 1.000000E+02 5.520575E+03     0  0.00000E+000  0.00000E+000 -0.00000E+000  0.00000E+000 -0.00000E+000  0.00000E+000  0.00000E+000  0.00000E+000  0.00000E+000  0.00000E+000  0.00000E+000
   117 1.000000E+02 5.620575E+03     0  0.00000E+000  0.00000E+000 -0.00000E+000  0.00000E+000 -0.00000E+000  0.00000E+000  0.00000E+000  0.00000E+000  0.00000E+000  0.00000E+000  0.00000E+000
   118 1.000000E+02 5.720575E+03     0  0.00000E+000  0.00000E+000 -0.00000E+000  0.00000E+000 -0.00000E+000  0.00000E+000  0.00000E+000  0.00000E+000  0.00000E+000  0.00000E+000  0.00000E+000
   119 1.000000E+02 5.820575E+03     0  0.00000E+000  0.00000E+000 -0.00000E+000  0.00000E+000 -0.00000E+000  0.00000E+000  0.00000E+000  0.00000E+000  0.00000E+000  0.00000E+000  0.00000E+000
   120 1.000000E+02 5.920575E+03     0  0.00000E+000  0.00000E+000 -0.00000E+000  0.00000E+000 -0.00000E+000  0.00000E+000  0.00000E+000  0.00000E+000  0.00000E+000  0.00000E+000  0.00000E+000
   121 1.000000E+02 6.020575E+03     0  0.00000E+000  0.00000E+000 -0.00000E+000  0.00000E+000 -0.00000E+000  0.00000E+000  0.00000E+000  0.00000E+000  0.00000E+000  0.00000E+000  0.00000E+000
   122 1.000000E+02 6.120575E+03     0  0.00000E+000  0.00000E+000 -0.00000E+000  0.00000E+000 -0.00000E+000  0.00000E+000  0.00000E+000  0.00000E+000  0.00000E+000  0.00000E+000  0.00000E+000
   123 1.000000E+02 6.220575E+03     0  0.00000E+000  0.00000E+000 -0.00000E+000  0.00000E+000 -0.00000E+000  0.00000E+000  0.00000E+000  0.00000E+000  0.00000E+000  0.00000E+000  0.00000E+000
   124 1.000000E+02 6.320575E+03     0  0.00000E+000  0.00000E+000 -0.00000E+000  0.00000E+000 -0.00000E+000  0.00000E+000  0.00000E+000  0.00000E+000  0.00000E+000  0.00000E+000  0.00000E+000
   125 1.000000E+02 6.420575E+03     0  0.00000E+000  0.00000E+000 -0.00000E+000  0.00000E+000 -0.00000E+000  0.00000E+000  0.00000E+000  0.00000E+000  0.00000E+000  0.00000E+000  0.00000E+000
   126 1.000000E+02 6.520575E+03     0  0.00000E+000  0.00000E+000 -0.00000E+000  0.00000E+000 -0.00000E+000  0.00000E+000  0.00000E+000  0.00000E+000  0.00000E+000  0.00000E+000  0.00000E+000
   127 1.000000E+02 6.620575E+03     0  0.00000E+000  0.00000E+000 -0.00000E+000  0.00000E+000 -0.00000E+000  0.00000E+000  0.00000E+000  0.00000E+000  0.00000E+000  0.00000E+000  0.00000E+000
   128 1.000000E+02 6.720575E+03     0  0.00000E+000  0.00000E+000 -0.00000E+000  0.00000E+000 -0.00000E+000  0.00000E+000  0.00000E+000  0.00000E+000  0.00000E+000  0.00000E+000  0.00000E+000
   129 1.000000E+02 6.820575E+03     0  0.00000E+000  0.00000E+000 -0.00000E+000  0.00000E+000 -0.00000E+000  0.00000E+000  0.00000E+000  0.00000E+000  0.00000E+000  0.00000E+000  0.00000E+000
   130 1.000000E+02 6.920575E+03     0  0.00000E+000  0.00000E+000 -0.00000E+000  0.00000E+000 -0.00000E+000  0.00000E+000  0.00000E+000  0.00000E+000  0.00000E+000  0.00000E+000  0.00000E+000
   131 1.000000E+02 7.020575E+03     0  0.00000E+000  0.00000E+000 -0.00000E+000  0.00000E+000 -0.00000E+000  0.00000E+000  0.00000E+000  0.00000E+000  0.00000E+000  0.00000E+000  0.00000E+000
   132 1.000000E+02 7.120575E+03     0  0.00000E+000  0.00000E+000 -0.00000E+000  0.00000E+000 -0.00000E+000  0.00000E+000  0.00000E+000  0.00000E+000  0.00000E+000  0.00000E+000  0.00000E+000
   133 1.000000E+02 7.220575E+03     0  0.00000E+000  0.00000E+000 -0.00000E+000  0.00000E+000 -0.00000E+000  0.00000E+000  0.00000E+000  0.00000E+000  0.00000E+000  0.00000E+000  0.00000E+000
   134 1.000000E+02 7.320575E+03     0  0.00000E+000  0.00000E+000 -0.00000E+000  0.00000E+000 -0.00000E+000  0.00000E+000  0.00000E+000  0.00000E+000  0.00000E+000  0.00000E+000  0.00000E+000
   135 1.000000E+02 7.420575E+03     0  0.00000E+000  0.00000E+000 -0.00000E+000  0.00000E+000 -0.00000E+000  0.00000E+000  0.00000E+000  0.00000E+000  0.00000E+000  0.00000E+000  0.00000E+000
   136 1.000000E+02 7.520575E+03     0  0.00000E+000  0.00000E+000 -0.00000E+000  0.00000E+000 -0.00000E+000  0.00000E+000  0.00000E+000  0.00000E+000  0.00000E+000  0.00000E+000  0.00000E+000
   137 1.000000E+02 7.620575E+03     0  0.00000E+000  0.00000E+000 -0.00000E+000  0.00000E+000 -0.00000E+000  0.00000E+000  0.00000E+000  0.00000E+000  0.00000E+000  0.00000E+000  0.00000E+000
   138 1.000000E+02 7.720575E+03     0  0.00000E+000  0.00000E+000 -0.00000E+000  0.00000E+000 -0.00000E+000  0.00000E+000  0.00000E+000  0.00000E+000  0.00000E+000  0.00000E+000  0.00000E+000
   139 1.000000E+02 7.820575E+03     0  0.00000E+000  0.00000E+000 -0.00000E+000  0.00000E+000 -0.00000E+000  0.00000E+000  0.00000E+000  0.00000E+000  0.00000E+000  0.00000E+000  0.00000E+000
   140 1.000000E+02 7.920575E+03     0  0.00000E+000  0.00000E+000 -0.00000E+000  0.00000E+000 -0.00000E+000  0.00000E+000  0.00000E+000  0.00000E+000  0.00000E+000  0.00000E+000  0.00000E+000
   141 1.000000E+02 8.020575E+03     0  0.00000E+000  0.00000E+000 -0.00000E+000  0.00000E+000 -0.00000E+000  0.00000E+000  0.00000E+000  0.00000E+000  0.00000E+000  0.00000E+000  0.00000E+000
   142 1.000000E+02 8.120575E+03     0  0.00000E+000  0.00000E+000 -0.00000E+000  0.00000E+000 -0.00000E+000  0.00000E+000  0.00000E+000  0.00000E+000  0.00000E+000  0.00000E+000  0.00000E+000
   143 1.000000E+02 8.220575E+03     0  0.00000E+000  0.00000E+000 -0.00000E+000  0.00000E+000 -0.00000E+000  0.00000E+000  0.00000E+000  0.00000E+000  0.00000E+000  0.00000E+000  0.00000E+000
   144 1.000000E+02 8.320575E+03     0  0.00000E+000  0.00000E+000 -0.00000E+000  0.00000E+000 -0.00000E+000  0.00000E+000  0.00000E+000  0.00000E+000  0.00000E+000  0.00000E+000  0.00000E+000
   145 1.000000E+02 8.420575E+03     0  0.00000E+000  0.00000E+000 -0.00000E+000  0.00000E+000 -0.00000E+000  0.00000E+000  0.00000E+000  0.00000E+000  0.00000E+000  0.00000E+000  0.00000E+000
   146 1.000000E+02 8.520575E+03     0  0.00000E+000  0.00000E+000 -0.00000E+000  0.00000E+000 -0.00000E+000  0.00000E+000  0.00000E+000  0.00000E+000  0.00000E+000  0.00000E+000  0.00000E+000
   147 1.000000E+02 8.620575E+03     0  0.00000E+000  0.00000E+000 -0.00000E+000  0.00000E+000 -0.00000E+000  0.00000E+000  0.00000E+000  0.00000E+000  0.00000E+000  0.00000E+000  0.00000E+000
   148 1.000000E+02 8.720575E+03     0  0.00000E+000  0.00000E+000 -0.00000E+000  0.00000E+000 -0.00000E+000  0.00000E+000  0.00000E+000  0.00000E+000  0.00000E+000  0.00000E+000  0.00000E+000
   149 1.000000E+02 8.820575E+03     0  0.00000E+000  0.00000E+000 -0.00000E+000  0.00000E+000 -0.00000E+000  0.00000E+000  0.00000E+000  0.00000E+000  0.00000E+000  0.00000E+000  0.00000E+000
   150 1.000000E+02 8.920575E+03     0  0.00000E+000  0.00000E+000 -0.00000E+000  0.00000E+000 -0.00000E+000  0.00000E+000  0.00000E+000  0.00000E+000  0.00000E+000  0.00000E+000  0.00000E+000
   151 1.000000E+02 9.020575E+03     0  0.00000E+000  0.00000E+000 -0.00000E+000  0.00000E+000 -0.00000E+000  0.00000E+000  0.00000E+000  0.00000E+000  0.00000E+000  0.00000E+000  0.00000E+000
   152 1.000000E+02 9.120575E+03     0  0.00000E+000  0.00000E+000 -0.00000E+000  0.00000E+000 -0.00000E+000  0.00000E+000  0.00000E+000  0.00000E+000  0.00000E+000  0.00000E+000  0.00000E+000
   153 1.000000E+02 9.220575E+03     0  0.00000E+000  0.00000E+000 -0.00000E+000  0.00000E+000 -0.00000E+000  0.00000E+000  0.00000E+000  0.00000E+000  0.00000E+000  0.00000E+000  0.00000E+000
   154 1.000000E+02 9.320575E+03     0  0.00000E+000  0.00000E+000 -0.00000E+000  0.00000E+000 -0.00000E+000  0.00000E+000  0.00000E+000  0.00000E+000  0.00000E+000  0.00000E+000  0.00000E+000
   155 1.000000E+02 9.420575E+03     0  0.00000E+000  0.00000E+000 -0.00000E+000  0.00000E+000 -0.00000E+000  0.00000E+000  0.00000E+000  0.00000E+000  0.00000E+000  0.00000E+000  0.00000E+000
   156 1.000000E+02 9.520575E+03     0  0.00000E+000  0.00000E+000 -0.00000E+000  0.00000E+000 -0.00000E+000  0.00000E+000  0.00000E+000  0.00000E+000  0.00000E+000  0.00000E+000  0.00000E+000
   157 1.000000E+02 9.620575E+03     0  0.00000E+000  0.00000E+000 -0.00000E+000  0.00000E+000 -0.00000E+000  0.00000E+000  0.00000E+000  0.00000E+000  0.00000E+000  0.00000E+000  0.00000E+000
   158 1.000000E+02 9.720575E+03     0  0.00000E+000  0.00000E+000 -0.00000E+000  0.00000E+000 -0.00000E+000  0.00000E+000  0.00000E+000  0.00000E+000  0.00000E+000  0.00000E+000  0.00000E+000
   159 1.000000E+02 9.820575E+03     0  0.00000E+000  0.00000E+000 -0.00000E+000  0.00000E+000 -0.00000E+000  0.00000E+000  0.00000E+000  0.00000E+000  0.00000E+000  0.00000E+000  0.00000E+000
   160 1.000000E+02 9.920575E+03     0  0.00000E+000  0.00000E+000 -0.00000E+000  0.00000E+000 -0.00000E+000  0.00000E+000  0.00000E+000  0.00000E+000  0.00000E+000  0.00000E+000  0.00000E+000
   161 1.000000E+02 1.002057E+04     0  0.00000E+000  0.00000E+000 -0.00000E+000  0.00000E+000 -0.00000E+000  0.00000E+000  0.00000E+000  0.00000E+000  0.00000E+000  0.00000E+000  0.00000E+000
   162 1.000000E+02 1.012057E+04     0  0.00000E+000  0.00000E+000 -0.00000E+000  0.00000E+000 -0.00000E+000  0.00000E+000  0.00000E+000  0.00000E+000  0.00000E+000  0.00000E+000  0.00000E+000
   163 1.000000E+02 1.022057E+04     0  0.00000E+000  0.00000E+000 -0.00000E+000  0.00000E+000 -0.00000E+000  0.00000E+000  0.00000E+000  0.00000E+000  0.00000E+000  0.00000E+000  0.00000E+000
   164 1.000000E+02 1.032057E+04     0  0.00000E+000  0.00000E+000 -0.00000E+000  0.00000E+000 -0.00000E+000  0.00000E+000  0.00000E+000  0.00000E+000  0.00000E+000  0.00000E+000  0.00000E+000
   165 1.000000E+02 1.042057E+04     0  0.00000E+000  0.00000E+000 -0.00000E+000  0.00000E+000 -0.00000E+000  0.00000E+000  0.00000E+000  0.00000E+000  0.00000E+000  0.00000E+000  0.00000E+000
   166 1.000000E+02 1.052057E+04     0  0.00000E+000  0.00000E+000 -0.00000E+000  0.00000E+000 -0.00000E+000  0.00000E+000  0.00000E+000  0.00000E+000  0.00000E+000  0.00000E+000  0.00000E+000
   167 1.000000E+02 1.062057E+04     0  0.00000E+000  0.00000E+000 -0.00000E+000  0.00000E+000 -0.00000E+000  0.00000E+000  0.00000E+000  0.00000E+000  0.00000E+000  0.00000E+000  0.00000E+000
   168 1.000000E+02 1.072057E+04     0  0.00000E+000  0.00000E+000 -0.00000E+000  0.00000E+000 -0.00000E+000  0.00000E+000  0.00000E+000  0.00000E+000  0.00000E+000  0.00000E+000  0.00000E+000
   169 1.000000E+02 1.082057E+04     0  0.00000E+000  0.00000E+000 -0.00000E+000  0.00000E+000 -0.00000E+000  0.00000E+000  0.00000E+000  0.00000E+000  0.00000E+000  0.00000E+000  0.00000E+000
   170 1.000000E+02 1.092057E+04     0  0.00000E+000  0.00000E+000 -0.00000E+000  0.00000E+000 -0.00000E+000  0.00000E+000  0.00000E+000  0.00000E+000  0.00000E+000  0.00000E+000  0.00000E+000
   171 1.000000E+02 1.102057E+04     0  0.00000E+000  0.00000E+000 -0.00000E+000  0.00000E+000 -0.00000E+000  0.00000E+000  0.00000E+000  0.00000E+000  0.00000E+000  0.00000E+000  0.00000E+000
   172 1.000000E+02 1.112057E+04     0  0.00000E+000  0.00000E+000 -0.00000E+000  0.00000E+000 -0.00000E+000  0.00000E+000  0.00000E+000  0.00000E+000  0.00000E+000  0.00000E+000  0.00000E+000
   173 1.000000E+02 1.122057E+04     0  0.00000E+000  0.00000E+000 -0.00000E+000  0.00000E+000 -0.00000E+000  0.00000E+000  0.00000E+000  0.00000E+000  0.00000E+000  0.00000E+000  0.00000E+000
   174 1.000000E+02 1.132057E+04     0  0.00000E+000  0.00000E+000 -0.00000E+000  0.00000E+000 -0.00000E+000  0.00000E+000  0.00000E+000  0.00000E+000  0.00000E+000  0.00000E+000  0.00000E+000
   175 1.000000E+02 1.142057E+04     0  0.00000E+000  0.00000E+000 -0.00000E+000  0.00000E+000 -0.00000E+000  0.00000E+000  0.00000E+000  0.00000E+000  0.00000E+000  0.00000E+000  0.00000E+000
   176 1.000000E+02 1.152057E+04     0  0.00000E+000  0.00000E+000 -0.00000E+000  0.00000E+000 -0.00000E+000  0.00000E+000  0.00000E+000  0.00000E+000  0.00000E+000  0.00000E+000  0.00000E+000
   177 1.000000E+02 1.162057E+04     0  0.00000E+000  0.00000E+000 -0.00000E+000  0.00000E+000 -0.00000E+000  0.00000E+000  0.00000E+000  0.00000E+000  0.00000E+000  0.00000E+000  0.00000E+000
   178 1.000000E+02 1.172057E+04     0  0.00000E+000  0.00000E+000 -0.00000E+000  0.00000E+000 -0.00000E+000  0.00000E+000  0.00000E+000  0.00000E+000  0.00000E+000  0.00000E+000  0.00000E+000
   179 1.000000E+02 1.182057E+04     0  0.00000E+000  0.00000E+000 -0.00000E+000  0.00000E+000 -0.00000E+000  0.00000E+000  0.00000E+000  0.00000E+000  0.00000E+000  0.00000E+000  0.00000E+000
   180 1.000000E+02 1.192057E+04     0  0.00000E+000  0.00000E+000 -0.00000E+000  0.00000E+000 -0.00000E+000  0.00000E+000  0.00000E+000  0.00000E+000  0.00000E+000  0.00000E+000  0.00000E+000
   181 1.000000E+02 1.202057E+04     0  0.00000E+000  0.00000E+000 -0.00000E+000  0.00000E+000 -0.00000E+000  0.00000E+000  0.00000E+000  0.00000E+000  0.00000E+000  0.00000E+000  0.00000E+000
   182 1.000000E+02 1.212057E+04     0  0.00000E+000  0.00000E+000 -0.00000E+000  0.00000E+000 -0.00000E+000  0.00000E+000  0.00000E+000  0.00000E+000  0.00000E+000  0.00000E+000  0.00000E+000
   183 1.000000E+02 1.222057E+04     0  0.00000E+000  0.00000E+000 -0.00000E+000  0.00000E+000 -0.00000E+000  0.00000E+000  0.00000E+000  0.00000E+000  0.00000E+000  0.00000E+000  0.00000E+000
   184 1.000000E+02 1.232057E+04     0  0.00000E+000  0.00000E+000 -0.00000E+000  0.00000E+000 -0.00000E+000  0.00000E+000  0.00000E+000  0.00000E+000  0.00000E+000  0.00000E+000  0.00000E+000
   185 1.000000E+02 1.242057E+04     0  0.00000E+000  0.00000E+000 -0.00000E+000  0.00000E+000 -0.00000E+000  0.00000E+000  0.00000E+000  0.00000E+000  0.00000E+000  0.00000E+000  0.00000E+000
   186 1.000000E+02 1.252057E+04     0  0.00000E+000  0.00000E+000 -0.00000E+000  0.00000E+000 -0.00000E+000  0.00000E+000  0.00000E+000  0.00000E+000  0.00000E+000  0.00000E+000  0.00000E+000
   187 1.000000E+02 1.262057E+04     0  0.00000E+000  0.00000E+000 -0.00000E+000  0.00000E+000 -0.00000E+000  0.00000E+000  0.00000E+000  0.00000E+000  0.00000E+000  0.00000E+000  0.00000E+000
   188 1.000000E+02 1.272057E+04     0  0.00000E+000  0.00000E+000 -0.00000E+000  0.00000E+000 -0.00000E+000  0.00000E+000  0.00000E+000  0.00000E+000  0.00000E+000  0.00000E+000  0.00000E+000
   189 1.000000E+02 1.282057E+04     0  0.00000E+000  0.00000E+000 -0.00000E+000  0.00000E+000 -0.00000E+000  0.00000E+000  0.00000E+000  0.00000E+000  0.00000E+000  0.00000E+000  0.00000E+000
   190 1.000000E+02 1.292057E+04     0  0.00000E+000  0.00000E+000 -0.00000E+000  0.00000E+000 -0.00000E+000  0.00000E+000  0.00000E+000  0.00000E+000  0.00000E+000  0.00000E+000  0.00000E+000
   191 1.000000E+02 1.302057E+04     0  0.00000E+000  0.00000E+000 -0.00000E+000  0.00000E+000 -0.00000E+000  0.00000E+000  0.00000E+000  0.00000E+000  0.00000E+000  0.00000E+000  0.00000E+000
   192 1.000000E+02 1.312057E+04     0  0.00000E+000  0.00000E+000 -0.00000E+000  0.00000E+000 -0.00000E+000  0.00000E+000  0.00000E+000  0.00000E+000  0.00000E+000  0.00000E+000  0.00000E+000
   193 1.000000E+02 1.322057E+04     0  0.00000E+000  0.00000E+000 -0.00000E+000  0.00000E+000 -0.00000E+000  0.00000E+000  0.00000E+000  0.00000E+000  0.00000E+000  0.00000E+000  0.00000E+000
   194 1.000000E+02 1.332057E+04     0  0.00000E+000  0.00000E+000 -0.00000E+000  0.00000E+000 -0.00000E+000  0.00000E+000  0.00000E+000  0.00000E+000  0.00000E+000  0.00000E+000  0.00000E+000
   195 1.000000E+02 1.342057E+04     0  0.00000E+000  0.00000E+000 -0.00000E+000  0.00000E+000 -0.00000E+000  0.00000E+000  0.00000E+000  0.00000E+000  0.00000E+000  0.00000E+000  0.00000E+000
   196 1.000000E+02 1.352057E+04     0  0.00000E+000  0.00000E+000 -0.00000E+000  0.00000E+000 -0.00000E+000  0.00000E+000  0.00000E+000  0.00000E+000  0.00000E+000  0.00000E+000  0.00000E+000
   197 1.000000E+02 1.362057E+04     0  0.00000E+000  0.00000E+000 -0.00000E+000  0.00000E+000 -0.00000E+000  0.00000E+000  0.00000E+000  0.00000E+000  0.00000E+000  0.00000E+000  0.00000E+000
   198 1.000000E+02 1.372057E+04     0  0.00000E+000  0.00000E+000 -0.00000E+000  0.00000E+000 -0.00000E+000  0.00000E+000  0.00000E+000  0.00000E+000  0.00000E+000  0.00000E+000  0.00000E+000
   199 1.000000E+02 1.382057E+04     0  0.00000E+000  0.00000E+000 -0.00000E+000  0.00000E+000 -0.00000E+000  0.00000E+000  0.00000E+000  0.00000E+000  0.00000E+000  0.00000E+000  0.00000E+000
   200 1.000000E+02 1.392057E+04     0  0.00000E+000  0.00000E+000 -0.00000E+000  0.00000E+000 -0.00000E+000  0.00000E+000  0.00000E+000  0.00000E+000  0.00000E+000  0.00000E+000  0.00000E+000
   201 1.000000E+02 1.402057E+04     0  0.00000E+000  0.00000E+000 -0.00000E+000  0.00000E+000 -0.00000E+000  0.00000E+000  0.00000E+000  0.00000E+000  0.00000E+000  0.00000E+000  0.00000E+000
   202 1.000000E+02 1.412057E+04     0  0.00000E+000  0.00000E+000 -0.00000E+000  0.00000E+000 -0.00000E+000  0.00000E+000  0.00000E+000  0.00000E+000  0.00000E+000  0.00000E+000  0.00000E+000
   203 1.000000E+02 1.422057E+04     0  0.00000E+000  0.00000E+000 -0.00000E+000  0.00000E+000 -0.00000E+000  0.00000E+000  0.00000E+000  0.00000E+000  0.00000E+000  0.00000E+000  0.00000E+000
   204 1.000000E+02 1.432057E+04     0  0.00000E+000  0.00000E+000 -0.00000E+000  0.00000E+000 -0.00000E+000  0.00000E+000  0.00000E+000  0.00000E+000  0.00000E+000  0.00000E+000  0.00000E+000
   205 1.000000E+02 1.442057E+04     0  0.00000E+000  0.00000E+000 -0.00000E+000  0.00000E+000 -0.00000E+000  0.00000E+000  0.00000E+000  0.00000E+000  0.00000E+000  0.00000E+000  0.00000E+000
   206 1.000000E+02 1.452057E+04     0  0.00000E+000  0.00000E+000 -0.00000E+000  0.00000E+000 -0.00000E+000  0.00000E+000  0.00000E+000  0.00000E+000  0.00000E+000  0.00000E+000  0.00000E+000
   207 1.000000E+02 1.462057E+04     0  0.00000E+000  0.00000E+000 -0.00000E+000  0.00000E+000 -0.00000E+000  0.00000E+000  0.00000E+000  0.00000E+000  0.00000E+000  0.00000E+000  0.00000E+000
   208 1.000000E+02 1.472057E+04     0  0.00000E+000  0.00000E+000 -0.00000E+000  0.00000E+000 -0.00000E+000  0.00000E+000  0.00000E+000  0.00000E+000  0.00000E+000  0.00000E+000  0.00000E+000
   209 1.000000E+02 1.482057E+04     0  0.00000E+000  0.00000E+000 -0.00000E+000  0.00000E+000 -0.00000E+000  0.00000E+000  0.00000E+000  0.00000E+000  0.00000E+000  0.00000E+000  0.00000E+000
   210 1.000000E+02 1.492057E+04     0  0.00000E+000  0.00000E+000 -0.00000E+000  0.00000E+000 -0.00000E+000  0.00000E+000  0.00000E+000  0.00000E+000  0.00000E+000  0.00000E+000  0.00000E+000
   211 1.000000E+02 1.502057E+04     0  0.00000E+000  0.00000E+000 -0.00000E+000  0.00000E+000 -0.00000E+000  0.00000E+000  0.00000E+000  0.00000E+000  0.00000E+000  0.00000E+000  0.00000E+000
   212 1.000000E+02 1.512057E+04     0  0.00000E+000  0.00000E+000 -0.00000E+000  0.00000E+000 -0.00000E+000  0.00000E+000  0.00000E+000  0.00000E+000  0.00000E+000  0.00000E+000  0.00000E+000
   213 1.000000E+02 1.522057E+04     0  0.00000E+000  0.00000E+000 -0.00000E+000  0.00000E+000 -0.00000E+000  0.00000E+000  0.00000E+000  0.00000E+000  0.00000E+000  0.00000E+000  0.00000E+000
   214 1.000000E+02 1.532057E+04     0  0.00000E+000  0.00000E+000 -0.00000E+000  0.00000E+000 -0.00000E+000  0.00000E+000  0.00000E+000  0.00000E+000  0.00000E+000  0.00000E+000  0.00000E+000
   215 1.000000E+02 1.542057E+04     0  0.00000E+000  0.00000E+000 -0.00000E+000  0.00000E+000 -0.00000E+000  0.00000E+000  0.00000E+000  0.00000E+000  0.00000E+000  0.00000E+000  0.00000E+000
   216 1.000000E+02 1.552057E+04     0  0.00000E+000  0.00000E+000 -0.00000E+000  0.00000E+000 -0.00000E+000  0.00000E+000  0.00000E+000  0.00000E+000  0.00000E+000  0.00000E+000  0.00000E+000
   217 1.000000E+02 1.562057E+04     0  0.00000E+000  0.00000E+000 -0.00000E+000  0.00000E+000 -0.00000E+000  0.00000E+000  0.00000E+000  0.00000E+000  0.00000E+000  0.00000E+000  0.00000E+000
   218 1.000000E+02 1.572057E+04     0  0.00000E+000  0.00000E+000 -0.00000E+000  0.00000E+000 -0.00000E+000  0.00000E+000  0.00000E+000  0.00000E+000  0.00000E+000  0.00000E+000  0.00000E+000
   219 1.000000E+02 1.582057E+04     0  0.00000E+000  0.00000E+000 -0.00000E+000  0.00000E+000 -0.00000E+000  0.00000E+000  0.00000E+000  0.00000E+000  0.00000E+000  0.00000E+000  0.00000E+000
   220 1.000000E+02 1.592057E+04     0  0.00000E+000  0.00000E+000 -0.00000E+000  0.00000E+000 -0.00000E+000  0.00000E+000  0.00000E+000  0.00000E+000  0.00000E+000  0.00000E+000  0.00000E+000
   221 1.000000E+02 1.602057E+04     0  0.00000E+000  0.00000E+000 -0.00000E+000  0.00000E+000 -0.00000E+000  0.00000E+000  0.00000E+000  0.00000E+000  0.00000E+000  0.00000E+000  0.00000E+000
   222 1.000000E+02 1.612057E+04     0  0.00000E+000  0.00000E+000 -0.00000E+000  0.00000E+000 -0.00000E+000  0.00000E+000  0.00000E+000  0.00000E+000  0.00000E+000  0.00000E+000  0.00000E+000
   223 1.000000E+02 1.622057E+04     0  0.00000E+000  0.00000E+000 -0.00000E+000  0.00000E+000 -0.00000E+000  0.00000E+000  0.00000E+000  0.00000E+000  0.00000E+000  0.00000E+000  0.00000E+000
   224 1.000000E+02 1.632057E+04     0  0.00000E+000  0.00000E+000 -0.00000E+000  0.00000E+000 -0.00000E+000  0.00000E+000  0.00000E+000  0.00000E+000  0.00000E+000  0.00000E+000  0.00000E+000
   225 1.000000E+02 1.642057E+04     0  0.00000E+000  0.00000E+000 -0.00000E+000  0.00000E+000 -0.00000E+000  0.00000E+000  0.00000E+000  0.00000E+000  0.00000E+000  0.00000E+000  0.00000E+000
   226 1.000000E+02 1.652057E+04     0  0.00000E+000  0.00000E+000 -0.00000E+000  0.00000E+000 -0.00000E+000  0.00000E+000  0.00000E+000  0.00000E+000  0.00000E+000  0.00000E+000  0.00000E+000
   227 1.000000E+02 1.662057E+04     0  0.00000E+000  0.00000E+000 -0.00000E+000  0.00000E+000 -0.00000E+000  0.00000E+000  0.00000E+000  0.00000E+000  0.00000E+000  0.00000E+000  0.00000E+000
   228 1.000000E+02 1.672057E+04     0  0.00000E+000  0.00000E+000 -0.00000E+000  0.00000E+000 -0.00000E+000  0.00000E+000  0.00000E+000  0.00000E+000  0.00000E+000  0.00000E+000  0.00000E+000
   229 1.000000E+02 1.682057E+04     0  0.00000E+000  0.00000E+000 -0.00000E+000  0.00000E+000 -0.00000E+000  0.00000E+000  0.00000E+000  0.00000E+000  0.00000E+000  0.00000E+000  0.00000E+000
   230 1.000000E+02 1.692057E+04     0  0.00000E+000  0.00000E+000 -0.00000E+000  0.00000E+000 -0.00000E+000  0.00000E+000  0.00000E+000  0.00000E+000  0.00000E+000  0.00000E+000  0.00000E+000
   231 1.000000E+02 1.702057E+04     0  0.00000E+000  0.00000E+000 -0.00000E+000  0.00000E+000 -0.00000E+000  0.00000E+000  0.00000E+000  0.00000E+000  0.00000E+000  0.00000E+000  0.00000E+000
   232 1.000000E+02 1.712057E+04     0  0.00000E+000  0.00000E+000 -0.00000E+000  0.00000E+000 -0.00000E+000  0.00000E+000  0.00000E+000  0.00000E+000  0.00000E+000  0.00000E+000  0.00000E+000
   233 1.000000E+02 1.722057E+04     0  0.00000E+000  0.00000E+000 -0.00000E+000  0.00000E+000 -0.00000E+000  0.00000E+000  0.00000E+000  0.00000E+000  0.00000E+000  0.00000E+000  0.00000E+000
   234 1.000000E+02 1.732057E+04     0  0.00000E+000  0.00000E+000 -0.00000E+000  0.00000E+000 -0.00000E+000  0.00000E+000  0.00000E+000  0.00000E+000  0.00000E+000  0.00000E+000  0.00000E+000
   235 1.000000E+02 1.742057E+04     0  0.00000E+000  0.00000E+000 -0.00000E+000  0.00000E+000 -0.00000E+000  0.00000E+000  0.00000E+000  0.00000E+000  0.00000E+000  0.00000E+000  0.00000E+000
   236 1.000000E+02 1.752057E+04     0  0.00000E+000  0.00000E+000 -0.00000E+000  0.00000E+000 -0.00000E+000  0.00000E+000  0.00000E+000  0.00000E+000  0.00000E+000  0.00000E+000  0.00000E+000
   237 1.000000E+02 1.762057E+04     0  0.00000E+000  0.00000E+000 -0.00000E+000  0.00000E+000 -0.00000E+000  0.00000E+000  0.00000E+000  0.00000E+000  0.00000E+000  0.00000E+000  0.00000E+000
   238 1.000000E+02 1.772057E+04     0  0.00000E+000  0.00000E+000 -0.00000E+000  0.00000E+000 -0.00000E+000  0.00000E+000  0.00000E+000  0.00000E+000  0.00000E+000  0.00000E+000  0.00000E+000
   239 1.000000E+02 1.782057E+04     0  0.00000E+000  0.00000E+000 -0.00000E+000  0.00000E+000 -0.00000E+000  0.00000E+000  0.00000E+000  0.00000E+000  0.00000E+000  0.00000E+000  0.00000E+000
   240 1.000000E+02 1.792057E+04     0  0.00000E+000  0.00000E+000 -0.00000E+000  0.00000E+000 -0.00000E+000  0.00000E+000  0.00000E+000  0.00000E+000  0.00000E+000  0.00000E+000  0.00000E+000
   241 1.000000E+02 1.802057E+04     0  0.00000E+000  0.00000E+000 -0.00000E+000  0.00000E+000 -0.00000E+000  0.00000E+000  0.00000E+000  0.00000E+000  0.00000E+000  0.00000E+000  0.00000E+000
   242 1.000000E+02 1.812057E+04     0  0.00000E+000  0.00000E+000 -0.00000E+000  0.00000E+000 -0.00000E+000  0.00000E+000  0.00000E+000  0.00000E+000  0.00000E+000  0.00000E+000  0.00000E+000
   243 1.000000E+02 1.822057E+04     0  0.00000E+000  0.00000E+000 -0.00000E+000  0.00000E+000 -0.00000E+000  0.00000E+000  0.00000E+000  0.00000E+000  0.00000E+000  0.00000E+000  0.00000E+000
   244 1.000000E+02 1.832057E+04     0  0.00000E+000  0.00000E+000 -0.00000E+000  0.00000E+000 -0.00000E+000  0.00000E+000  0.00000E+000  0.00000E+000  0.00000E+000  0.00000E+000  0.00000E+000
   245 1.000000E+02 1.842057E+04     0  0.00000E+000  0.00000E+000 -0.00000E+000  0.00000E+000 -0.00000E+000  0.00000E+000  0.00000E+000  0.00000E+000  0.00000E+000  0.00000E+000  0.00000E+000
   246 1.000000E+02 1.852057E+04     0  0.00000E+000  0.00000E+000 -0.00000E+000  0.00000E+000 -0.00000E+000  0.00000E+000  0.00000E+000  0.00000E+000  0.00000E+000  0.00000E+000  0.00000E+000
   247 1.000000E+02 1.862057E+04     0  0.00000E+000  0.00000E+000 -0.00000E+000  0.00000E+000 -0.00000E+000  0.00000E+000  0.00000E+000  0.00000E+000  0.00000E+000  0.00000E+000  0.00000E+000
   248 1.000000E+02 1.872057E+04     0  0.00000E+000  0.00000E+000 -0.00000E+000  0.00000E+000 -0.00000E+000  0.00000E+000  0.00000E+000  0.00000E+000  0.00000E+000  0.00000E+000  0.00000E+000
   249 1.000000E+02 1.882057E+04     0  0.00000E+000  0.00000E+000 -0.00000E+000  0.00000E+000 -0.00000E+000  0.00000E+000  0.00000E+000  0.00000E+000  0.00000E+000  0.00000E+000  0.00000E+000
   250 1.000000E+02 1.892057E+04     0  0.00000E+000  0.00000E+000 -0.00000E+000  0.00000E+000 -0.00000E+000  0.00000E+000  0.00000E+000  0.00000E+000  0.00000E+000  0.00000E+000  0.00000E+000
   251 1.000000E+02 1.902057E+04     0  0.00000E+000  0.00000E+000 -0.00000E+000  0.00000E+000 -0.00000E+000  0.00000E+000  0.00000E+000  0.00000E+000  0.00000E+000  0.00000E+000  0.00000E+000
   252 1.000000E+02 1.912057E+04     0  0.00000E+000  0.00000E+000 -0.00000E+000  0.00000E+000 -0.00000E+000  0.00000E+000  0.00000E+000  0.00000E+000  0.00000E+000  0.00000E+000  0.00000E+000
   253 1.000000E+02 1.922057E+04     0  0.00000E+000  0.00000E+000 -0.00000E+000  0.00000E+000 -0.00000E+000  0.00000E+000  0.00000E+000  0.00000E+000  0.00000E+000  0.00000E+000  0.00000E+000
   254 1.000000E+02 1.932057E+04     0  0.00000E+000  0.00000E+000 -0.00000E+000  0.00000E+000 -0.00000E+000  0.00000E+000  0.00000E+000  0.00000E+000  0.00000E+000  0.00000E+000  0.00000E+000
   255 1.000000E+02 1.942057E+04     0  0.00000E+000  0.00000E+000 -0.00000E+000  0.00000E+000 -0.00000E+000  0.00000E+000  0.00000E+000  0.00000E+000  0.00000E+000  0.00000E+000  0.00000E+000
   256 1.000000E+02 1.952057E+04     0  0.00000E+000  0.00000E+000 -0.00000E+000  0.00000E+000 -0.00000E+000  0.00000E+000  0.00000E+000  0.00000E+000  0.00000E+000  0.00000E+000  0.00000E+000
   257 1.000000E+02 1.962057E+04     0  0.00000E+000  0.00000E+000 -0.00000E+000  0.00000E+000 -0.00000E+000  0.00000E+000  0.00000E+000  0.00000E+000  0.00000E+000  0.00000E+000  0.00000E+000
   258 1.000000E+02 1.972057E+04     0  0.00000E+000  0.00000E+000 -0.00000E+000  0.00000E+000 -0.00000E+000  0.00000E+000  0.00000E+000  0.00000E+000  0.00000E+000  0.00000E+000  0.00000E+000
   259 1.000000E+02 1.982057E+04     0  0.00000E+000  0.00000E+000 -0.00000E+000  0.00000E+000 -0.00000E+000  0.00000E+000  0.00000E+000  0.00000E+000  0.00000E+000  0.00000E+000  0.00000E+000
   260 1.000000E+02 1.992057E+04     0  0.00000E+000  0.00000E+000 -0.00000E+000  0.00000E+000 -0.00000E+000  0.00000E+000  0.00000E+000  0.00000E+000  0.00000E+000  0.00000E+000  0.00000E+000
   261 1.000000E+02 2.002057E+04     0  0.00000E+000  0.00000E+000 -0.00000E+000  0.00000E+000 -0.00000E+000  0.00000E+000  0.00000E+000  0.00000E+000  0.00000E+000  0.00000E+000  0.00000E+000
   262 1.000000E+02 2.012057E+04     0  0.00000E+000  0.00000E+000 -0.00000E+000  0.00000E+000 -0.00000E+000  0.00000E+000  0.00000E+000  0.00000E+000  0.00000E+000  0.00000E+000  0.00000E+000
   263 1.000000E+02 2.022057E+04     0  0.00000E+000  0.00000E+000 -0.00000E+000  0.00000E+000 -0.00000E+000  0.00000E+000  0.00000E+000  0.00000E+000  0.00000E+000  0.00000E+000  0.00000E+000
   264 1.000000E+02 2.032057E+04     0  0.00000E+000  0.00000E+000 -0.00000E+000  0.00000E+000 -0.00000E+000  0.00000E+000  0.00000E+000  0.00000E+000  0.00000E+000  0.00000E+000  0.00000E+000
   265 1.000000E+02 2.042057E+04     0  0.00000E+000  0.00000E+000 -0.00000E+000  0.00000E+000 -0.00000E+000  0.00000E+000  0.00000E+000  0.00000E+000  0.00000E+000  0.00000E+000  0.00000E+000
   266 1.000000E+02 2.052057E+04     0  0.00000E+000  0.00000E+000 -0.00000E+000  0.00000E+000 -0.00000E+000  0.00000E+000  0.00000E+000  0.00000E+000  0.00000E+000  0.00000E+000  0.00000E+000
   267 1.000000E+02 2.062057E+04     0  0.00000E+000  0.00000E+000 -0.00000E+000  0.00000E+000 -0.00000E+000  0.00000E+000  0.00000E+000  0.00000E+000  0.00000E+000  0.00000E+000  0.00000E+000
   268 1.000000E+02 2.072057E+04     0  0.00000E+000  0.00000E+000 -0.00000E+000  0.00000E+000 -0.00000E+000  0.00000E+000  0.00000E+000  0.00000E+000  0.00000E+000  0.00000E+000  0.00000E+000
   269 1.000000E+02 2.082057E+04     0  0.00000E+000  0.00000E+000 -0.00000E+000  0.00000E+000 -0.00000E+000  0.00000E+000  0.00000E+000  0.00000E+000  0.00000E+000  0.00000E+000  0.00000E+000
   270 1.000000E+02 2.092057E+04     0  0.00000E+000  0.00000E+000 -0.00000E+000  0.00000E+000 -0.00000E+000  0.00000E+000  0.00000E+000  0.00000E+000  0.00000E+000  0.00000E+000  0.00000E+000
   271 1.000000E+02 2.102057E+04     0  0.00000E+000  0.00000E+000 -0.00000E+000  0.00000E+000 -0.00000E+000  0.00000E+000  0.00000E+000  0.00000E+000  0.00000E+000  0.00000E+000  0.00000E+000
   272 1.000000E+02 2.112057E+04     0  0.00000E+000  0.00000E+000 -0.00000E+000  0.00000E+000 -0.00000E+000  0.00000E+000  0.00000E+000  0.00000E+000  0.00000E+000  0.00000E+000  0.00000E+000
   273 1.000000E+02 2.122057E+04     0  0.00000E+000  0.00000E+000 -0.00000E+000  0.00000E+000 -0.00000E+000  0.00000E+000  0.00000E+000  0.00000E+000  0.00000E+000  0.00000E+000  0.00000E+000
   274 1.000000E+02 2.132057E+04     0  0.00000E+000  0.00000E+000 -0.00000E+000  0.00000E+000 -0.00000E+000  0.00000E+000  0.00000E+000  0.00000E+000  0.00000E+000  0.00000E+000  0.00000E+000
   275 1.000000E+02 2.142057E+04     0  0.00000E+000  0.00000E+000 -0.00000E+000  0.00000E+000 -0.00000E+000  0.00000E+000  0.00000E+000  0.00000E+000  0.00000E+000  0.00000E+000  0.00000E+000
   276 1.000000E+02 2.152057E+04     0  0.00000E+000  0.00000E+000 -0.00000E+000  0.00000E+000 -0.00000E+000  0.00000E+000  0.00000E+000  0.00000E+000  0.00000E+000  0.00000E+000  0.00000E+000
   277 1.000000E+02 2.162057E+04     0  0.00000E+000  0.00000E+000 -0.00000E+000  0.00000E+000 -0.00000E+000  0.00000E+000  0.00000E+000  0.00000E+000  0.00000E+000  0.00000E+000  0.00000E+000
   278 1.000000E+02 2.172057E+04     0  0.00000E+000  0.00000E+000 -0.00000E+000  0.00000E+000 -0.00000E+000  0.00000E+000  0.00000E+000  0.00000E+000  0.00000E+000  0.00000E+000  0.00000E+000
   279 1.000000E+02 2.182057E+04     0  0.00000E+000  0.00000E+000 -0.00000E+000  0.00000E+000 -0.00000E+000  0.00000E+000  0.00000E+000  0.00000E+000  0.00000E+000  0.00000E+000  0.00000E+000
   280 1.000000E+02 2.192057E+04     0  0.00000E+000  0.00000E+000 -0.00000E+000  0.00000E+000 -0.00000E+000  0.00000E+000  0.00000E+000  0.00000E+000  0.00000E+000  0.00000E+000  0.00000E+000
   281 1.000000E+02 2.202057E+04     0  0.00000E+000  0.00000E+000 -0.00000E+000  0.00000E+000 -0.00000E+000  0.00000E+000  0.00000E+000  0.00000E+000  0.00000E+000  0.00000E+000  0.00000E+000
   282 1.000000E+02 2.212057E+04     0  0.00000E+000  0.00000E+000 -0.00000E+000  0.00000E+000 -0.00000E+000  0.00000E+000  0.00000E+000  0.00000E+000  0.00000E+000  0.00000E+000  0.00000E+000
   283 1.000000E+02 2.222057E+04     0  0.00000E+000  0.00000E+000 -0.00000E+000  0.00000E+000 -0.00000E+000  0.00000E+000  0.00000E+000  0.00000E+000  0.00000E+000  0.00000E+000  0.00000E+000
   284 1.000000E+02 2.232057E+04     0  0.00000E+000  0.00000E+000 -0.00000E+000  0.00000E+000 -0.00000E+000  0.00000E+000  0.00000E+000  0.00000E+000  0.00000E+000  0.00000E+000  0.00000E+000
   285 1.000000E+02 2.242057E+04     0  0.00000E+000  0.00000E+000 -0.00000E+000  0.00000E+000 -0.00000E+000  0.00000E+000  0.00000E+000  0.00000E+000  0.00000E+000  0.00000E+000  0.00000E+000
   286 1.000000E+02 2.252057E+04     0  0.00000E+000  0.00000E+000 -0.00000E+000  0.00000E+000 -0.00000E+000  0.00000E+000  0.00000E+000  0.00000E+000  0.00000E+000  0.00000E+000  0.00000E+000
   287 1.000000E+02 2.262057E+04     0  0.00000E+000  0.00000E+000 -0.00000E+000  0.00000E+000 -0.00000E+000  0.00000E+000  0.00000E+000  0.00000E+000  0.00000E+000  0.00000E+000  0.00000E+000
   288 1.000000E+02 2.272057E+04     0  0.00000E+000  0.00000E+000 -0.00000E+000  0.00000E+000 -0.00000E+000  0.00000E+000  0.00000E+000  0.00000E+000  0.00000E+000  0.00000E+000  0.00000E+000
   289 1.000000E+02 2.282057E+04     0  0.00000E+000  0.00000E+000 -0.00000E+000  0.00000E+000 -0.00000E+000  0.00000E+000  0.00000E+000  0.00000E+000  0.00000E+000  0.00000E+000  0.00000E+000
   290 1.000000E+02 2.292057E+04     0  0.00000E+000  0.00000E+000 -0.00000E+000  0.00000E+000 -0.00000E+000  0.00000E+000  0.00000E+000  0.00000E+000  0.00000E+000  0.00000E+000  0.00000E+000
   291 1.000000E+02 2.302057E+04     0  0.00000E+000  0.00000E+000 -0.00000E+000  0.00000E+000 -0.00000E+000  0.00000E+000  0.00000E+000  0.00000E+000  0.00000E+000  0.00000E+000  0.00000E+000
   292 1.000000E+02 2.312057E+04     0  0.00000E+000  0.00000E+000 -0.00000E+000  0.00000E+000 -0.00000E+000  0.00000E+000  0.00000E+000  0.00000E+000  0.00000E+000  0.00000E+000  0.00000E+000
   293 1.000000E+02 2.322057E+04     0  0.00000E+000  0.00000E+000 -0.00000E+000  0.00000E+000 -0.00000E+000  0.00000E+000  0.00000E+000  0.00000E+000  0.00000E+000  0.00000E+000  0.00000E+000
   294 1.000000E+02 2.332057E+04     0  0.00000E+000  0.00000E+000 -0.00000E+000  0.00000E+000 -0.00000E+000  0.00000E+000  0.00000E+000  0.00000E+000  0.00000E+000  0.00000E+000  0.00000E+000
   295 1.000000E+02 2.342057E+04     0  0.00000E+000  0.00000E+000 -0.00000E+000  0.00000E+000 -0.00000E+000  0.00000E+000  0.00000E+000  0.00000E+000  0.00000E+000  0.00000E+000  0.00000E+000
   296 1.000000E+02 2.352057E+04     0  0.00000E+000  0.00000E+000 -0.00000E+000  0.00000E+000 -0.00000E+000  0.00000E+000  0.00000E+000  0.00000E+000  0.00000E+000  0.00000E+000  0.00000E+000
   297 1.000000E+02 2.362057E+04     0  0.00000E+000  0.00000E+000 -0.00000E+000  0.00000E+000 -0.00000E+000  0.00000E+000  0.00000E+000  0.00000E+000  0.00000E+000  0.00000E+000  0.00000E+000
   298 1.000000E+02 2.372057E+04     0  0.00000E+000  0.00000E+000 -0.00000E+000  0.00000E+000 -0.00000E+000  0.00000E+000  0.00000E+000  0.00000E+000  0.00000E+000  0.00000E+000  0.00000E+000
   299 1.000000E+02 2.382057E+04     0  0.00000E+000  0.00000E+000 -0.00000E+000  0.00000E+000 -0.00000E+000  0.00000E+000  0.00000E+000  0.00000E+000  0.00000E+000  0.00000E+000  0.00000E+000
   300 1.000000E+02 2.392057E+04     0  0.00000E+000  0.00000E+000 -0.00000E+000  0.00000E+000 -0.00000E+000  0.00000E+000  0.00000E+000  0.00000E+000  0.00000E+000  0.00000E+000  0.00000E+000
   301 1.000000E+02 2.402057E+04     0  0.00000E+000  0.00000E+000 -0.00000E+000  0.00000E+000 -0.00000E+000  0.00000E+000  0.00000E+000  0.00000E+000  0.00000E+000  0.00000E+000  0.00000E+000
   302 1.000000E+02 2.412057E+04     0  0.00000E+000  0.00000E+000 -0.00000E+000  0.00000E+000 -0.00000E+000  0.00000E+000  0.00000E+000  0.00000E+000  0.00000E+000  0.00000E+000  0.00000E+000
   303 1.000000E+02 2.422057E+04     0  0.00000E+000  0.00000E+000 -0.00000E+000  0.00000E+000 -0.00000E+000  0.00000E+000  0.00000E+000  0.00000E+000  0.00000E+000  0.00000E+000  0.00000E+000
   304 1.000000E+02 2.432057E+04     0  0.00000E+000  0.00000E+000 -0.00000E+000  0.00000E+000 -0.00000E+000  0.00000E+000  0.00000E+000  0.00000E+000  0.00000E+000  0.00000E+000  0.00000E+000
   305 1.000000E+02 2.442057E+04     0  0.00000E+000  0.00000E+000 -0.00000E+000  0.00000E+000 -0.00000E+000  0.00000E+000  0.00000E+000  0.00000E+000  0.00000E+000  0.00000E+000  0.00000E+000
   306 1.000000E+02 2.452057E+04     0  0.00000E+000  0.00000E+000 -0.00000E+000  0.00000E+000 -0.00000E+000  0.00000E+000  0.00000E+000  0.00000E+000  0.00000E+000  0.00000E+000  0.00000E+000
   307 1.000000E+02 2.462057E+04     0  0.00000E+000  0.00000E+000 -0.00000E+000  0.00000E+000 -0.00000E+000  0.00000E+000  0.00000E+000  0.00000E+000  0.00000E+000  0.00000E+000  0.00000E+000
   308 1.000000E+02 2.472057E+04     0  0.00000E+000  0.00000E+000 -0.00000E+000  0.00000E+000 -0.00000E+000  0.00000E+000  0.00000E+000  0.00000E+000  0.00000E+000  0.00000E+000  0.00000E+000
   309 1.000000E+02 2.482057E+04     0  0.00000E+000  0.00000E+000 -0.00000E+000  0.00000E+000 -0.00000E+000  0.00000E+000  0.00000E+000  0.00000E+000  0.00000E+000  0.00000E+000  0.00000E+000
   310 1.000000E+02 2.492057E+04     0  0.00000E+000  0.00000E+000 -0.00000E+000  0.00000E+000 -0.00000E+000  0.00000E+000  0.00000E+000  0.00000E+000  0.00000E+000  0.00000E+000  0.00000E+000
   311 1.000000E+02 2.502057E+04     0  0.00000E+000  0.00000E+000 -0.00000E+000  0.00000E+000 -0.00000E+000  0.00000E+000  0.00000E+000  0.00000E+000  0.00000E+000  0.00000E+000  0.00000E+000
   312 1.000000E+02 2.512057E+04     0  0.00000E+000  0.00000E+000 -0.00000E+000  0.00000E+000 -0.00000E+000  0.00000E+000  0.00000E+000  0.00000E+000  0.00000E+000  0.00000E+000  0.00000E+000
   313 1.000000E+02 2.522057E+04     0  0.00000E+000  0.00000E+000 -0.00000E+000  0.00000E+000 -0.00000E+000  0.00000E+000  0.00000E+000  0.00000E+000  0.00000E+000  0.00000E+000  0.00000E+000
   314 1.000000E+02 2.532057E+04     0  0.00000E+000  0.00000E+000 -0.00000E+000  0.00000E+000 -0.00000E+000  0.00000E+000  0.00000E+000  0.00000E+000  0.00000E+000  0.00000E+000  0.00000E+000
   315 1.000000E+02 2.542057E+04     0  0.00000E+000  0.00000E+000 -0.00000E+000  0.00000E+000 -0.00000E+000  0.00000E+000  0.00000E+000  0.00000E+000  0.00000E+000  0.00000E+000  0.00000E+000
   316 1.000000E+02 2.552057E+04     0  0.00000E+000  0.00000E+000 -0.00000E+000  0.00000E+000 -0.00000E+000  0.00000E+000  0.00000E+000  0.00000E+000  0.00000E+000  0.00000E+000  0.00000E+000
   317 1.000000E+02 2.562057E+04     0  0.00000E+000  0.00000E+000 -0.00000E+000  0.00000E+000 -0.00000E+000  0.00000E+000  0.00000E+000  0.00000E+000  0.00000E+000  0.00000E+000  0.00000E+000
   318 1.000000E+02 2.572057E+04     0  0.00000E+000  0.00000E+000 -0.00000E+000  0.00000E+000 -0.00000E+000  0.00000E+000  0.00000E+000  0.00000E+000  0.00000E+000  0.00000E+000  0.00000E+000
   319 1.000000E+02 2.582057E+04     0  0.00000E+000  0.00000E+000 -0.00000E+000  0.00000E+000 -0.00000E+000  0.00000E+000  0.00000E+000  0.00000E+000  0.00000E+000  0.00000E+000  0.00000E+000
   320 1.000000E+02 2.592057E+04     0  0.00000E+000  0.00000E+000 -0.00000E+000  0.00000E+000 -0.00000E+000  0.00000E+000  0.00000E+000  0.00000E+000  0.00000E+000  0.00000E+000  0.00000E+000
   321 1.000000E+02 2.602057E+04     0  0.00000E+000  0.00000E+000 -0.00000E+000  0.00000E+000 -0.00000E+000  0.00000E+000  0.00000E+000  0.00000E+000  0.00000E+000  0.00000E+000  0.00000E+000
   322 1.000000E+02 2.612057E+04     0  0.00000E+000  0.00000E+000 -0.00000E+000  0.00000E+000 -0.00000E+000  0.00000E+000  0.00000E+000  0.00000E+000  0.00000E+000  0.00000E+000  0.00000E+000
   323 1.000000E+02 2.622057E+04     0  0.00000E+000  0.00000E+000 -0.00000E+000  0.00000E+000 -0.00000E+000  0.00000E+000  0.00000E+000  0.00000E+000  0.00000E+000  0.00000E+000  0.00000E+000
   324 1.000000E+02 2.632057E+04     0  0.00000E+000  0.00000E+000 -0.00000E+000  0.00000E+000 -0.00000E+000  0.00000E+000  0.00000E+000  0.00000E+000  0.00000E+000  0.00000E+000  0.00000E+000
   325 1.000000E+02 2.642057E+04     0  0.00000E+000  0.00000E+000 -0.00000E+000  0.00000E+000 -0.00000E+000  0.00000E+000  0.00000E+000  0.00000E+000  0.00000E+000  0.00000E+000  0.00000E+000
   326 1.000000E+02 2.652057E+04     0  0.00000E+000  0.00000E+000 -0.00000E+000  0.00000E+000 -0.00000E+000  0.00000E+000  0.00000E+000  0.00000E+000  0.00000E+000  0.00000E+000  0.00000E+000
   327 1.000000E+02 2.662057E+04     0  0.00000E+000  0.00000E+000 -0.00000E+000  0.00000E+000 -0.00000E+000  0.00000E+000  0.00000E+000  0.00000E+000  0.00000E+000  0.00000E+000  0.00000E+000
   328 1.000000E+02 2.672057E+04     0  0.00000E+000  0.00000E+000 -0.00000E+000  0.00000E+000 -0.00000E+000  0.00000E+000  0.00000E+000  0.00000E+000  0.00000E+000  0.00000E+000  0.00000E+000
   329 1.000000E+02 2.682057E+04     0  0.00000E+000  0.00000E+000 -0.00000E+000  0.00000E+000 -0.00000E+000  0.00000E+000  0.00000E+000  0.00000E+000  0.00000E+000  0.00000E+000  0.00000E+000
   330 1.000000E+02 2.692057E+04     0  0.00000E+000  0.00000E+000 -0.00000E+000  0.00000E+000 -0.00000E+000  0.00000E+000  0.00000E+000  0.00000E+000  0.00000E+000  0.00000E+000  0.00000E+000
   331 1.000000E+02 2.702057E+04     0  0.00000E+000  0.00000E+000 -0.00000E+000  0.00000E+000 -0.00000E+000  0.00000E+000  0.00000E+000  0.00000E+000  0.00000E+000  0.00000E+000  0.00000E+000
   332 1.000000E+02 2.712057E+04     0  0.00000E+000  0.00000E+000 -0.00000E+000  0.00000E+000 -0.00000E+000  0.00000E+000  0.00000E+000  0.00000E+000  0.00000E+000  0.00000E+000  0.00000E+000
   333 1.000000E+02 2.722057E+04     0  0.00000E+000  0.00000E+000 -0.00000E+000  0.00000E+000 -0.00000E+000  0.00000E+000  0.00000E+000  0.00000E+000  0.00000E+000  0.00000E+000  0.00000E+000
   334 1.000000E+02 2.732057E+04     0  0.00000E+000  0.00000E+000 -0.00000E+000  0.00000E+000 -0.00000E+000  0.00000E+000  0.00000E+000  0.00000E+000  0.00000E+000  0.00000E+000  0.00000E+000
   335 1.000000E+02 2.742057E+04     0  0.00000E+000  0.00000E+000 -0.00000E+000  0.00000E+000 -0.00000E+000  0.00000E+000  0.00000E+000  0.00000E+000  0.00000E+000  0.00000E+000  0.00000E+000
   336 1.000000E+02 2.752057E+04     0  0.00000E+000  0.00000E+000 -0.00000E+000  0.00000E+000 -0.00000E+000  0.00000E+000  0.00000E+000  0.00000E+000  0.00000E+000  0.00000E+000  0.00000E+000
   337 1.000000E+02 2.762057E+04     0  0.00000E+000  0.00000E+000 -0.00000E+000  0.00000E+000 -0.00000E+000  0.00000E+000  0.00000E+000  0.00000E+000  0.00000E+000  0.00000E+000  0.00000E+000
   338 1.000000E+02 2.772057E+04     0  0.00000E+000  0.00000E+000 -0.00000E+000  0.00000E+000 -0.00000E+000  0.00000E+000  0.00000E+000  0.00000E+000  0.00000E+000  0.00000E+000  0.00000E+000
   339 1.000000E+02 2.782057E+04     0  0.00000E+000  0.00000E+000 -0.00000E+000  0.00000E+000 -0.00000E+000  0.00000E+000  0.00000E+000  0.00000E+000  0.00000E+000  0.00000E+000  0.00000E+000
   340 1.000000E+02 2.792057E+04     0  0.00000E+000  0.00000E+000 -0.00000E+000  0.00000E+000 -0.00000E+000  0.00000E+000  0.00000E+000  0.00000E+000  0.00000E+000  0.00000E+000  0.00000E+000
   341 1.000000E+02 2.802057E+04     0  0.00000E+000  0.00000E+000 -0.00000E+000  0.00000E+000 -0.00000E+000  0.00000E+000  0.00000E+000  0.00000E+000  0.00000E+000  0.00000E+000  0.00000E+000
   342 1.000000E+02 2.812057E+04     0  0.00000E+000  0.00000E+000 -0.00000E+000  0.00000E+000 -0.00000E+000  0.00000E+000  0.00000E+000  0.00000E+000  0.00000E+000  0.00000E+000  0.00000E+000
   343 1.000000E+02 2.822057E+04     0  0.00000E+000  0.00000E+000 -0.00000E+000  0.00000E+000 -0.00000E+000  0.00000E+000  0.00000E+000  0.00000E+000  0.00000E+000  0.00000E+000  0.00000E+000
   344 1.000000E+02 2.832057E+04     0  0.00000E+000  0.00000E+000 -0.00000E+000  0.00000E+000 -0.00000E+000  0.00000E+000  0.00000E+000  0.00000E+000  0.00000E+000  0.00000E+000  0.00000E+000
   345 1.000000E+02 2.842057E+04     0  0.00000E+000  0.00000E+000 -0.00000E+000  0.00000E+000 -0.00000E+000  0.00000E+000  0.00000E+000  0.00000E+000  0.00000E+000  0.00000E+000  0.00000E+000
   346 1.000000E+02 2.852057E+04     0  0.00000E+000  0.00000E+000 -0.00000E+000  0.00000E+000 -0.00000E+000  0.00000E+000  0.00000E+000  0.00000E+000  0.00000E+000  0.00000E+000  0.00000E+000
   347 1.000000E+02 2.862057E+04     0  0.00000E+000  0.00000E+000 -0.00000E+000  0.00000E+000 -0.00000E+000  0.00000E+000  0.00000E+000  0.00000E+000  0.00000E+000  0.00000E+000  0.00000E+000
   348 1.000000E+02 2.872057E+04     0  0.00000E+000  0.00000E+000 -0.00000E+000  0.00000E+000 -0.00000E+000  0.00000E+000  0.00000E+000  0.00000E+000  0.00000E+000  0.00000E+000  0.00000E+000
   349 1.000000E+02 2.882057E+04     0  0.00000E+000  0.00000E+000 -0.00000E+000  0.00000E+000 -0.00000E+000  0.00000E+000  0.00000E+000  0.00000E+000  0.00000E+000  0.00000E+000  0.00000E+000
   350 1.000000E+02 2.892057E+04     0  0.00000E+000  0.00000E+000 -0.00000E+000  0.00000E+000 -0.00000E+000  0.00000E+000  0.00000E+000  0.00000E+000  0.00000E+000  0.00000E+000  0.00000E+000
   351 1.000000E+02 2.902057E+04     0  0.00000E+000  0.00000E+000 -0.00000E+000  0.00000E+000 -0.00000E+000  0.00000E+000  0.00000E+000  0.00000E+000  0.00000E+000  0.00000E+000  0.00000E+000
   352 1.000000E+02 2.912057E+04     0  0.00000E+000  0.00000E+000 -0.00000E+000  0.00000E+000 -0.00000E+000  0.00000E+000  0.00000E+000  0.00000E+000  0.00000E+000  0.00000E+000  0.00000E+000
   353 1.000000E+02 2.922057E+04     0  0.00000E+000  0.00000E+000 -0.00000E+000  0.00000E+000 -0.00000E+000  0.00000E+000  0.00000E+000  0.00000E+000  0.00000E+000  0.00000E+000  0.00000E+000
   354 1.000000E+02 2.932057E+04     0  0.00000E+000  0.00000E+000 -0.00000E+000  0.00000E+000 -0.00000E+000  0.00000E+000  0.00000E+000  0.00000E+000  0.00000E+000  0.00000E+000  0.00000E+000
   355 1.000000E+02 2.942057E+04     0  0.00000E+000  0.00000E+000 -0.00000E+000  0.00000E+000 -0.00000E+000  0.00000E+000  0.00000E+000  0.00000E+000  0.00000E+000  0.00000E+000  0.00000E+000
   356 1.000000E+02 2.952057E+04     0  0.00000E+000  0.00000E+000 -0.00000E+000  0.00000E+000 -0.00000E+000  0.00000E+000  0.00000E+000  0.00000E+000  0.00000E+000  0.00000E+000  0.00000E+000
   357 1.000000E+02 2.962057E+04     0  0.00000E+000  0.00000E+000 -0.00000E+000  0.00000E+000 -0.00000E+000  0.00000E+000  0.00000E+000  0.00000E+000  0.00000E+000  0.00000E+000  0.00000E+000
   358 1.000000E+02 2.972057E+04     0  0.00000E+000  0.00000E+000 -0.00000E+000  0.00000E+000 -0.00000E+000  0.00000E+000  0.00000E+000  0.00000E+000  0.00000E+000  0.00000E+000  0.00000E+000
   359 1.000000E+02 2.982057E+04     0  0.00000E+000  0.00000E+000 -0.00000E+000  0.00000E+000 -0.00000E+000  0.00000E+000  0.00000E+000  0.00000E+000  0.00000E+000  0.00000E+000  0.00000E+000
   360 1.000000E+02 2.992057E+04     0  0.00000E+000  0.00000E+000 -0.00000E+000  0.00000E+000 -0.00000E+000  0.00000E+000  0.00000E+000  0.00000E+000  0.00000E+000  0.00000E+000  0.00000E+000
   361 1.000000E+02 3.002057E+04     0  0.00000E+000  0.00000E+000 -0.00000E+000  0.00000E+000 -0.00000E+000  0.00000E+000  0.00000E+000  0.00000E+000  0.00000E+000  0.00000E+000  0.00000E+000
   362 1.000000E+02 3.012057E+04     0  0.00000E+000  0.00000E+000 -0.00000E+000  0.00000E+000 -0.00000E+000  0.00000E+000  0.00000E+000  0.00000E+000  0.00000E+000  0.00000E+000  0.00000E+000
   363 1.000000E+02 3.022057E+04     0  0.00000E+000  0.00000E+000 -0.00000E+000  0.00000E+000 -0.00000E+000  0.00000E+000  0.00000E+000  0.00000E+000  0.00000E+000  0.00000E+000  0.00000E+000
   364 1.000000E+02 3.032057E+04     0  0.00000E+000  0.00000E+000 -0.00000E+000  0.00000E+000 -0.00000E+000  0.00000E+000  0.00000E+000  0.00000E+000  0.00000E+000  0.00000E+000  0.00000E+000
   365 1.000000E+02 3.042057E+04     0  0.00000E+000  0.00000E+000 -0.00000E+000  0.00000E+000 -0.00000E+000  0.00000E+000  0.00000E+000  0.00000E+000  0.00000E+000  0.00000E+000  0.00000E+000
   366 1.000000E+02 3.052057E+04     0  0.00000E+000  0.00000E+000 -0.00000E+000  0.00000E+000 -0.00000E+000  0.00000E+000  0.00000E+000  0.00000E+000  0.00000E+000  0.00000E+000  0.00000E+000
   367 1.000000E+02 3.062057E+04     0  0.00000E+000  0.00000E+000 -0.00000E+000  0.00000E+000 -0.00000E+000  0.00000E+000  0.00000E+000  0.00000E+000  0.00000E+000  0.00000E+000  0.00000E+000
   368 1.000000E+02 3.072057E+04     0  0.00000E+000  0.00000E+000 -0.00000E+000  0.00000E+000 -0.00000E+000  0.00000E+000  0.00000E+000  0.00000E+000  0.00000E+000  0.00000E+000  0.00000E+000
   369 1.000000E+02 3.082057E+04     0  0.00000E+000  0.00000E+000 -0.00000E+000  0.00000E+000 -0.00000E+000  0.00000E+000  0.00000E+000  0.00000E+000  0.00000E+000  0.00000E+000  0.00000E+000
   370 1.000000E+02 3.092057E+04     0  0.00000E+000  0.00000E+000 -0.00000E+000  0.00000E+000 -0.00000E+000  0.00000E+000  0.00000E+000  0.00000E+000  0.00000E+000  0.00000E+000  0.00000E+000
   371 1.000000E+02 3.102057E+04     0  0.00000E+000  0.00000E+000 -0.00000E+000  0.00000E+000 -0.00000E+000  0.00000E+000  0.00000E+000  0.00000E+000  0.00000E+000  0.00000E+000  0.00000E+000
   372 1.000000E+02 3.112057E+04     0  0.00000E+000  0.00000E+000 -0.00000E+000  0.00000E+000 -0.00000E+000  0.00000E+000  0.00000E+000  0.00000E+000  0.00000E+000  0.00000E+000  0.00000E+000
   373 1.000000E+02 3.122057E+04     0  0.00000E+000  0.00000E+000 -0.00000E+000  0.00000E+000 -0.00000E+000  0.00000E+000  0.00000E+000  0.00000E+000  0.00000E+000  0.00000E+000  0.00000E+000
   374 1.000000E+02 3.132057E+04     0  0.00000E+000  0.00000E+000 -0.00000E+000  0.00000E+000 -0.00000E+000  0.00000E+000  0.00000E+000  0.00000E+000  0.00000E+000  0.00000E+000  0.00000E+000
   375 1.000000E+02 3.142057E+04     0  0.00000E+000  0.00000E+000 -0.00000E+000  0.00000E+000 -0.00000E+000  0.00000E+000  0.00000E+000  0.00000E+000  0.00000E+000  0.00000E+000  0.00000E+000
   376 1.000000E+02 3.152057E+04     0  0.00000E+000  0.00000E+000 -0.00000E+000  0.00000E+000 -0.00000E+000  0.00000E+000  0.00000E+000  0.00000E+000  0.00000E+000  0.00000E+000  0.00000E+000
   377 1.000000E+02 3.162057E+04     0  0.00000E+000  0.00000E+000 -0.00000E+000  0.00000E+000 -0.00000E+000  0.00000E+000  0.00000E+000  0.00000E+000  0.00000E+000  0.00000E+000  0.00000E+000
   378 1.000000E+02 3.172057E+04     0  0.00000E+000  0.00000E+000 -0.00000E+000  0.00000E+000 -0.00000E+000  0.00000E+000  0.00000E+000  0.00000E+000  0.00000E+000  0.00000E+000  0.00000E+000
   379 1.000000E+02 3.182057E+04     0  0.00000E+000  0.00000E+000 -0.00000E+000  0.00000E+000 -0.00000E+000  0.00000E+000  0.00000E+000  0.00000E+000  0.00000E+000  0.00000E+000  0.00000E+000
   380 1.000000E+02 3.192057E+04     0  0.00000E+000  0.00000E+000 -0.00000E+000  0.00000E+000 -0.00000E+000  0.00000E+000  0.00000E+000  0.00000E+000  0.00000E+000  0.00000E+000  0.00000E+000
   381 1.000000E+02 3.202057E+04     0  0.00000E+000  0.00000E+000 -0.00000E+000  0.00000E+000 -0.00000E+000  0.00000E+000  0.00000E+000  0.00000E+000  0.00000E+000  0.00000E+000  0.00000E+000
   382 1.000000E+02 3.212057E+04     0  0.00000E+000  0.00000E+000 -0.00000E+000  0.00000E+000 -0.00000E+000  0.00000E+000  0.00000E+000  0.00000E+000  0.00000E+000  0.00000E+000  0.00000E+000
   383 1.000000E+02 3.222057E+04     0  0.00000E+000  0.00000E+000 -0.00000E+000  0.00000E+000 -0.00000E+000  0.00000E+000  0.00000E+000  0.00000E+000  0.00000E+000  0.00000E+000  0.00000E+000
   384 1.000000E+02 3.232057E+04     0  0.00000E+000  0.00000E+000 -0.00000E+000  0.00000E+000 -0.00000E+000  0.00000E+000  0.00000E+000  0.00000E+000  0.00000E+000  0.00000E+000  0.00000E+000
   385 1.000000E+02 3.242057E+04     0  0.00000E+000  0.00000E+000 -0.00000E+000  0.00000E+000 -0.00000E+000  0.00000E+000  0.00000E+000  0.00000E+000  0.00000E+000  0.00000E+000  0.00000E+000
   386 1.000000E+02 3.252057E+04     0  0.00000E+000  0.00000E+000 -0.00000E+000  0.00000E+000 -0.00000E+000  0.00000E+000  0.00000E+000  0.00000E+000  0.00000E+000  0.00000E+000  0.00000E+000
   387 1.000000E+02 3.262057E+04     0  0.00000E+000  0.00000E+000 -0.00000E+000  0.00000E+000 -0.00000E+000  0.00000E+000  0.00000E+000  0.00000E+000  0.00000E+000  0.00000E+000  0.00000E+000
   388 1.000000E+02 3.272057E+04     0  0.00000E+000  0.00000E+000 -0.00000E+000  0.00000E+000 -0.00000E+000  0.00000E+000  0.00000E+000  0.00000E+000  0.00000E+000  0.00000E+000  0.00000E+000
   389 1.000000E+02 3.282057E+04     0  0.00000E+000  0.00000E+000 -0.00000E+000  0.00000E+000 -0.00000E+000  0.00000E+000  0.00000E+000  0.00000E+000  0.00000E+000  0.00000E+000  0.00000E+000
   390 1.000000E+02 3.292057E+04     0  0.00000E+000  0.00000E+000 -0.00000E+000  0.00000E+000 -0.00000E+000  0.00000E+000  0.00000E+000  0.00000E+000  0.00000E+000  0.00000E+000  0.00000E+000
   391 1.000000E+02 3.302057E+04     0  0.00000E+000  0.00000E+000 -0.00000E+000  0.00000E+000 -0.00000E+000  0.00000E+000  0.00000E+000  0.00000E+000  0.00000E+000  0.00000E+000  0.00000E+000
   392 1.000000E+02 3.312057E+04     0  0.00000E+000  0.00000E+000 -0.00000E+000  0.00000E+000 -0.00000E+000  0.00000E+000  0.00000E+000  0.00000E+000  0.00000E+000  0.00000E+000  0.00000E+000
   393 1.000000E+02 3.322057E+04     0  0.00000E+000  0.00000E+000 -0.00000E+000  0.00000E+000 -0.00000E+000  0.00000E+000  0.00000E+000  0.00000E+000  0.00000E+000  0.00000E+000  0.00000E+000
   394 1.000000E+02 3.332057E+04     0  0.00000E+000  0.00000E+000 -0.00000E+000  0.00000E+000 -0.00000E+000  0.00000E+000  0.00000E+000  0.00000E+000  0.00000E+000  0.00000E+000  0.00000E+000
   395 1.000000E+02 3.342057E+04     0  0.00000E+000  0.00000E+000 -0.00000E+000  0.00000E+000 -0.00000E+000  0.00000E+000  0.00000E+000  0.00000E+000  0.00000E+000  0.00000E+000  0.00000E+000
   396 1.000000E+02 3.352057E+04     0  0.00000E+000  0.00000E+000 -0.00000E+000  0.00000E+000 -0.00000E+000  0.00000E+000  0.00000E+000  0.00000E+000  0.00000E+000  0.00000E+000  0.00000E+000
   397 1.000000E+02 3.362057E+04     0  0.00000E+000  0.00000E+000 -0.00000E+000  0.00000E+000 -0.00000E+000  0.00000E+000  0.00000E+000  0.00000E+000  0.00000E+000  0.00000E+000  0.00000E+000
   398 1.000000E+02 3.372057E+04     0  0.00000E+000  0.00000E+000 -0.00000E+000  0.00000E+000 -0.00000E+000  0.00000E+000  0.00000E+000  0.00000E+000  0.00000E+000  0.00000E+000  0.00000E+000
   399 1.000000E+02 3.382057E+04     0  0.00000E+000  0.00000E+000 -0.00000E+000  0.00000E+000 -0.00000E+000  0.00000E+000  0.00000E+000  0.00000E+000  0.00000E+000  0.00000E+000  0.00000E+000
   400 1.000000E+02 3.392057E+04     0  0.00000E+000  0.00000E+000 -0.00000E+000  0.00000E+000 -0.00000E+000  0.00000E+000  0.00000E+000  0.00000E+000  0.00000E+000  0.00000E+000  0.00000E+000
   401 1.000000E+02 3.402057E+04     0  0.00000E+000  0.00000E+000 -0.00000E+000  0.00000E+000 -0.00000E+000  0.00000E+000  0.00000E+000  0.00000E+000  0.00000E+000  0.00000E+000  0.00000E+000
   402 1.000000E+02 3.412057E+04     0  0.00000E+000  0.00000E+000 -0.00000E+000  0.00000E+000 -0.00000E+000  0.00000E+000  0.00000E+000  0.00000E+000  0.00000E+000  0.00000E+000  0.00000E+000
   403 1.000000E+02 3.422057E+04     0  0.00000E+000  0.00000E+000 -0.00000E+000  0.00000E+000 -0.00000E+000  0.00000E+000  0.00000E+000  0.00000E+000  0.00000E+000  0.00000E+000  0.00000E+000
   404 1.000000E+02 3.432057E+04     0  0.00000E+000  0.00000E+000 -0.00000E+000  0.00000E+000 -0.00000E+000  0.00000E+000  0.00000E+000  0.00000E+000  0.00000E+000  0.00000E+000  0.00000E+000
   405 1.000000E+02 3.442057E+04     0  0.00000E+000  0.00000E+000 -0.00000E+000  0.00000E+000 -0.00000E+000  0.00000E+000  0.00000E+000  0.00000E+000  0.00000E+000  0.00000E+000  0.00000E+000
   406 1.000000E+02 3.452057E+04     0  0.00000E+000  0.00000E+000 -0.00000E+000  0.00000E+000 -0.00000E+000  0.00000E+000  0.00000E+000  0.00000E+000  0.00000E+000  0.00000E+000  0.00000E+000
   407 1.000000E+02 3.462057E+04     0  0.00000E+000  0.00000E+000 -0.00000E+000  0.00000E+000 -0.00000E+000  0.00000E+000  0.00000E+000  0.00000E+000  0.00000E+000  0.00000E+000  0.00000E+000
   408 1.000000E+02 3.472057E+04     0  0.00000E+000  0.00000E+000 -0.00000E+000  0.00000E+000 -0.00000E+000  0.00000E+000  0.00000E+000  0.00000E+000  0.00000E+000  0.00000E+000  0.00000E+000
   409 1.000000E+02 3.482057E+04     0  0.00000E+000  0.00000E+000 -0.00000E+000  0.00000E+000 -0.00000E+000  0.00000E+000  0.00000E+000  0.00000E+000  0.00000E+000  0.00000E+000  0.00000E+000
   410 1.000000E+02 3.492057E+04     0  0.00000E+000  0.00000E+000 -0.00000E+000  0.00000E+000 -0.00000E+000  0.00000E+000  0.00000E+000  0.00000E+000  0.00000E+000  0.00000E+000  0.00000E+000
   411 1.000000E+02 3.502057E+04     0  0.00000E+000  0.00000E+000 -0.00000E+000  0.00000E+000 -0.00000E+000  0.00000E+000  0.00000E+000  0.00000E+000  0.00000E+000  0.00000E+000  0.00000E+000
   412 1.000000E+02 3.512057E+04     0  0.00000E+000  0.00000E+000 -0.00000E+000  0.00000E+000 -0.00000E+000  0.00000E+000  0.00000E+000  0.00000E+000  0.00000E+000  0.00000E+000  0.00000E+000
   413 1.000000E+02 3.522057E+04     0  0.00000E+000  0.00000E+000 -0.00000E+000  0.00000E+000 -0.00000E+000  0.00000E+000  0.00000E+000  0.00000E+000  0.00000E+000  0.00000E+000  0.00000E+000
   414 1.000000E+02 3.532057E+04     0  0.00000E+000  0.00000E+000 -0.00000E+000  0.00000E+000 -0.00000E+000  0.00000E+000  0.00000E+000  0.00000E+000  0.00000E+000  0.00000E+000  0.00000E+000
   415 1.000000E+02 3.542057E+04     0  0.00000E+000  0.00000E+000 -0.00000E+000  0.00000E+000 -0.00000E+000  0.00000E+000  0.00000E+000  0.00000E+000  0.00000E+000  0.00000E+000  0.00000E+000
   416 1.000000E+02 3.552057E+04     0  0.00000E+000  0.00000E+000 -0.00000E+000  0.00000E+000 -0.00000E+000  0.00000E+000  0.00000E+000  0.00000E+000  0.00000E+000  0.00000E+000  0.00000E+000
   417 1.000000E+02 3.562057E+04     0  0.00000E+000  0.00000E+000 -0.00000E+000  0.00000E+000 -0.00000E+000  0.00000E+000  0.00000E+000  0.00000E+000  0.00000E+000  0.00000E+000  0.00000E+000
   418 1.000000E+02 3.572057E+04     0  0.00000E+000  0.00000E+000 -0.00000E+000  0.00000E+000 -0.00000E+000  0.00000E+000  0.00000E+000  0.00000E+000  0.00000E+000  0.00000E+000  0.00000E+000
   419 1.000000E+02 3.582057E+04     0  0.00000E+000  0.00000E+000 -0.00000E+000  0.00000E+000 -0.00000E+000  0.00000E+000  0.00000E+000  0.00000E+000  0.00000E+000  0.00000E+000  0.00000E+000
   420 1.000000E+02 3.592057E+04     0  0.00000E+000  0.00000E+000 -0.00000E+000  0.00000E+000 -0.00000E+000  0.00000E+000  0.00000E+000  0.00000E+000  0.00000E+000  0.00000E+000  0.00000E+000
   421 1.000000E+02 3.602057E+04     0  0.00000E+000  0.00000E+000 -0.00000E+000  0.00000E+000 -0.00000E+000  0.00000E+000  0.00000E+000  0.00000E+000  0.00000E+000  0.00000E+000  0.00000E+000
   422 1.000000E+02 3.612057E+04     0  0.00000E+000  0.00000E+000 -0.00000E+000  0.00000E+000 -0.00000E+000  0.00000E+000  0.00000E+000  0.00000E+000  0.00000E+000  0.00000E+000  0.00000E+000
   423 1.000000E+02 3.622057E+04     0  0.00000E+000  0.00000E+000 -0.00000E+000  0.00000E+000 -0.00000E+000  0.00000E+000  0.00000E+000  0.00000E+000  0.00000E+000  0.00000E+000  0.00000E+000
   424 1.000000E+02 3.632057E+04     0  0.00000E+000  0.00000E+000 -0.00000E+000  0.00000E+000 -0.00000E+000  0.00000E+000  0.00000E+000  0.00000E+000  0.00000E+000  0.00000E+000  0.00000E+000
   425 1.000000E+02 3.642057E+04     0  0.00000E+000  0.00000E+000 -0.00000E+000  0.00000E+000 -0.00000E+000  0.00000E+000  0.00000E+000  0.00000E+000  0.00000E+000  0.00000E+000  0.00000E+000
   426 1.000000E+02 3.652057E+04     0  0.00000E+000  0.00000E+000 -0.00000E+000  0.00000E+000 -0.00000E+000  0.00000E+000  0.00000E+000  0.00000E+000  0.00000E+000  0.00000E+000  0.00000E+000
   427 1.000000E+02 3.662057E+04     0  0.00000E+000  0.00000E+000 -0.00000E+000  0.00000E+000 -0.00000E+000  0.00000E+000  0.00000E+000  0.00000E+000  0.00000E+000  0.00000E+000  0.00000E+000
   428 1.000000E+02 3.672057E+04     0  0.00000E+000  0.00000E+000 -0.00000E+000  0.00000E+000 -0.00000E+000  0.00000E+000  0.00000E+000  0.00000E+000  0.00000E+000  0.00000E+000  0.00000E+000
   429 1.000000E+02 3.682057E+04     0  0.00000E+000  0.00000E+000 -0.00000E+000  0.00000E+000 -0.00000E+000  0.00000E+000  0.00000E+000  0.00000E+000  0.00000E+000  0.00000E+000  0.00000E+000
   430 1.000000E+02 3.692057E+04     0  0.00000E+000  0.00000E+000 -0.00000E+000  0.00000E+000 -0.00000E+000  0.00000E+000  0.00000E+000  0.00000E+000  0.00000E+000  0.00000E+000  0.00000E+000
   431 1.000000E+02 3.702057E+04     0  0.00000E+000  0.00000E+000 -0.00000E+000  0.00000E+000 -0.00000E+000  0.00000E+000  0.00000E+000  0.00000E+000  0.00000E+000  0.00000E+000  0.00000E+000
   432 1.000000E+02 3.712057E+04     0  0.00000E+000  0.00000E+000 -0.00000E+000  0.00000E+000 -0.00000E+000  0.00000E+000  0.00000E+000  0.00000E+000  0.00000E+000  0.00000E+000  0.00000E+000
   433 1.000000E+02 3.722057E+04     0  0.00000E+000  0.00000E+000 -0.00000E+000  0.00000E+000 -0.00000E+000  0.00000E+000  0.00000E+000  0.00000E+000  0.00000E+000  0.00000E+000  0.00000E+000
   434 1.000000E+02 3.732057E+04     0  0.00000E+000  0.00000E+000 -0.00000E+000  0.00000E+000 -0.00000E+000  0.00000E+000  0.00000E+000  0.00000E+000  0.00000E+000  0.00000E+000  0.00000E+000
   435 1.000000E+02 3.742057E+04     0  0.00000E+000  0.00000E+000 -0.00000E+000  0.00000E+000 -0.00000E+000  0.00000E+000  0.00000E+000  0.00000E+000  0.00000E+000  0.00000E+000  0.00000E+000
   436 1.000000E+02 3.752057E+04     0  0.00000E+000  0.00000E+000 -0.00000E+000  0.00000E+000 -0.00000E+000  0.00000E+000  0.00000E+000  0.00000E+000  0.00000E+000  0.00000E+000  0.00000E+000
   437 1.000000E+02 3.762057E+04     0  0.00000E+000  0.00000E+000 -0.00000E+000  0.00000E+000 -0.00000E+000  0.00000E+000  0.00000E+000  0.00000E+000  0.00000E+000  0.00000E+000  0.00000E+000
   438 1.000000E+02 3.772057E+04     0  0.00000E+000  0.00000E+000 -0.00000E+000  0.00000E+000 -0.00000E+000  0.00000E+000  0.00000E+000  0.00000E+000  0.00000E+000  0.00000E+000  0.00000E+000
   439 1.000000E+02 3.782057E+04     0  0.00000E+000  0.00000E+000 -0.00000E+000  0.00000E+000 -0.00000E+000  0.00000E+000  0.00000E+000  0.00000E+000  0.00000E+000  0.00000E+000  0.00000E+000
   440 1.000000E+02 3.792057E+04     0  0.00000E+000  0.00000E+000 -0.00000E+000  0.00000E+000 -0.00000E+000  0.00000E+000  0.00000E+000  0.00000E+000  0.00000E+000  0.00000E+000  0.00000E+000
   441 1.000000E+02 3.802057E+04     0  0.00000E+000  0.00000E+000 -0.00000E+000  0.00000E+000 -0.00000E+000  0.00000E+000  0.00000E+000  0.00000E+000  0.00000E+000  0.00000E+000  0.00000E+000
   442 1.000000E+02 3.812057E+04     0  0.00000E+000  0.00000E+000 -0.00000E+000  0.00000E+000 -0.00000E+000  0.00000E+000  0.00000E+000  0.00000E+000  0.00000E+000  0.00000E+000  0.00000E+000
   443 1.000000E+02 3.822057E+04     0  0.00000E+000  0.00000E+000 -0.00000E+000  0.00000E+000 -0.00000E+000  0.00000E+000  0.00000E+000  0.00000E+000  0.00000E+000  0.00000E+000  0.00000E+000
   444 1.000000E+02 3.832057E+04     0  0.00000E+000  0.00000E+000 -0.00000E+000  0.00000E+000 -0.00000E+000  0.00000E+000  0.00000E+000  0.00000E+000  0.00000E+000  0.00000E+000  0.00000E+000
   445 1.000000E+02 3.842057E+04     0  0.00000E+000  0.00000E+000 -0.00000E+000  0.00000E+000 -0.00000E+000  0.00000E+000  0.00000E+000  0.00000E+000  0.00000E+000  0.00000E+000  0.00000E+000
   446 1.000000E+02 3.852057E+04     0  0.00000E+000  0.00000E+000 -0.00000E+000  0.00000E+000 -0.00000E+000  0.00000E+000  0.00000E+000  0.00000E+000  0.00000E+000  0.00000E+000  0.00000E+000
   447 1.000000E+02 3.862057E+04     0  0.00000E+000  0.00000E+000 -0.00000E+000  0.00000E+000 -0.00000E+000  0.00000E+000  0.00000E+000  0.00000E+000  0.00000E+000  0.00000E+000  0.00000E+000
   448 1.000000E+02 3.872057E+04     0  0.00000E+000  0.00000E+000 -0.00000E+000  0.00000E+000 -0.00000E+000  0.00000E+000  0.00000E+000  0.00000E+000  0.00000E+000  0.00000E+000  0.00000E+000
   449 1.000000E+02 3.882057E+04     0  0.00000E+000  0.00000E+000 -0.00000E+000  0.00000E+000 -0.00000E+000  0.00000E+000  0.00000E+000  0.00000E+000  0.00000E+000  0.00000E+000  0.00000E+000
   450 1.000000E+02 3.892057E+04     0  0.00000E+000  0.00000E+000 -0.00000E+000  0.00000E+000 -0.00000E+000  0.00000E+000  0.00000E+000  0.00000E+000  0.00000E+000  0.00000E+000  0.00000E+000
   451 1.000000E+02 3.902057E+04     0  0.00000E+000  0.00000E+000 -0.00000E+000  0.00000E+000 -0.00000E+000  0.00000E+000  0.00000E+000  0.00000E+000  0.00000E+000  0.00000E+000  0.00000E+000
   452 1.000000E+02 3.912057E+04     0  0.00000E+000  0.00000E+000 -0.00000E+000  0.00000E+000 -0.00000E+000  0.00000E+000  0.00000E+000  0.00000E+000  0.00000E+000  0.00000E+000  0.00000E+000
   453 1.000000E+02 3.922057E+04     0  0.00000E+000  0.00000E+000 -0.00000E+000  0.00000E+000 -0.00000E+000  0.00000E+000  0.00000E+000  0.00000E+000  0.00000E+000  0.00000E+000  0.00000E+000
   454 1.000000E+02 3.932057E+04     0  0.00000E+000  0.00000E+000 -0.00000E+000  0.00000E+000 -0.00000E+000  0.00000E+000  0.00000E+000  0.00000E+000  0.00000E+000  0.00000E+000  0.00000E+000
   455 1.000000E+02 3.942057E+04     0  0.00000E+000  0.00000E+000 -0.00000E+000  0.00000E+000 -0.00000E+000  0.00000E+000  0.00000E+000  0.00000E+000  0.00000E+000  0.00000E+000  0.00000E+000
   456 1.000000E+02 3.952057E+04     0  0.00000E+000  0.00000E+000 -0.00000E+000  0.00000E+000 -0.00000E+000  0.00000E+000  0.00000E+000  0.00000E+000  0.00000E+000  0.00000E+000  0.00000E+000
   457 1.000000E+02 3.962057E+04     0  0.00000E+000  0.00000E+000 -0.00000E+000  0.00000E+000 -0.00000E+000  0.00000E+000  0.00000E+000  0.00000E+000  0.00000E+000  0.00000E+000  0.00000E+000
   458 1.000000E+02 3.972057E+04     0  0.00000E+000  0.00000E+000 -0.00000E+000  0.00000E+000 -0.00000E+000  0.00000E+000  0.00000E+000  0.00000E+000  0.00000E+000  0.00000E+000  0.00000E+000
   459 1.000000E+02 3.982057E+04     0  0.00000E+000  0.00000E+000 -0.00000E+000  0.00000E+000 -0.00000E+000  0.00000E+000  0.00000E+000  0.00000E+000  0.00000E+000  0.00000E+000  0.00000E+000
   460 1.000000E+02 3.992057E+04     0  0.00000E+000  0.00000E+000 -0.00000E+000  0.00000E+000 -0.00000E+000  0.00000E+000  0.00000E+000  0.00000E+000  0.00000E+000  0.00000E+000  0.00000E+000
   461 1.000000E+02 4.002057E+04     0  0.00000E+000  0.00000E+000 -0.00000E+000  0.00000E+000 -0.00000E+000  0.00000E+000  0.00000E+000  0.00000E+000  0.00000E+000  0.00000E+000  0.00000E+000
   462 1.000000E+02 4.012057E+04     0  0.00000E+000  0.00000E+000 -0.00000E+000  0.00000E+000 -0.00000E+000  0.00000E+000  0.00000E+000  0.00000E+000  0.00000E+000  0.00000E+000  0.00000E+000
   463 1.000000E+02 4.022057E+04     0  0.00000E+000  0.00000E+000 -0.00000E+000  0.00000E+000 -0.00000E+000  0.00000E+000  0.00000E+000  0.00000E+000  0.00000E+000  0.00000E+000  0.00000E+000
   464 1.000000E+02 4.032057E+04     0  0.00000E+000  0.00000E+000 -0.00000E+000  0.00000E+000 -0.00000E+000  0.00000E+000  0.00000E+000  0.00000E+000  0.00000E+000  0.00000E+000  0.00000E+000
   465 1.000000E+02 4.042057E+04     0  0.00000E+000  0.00000E+000 -0.00000E+000  0.00000E+000 -0.00000E+000  0.00000E+000  0.00000E+000  0.00000E+000  0.00000E+000  0.00000E+000  0.00000E+000
   466 1.000000E+02 4.052057E+04     0  0.00000E+000  0.00000E+000 -0.00000E+000  0.00000E+000 -0.00000E+000  0.00000E+000  0.00000E+000  0.00000E+000  0.00000E+000  0.00000E+000  0.00000E+000
   467 1.000000E+02 4.062057E+04     0  0.00000E+000  0.00000E+000 -0.00000E+000  0.00000E+000 -0.00000E+000  0.00000E+000  0.00000E+000  0.00000E+000  0.00000E+000  0.00000E+000  0.00000E+000
   468 1.000000E+02 4.072057E+04     0  0.00000E+000  0.00000E+000 -0.00000E+000  0.00000E+000 -0.00000E+000  0.00000E+000  0.00000E+000  0.00000E+000  0.00000E+000  0.00000E+000  0.00000E+000
   469 1.000000E+02 4.082057E+04     0  0.00000E+000  0.00000E+000 -0.00000E+000  0.00000E+000 -0.00000E+000  0.00000E+000  0.00000E+000  0.00000E+000  0.00000E+000  0.00000E+000  0.00000E+000
   470 1.000000E+02 4.092057E+04     0  0.00000E+000  0.00000E+000 -0.00000E+000  0.00000E+000 -0.00000E+000  0.00000E+000  0.00000E+000  0.00000E+000  0.00000E+000  0.00000E+000  0.00000E+000
   471 1.000000E+02 4.102057E+04     0  0.00000E+000  0.00000E+000 -0.00000E+000  0.00000E+000 -0.00000E+000  0.00000E+000  0.00000E+000  0.00000E+000  0.00000E+000  0.00000E+000  0.00000E+000
   472 1.000000E+02 4.112057E+04     0  0.00000E+000  0.00000E+000 -0.00000E+000  0.00000E+000 -0.00000E+000  0.00000E+000  0.00000E+000  0.00000E+000  0.00000E+000  0.00000E+000  0.00000E+000
   473 1.000000E+02 4.122057E+04     0  0.00000E+000  0.00000E+000 -0.00000E+000  0.00000E+000 -0.00000E+000  0.00000E+000  0.00000E+000  0.00000E+000  0.00000E+000  0.00000E+000  0.00000E+000
   474 1.000000E+02 4.132057E+04     0  0.00000E+000  0.00000E+000 -0.00000E+000  0.00000E+000 -0.00000E+000  0.00000E+000  0.00000E+000  0.00000E+000  0.00000E+000  0.00000E+000  0.00000E+000
   475 1.000000E+02 4.142057E+04     0  0.00000E+000  0.00000E+000 -0.00000E+000  0.00000E+000 -0.00000E+000  0.00000E+000  0.00000E+000  0.00000E+000  0.00000E+000  0.00000E+000  0.00000E+000
   476 1.000000E+02 4.152057E+04     0  0.00000E+000  0.00000E+000 -0.00000E+000  0.00000E+000 -0.00000E+000  0.00000E+000  0.00000E+000  0.00000E+000  0.00000E+000  0.00000E+000  0.00000E+000
   477 1.000000E+02 4.162057E+04     0  0.00000E+000  0.00000E+000 -0.00000E+000  0.00000E+000 -0.00000E+000  0.00000E+000  0.00000E+000  0.00000E+000  0.00000E+000  0.00000E+000  0.00000E+000
   478 1.000000E+02 4.172057E+04     0  0.00000E+000  0.00000E+000 -0.00000E+000  0.00000E+000 -0.00000E+000  0.00000E+000  0.00000E+000  0.00000E+000  0.00000E+000  0.00000E+000  0.00000E+000
   479 1.000000E+02 4.182057E+04     0  0.00000E+000  0.00000E+000 -0.00000E+000  0.00000E+000 -0.00000E+000  0.00000E+000  0.00000E+000  0.00000E+000  0.00000E+000  0.00000E+000  0.00000E+000
   480 1.000000E+02 4.192057E+04     0  0.00000E+000  0.00000E+000 -0.00000E+000  0.00000E+000 -0.00000E+000  0.00000E+000  0.00000E+000  0.00000E+000  0.00000E+000  0.00000E+000  0.00000E+000
   481 1.000000E+02 4.202057E+04     0  0.00000E+000  0.00000E+000 -0.00000E+000  0.00000E+000 -0.00000E+000  0.00000E+000  0.00000E+000  0.00000E+000  0.00000E+000  0.00000E+000  0.00000E+000
   482 1.000000E+02 4.212057E+04     0  0.00000E+000  0.00000E+000 -0.00000E+000  0.00000E+000 -0.00000E+000  0.00000E+000  0.00000E+000  0.00000E+000  0.00000E+000  0.00000E+000  0.00000E+000
   483 1.000000E+02 4.222057E+04     0  0.00000E+000  0.00000E+000 -0.00000E+000  0.00000E+000 -0.00000E+000  0.00000E+000  0.00000E+000  0.00000E+000  0.00000E+000  0.00000E+000  0.00000E+000
   484 1.000000E+02 4.232057E+04     0  0.00000E+000  0.00000E+000 -0.00000E+000  0.00000E+000 -0.00000E+000  0.00000E+000  0.00000E+000  0.00000E+000  0.00000E+000  0.00000E+000  0.00000E+000
   485 1.000000E+02 4.242057E+04     0  0.00000E+000  0.00000E+000 -0.00000E+000  0.00000E+000 -0.00000E+000  0.00000E+000  0.00000E+000  0.00000E+000  0.00000E+000  0.00000E+000  0.00000E+000
